Number of atoms 
21
--
Anisotropy 
81.380
--
Frequencies 
39.353300000000
41.245100000000
62.667100000000
104.365500000000
139.288500000000
149.146800000000
199.900700000000
232.021000000000
252.001700000000
269.760100000000
318.593100000000
364.303200000000
369.381000000000
413.160500000000
419.139200000000
457.022600000000
497.465100000000
555.024400000000
590.939500000000
607.158900000000
661.969000000000
685.257700000000
774.876800000000
895.174200000000
911.799700000000
919.316500000000
938.034000000000
959.341800000000
996.311800000000
1015.136400000000
1043.960100000000
1055.795300000000
1094.644200000000
1194.318000000000
1202.575700000000
1262.569100000000
1305.415300000000
1341.335100000000
1353.111200000000
1401.063100000000
1433.714100000000
1436.587200000000
1457.403700000000
1472.743900000000
1480.580400000000
1616.431900000000
1662.414000000000
2351.464200000000
2385.922500000000
2674.400200000000
3032.653700000000
3043.822000000000
3101.438600000000
3102.632700000000
3134.306800000000
3169.323400000000
3197.730000000000
--
Displacements 
Mode 0
1.043677426640e-01 -3.190242238617e-02 -1.717253904847e-01
5.083873740405e-02 -6.055376846794e-03 -6.464329192116e-02
-1.840922098958e-02 2.181084106306e-02 5.463870235171e-02
-1.656828198808e-02 2.181191119538e-02 4.061689995517e-02
9.771471701989e-03 7.873986645011e-03 4.407401360316e-02
1.663933812172e-02 -1.292940849745e-02 2.357886389920e-02
3.448144436596e-02 -8.625197031642e-02 2.591577918898e-02
6.018537565342e-03 -1.010656317559e-03 7.921854541857e-03
-6.443201992538e-03 1.090702573001e-02 6.286647581049e-03
-2.216215512622e-02 1.292619810049e-02 1.848654329041e-02
-4.389964582525e-02 1.595602678852e-02 2.276458445792e-02
-1.706400254892e-02 2.282577790989e-02 -9.370361776298e-03
-2.768480310530e-02 3.474453008978e-02 -2.502737113365e-02
-2.966584394856e-02 1.238129249341e-01 8.882734557597e-02
-5.884066428904e-02 -5.434312713634e-02 1.135103552944e-01
1.579000926733e-02 6.863330327452e-03 5.199586814502e-02
4.801317555101e-01 -4.023708533692e-01 1.308410141109e-02
6.592673411333e-02 4.047854351503e-01 1.554740926385e-03
-4.276045994299e-01 -3.542879336389e-01 6.507201106653e-02
2.173749069903e-02 -3.029828688037e-03 -4.278041167505e-03
-5.232606811200e-02 -1.272456539590e-02 2.608283404186e-04
Mode 1
6.266247510837e-02 -5.654573996196e-02 -1.558075527869e-01
2.485242298211e-02 -3.271786679306e-02 -6.092534993276e-02
-1.338229357134e-02 1.006375788279e-03 4.816535504430e-02
-1.012507999554e-02 1.090488546537e-02 3.433025237413e-02
7.363586980575e-03 -2.181726185698e-02 2.949211202752e-02
1.239051439881e-02 -4.262172713175e-02 2.301876472010e-02
3.696055424644e-02 -2.585667673025e-02 1.911412300533e-02
1.564772797461e-02 -3.272321745466e-02 9.183662049931e-03
-7.859476566842e-03 1.009586185239e-03 6.099947854681e-03
-2.074588055192e-02 2.282363764525e-02 1.867324301678e-02
-3.823454752803e-02 5.554578496760e-02 2.351138336339e-02
-1.848027712322e-02 1.292833836513e-02 -9.557061502666e-03
-1.663933812172e-02 1.292940849745e-02 -2.357886389920e-02
-1.961198911209e-02 8.220399438459e-02 7.588065096114e-02
-4.453798572966e-02 -6.625973905158e-02 1.011237598587e-01
1.798438753695e-02 -3.373601403686e-02 4.514912138486e-02
-4.207268320284e-01 2.922835189576e-01 1.610209169952e-02
1.882633291134e-02 -5.486045030694e-01 1.669336398293e-02
5.333168844329e-01 2.361142785545e-01 4.151082077547e-02
1.465611782750e-02 -5.251702641188e-02 -5.211539799343e-03
-4.064243224944e-02 2.585453646561e-02 8.929481787746e-03
Mode 2
3.805873347944e-01 2.058113586149e-01 1.284327265895e-01
1.688041214913e-01 1.163393458313e-01 5.069837452116e-02
-4.340375623898e-02 3.676370246026e-02 -1.282747542428e-02
-4.191877400741e-02 -9.493391044209e-02 -5.510810638027e-03
-4.191877400741e-02 -9.493391044209e-02 -5.510810638027e-03
-4.227221327554e-02 -5.433349594546e-02 -1.268586627441e-02
-3.943966412693e-02 -3.453861685592e-02 -1.231246682168e-02
-4.340375623898e-02 3.676370246026e-02 -1.282747542428e-02
-4.623630538759e-02 1.696882337072e-02 -1.320087487702e-02
-4.935358614706e-02 -1.038206936693e-01 -1.361936490625e-02
-5.494997678702e-02 -2.850055042955e-01 -7.236198751833e-03
-4.524217773867e-02 2.090617298592e-01 -2.731919584693e-02
-4.927497750799e-02 4.219591016225e-01 -3.496416950942e-02
-8.114241418075e-02 1.131171630996e-01 -2.490815194310e-02
-1.234146274563e-01 5.878366715414e-02 -3.759401821751e-02
-4.191877400741e-02 -9.493391044209e-02 -5.510810638027e-03
-2.934191685937e-01 1.533150297894e-01 -9.984645334751e-03
-4.815333552636e-02 -3.365129445221e-01 -6.347790696494e-03
2.502314363083e-01 1.260383630685e-01 -9.927704572921e-03
-3.667582263558e-02 1.268513146807e-01 -1.906903242883e-02
-4.475132315602e-02 -1.147287895316e-01 -5.884210090761e-03
Mode 3
-3.308777918774e-01 2.970801808909e-02 -1.361518288660e-01
-1.056412288693e-01 1.270561577823e-01 -4.238706798762e-02
1.579252676914e-02 1.791624278588e-01 2.348234532583e-02
2.690921691179e-02 1.880513513506e-01 3.547294800982e-03
3.512213274675e-02 1.464413506687e-01 4.622402582688e-03
3.880149324794e-02 -2.585560659793e-02 5.092320608793e-03
5.387975800083e-02 -2.605680999536e-01 1.418580150573e-02
3.738521867364e-02 -3.575304614270e-02 4.905620882425e-03
3.200485198728e-02 2.565183362871e-02 4.203912553454e-03
2.839419914335e-02 5.635373844826e-02 1.086395958724e-02
2.860283961695e-02 -1.961323213618e-01 3.740331947722e-03
4.687447626658e-02 4.342540008313e-02 2.042102108990e-02
6.832958383113e-02 8.987848858966e-02 7.316368814039e-02
3.986667703051e-02 1.751198025885e-01 5.516976349326e-02
7.861825043226e-03 1.494679689598e-01 5.096585093981e-02
3.434402905143e-02 1.969381345778e-01 1.165584906921e-02
-8.079367186539e-02 -2.284383616871e-01 -1.318646938957e-01
4.304293349086e-02 -4.912390381713e-01 5.613666631769e-03
1.937936217371e-01 -2.432117106285e-01 1.751915979355e-01
3.851676163708e-02 -1.268502445484e-01 5.047230032294e-03
3.596642659753e-02 -2.179495832188e-01 3.323244397524e-02
Mode 4
-3.887271840702e-02 -4.848438486254e-03 1.629123715050e-02
3.143790626737e-02 -4.038344740956e-03 -2.439979141873e-02
9.388905437491e-02 -2.218664810419e-03 -5.899087213327e-02
4.085593870123e-02 4.443605640069e-02 1.249916654805e-02
-1.288640398508e-02 2.181405146002e-02 1.257329516210e-02
-5.728193939659e-02 1.696240257680e-02 7.092993950221e-02
-1.778665352061e-01 -7.675814871083e-02 6.222284355662e-02
-6.654528993370e-03 6.927244562250e-02 1.275031196534e-01
3.639578797749e-02 7.310915765888e-02 1.331555394413e-01
6.868302309925e-02 4.927807409302e-02 8.033874377678e-02
1.776526907034e-01 -3.717552892798e-02 8.750715133493e-02
-5.041390395143e-02 1.798054982060e-02 -3.514453181541e-02
-3.296054709705e-01 -6.317247574828e-02 -5.781604204839e-01
7.002606208895e-02 -7.836300181893e-02 -1.263154407594e-01
1.819018524772e-01 3.615987447884e-02 -8.309139271331e-02
-3.936843896786e-02 -3.834571771735e-03 -3.369602458097e-02
-2.570991337026e-01 -8.341342553978e-02 -5.515646733680e-02
-2.173775935175e-01 -1.638223530372e-01 1.568732561079e-01
-1.676703990769e-01 -7.878053147827e-02 9.208835503687e-02
-4.319058783804e-02 6.341121055405e-02 1.797598161389e-01
1.833888451343e-01 1.129673194902e-02 1.524497140948e-01
Mode 5
-1.069175706273e-01 6.267710874575e-03 -5.682736041339e-02
-1.281517882600e-02 5.251809654420e-02 -8.810262597196e-03
8.497647445828e-03 5.938463726861e-02 1.120198358205e-03
1.246173955788e-02 -1.191768204757e-02 1.635206960808e-03
8.497647445828e-03 5.938463726861e-02 1.120198358205e-03
3.539427684857e-03 -6.140594990373e-02 1.472351072551e-02
-7.290013345120e-03 2.029988620862e-01 6.190129007679e-03
7.925666722295e-03 -3.149037361637e-01 2.954354002439e-02
1.217449044521e-02 -2.852114175294e-01 3.010363920349e-02
1.352205736225e-02 -1.337189255375e-01 2.316037386997e-02
4.829075084088e-02 5.332283962790e-02 2.060772081627e-02
2.547817537748e-03 -8.119975886095e-02 3.283088762361e-04
-2.796449971254e-02 2.783480872019e-01 -8.209950734851e-02
2.054445453290e-03 7.029166299862e-02 7.406845939254e-03
-5.380366686357e-03 6.140487977141e-02 -7.017083289711e-04
6.234561518941e-03 2.415790340800e-01 8.369800584675e-04
9.233485740981e-02 2.056093733803e-01 1.833004628616e-01
-7.145214550592e-03 4.148845073996e-01 2.048881228358e-02
-1.175356846564e-01 2.123071029720e-01 -1.865772142036e-01
2.614007693201e-03 -3.950939088394e-01 3.597179675531e-02
1.182105117709e-02 -2.446110030327e-01 2.292858356710e-02
Mode 6
5.041390395143e-02 -1.798054982060e-02 3.514453181541e-02
-3.065980257205e-02 -4.645843916813e-02 1.736634493221e-02
-2.138405143090e-02 -3.757058580860e-02 1.145309680389e-02
-1.104546498358e-02 2.181512159234e-02 -1.448507234441e-03
-2.547817537748e-03 8.119975886095e-02 -3.283088762361e-04
-9.629190409271e-03 3.171256113710e-02 -1.261807508073e-03
2.194378269624e-03 -4.059934436431e-02 -6.846746760151e-03
-7.434812139647e-03 -8.886783227210e-03 -8.108554268225e-03
-1.848027712322e-02 1.292833836513e-02 -9.557061502666e-03
-1.387801413218e-02 2.020242502798e-03 -1.821906687176e-03
2.782725342344e-02 2.666356007859e-02 -1.773974438494e-02
-1.848027712322e-02 1.292833836513e-02 -9.557061502666e-03
-7.859476566842e-03 1.009586185239e-03 6.099947854681e-03
-4.320048881986e-03 -6.039636371849e-02 2.082345858019e-02
2.952574210680e-02 -3.474345995746e-02 1.100556873711e-02
-6.158470381676e-03 1.119016636805e-01 6.331738157548e-03
-7.577093432365e-03 -4.847333100932e-02 -5.092076036331e-02
2.972481964943e-03 -9.109612827340e-02 -1.388019324667e-02
2.117037595369e-02 -5.454154944396e-02 5.269757647399e-02
-3.824159295718e-03 -3.958868804676e-02 -1.476860130201e-02
-7.167044104962e-02 -9.701549886212e-01 1.904326477131e-02
Mode 7
-9.572965532556e-02 4.586067945061e-02 -9.814596869754e-02
-8.424073810372e-03 1.217969629606e-01 3.456204267699e-02
-5.572321450414e-02 8.826793228994e-02 2.834952370999e-02
-3.590023644207e-02 -9.594456675965e-02 2.411043903831e-03
-6.305786678013e-03 -2.722830791642e-01 2.054657770083e-02
5.733805954481e-03 -1.020052942680e-01 7.876763965358e-03
8.213654182966e-02 7.897574338893e-02 1.078983097319e-02
-7.150080528785e-03 9.210785472328e-02 -8.063463691726e-03
-2.853413195969e-02 5.453726891468e-02 3.389633112167e-03
-2.598631442194e-02 -2.666248994627e-02 3.717941988403e-03
8.794157294322e-02 7.674494205070e-03 -2.716962820748e-03
-3.455266952503e-02 5.554792523224e-02 -4.532221429690e-03
-2.280032600521e-02 -4.746802535337e-02 1.126639707753e-02
-7.682253432419e-02 1.516919844318e-01 3.984771109039e-02
-1.481958252793e-01 1.222055790314e-01 1.947773955959e-03
1.197733118896e-03 -4.049913483841e-01 3.578509702894e-02
1.448008583381e-01 1.074429314133e-01 1.687860418218e-01
1.143550692942e-01 1.967397122702e-01 -4.915692975124e-02
7.151591029871e-02 1.127160379551e-01 -9.044649999783e-02
3.473237529404e-03 2.524882000747e-01 -2.091997715356e-02
3.631483086203e-02 -6.031481927780e-01 9.743454524999e-02
Mode 8
8.326808479311e-02 -1.212145501679e-02 1.093144012306e-02
-9.728854924343e-02 -4.726639264878e-02 3.001376870836e-02
-1.291511199380e-01 -3.333167849538e-02 6.862206224999e-02
-7.583327265346e-02 2.100823824400e-02 -2.822885854831e-03
-3.858798679615e-02 9.614619946423e-02 1.633632772700e-02
-2.209092996715e-02 4.363024318467e-02 -2.897014468882e-03
1.683771085877e-01 -2.424183990126e-02 7.841077849572e-03
-5.749527682296e-02 -3.150664790324e-02 -3.607803044725e-02
-1.009702582210e-01 -2.544699052717e-02 -2.752194811224e-02
-8.744568335695e-02 1.313318146667e-02 -3.287509706145e-02
1.831756767334e-01 -1.535077614477e-02 -4.013757746836e-02
-1.046521362240e-01 -2.544913079181e-02 5.216566808372e-04
-8.135608965796e-02 2.100502784704e-02 3.924252133478e-02
-8.921573525023e-02 1.930716460212e-04 1.309217908031e-01
-1.755298756437e-01 -7.777094529303e-02 9.818830289156e-02
-3.334755292613e-02 1.456323270558e-01 3.129162875538e-02
2.368466252352e-01 -4.525435867453e-02 6.675117329056e-02
2.495910859784e-01 -6.301187314415e-02 -1.597929711940e-01
2.489547564995e-01 -3.839316861172e-02 1.467906462287e-01
-4.057355556676e-02 -9.391897359525e-02 -6.951987476604e-02
2.767205167203e-01 6.031196517354e-01 2.075390115536e-01
Mode 9
-4.290803567814e-02 3.574983574574e-02 3.715978630719e-02
6.790290897840e-02 -7.059612370433e-03 -1.408522517585e-01
9.601254553632e-02 -2.987896948641e-02 -2.156127043615e-01
-3.101324184017e-02 -5.858024671493e-03 1.019128929582e-02
-6.705341109858e-02 9.088415931791e-03 2.685592589905e-02
-3.745644383271e-02 5.049001058515e-03 1.647793687687e-02
2.184375732710e-01 -1.621975225223e-03 3.581055402860e-02
-4.489125597236e-02 -3.837782168695e-03 8.369382608643e-03
-3.143790626737e-02 4.038344740956e-03 2.439979141873e-02
-2.081710571099e-02 -7.880407438931e-03 4.005680077607e-02
-3.511978427037e-02 4.036204476316e-03 5.244339621180e-02
-3.143790626737e-02 4.038344740956e-03 2.439979141873e-02
-4.347498139805e-02 6.059657376074e-03 8.556082335011e-03
-5.455612696493e-03 -1.829681060579e-01 -4.357670346133e-01
3.493589141277e-01 6.647135547706e-02 -2.821877176996e-01
-7.307194866392e-02 1.009907224935e-02 1.893407135720e-02
3.161504488908e-01 -7.895036761398e-03 1.627469264247e-01
3.205398815318e-01 -1.807555945004e-03 -1.932638535503e-01
3.022724347586e-01 -5.874794258600e-03 1.609250197375e-01
-5.275073253920e-02 -2.828195983456e-03 1.446933046332e-02
-4.885786558622e-02 -1.048345603838e-01 3.636789682522e-02
Mode 10
-6.528352823073e-02 2.069833661812e-04 -5.136164035186e-02
6.917891268552e-02 7.008574976476e-02 4.474668389458e-02
-1.104546498358e-02 2.181512159234e-02 -1.448507234441e-03
-2.339177064151e-03 -1.712863009491e-01 -7.451936515752e-03
1.062835306181e-03 5.049785404140e-02 -6.988355910020e-03
-1.200250620706e-03 2.326922508528e-01 -7.271574209757e-03
-1.701006185166e-03 -1.108920774953e-01 -2.317903028663e-04
3.048573102208e-03 2.623845694871e-01 -6.711475030655e-03
3.679360501191e-03 -1.722969572667e-01 4.699180261048e-04
2.331793584149e-03 -3.237894492586e-01 7.413183359626e-03
2.054445453290e-03 7.029166299862e-02 7.406845939254e-03
6.511909649800e-03 -1.525020781771e-01 8.433174788397e-04
5.311659029095e-03 8.019017267571e-02 -6.428256730917e-03
-3.674704779465e-02 9.614726959655e-02 2.314525330461e-03
-1.219983528820e-01 6.868110669890e-02 -3.740731849114e-02
-3.964092112052e-03 7.130231931618e-02 -5.150086026036e-04
-6.273772111851e-02 -1.878272458673e-01 -2.792577734975e-01
3.485732899307e-04 -3.633770671730e-01 -2.137722033892e-02
8.390323109401e-02 -1.894909562530e-01 3.034030739961e-01
3.618036323931e-03 4.643738453881e-01 -6.621293877657e-03
-2.822141090520e-04 7.130445958082e-02 -2.855861339568e-02
Mode 11
-9.551883540101e-02 -7.796936760065e-02 3.737552407111e-02
2.804640569514e-01 1.009407411776e-02 1.542797543696e-02
1.736885985914e-01 3.412679038820e-02 8.699214273233e-02
1.401964158961e-01 -1.030498548321e-02 1.840576659813e-02
5.282178867285e-02 1.171069868139e-02 4.972643339105e-02
-4.751063672003e-02 3.014846835557e-03 2.005832747190e-01
2.563236807754e-02 1.798277284137e-03 2.458449672162e-01
-1.082629580934e-01 -1.656876835852e-02 9.276102532829e-02
-9.431371880211e-02 1.211503422287e-02 7.319937425618e-02
3.554461772299e-02 7.888968497491e-03 -1.522312199484e-01
-3.866088432991e-02 2.250768780019e-03 -3.616631997629e-01
-7.385039041009e-02 1.695277138592e-02 1.971261610711e-01
-1.702892727483e-01 -6.463275315249e-03 2.756428230626e-02
1.288709162545e-01 2.114706084487e-01 1.310437663762e-01
7.448788518738e-02 -4.384471747709e-02 1.524112715965e-01
-2.633958466464e-02 3.575946693662e-02 -8.903643526166e-02
6.917840560924e-02 4.621122605993e-03 3.014846487356e-01
7.370978149206e-02 6.652066431991e-03 1.594447180830e-01
5.714133047855e-02 6.642435241111e-03 2.856409396519e-01
-6.627530740326e-02 -4.140836797729e-02 1.982247941254e-02
-3.689117048748e-02 -2.845220617185e-02 -3.543014444001e-01
Mode 12
-9.509199152285e-02 4.079027574570e-02 1.658121423564e-01
1.587460767783e-01 -7.754220675043e-02 -3.072244932940e-01
-5.685727496940e-02 7.066033164353e-03 5.672143737931e-02
-2.315376527333e-02 -6.867610856732e-03 4.091341441138e-03
1.989655169753e-02 -3.030898820357e-03 9.743761229033e-03
2.959696726587e-02 -4.039414873276e-03 -1.037798902219e-02
-2.591508926287e-02 4.041555137916e-03 -1.766561577089e-02
2.499470427483e-02 6.868680989052e-03 -1.811314383768e-02
-1.203707513068e-02 2.021312635118e-03 -1.584370908371e-02
-2.315376527333e-02 -6.867610856732e-03 4.091341441138e-03
2.549042483567e-02 5.854814274533e-03 3.187411789380e-02
-2.223321125987e-02 4.043695402556e-03 -4.570922056397e-02
1.203707513068e-02 -2.021312635118e-03 1.584370908371e-02
-1.069795709062e-01 5.556523439843e-01 2.783987141375e-01
-3.210409751471e-01 -3.854198571756e-01 3.714622806845e-01
3.150896240102e-02 4.844157956974e-03 3.979597243565e-02
-4.998923952424e-02 8.084180408152e-03 -4.935303393832e-02
-4.715685940105e-02 6.057517111434e-03 3.659968712809e-02
-4.354603753170e-02 -2.822845321856e-03 -5.563968151937e-02
3.752766899178e-02 2.565504402567e-02 -3.786149463616e-02
2.718891351903e-02 -5.555220576152e-02 6.061943101584e-02
Mode 13
8.447320139201e-02 7.796294680673e-02 4.675529030812e-02
-2.553292508348e-01 -9.229485810539e-02 -1.333740335877e-01
-6.521247209708e-02 9.089486064111e-03 1.283412350252e-02
3.568924749209e-02 1.979530714247e-01 -5.235321505880e-02
-1.253531319334e-02 -1.692639181817e-01 -3.731744799601e-02
-5.175912239209e-02 1.696561297376e-02 2.886453231260e-02
5.926499066538e-02 8.036729513778e-04 4.343978581001e-02
-3.242716793809e-02 1.347220909288e-01 6.707038836394e-02
7.420332260194e-02 -1.230178130413e-01 6.678685940634e-02
8.185432772061e-02 1.502802029697e-01 -1.776878242249e-02
-3.292523697532e-02 -1.474159750174e-02 -3.998267216202e-02
1.287923076154e-01 -3.143091868431e-01 1.523885709793e-01
2.301400148242e-02 1.395801606059e-01 -7.541707035540e-02
6.039871307979e-02 3.836248730445e-02 1.862265153680e-01
-9.842277873411e-02 -1.502898341606e-01 1.439650039913e-01
-4.730635514835e-02 -5.067832384921e-01 -9.183059373680e-02
1.152727677550e-01 -8.291163774333e-03 1.007146742902e-01
1.174674840754e-01 -5.247423366136e-03 -7.729071569731e-02
9.771287561978e-02 -6.273061536175e-03 1.269363723961e-01
-6.584594602330e-02 2.496503729004e-01 1.197455748786e-01
-5.976305970261e-02 -1.502673613819e-01 -1.504928463360e-01
Mode 14
6.018537565342e-03 -1.010656317559e-03 7.921854541857e-03
8.284140994038e-03 -1.090595559769e-02 -2.030844997759e-02
7.257622810308e-02 -9.085205534831e-03 -6.892133308867e-02
-2.463891653032e-02 1.030084596594e-01 8.235399826855e-02
1.146345968760e-01 -6.868538722818e-02 9.349452807730e-02
1.546413757482e-01 1.736495038366e-02 4.883137725748e-02
-9.204811537341e-02 2.219734942739e-03 4.496906973673e-02
1.065643003846e-01 5.615424600831e-02 -3.592701683667e-02
-9.551866637558e-02 -5.614782521439e-02 -4.820379754256e-02
-9.551631789920e-02 9.432972993066e-02 8.862001251928e-03
3.604016925841e-02 -1.494644060328e-02 -1.666463660324e-02
-1.889140106152e-01 -1.617774974910e-01 -1.674501056997e-01
-5.246616995376e-02 7.634489958077e-02 1.000937426535e-01
-3.615011745844e-03 -2.266101206980e-01 -2.786301937825e-01
3.861081413733e-01 9.898009863930e-02 -1.418571226219e-01
1.503186403390e-01 -2.371520532524e-01 1.837476802705e-01
-1.935139251298e-01 -3.918464836555e-04 -1.181194617207e-01
-2.131265903436e-01 -5.474021644090e-03 3.000784756952e-01
-2.022939557101e-01 -1.029356655770e-02 -6.221895186087e-02
1.907531082166e-01 7.676563963707e-02 -1.603754603324e-01
4.496214308058e-02 -9.101257519631e-03 1.414057028594e-01
Mode 15
6.896792373554e-02 1.720942544298e-01 -5.195487260396e-03
-3.519082350147e-01 -2.664143982988e-02 -2.031029980394e-01
-1.297177276071e-01 -1.937877209254e-02 -1.311402849495e-01
-2.110166829643e-02 -8.705350300316e-02 -4.556761141410e-02
1.935853193143e-01 5.291743395410e-02 1.115658234769e-02
1.789977401187e-01 -5.798213446740e-02 1.090774088206e-01
-1.239085244966e-02 -1.021357640759e-03 1.481398785072e-01
1.782196364233e-01 -7.485350558315e-03 1.161108553071e-01
1.210813126433e-02 6.861190062812e-03 8.003947293809e-02
1.550292918009e-02 -2.446088627681e-01 -5.115021225973e-03
-1.713505868256e-02 1.394327521196e-02 -7.356612563068e-02
-7.643621638669e-03 2.217777341966e-01 8.459439498496e-02
-5.161918957576e-02 -9.392539438917e-02 1.461093961319e-02
-1.023887122463e-01 -1.640004428307e-01 -1.703537682468e-01
-4.177615466385e-02 -1.170427788747e-02 -1.338572477703e-01
2.233981415084e-01 2.696461670922e-01 7.927304045578e-02
-8.730357108966e-02 3.089818686253e-02 9.551643064731e-02
-9.041884142360e-02 1.694314019504e-02 3.233223826399e-01
-7.165567408962e-02 1.999651179412e-02 1.912077108356e-02
2.451332837310e-01 1.161387832591e-01 1.792920049379e-02
-2.109898176919e-02 1.070671369144e-01 -1.596604558470e-01
Mode 16
1.168363586256e-02 3.857910186152e-02 8.668653447327e-03
-5.699938723669e-02 -1.069897223151e-02 -7.167009032945e-02
-1.989655169753e-02 3.030898820357e-03 -9.743761229033e-03
-6.974384797990e-02 7.058542238113e-03 1.548740541551e-01
-1.849457286266e-01 2.410666324120e-03 2.039344653329e-01
-1.327619418074e-01 -2.445131606209e-02 1.608614308974e-01
-6.457480829437e-02 4.019082359196e-03 2.767922345564e-01
-1.425330754585e-01 1.131778206541e-02 -5.437122593306e-02
7.852370953478e-02 -1.897836455032e-02 -1.251952424012e-01
-6.308931898653e-02 -6.221390338439e-02 2.737093450166e-02
4.021793684767e-02 5.863375333093e-03 -8.030030127851e-02
1.896193858022e-01 3.920682528399e-02 -3.031621898904e-01
3.223806515078e-01 -2.362802819894e-02 -1.217063343332e-01
-1.067774687855e-01 -8.280175410210e-02 -1.566602747265e-01
1.712808828954e-01 2.625708427247e-02 -1.316908045699e-02
-2.075323791546e-01 4.705477622331e-02 1.510501891326e-01
-5.480333659238e-02 1.189306900421e-02 3.208662481596e-01
-5.161717915023e-02 1.290907598337e-02 2.428353816350e-01
-4.928051958788e-02 1.189627940117e-02 2.788008409700e-01
-1.673142732815e-01 7.473969394266e-02 -1.482943375959e-02
6.181515667952e-02 7.008146923548e-02 1.008338934807e-01
Mode 17
4.156281723748e-02 -3.676477259258e-02 2.684927782082e-02
-5.154796441669e-02 -6.322134930499e-02 -6.772618146100e-03
1.441628564846e-01 6.887025034566e-02 7.598657399522e-02
7.838595616940e-02 2.205686555714e-01 3.170347070638e-02
-3.455266952503e-02 5.554792523224e-02 -4.532221429690e-03
-4.843554963541e-02 -2.652084849413e-01 -3.490640409217e-02
1.769882867854e-03 -8.881432565610e-03 -7.821756625092e-02
-6.117463732415e-02 1.407903093634e-01 -3.654794847336e-02
-2.478354629943e-02 -8.705564326780e-02 -1.752400662102e-02
1.656576448627e-02 -1.941110087267e-01 -1.210337713599e-02
7.010147712451e-03 1.878315263966e-02 2.231705639113e-02
-6.507002177894e-02 7.049757623248e-02 -2.993299201607e-02
-3.752766899178e-02 -2.565504402567e-02 3.786149463616e-02
2.128435311075e-01 -3.232923070637e-02 9.925951897751e-02
2.624793313636e-01 1.870033821143e-04 1.414374972794e-01
-6.046524128609e-02 2.318885779015e-01 -5.071136001976e-02
5.524827430033e-03 1.068376807695e-01 1.861590348322e-01
1.600385376997e-02 1.207970079663e-01 -9.773412674654e-02
1.947256337203e-02 9.415164013711e-02 -3.183650231027e-01
-6.364636372463e-02 5.754707659849e-01 -2.970753913358e-02
6.727933603399e-03 9.008761222048e-02 -6.241557004550e-03
Mode 18
2.315376527333e-02 6.867610856732e-03 -4.091341441138e-03
-6.804502124569e-02 -1.070539302543e-02 1.246072404978e-02
5.232606811200e-02 1.272456539590e-02 -2.608283404186e-04
1.506752732107e-01 -1.816720067270e-02 -1.799080733670e-01
5.990115111884e-02 -4.563657396731e-02 -1.775645099989e-01
-8.439979678198e-02 8.139711103625e-02 7.450627234075e-02
7.081034820671e-03 5.844112951333e-03 1.720921418592e-01
-6.436331226812e-02 -3.252479514704e-02 6.999644087038e-02
5.947312406270e-03 -3.171470140174e-02 2.930541230115e-02
1.323371083547e-01 1.252614308828e-02 -6.107360716086e-02
-1.104563400900e-02 -6.420793919998e-06 8.413081437923e-02
-1.976911856428e-01 4.426296473873e-02 -3.112217618864e-01
1.416105548879e-03 -1.192410284149e-02 8.576602134004e-02
2.222637429923e-01 1.448011831941e-01 2.788035973524e-01
-2.565323570081e-01 -7.554478955637e-02 5.902655824906e-02
-4.878831280183e-02 -1.373219008997e-01 -3.843987461832e-01
9.629643202005e-02 -3.799204346720e-02 2.123289942834e-01
9.657915320538e-02 -4.383187588925e-02 -1.585035716195e-02
9.275666628434e-02 -2.022917833598e-02 3.687641267852e-01
-6.224015915756e-02 -1.038281845955e-01 8.453325186952e-02
-4.326348537180e-02 -3.048422013016e-02 -1.982397113510e-01
Mode 19
-2.131282627183e-02 -6.866540724412e-03 -9.930460955401e-03
5.749527682296e-02 3.150664790324e-02 3.607803044725e-02
-9.410239180128e-02 -4.625038566963e-02 -4.801709781619e-02
-2.308488859064e-02 -1.266411209176e-01 -7.435801511265e-02
3.788362576172e-02 1.573537270603e-01 -5.919996181896e-02
7.147563026976e-03 -2.644069522546e-01 3.657698651091e-02
7.859307541417e-03 -2.283112857149e-02 7.947937375899e-02
2.251794287073e-02 9.695094254793e-02 4.575431114047e-02
1.324470923139e-02 2.603621867197e-01 2.315403644960e-02
9.275751141147e-03 8.887853359530e-03 -5.913248128314e-03
-4.246644271956e-04 9.896369412449e-03 1.420850212291e-02
-1.381165495131e-02 -2.900523650894e-01 -5.175774042178e-02
2.804075987523e-02 9.695415294489e-02 3.688903950851e-03
-1.017483619163e-01 2.504979338191e-02 -2.048850162572e-02
-2.124900918393e-01 -8.271183790266e-03 -9.208446334112e-02
2.379948865774e-02 5.841591269045e-01 -8.241176368580e-02
8.923984247704e-03 1.126796534562e-01 3.862947814845e-01
1.989890017391e-02 1.474466563247e-01 6.680956002352e-02
2.789881663336e-02 1.010106899353e-01 -2.102819453716e-01
3.320996858618e-02 1.157362354522e-01 4.002776273852e-02
-1.217935642340e-02 -3.756523514700e-02 -5.865591517880e-02
Mode 20
0.000000000000e+00 0.000000000000e+00 0.000000000000e+00
6.018537565342e-03 -1.010656317559e-03 7.921854541857e-03
2.357842970053e-02 -3.028758555717e-03 -1.829984356404e-02
4.807741341452e-02 4.853789147854e-03 -8.640024913319e-02
1.447988479126e-01 6.084610407166e-04 -5.943840020006e-02
5.232589908658e-02 -9.096976990351e-03 8.531849327325e-02
-2.945502402400e-02 -1.712211711999e-05 2.243488383446e-01
-1.422503542732e-01 5.477949643357e-03 -2.825505773784e-01
-1.195924785861e-01 -8.462115171647e-03 -2.510498589373e-01
-7.278922747859e-02 4.259239827297e-03 -2.092452800881e-01
1.487161682525e-03 -3.041600143557e-03 1.499617851944e-01
1.274519551529e-01 7.452528986408e-03 2.449499110827e-01
-2.966802339952e-02 -4.843087824654e-03 -5.381777483219e-02
5.367111752724e-02 -8.082040143512e-03 2.130942914524e-02
-3.193362682821e-02 5.052211455475e-03 -2.558747031275e-02
9.891615081857e-02 -1.201587698940e-03 -1.510435410544e-01
-8.546280111358e-02 9.077714608591e-03 1.670739498644e-01
-8.765751743406e-02 6.033974200394e-03 3.450793398519e-01
-8.362186211208e-02 9.078784740911e-03 1.530521474679e-01
1.585990010257e-02 1.801907458412e-02 -5.399294180908e-01
7.505530222441e-03 -2.587379884737e-02 2.434629613499e-01
Mode 21
-3.129797345104e-02 -1.068526626220e-01 1.014619871932e-02
2.176593005503e-01 2.705326629760e-02 1.284233221288e-01
-2.340164245629e-01 -8.542831738098e-02 -1.234435726323e-01
-1.554880180754e-01 1.965484283588e-01 -1.345072174445e-01
4.354637558255e-02 4.646593009437e-02 -1.155189617080e-01
3.306516979165e-02 -9.614940986119e-02 2.572907946262e-02
5.593704112721e-03 -1.293582929137e-02 1.077096782784e-01
9.282839851969e-02 7.593949390697e-02 9.064260418491e-02
7.076337867904e-03 -2.951109973388e-01 5.796054427020e-02
-4.177397521289e-02 1.169517348713e-01 8.787872637877e-03
0.000000000000e+00 0.000000000000e+00 0.000000000000e+00
4.482254831510e-02 1.454328346158e-01 -1.549934766853e-02
5.352883623452e-02 -4.766858792563e-02 -2.150277694984e-02
-2.846414864898e-01 1.273919471837e-02 -1.229509539890e-01
-2.565318499319e-01 -1.008016239760e-02 -1.977114065920e-01
6.542363007249e-02 -8.927644834286e-02 -4.847127396121e-02
2.612825766381e-02 2.260595295587e-02 2.102529073340e-01
2.280015697978e-02 2.564648296711e-02 7.431292453615e-02
3.434151154962e-02 2.463903704651e-02 4.016937188839e-02
1.014733622619e-01 5.195088740203e-01 7.754796299984e-02
-2.832549148609e-03 -1.979487908954e-02 -3.733994527349e-04
Mode 22
3.539427684857e-03 -6.140594990373e-02 1.472351072551e-02
8.560474435545e-02 -1.313425159899e-02 4.689689945799e-02
-8.142714579161e-02 1.212252514911e-02 -2.495324251959e-02
-7.186414553779e-02 2.943041139904e-01 -5.933492289059e-02
1.274412269236e-02 -6.140059924213e-02 -5.538550125718e-02
3.895384454790e-03 7.029273313094e-02 -6.614956457285e-03
-2.265603428696e-03 9.895299280129e-03 2.823030451944e-02
2.945451694773e-02 -6.544750504165e-02 3.238912649640e-02
-9.484391614743e-03 2.435982064505e-01 1.303687576783e-02
-4.071852338671e-02 -3.276261612949e-01 1.760763571731e-03
1.416274574305e-03 9.897439544769e-03 1.866997263675e-04
2.067465539285e-02 -5.352768272944e-02 2.710314742514e-03
1.855150228229e-02 1.777570671906e-02 -1.182649625663e-02
-9.303955649510e-02 4.247468371777e-03 -5.500545372621e-02
5.282195769827e-02 3.353224106764e-02 -3.585288822262e-02
2.512725361116e-02 -5.990980765815e-01 -3.240548969321e-02
2.223321125987e-02 -4.043695402556e-03 4.570922056397e-02
1.812683785510e-02 2.767207613151e-02 2.382005866278e-03
6.089593698988e-03 7.871846380371e-03 7.211761839624e-02
2.442020604949e-02 -5.397187899745e-01 3.882372064769e-02
7.152598030595e-03 8.019124280803e-02 -2.045005912746e-02
Mode 23
-1.840905196415e-02 4.363238344931e-02 -3.094061926196e-02
-2.619042696820e-03 5.049571377676e-02 2.105524888306e-02
-1.607474087819e-02 -1.078579682779e-01 -5.204095872151e-02
3.795216439355e-02 -6.062867773034e-03 3.350932485460e-02
-5.239494479469e-02 1.070489446650e-01 7.871018489420e-02
1.564772797461e-02 -3.272321745466e-02 9.183662049931e-03
2.209092996715e-02 -4.363024318467e-02 2.897014468882e-03
-2.435636437042e-02 7.534708485106e-02 -6.024603156311e-02
4.106709667664e-02 -3.575090587806e-02 -2.313798391065e-02
8.468435936741e-02 -2.224015472019e-03 1.111813984942e-02
6.018537565342e-03 -1.010656317559e-03 7.921854541857e-03
-2.818069269156e-02 1.393685441804e-02 1.056468874855e-02
-3.887271840702e-02 -4.848438486254e-03 1.629123715050e-02
3.866139140618e-02 6.321385837875e-02 1.049252349219e-01
-2.138378277818e-01 -1.815852181684e-01 4.381236060733e-04
-4.277565536723e-02 -5.920384642111e-01 1.084467620653e-01
-7.604459965429e-02 7.937365813649e-02 1.183935862175e-01
-3.844587452886e-02 1.139112048601e-01 1.447278554358e-01
-2.690619233370e-02 4.971237333947e-02 -2.887987824612e-01
-2.011492412751e-02 -3.900363467223e-01 -5.972468554013e-02
-3.915660489075e-02 3.264635494538e-03 -4.116504614944e-01
Mode 24
0.000000000000e+00 0.000000000000e+00 0.000000000000e+00
-1.345334970499e-02 -7.876126909651e-03 -1.603040881008e-02
4.963580025611e-02 3.251623408848e-02 4.217797830193e-02
-1.267524600967e-02 -5.837291081873e-02 -2.306385529660e-02
5.891172042269e-02 6.322562983427e-02 -4.931459144005e-02
-1.855150228229e-02 -1.777570671906e-02 1.182649625663e-02
-1.770217342790e-02 -3.756844554396e-02 -1.659050798918e-02
8.215264311350e-03 1.088675544632e-01 5.814090657620e-02
-3.993555371320e-02 -5.534629252766e-02 2.327959306052e-02
-8.326808479311e-02 1.212145501679e-02 -1.093144012306e-02
-1.989655169753e-02 3.030898820357e-03 -9.743761229033e-03
2.457003984764e-02 1.676505040150e-02 -3.904641714770e-03
3.745644383271e-02 -5.049001058515e-03 -1.647793687687e-02
4.524469524048e-02 -3.676263232794e-02 -1.194326972256e-03
1.098213449350e-01 4.423121329915e-02 3.581720210683e-02
5.182548157297e-02 -3.090382205659e-01 -7.880036604720e-02
2.485426438222e-02 5.229506119322e-02 2.528784137027e-01
4.970736346604e-02 1.068633639452e-01 -1.503642226847e-01
8.709258213968e-02 7.111031780248e-02 -1.454586018023e-01
-5.672650802647e-03 -5.564870507730e-01 8.479376955208e-02
5.827471484210e-02 5.581648216766e-04 5.995863124373e-01
Mode 25
2.350720454146e-02 -3.373280363990e-02 3.083714195249e-03
-5.551222555416e-02 -1.374057237506e-02 7.829169486497e-02
1.267434042420e-01 2.546197237965e-02 -1.687832854393e-01
-1.062080055638e-02 1.191875217989e-02 -1.565700935735e-02
-7.774543681403e-02 -9.696876972508e-03 3.258247430100e-02
1.755989213518e-02 -2.018102238158e-03 -2.622169810590e-02
1.161241070349e-02 7.875056777331e-03 3.005221120662e-02
6.981473508812e-02 -1.999758192644e-02 -5.098968687026e-03
1.416274574305e-03 9.897439544769e-03 1.866997263675e-04
-5.041407297686e-02 -3.840992565655e-03 5.043478979826e-02
-1.203707513068e-02 2.021312635118e-03 -1.584370908371e-02
1.203707513068e-02 -2.021312635118e-03 1.584370908371e-02
0.000000000000e+00 0.000000000000e+00 0.000000000000e+00
2.871276417994e-01 4.990887643029e-01 2.873466941888e-01
-4.606697692216e-01 -2.581385237777e-01 3.934293160391e-02
-6.089259224052e-02 4.766430739635e-02 7.758998653600e-02
-1.947188727033e-02 -6.865470592092e-03 -2.395226335194e-02
-2.357859872595e-02 -1.879278383054e-02 1.038791651777e-01
-2.223338028529e-02 -1.777784698370e-02 3.987010104970e-02
9.049190798277e-02 9.877383287543e-02 -3.090217676369e-02
4.191792888029e-02 -1.417380148919e-02 4.334074187064e-01
Mode 26
2.662196779912e-02 -8.524238413118e-02 3.201572704366e-02
-3.895384454790e-03 -7.029273313094e-02 6.614956457285e-03
-1.812432035329e-02 1.446270213998e-01 -3.089552868546e-02
-2.917230283867e-02 -5.856954539173e-03 -3.830513100719e-03
-5.622145256679e-02 -8.301729852684e-02 6.875784797704e-03
1.111669014265e-02 8.888923491850e-03 -1.993505052485e-02
8.779861554880e-03 -1.191982231221e-02 2.967881175389e-02
2.853664946150e-02 1.177618286166e-01 -3.190315593135e-02
1.791333140331e-02 -4.261851673479e-02 -1.904664246951e-02
2.874763841148e-02 1.575332395162e-02 1.803901522363e-02
6.018537565342e-03 -1.010656317559e-03 7.921854541857e-03
-1.288640398508e-02 2.181405146002e-02 1.257329516210e-02
-1.713522770799e-02 -7.878267174291e-03 1.201319598300e-02
-7.370743301567e-02 1.438254887131e-01 -1.023789192885e-01
-3.929469630698e-02 1.991685708438e-01 -8.359310515945e-02
-4.169788407562e-02 4.704324326319e-01 1.595659085389e-02
-3.830577268710e-02 2.484173988341e-02 4.489494112268e-02
-2.294042784697e-02 4.160143962331e-02 1.110993113906e-01
-1.295746011872e-02 1.293154876209e-02 -5.162246869228e-02
3.836709686436e-02 -6.615125425382e-01 -3.780372921892e-02
-4.241381846655e-02 -6.633874182551e-03 -3.978153588242e-01
Mode 27
3.264050536446e-02 -8.625304044874e-02 3.993758158552e-02
-2.478354629943e-02 -8.705564326780e-02 -1.752400662102e-02
5.171726212760e-03 1.910811800386e-01 7.825335968487e-03
-3.405929744057e-02 -9.594349662733e-02 -1.161075849271e-02
-2.138153392909e-02 1.347285117227e-01 -1.706042601529e-02
8.284140994038e-03 -1.090595559769e-02 -2.030844997759e-02
2.761323989537e-03 -1.090916599465e-02 2.175695721203e-02
2.570158281108e-02 -7.433214800422e-02 -3.763032564902e-03
4.673488150109e-03 1.979594922186e-02 -1.364840294380e-02
-5.026927418233e-03 2.080446527478e-02 6.473347307416e-03
6.018537565342e-03 -1.010656317559e-03 7.921854541857e-03
4.602262991038e-03 -1.090809586233e-02 7.735154815490e-03
0.000000000000e+00 0.000000000000e+00 0.000000000000e+00
-1.093939939805e-01 1.399930572060e-01 -1.641185486626e-01
1.055477942635e-02 3.237969401848e-01 -1.055658001354e-01
-2.833287496609e-02 -6.930245411030e-01 -3.772747683476e-03
-8.213084860392e-03 1.978845829562e-02 8.450421383197e-02
-2.690267855891e-03 1.979166869258e-02 4.243880664235e-02
5.098152577305e-03 9.899579809409e-03 -2.785690506671e-02
4.468513300057e-02 4.286229395101e-01 -2.975927778831e-02
-2.003849493939e-02 7.087435810753e-03 -2.237146105515e-01
Mode 28
-1.741744181704e-02 6.342619240653e-02 -1.654541741269e-02
1.720645286706e-02 3.858231225848e-02 -3.339675374229e-02
3.646449563475e-02 -6.848589478824e-02 1.402855045012e-01
-3.476617597682e-02 -1.474266763406e-02 -2.596086976548e-02
-2.050552796997e-01 6.155994369435e-04 -8.397590907289e-02
-8.921973822172e-03 -5.845183083653e-03 -1.580703394626e-01
-8.362186211208e-02 9.078784740911e-03 1.530521474679e-01
2.609211135474e-01 -5.653899172259e-03 -7.272005176936e-02
8.001104024273e-02 -1.984223076212e-04 -6.081277882045e-02
8.355197127684e-03 -2.023452899758e-03 4.388731387679e-02
-6.018537565342e-03 1.010656317559e-03 -7.921854541857e-03
-2.124177013819e-02 2.015961973518e-03 5.426530289898e-02
-6.846968567289e-02 -8.090236129778e-04 2.666922617269e-02
9.034442266101e-02 -3.072324523556e-01 6.889198439326e-02
2.910846884823e-01 -2.364622044838e-02 1.166643064080e-01
-2.375558522478e-01 -2.402236747725e-02 -1.381670833578e-01
1.089713399789e-01 -2.326221742098e-02 4.065514928073e-01
4.991835241602e-02 4.854859280174e-03 -1.004220515297e-01
1.197345908534e-01 2.622712056751e-02 3.794413866461e-01
3.228765410941e-01 -2.820352527203e-03 -1.572983942154e-01
1.911995135146e-03 8.883572830250e-03 5.017396145784e-02
Mode 29
0.000000000000e+00 0.000000000000e+00 0.000000000000e+00
-1.755989213518e-02 2.018102238158e-03 2.622169810590e-02
4.715685940105e-02 -6.057517111434e-03 -3.659968712809e-02
-3.887271840702e-02 -4.848438486254e-03 1.629123715050e-02
8.284342036591e-02 -2.225085604339e-03 2.513994224596e-02
-1.571895313368e-02 2.019172370478e-03 1.219989570936e-02
-1.258937373368e-01 -1.611626432036e-03 -3.079236203386e-02
1.387801413218e-02 -2.020242502798e-03 1.821906687176e-03
-4.305031697086e-02 -3.836712036375e-03 -5.652419787895e-03
-6.521247209708e-02 9.089486064111e-03 1.283412350252e-02
1.989655169753e-02 -3.030898820357e-03 9.743761229033e-03
1.989655169753e-02 -3.030898820357e-03 9.743761229033e-03
1.571895313368e-02 -2.019172370478e-03 -1.219989570936e-02
7.583562112984e-02 1.294693169011e-01 5.988868464932e-02
-4.425560259518e-02 -1.157426562461e-01 4.410305164071e-02
1.523756032941e-01 5.438707277530e-03 1.626410033906e-01
1.828215613635e-01 -6.203653119315e-02 2.950046533499e-01
1.328314945917e-01 -8.036024453752e-03 -5.816280739059e-01
1.974801966928e-01 5.774553992627e-02 2.612795907314e-01
6.981490411354e-02 1.823960459817e-03 -9.067829030070e-02
-4.800752257927e-02 6.301955108815e-03 -5.055250371026e-01
Mode 30
-7.788251407771e-03 3.171363126942e-02 -1.528360990461e-02
-1.104546498358e-02 2.181512159234e-02 -1.448507234441e-03
1.258225121777e-01 -2.909241865215e-02 5.217591979315e-02
-1.190258709170e-01 -2.241502157449e-02 -5.128751173781e-02
-3.058840838755e-02 6.067148302314e-03 -8.959653444076e-02
9.275751141147e-03 8.887853359530e-03 -5.913248128314e-03
9.856237349960e-02 -4.244257974817e-03 1.294004653660e-02
1.855133325687e-02 -4.045835667196e-03 7.375282535704e-02
-1.272389557774e-01 -2.626563278875e-03 3.321670209415e-02
-1.281593407655e-01 8.283672848093e-03 -2.562057514412e-03
2.591508926287e-02 -4.041555137916e-03 1.766561577089e-02
5.090979353770e-02 2.827125851136e-03 -4.475280667861e-04
6.245114810754e-02 1.819679930537e-03 -3.459108071454e-02
2.313948643643e-01 -3.637506637356e-02 1.730123443346e-01
1.898295296250e-01 -1.719093913123e-01 1.746765893329e-01
-6.025643178707e-02 1.224060477660e-03 -1.434143092730e-01
-1.383551388438e-01 5.394914038804e-02 -2.035862122220e-01
-8.156792373507e-02 1.390582058076e-02 4.171969582482e-01
-1.353826568789e-01 -3.714698788535e-02 -2.174664054687e-01
2.138388240548e-02 1.574904342234e-02 7.412622480978e-02
-5.501750126630e-02 9.340344855412e-03 -6.134214151074e-01
Mode 31
0.000000000000e+00 0.000000000000e+00 0.000000000000e+00
0.000000000000e+00 0.000000000000e+00 0.000000000000e+00
0.000000000000e+00 0.000000000000e+00 0.000000000000e+00
1.416274574305e-03 9.897439544769e-03 1.866997263675e-04
-1.062835306181e-03 -5.049785404140e-02 6.988355910020e-03
1.347566917042e-03 1.514924919919e-01 -6.943265333521e-03
-7.366104482384e-03 -1.504818356743e-01 -9.785892083362e-04
5.380366686357e-03 -6.140487977141e-02 7.017083289711e-04
1.416274574305e-03 9.897439544769e-03 1.866997263675e-04
0.000000000000e+00 0.000000000000e+00 0.000000000000e+00
0.000000000000e+00 0.000000000000e+00 0.000000000000e+00
0.000000000000e+00 0.000000000000e+00 0.000000000000e+00
0.000000000000e+00 0.000000000000e+00 0.000000000000e+00
0.000000000000e+00 0.000000000000e+00 0.000000000000e+00
0.000000000000e+00 0.000000000000e+00 0.000000000000e+00
-8.468113525818e-04 1.920918363562e-01 -9.651857336986e-05
-1.253941649503e-01 1.892219052123e-01 5.612231053550e-01
1.112155612084e-02 3.316655761682e-01 8.617225450456e-03
1.263195849419e-01 1.444660537234e-01 -5.824713913848e-01
1.632298527904e-03 2.524871299424e-01 -6.898174757022e-03
-1.840939001500e-03 -1.070132320000e-06 1.402180239654e-02
Mode 32
0.000000000000e+00 0.000000000000e+00 0.000000000000e+00
6.443201992538e-03 -1.090702573001e-02 -6.286647581049e-03
-3.519084040402e-02 -4.846298221614e-03 -1.175236764258e-02
1.351694884779e-01 1.049947979157e-02 2.487911390554e-02
-2.418740597297e-01 5.941967905436e-04 1.964601388579e-01
9.914411216832e-04 -2.027733429038e-03 9.997452346295e-02
-1.486945525387e-02 4.047975931836e-03 -1.017964301501e-01
2.338738052194e-01 2.198684826352e-03 2.517900097646e-01
-1.615092421680e-01 3.438444758799e-03 -2.833622755353e-02
1.486828995546e-02 -1.774734373097e-03 -5.543246199401e-01
-3.186157442159e-03 -1.016006979159e-03 7.803086652455e-02
2.173749069903e-02 -3.029828688037e-03 -4.278041167505e-03
5.459167154070e-02 2.829266115776e-03 -2.849113285986e-02
-1.088295657624e-01 -2.615861955675e-03 -1.070013218712e-01
-1.793511793868e-01 9.858254896403e-02 -1.162524644570e-01
-3.284702452068e-01 1.575618181857e-02 4.958871593694e-02
4.156298626291e-02 -1.494323020632e-02 -5.873004379285e-02
3.589822601654e-02 -1.088990361289e-02 -2.306354859257e-01
4.255459641002e-02 4.850578750894e-03 -4.433484194358e-02
3.720873388722e-01 -4.050833798783e-03 7.024672943681e-02
4.602262991038e-03 -1.090809586233e-02 7.735154815490e-03
Mode 33
0.000000000000e+00 0.000000000000e+00 0.000000000000e+00
1.840939001500e-03 1.070132320000e-06 -1.402180239654e-02
-2.917230283867e-02 -5.856954539173e-03 -3.830513100719e-03
5.834460567735e-02 1.171390907835e-02 7.661026201439e-03
-1.989655169753e-02 3.030898820357e-03 -9.743761229033e-03
-6.868035445159e-03 -1.018147243799e-03 1.060744713176e-01
-4.957205608416e-04 1.013866714519e-03 -4.998726173147e-02
9.700415568343e-03 -1.008516052919e-03 -2.012175025122e-02
-7.031062467439e-02 -8.100937452978e-04 4.069102856923e-02
9.914411216832e-04 -2.027733429038e-03 9.997452346295e-02
1.840939001500e-03 1.070132320000e-06 -1.402180239654e-02
1.387801413218e-02 -2.020242502798e-03 1.821906687176e-03
2.357842970053e-02 -3.028758555717e-03 -1.829984356404e-02
2.201970480808e-02 -7.433428826886e-02 2.428057222818e-02
-1.427440644085e-01 1.133262867304e-01 -1.043133970880e-01
-2.733841874291e-01 -1.976719607691e-03 -4.994568836680e-01
-1.026719226283e-02 -6.860119930492e-03 -9.406127533463e-02
2.258698857884e-02 -1.001025126679e-03 -1.182743670270e-01
-1.671039425537e-02 4.046905799516e-03 -8.777462775358e-02
3.840521925708e-01 -1.268140757309e-02 -6.342263754241e-01
-6.018537565342e-03 1.010656317559e-03 -7.921854541857e-03
Mode 34
7.859476566842e-03 -1.009586185239e-03 -6.099947854681e-03
-3.370350969607e-02 1.393364402108e-02 5.263009593817e-02
2.265603428696e-03 -9.895299280129e-03 -2.823030451944e-02
-2.761493014963e-03 -1.091237639161e-02 6.382236440164e-02
5.522817004501e-03 3.210396959999e-06 -4.206540718962e-02
1.203707513068e-02 -2.021312635118e-03 1.584370908371e-02
0.000000000000e+00 0.000000000000e+00 0.000000000000e+00
6.018537565342e-03 -1.010656317559e-03 7.921854541857e-03
1.154135456984e-02 -1.007445920599e-03 -3.414355264776e-02
2.173749069903e-02 -3.029828688037e-03 -4.278041167505e-03
0.000000000000e+00 0.000000000000e+00 0.000000000000e+00
0.000000000000e+00 0.000000000000e+00 0.000000000000e+00
-7.859476566842e-03 1.009586185239e-03 6.099947854681e-03
-4.331166703255e-01 4.221914156344e-01 -3.492339594753e-01
3.439012731261e-01 -3.783552592159e-01 3.089971070511e-01
-1.437376849811e-01 -1.330199259934e-02 -3.469330409591e-01
0.000000000000e+00 0.000000000000e+00 0.000000000000e+00
3.681878003000e-03 2.140264639999e-06 -2.804360479308e-02
0.000000000000e+00 0.000000000000e+00 0.000000000000e+00
-3.681878003000e-03 -2.140264639999e-06 2.804360479308e-02
6.018537565342e-03 -1.010656317559e-03 7.921854541857e-03
Mode 35
0.000000000000e+00 0.000000000000e+00 0.000000000000e+00
8.284140994038e-03 -1.090595559769e-02 -2.030844997759e-02
5.026927418233e-03 -2.080446527478e-02 -6.473347307416e-03
3.526189653766e-02 1.372880091954e-02 7.594813149696e-02
3.377456582971e-02 -5.051141323155e-03 1.156566791621e-02
1.989655169753e-02 -3.030898820357e-03 9.743761229033e-03
-1.387801413218e-02 2.020242502798e-03 -1.821906687176e-03
3.703177940552e-02 4.847368353934e-03 -2.269434753962e-03
1.890511057584e-02 -1.003165391319e-03 -9.023076223391e-02
-9.020717637191e-02 2.220805075059e-03 3.094726734019e-02
0.000000000000e+00 0.000000000000e+00 0.000000000000e+00
-1.840939001500e-03 -1.070132320000e-06 1.402180239654e-02
-2.173749069903e-02 3.029828688037e-03 4.278041167505e-03
5.862681978640e-02 -5.959055050247e-02 3.621963959712e-02
-3.128907178132e-01 1.900926439698e-01 -2.050955519140e-01
-2.503014782894e-01 -3.991611448889e-03 -5.677439889635e-01
2.449881468856e-02 -1.393899468268e-02 1.747891604452e-02
5.522817004501e-03 3.210396959999e-06 -4.206540718962e-02
2.733136383717e-02 5.855884406853e-03 1.785231549726e-02
-2.864812601929e-01 1.046488302731e-02 5.471918984977e-01
-8.426253261330e-03 -6.859049798172e-03 -1.080830777312e-01
Mode 36
-3.185988416733e-03 2.080553540710e-02 -7.548455089122e-03
-2.917230283867e-02 -5.856954539173e-03 -3.830513100719e-03
5.855559462733e-02 -9.029459558666e-02 5.760319735641e-02
1.283016220582e-01 3.130287493402e-02 4.537426360950e-02
2.959696726587e-02 -4.039414873276e-03 -1.037798902219e-02
-4.269653965188e-02 -7.940417604978e-04 -1.696360073789e-01
8.355197127684e-03 -2.023452899758e-03 4.388731387679e-02
3.681878003000e-03 2.140264639999e-06 -2.804360479308e-02
-1.211493620784e-01 5.245283101496e-03 1.053343204904e-01
-3.285418084167e-02 -5.859094803813e-03 2.421309169236e-02
0.000000000000e+00 0.000000000000e+00 0.000000000000e+00
1.571895313368e-02 -2.019172370478e-03 -1.219989570936e-02
4.531592039955e-02 -6.058587243754e-03 -2.257788473155e-02
-4.699372917556e-01 3.371570850017e-01 -3.826016751800e-01
-3.710216480133e-01 2.704908701440e-01 -2.769072513934e-01
1.154150490477e-01 3.129538400778e-02 1.435268803853e-01
-1.132801714348e-02 4.947649640064e-02 1.411515225972e-01
-5.721105228837e-02 4.023362888476e-03 2.207050249703e-01
-2.549076288652e-02 -4.949789904704e-02 1.392845253335e-01
7.363756006001e-03 4.280529279998e-06 -5.608720958615e-02
-6.514258126184e-03 2.024523032078e-03 -5.790911627333e-02
Mode 37
3.185988416733e-03 -2.080553540710e-02 7.548455089122e-03
2.733136383717e-02 5.855884406853e-03 1.785231549726e-02
-1.700754282456e-01 1.074704023236e-01 -1.221657125853e-01
1.961331368521e-01 -2.828232490685e-02 1.148489122392e-02
5.374217366088e-02 8.004625544178e-04 8.550519299962e-02
-8.383486148759e-02 4.252819033377e-03 -1.251144657089e-01
1.387801413218e-02 -2.020242502798e-03 1.821906687176e-03
5.267967640555e-02 -6.054306714474e-03 -7.866509431770e-02
-6.606196997690e-02 7.060682502753e-03 1.268304493620e-01
-1.142813266333e-01 6.263430345295e-03 -7.401508272363e-04
0.000000000000e+00 0.000000000000e+00 0.000000000000e+00
7.859476566842e-03 -1.009586185239e-03 -6.099947854681e-03
2.959696726587e-02 -4.039414873276e-03 -1.037798902219e-02
2.718923287938e-01 -2.959367905389e-01 2.353635008846e-01
4.313469564831e-01 -3.914884406825e-01 3.418722041125e-01
-7.009912864813e-02 -3.735397125154e-02 -1.661047651168e-01
-2.095720755275e-02 8.118905753775e-02 1.398897150891e-01
-6.924812741906e-02 6.044675523594e-03 2.048613158865e-01
-3.759906317628e-02 -7.818063149611e-02 1.448243740091e-01
-8.135625868339e-02 -8.165145392178e-04 1.248218429485e-01
-1.486945525387e-02 4.047975931836e-03 -1.017964301501e-01
Mode 38
-1.416274574305e-03 -9.897439544769e-03 -1.866997263675e-04
2.173749069903e-02 -3.029828688037e-03 -4.278041167505e-03
-9.013578218741e-02 5.474639254550e-02 -7.601561203277e-02
1.401995737405e-02 -6.076779493194e-03 2.157927560096e-01
-9.360633318958e-02 -3.621167611634e-03 -1.691884793121e-01
2.622663319881e-01 -4.638962325420e-03 -1.367291158974e-01
-6.061020910604e-02 -1.818609798217e-03 2.056927831801e-02
-1.188127025161e-01 4.232486519297e-03 1.412997798253e-01
-3.429860921671e-01 1.025285640026e-03 -1.306119801905e-01
2.619836108027e-01 1.200870096633e-03 9.145023554797e-02
-6.018537565342e-03 1.010656317559e-03 -7.921854541857e-03
2.775602826437e-02 -4.040485005596e-03 3.643813374352e-03
6.245114810754e-02 1.819679930537e-03 -3.459108071454e-02
3.191202443285e-01 -2.931118049524e-01 2.629595776109e-01
4.388587513822e-03 -1.030202311149e-01 7.188582809337e-02
2.683547425091e-02 -1.495179126488e-02 5.344437537946e-02
1.887690427952e-01 -7.192969020864e-02 2.387307440374e-01
-6.514141596343e-02 1.797198876204e-02 7.702988735689e-02
2.104378258370e-01 6.663553355044e-02 2.273227378100e-01
-1.359479302241e-01 -3.645780654994e-03 1.533129758083e-01
1.394890124040e-02 -1.495928219112e-02 1.515969921552e-01
Mode 39
0.000000000000e+00 0.000000000000e+00 0.000000000000e+00
0.000000000000e+00 0.000000000000e+00 0.000000000000e+00
-1.387801413218e-02 2.020242502798e-03 -1.821906687176e-03
3.561550483121e-02 -5.050071190835e-03 -2.456134480329e-03
-7.859476566842e-03 1.009586185239e-03 6.099947854681e-03
5.522817004501e-03 3.210396959999e-06 -4.206540718962e-02
-2.626886658184e-02 9.988848620390e-04 1.463179718201e-01
9.700415568343e-03 -1.008516052919e-03 -2.012175025122e-02
-3.745644383271e-02 5.049001058515e-03 1.647793687687e-02
-7.859476566842e-03 1.009586185239e-03 6.099947854681e-03
0.000000000000e+00 0.000000000000e+00 0.000000000000e+00
0.000000000000e+00 0.000000000000e+00 0.000000000000e+00
7.859476566842e-03 -1.009586185239e-03 -6.099947854681e-03
-1.989655169753e-02 3.030898820357e-03 -9.743761229033e-03
3.235829125541e-02 -1.494858086792e-02 1.137896818984e-02
8.355197127684e-03 -2.023452899758e-03 4.388731387679e-02
4.269050837529e-02 -3.197093693571e-01 -5.150373186866e-01
2.189317904826e-01 -4.400568515351e-02 -3.991645911028e-01
5.735652718460e-02 2.951484519700e-01 -5.487236281490e-01
-4.482019983871e-02 5.044720529235e-03 7.256514646302e-02
-6.018537565342e-03 1.010656317559e-03 -7.921854541857e-03
Mode 40
0.000000000000e+00 0.000000000000e+00 0.000000000000e+00
-7.434812139647e-03 -8.886783227210e-03 -8.108554268225e-03
-5.756650198203e-02 -6.221069298743e-02 -1.469447268796e-02
3.979310339505e-02 -6.061797640714e-03 1.948752245807e-02
3.681878003000e-03 2.140264639999e-06 -2.804360479308e-02
-5.876927010454e-02 -1.817539665897e-03 6.547475921467e-03
2.775602826437e-02 -4.040485005596e-03 3.643813374352e-03
3.009268782671e-02 -5.053281587795e-03 3.960927270929e-02
-4.673319124684e-03 2.025593164398e-03 -7.193091866987e-02
-3.681878003000e-03 -2.140264639999e-06 2.804360479308e-02
0.000000000000e+00 0.000000000000e+00 0.000000000000e+00
6.018537565342e-03 -1.010656317559e-03 7.921854541857e-03
-7.859476566842e-03 1.009586185239e-03 6.099947854681e-03
8.221430534161e-02 4.956478267495e-01 4.173416344384e-01
4.977020557034e-01 3.284505192904e-01 -2.983503311989e-01
7.321406093121e-02 7.665933146510e-03 1.094574563516e-01
-1.353094212943e-01 1.003915275714e-01 -1.062552120614e-02
5.912287839809e-02 -1.696133244448e-02 -8.495174189875e-02
-1.622186382060e-01 -8.765982377924e-02 -1.417281600712e-02
5.692833110304e-02 1.816469533577e-03 7.474326475071e-03
-4.602262991038e-03 1.090809586233e-02 -7.735154815490e-03
Mode 41
0.000000000000e+00 0.000000000000e+00 0.000000000000e+00
-6.018537565342e-03 1.010656317559e-03 -7.921854541857e-03
-1.487499733376e-03 -4.060148462895e-02 2.119685803293e-02
-4.772363609554e-02 -1.811118871977e-03 -7.758333845776e-02
-2.308270913969e-02 2.014891841198e-03 6.828710529552e-02
1.156976012076e-01 3.634009199474e-03 9.268505536037e-04
-6.110592966688e-02 -8.047430836978e-04 -2.941798341347e-02
-3.986415952870e-02 -2.820705057216e-03 -8.368328631244e-02
-8.708974446659e-03 -1.019217376119e-03 1.200962737142e-01
1.755989213518e-02 -2.018102238158e-03 -2.622169810590e-02
0.000000000000e+00 0.000000000000e+00 0.000000000000e+00
1.840939001500e-03 1.070132320000e-06 -1.402180239654e-02
2.173749069903e-02 -3.029828688037e-03 -4.278041167505e-03
2.655778806920e-02 3.354862362198e-01 2.245966811864e-01
3.267032178916e-01 2.090674330509e-01 -1.710433157325e-01
-1.866458896847e-01 6.263007601435e-04 -2.241939330383e-01
3.422032915190e-01 -2.514836120210e-01 2.351382908800e-02
-1.662519450516e-01 5.977292082529e-02 2.349201751714e-01
4.069272575099e-01 2.136949764508e-01 4.631051862381e-02
-1.544992634810e-01 4.000550122024e-04 7.956015045128e-02
3.752934136646e-03 8.884642962570e-03 3.615215906130e-02
Mode 42
0.000000000000e+00 0.000000000000e+00 0.000000000000e+00
0.000000000000e+00 0.000000000000e+00 0.000000000000e+00
0.000000000000e+00 0.000000000000e+00 0.000000000000e+00
0.000000000000e+00 0.000000000000e+00 0.000000000000e+00
0.000000000000e+00 0.000000000000e+00 0.000000000000e+00
2.832549148609e-03 1.979487908954e-02 3.733994527349e-04
1.062835306181e-03 5.049785404140e-02 -6.988355910020e-03
0.000000000000e+00 0.000000000000e+00 0.000000000000e+00
0.000000000000e+00 0.000000000000e+00 0.000000000000e+00
0.000000000000e+00 0.000000000000e+00 0.000000000000e+00
0.000000000000e+00 0.000000000000e+00 0.000000000000e+00
0.000000000000e+00 0.000000000000e+00 0.000000000000e+00
0.000000000000e+00 0.000000000000e+00 0.000000000000e+00
6.018537565342e-03 -1.010656317559e-03 7.921854541857e-03
0.000000000000e+00 0.000000000000e+00 0.000000000000e+00
-1.062080055638e-02 1.191875217989e-02 -1.565700935735e-02
3.684049537929e-01 -6.951760122219e-02 3.550282990709e-01
-5.842573181823e-02 -7.097928019015e-01 4.219730122091e-02
-3.353397840012e-01 -2.663180863900e-02 -3.292992196083e-01
1.840939001500e-03 1.070132320000e-06 -1.402180239654e-02
0.000000000000e+00 0.000000000000e+00 0.000000000000e+00
Mode 43
0.000000000000e+00 0.000000000000e+00 0.000000000000e+00
0.000000000000e+00 0.000000000000e+00 0.000000000000e+00
-1.571895313368e-02 2.019172370478e-03 1.219989570936e-02
1.382845897864e-01 2.632984072795e-03 -1.173475164734e-01
-4.722791553470e-02 -2.824985586496e-03 -2.759607672629e-02
-7.208050754224e-02 8.071338820312e-03 1.189085948201e-01
-2.641080982371e-02 5.055421852435e-03 -6.765287750236e-02
6.110592966688e-02 8.047430836978e-04 2.941798341347e-02
-5.239695522023e-02 2.144742924212e-04 -1.495142571276e-01
-3.830594171253e-02 3.020197497157e-03 1.304742627364e-01
0.000000000000e+00 0.000000000000e+00 0.000000000000e+00
1.203707513068e-02 -2.021312635118e-03 1.584370908371e-02
0.000000000000e+00 0.000000000000e+00 0.000000000000e+00
-1.593857510066e-01 -2.422185991719e-02 -1.849580597817e-01
1.139873522627e-02 -8.423707847523e-02 9.420288448450e-02
1.464990089706e-01 2.392826604693e-03 3.686899981712e-01
3.735701416528e-01 -2.644044594599e-01 -6.508172618510e-02
-2.213396752040e-01 1.431443665153e-02 3.845826895271e-01
3.999172788228e-01 2.167333661974e-01 -6.158585938099e-02
-1.005419288732e-02 -2.034154222958e-03 1.841053378422e-01
-2.336659562342e-03 1.012796582199e-03 -3.596545933493e-02
Mode 44
0.000000000000e+00 0.000000000000e+00 0.000000000000e+00
0.000000000000e+00 0.000000000000e+00 0.000000000000e+00
-1.621467369453e-02 3.033039084997e-03 -3.778736602211e-02
-2.995074458484e-02 9.967445973990e-04 1.743615766131e-01
6.613302611054e-02 1.821820195177e-03 -6.263468550762e-02
-1.046519671986e-01 -3.627588405554e-03 -8.505766493283e-02
-1.571895313368e-02 2.019172370478e-03 1.219989570936e-02
-3.462406370953e-02 3.022337761797e-03 1.024306579433e-01
1.253980167759e-01 2.625493146555e-03 -1.919489969762e-02
-4.772363609554e-02 -1.811118871977e-03 -7.758333845776e-02
6.018537565342e-03 -1.010656317559e-03 7.921854541857e-03
-6.018537565342e-03 1.010656317559e-03 -7.921854541857e-03
-2.357842970053e-02 3.028758555717e-03 1.829984356404e-02
1.379306434420e-01 -2.223122858934e-02 1.322153927312e-01
-5.777749093201e-02 3.979781167758e-02 -6.463664384293e-02
8.185197924423e-02 -1.973521753012e-04 -7.483458121698e-02
3.332100925378e-01 -2.880328401889e-01 -1.131729526153e-01
-1.851572246529e-01 3.895454383036e-02 4.107302590190e-01
3.939699664166e-01 2.484480675991e-01 -9.089127168214e-02
2.583714546095e-01 -9.467068297593e-03 -3.868521242811e-01
5.522817004501e-03 3.210396959999e-06 -4.206540718962e-02
Mode 45
0.000000000000e+00 0.000000000000e+00 0.000000000000e+00
0.000000000000e+00 0.000000000000e+00 0.000000000000e+00
-4.305031697086e-02 -3.836712036375e-03 -5.652419787895e-03
2.790477823771e-01 1.966345729943e-04 1.524127571059e-02
-2.393966222239e-01 -2.201895223312e-03 -2.097246025750e-01
3.757692168752e-01 -4.048693534143e-03 4.220312464373e-02
-2.775602826437e-02 4.040485005596e-03 -3.643813374352e-03
-2.132685335855e-01 -1.417484653694e-03 8.610762637274e-02
2.346522469655e-01 -4.655014310220e-03 7.359792005071e-02
-3.637321417445e-01 2.027380899025e-03 -2.635941556002e-02
1.387801413218e-02 -2.020242502798e-03 1.821906687176e-03
-6.018537565342e-03 1.010656317559e-03 -7.921854541857e-03
-1.571895313368e-02 2.019172370478e-03 1.219989570936e-02
-7.031045564896e-02 2.101144864096e-02 -4.488829304445e-02
4.623630538759e-02 -1.696882337072e-02 1.320087487702e-02
6.832890772942e-02 2.592319044635e-03 4.154809745951e-01
-8.248780164683e-02 9.028068386650e-02 1.246802337986e-01
8.907362298294e-02 -1.795807704188e-02 -2.593133185119e-01
-1.047235304085e-01 -7.797471826225e-02 1.074845360538e-01
-8.072475942355e-03 -3.816379522295e-03 -2.720666653221e-01
-1.911810995136e-02 -3.822800316215e-03 -1.879358509429e-01
Mode 46
0.000000000000e+00 0.000000000000e+00 0.000000000000e+00
0.000000000000e+00 0.000000000000e+00 0.000000000000e+00
-1.019613612918e-02 2.022382767438e-03 -2.986551148025e-02
-2.294076589782e-02 -2.041645149198e-03 2.822579546179e-01
-9.325255587061e-02 -5.784973357566e-04 -3.331720669030e-01
-8.631229899340e-02 7.048911047233e-03 2.810702757239e-01
1.338229357134e-02 -1.006375788279e-03 -4.816535504430e-02
1.765194753653e-01 -9.269716122292e-03 -3.120175430641e-01
-3.547356158935e-02 9.935342004390e-04 2.164269838028e-01
2.676458714269e-02 -2.012751576558e-03 -9.633071008859e-02
0.000000000000e+00 0.000000000000e+00 0.000000000000e+00
-6.018537565342e-03 1.010656317559e-03 -7.921854541857e-03
2.173749069903e-02 -3.029828688037e-03 -4.278041167505e-03
8.050659177814e-02 -2.303383140840e-02 7.475380452470e-02
-8.418846978114e-02 2.303169114376e-02 -4.671019973162e-02
3.001487745718e-01 -3.603196886690e-05 4.031261735794e-01
4.057137611580e-02 -3.473703916354e-02 -7.312524564212e-02
-2.541936870203e-02 3.027688423397e-03 3.232164596058e-02
3.519100942944e-02 2.666784060787e-02 -7.382695397110e-02
-2.541938560457e-01 8.455341847714e-03 4.087957812195e-01
7.859476566842e-03 -1.009586185239e-03 -6.099947854681e-03
Mode 47
0.000000000000e+00 0.000000000000e+00 0.000000000000e+00
0.000000000000e+00 0.000000000000e+00 0.000000000000e+00
0.000000000000e+00 0.000000000000e+00 0.000000000000e+00
0.000000000000e+00 0.000000000000e+00 0.000000000000e+00
0.000000000000e+00 0.000000000000e+00 0.000000000000e+00
7.859476566842e-03 -1.009586185239e-03 -6.099947854681e-03
0.000000000000e+00 0.000000000000e+00 0.000000000000e+00
-7.859476566842e-03 1.009586185239e-03 6.099947854681e-03
-9.990759194025e-02 3.229321127978e-03 5.106901759141e-02
-6.018537565342e-03 1.010656317559e-03 -7.921854541857e-03
0.000000000000e+00 0.000000000000e+00 0.000000000000e+00
7.164883712898e-01 -1.472698072156e-02 -3.694963191229e-01
-5.166731874093e-01 8.268338465600e-03 2.673582839401e-01
0.000000000000e+00 0.000000000000e+00 0.000000000000e+00
0.000000000000e+00 0.000000000000e+00 0.000000000000e+00
0.000000000000e+00 0.000000000000e+00 0.000000000000e+00
0.000000000000e+00 0.000000000000e+00 0.000000000000e+00
0.000000000000e+00 0.000000000000e+00 0.000000000000e+00
0.000000000000e+00 0.000000000000e+00 0.000000000000e+00
0.000000000000e+00 0.000000000000e+00 0.000000000000e+00
-6.705341109858e-02 9.088415931791e-03 2.685592589905e-02
Mode 48
-1.411803045124e-01 5.292300115062e-01 -2.039208585186e-01
1.897507519605e-01 -7.195107289904e-01 2.816007155498e-01
-1.734621665797e-02 9.413023749071e-02 -3.792897517198e-02
-6.018537565342e-03 1.010656317559e-03 -7.921854541857e-03
0.000000000000e+00 0.000000000000e+00 0.000000000000e+00
0.000000000000e+00 0.000000000000e+00 0.000000000000e+00
0.000000000000e+00 0.000000000000e+00 0.000000000000e+00
0.000000000000e+00 0.000000000000e+00 0.000000000000e+00
0.000000000000e+00 0.000000000000e+00 0.000000000000e+00
0.000000000000e+00 0.000000000000e+00 0.000000000000e+00
0.000000000000e+00 0.000000000000e+00 0.000000000000e+00
0.000000000000e+00 0.000000000000e+00 0.000000000000e+00
0.000000000000e+00 0.000000000000e+00 0.000000000000e+00
-2.067465539285e-02 5.352768272944e-02 -2.710314742514e-03
-2.690098830466e-03 4.161321107883e-02 -4.314051497132e-02
0.000000000000e+00 0.000000000000e+00 0.000000000000e+00
0.000000000000e+00 0.000000000000e+00 0.000000000000e+00
0.000000000000e+00 0.000000000000e+00 0.000000000000e+00
0.000000000000e+00 0.000000000000e+00 0.000000000000e+00
0.000000000000e+00 0.000000000000e+00 0.000000000000e+00
0.000000000000e+00 0.000000000000e+00 0.000000000000e+00
Mode 49
0.000000000000e+00 0.000000000000e+00 0.000000000000e+00
0.000000000000e+00 0.000000000000e+00 0.000000000000e+00
0.000000000000e+00 0.000000000000e+00 0.000000000000e+00
0.000000000000e+00 0.000000000000e+00 0.000000000000e+00
0.000000000000e+00 0.000000000000e+00 0.000000000000e+00
0.000000000000e+00 0.000000000000e+00 0.000000000000e+00
0.000000000000e+00 0.000000000000e+00 0.000000000000e+00
0.000000000000e+00 0.000000000000e+00 0.000000000000e+00
0.000000000000e+00 0.000000000000e+00 0.000000000000e+00
0.000000000000e+00 0.000000000000e+00 0.000000000000e+00
-3.561550483121e-02 5.050071190835e-03 2.456134480329e-03
0.000000000000e+00 0.000000000000e+00 0.000000000000e+00
0.000000000000e+00 0.000000000000e+00 0.000000000000e+00
0.000000000000e+00 0.000000000000e+00 0.000000000000e+00
0.000000000000e+00 0.000000000000e+00 0.000000000000e+00
0.000000000000e+00 0.000000000000e+00 0.000000000000e+00
0.000000000000e+00 0.000000000000e+00 0.000000000000e+00
0.000000000000e+00 0.000000000000e+00 0.000000000000e+00
0.000000000000e+00 0.000000000000e+00 0.000000000000e+00
0.000000000000e+00 0.000000000000e+00 0.000000000000e+00
9.885254988781e-01 -9.877812594699e-02 -1.198341349624e-01
Mode 50
0.000000000000e+00 0.000000000000e+00 0.000000000000e+00
0.000000000000e+00 0.000000000000e+00 0.000000000000e+00
0.000000000000e+00 0.000000000000e+00 0.000000000000e+00
0.000000000000e+00 0.000000000000e+00 0.000000000000e+00
0.000000000000e+00 0.000000000000e+00 0.000000000000e+00
0.000000000000e+00 0.000000000000e+00 0.000000000000e+00
1.338229357134e-02 -1.006375788279e-03 -4.816535504430e-02
0.000000000000e+00 0.000000000000e+00 0.000000000000e+00
0.000000000000e+00 0.000000000000e+00 0.000000000000e+00
0.000000000000e+00 0.000000000000e+00 0.000000000000e+00
0.000000000000e+00 0.000000000000e+00 0.000000000000e+00
0.000000000000e+00 0.000000000000e+00 0.000000000000e+00
0.000000000000e+00 0.000000000000e+00 0.000000000000e+00
0.000000000000e+00 0.000000000000e+00 0.000000000000e+00
0.000000000000e+00 0.000000000000e+00 0.000000000000e+00
7.859476566842e-03 -1.009586185239e-03 -6.099947854681e-03
-3.269904670043e-01 -4.823611685326e-01 1.995117479752e-01
4.132965478161e-01 -2.203673428098e-02 1.755002732349e-01
-2.856950969159e-01 5.423300188709e-01 1.978799187126e-01
-6.018537565342e-03 1.010656317559e-03 -7.921854541857e-03
0.000000000000e+00 0.000000000000e+00 0.000000000000e+00
Mode 51
0.000000000000e+00 0.000000000000e+00 0.000000000000e+00
0.000000000000e+00 0.000000000000e+00 0.000000000000e+00
2.655326014185e-02 5.635266831594e-02 2.488576198378e-02
0.000000000000e+00 0.000000000000e+00 0.000000000000e+00
0.000000000000e+00 0.000000000000e+00 0.000000000000e+00
0.000000000000e+00 0.000000000000e+00 0.000000000000e+00
0.000000000000e+00 0.000000000000e+00 0.000000000000e+00
0.000000000000e+00 0.000000000000e+00 0.000000000000e+00
0.000000000000e+00 0.000000000000e+00 0.000000000000e+00
0.000000000000e+00 0.000000000000e+00 0.000000000000e+00
0.000000000000e+00 0.000000000000e+00 0.000000000000e+00
0.000000000000e+00 0.000000000000e+00 0.000000000000e+00
0.000000000000e+00 0.000000000000e+00 0.000000000000e+00
-3.625300497237e-01 -1.456519419675e-01 2.947159222852e-01
4.884679930601e-02 -5.602670457964e-01 -6.640141772524e-01
7.859476566842e-03 -1.009586185239e-03 -6.099947854681e-03
0.000000000000e+00 0.000000000000e+00 0.000000000000e+00
0.000000000000e+00 0.000000000000e+00 0.000000000000e+00
0.000000000000e+00 0.000000000000e+00 0.000000000000e+00
0.000000000000e+00 0.000000000000e+00 0.000000000000e+00
0.000000000000e+00 0.000000000000e+00 0.000000000000e+00
Mode 52
0.000000000000e+00 0.000000000000e+00 0.000000000000e+00
0.000000000000e+00 0.000000000000e+00 0.000000000000e+00
0.000000000000e+00 0.000000000000e+00 0.000000000000e+00
0.000000000000e+00 0.000000000000e+00 0.000000000000e+00
0.000000000000e+00 0.000000000000e+00 0.000000000000e+00
0.000000000000e+00 0.000000000000e+00 0.000000000000e+00
-1.131542963443e-03 9.109719840572e-02 -1.416091498687e-04
0.000000000000e+00 0.000000000000e+00 0.000000000000e+00
0.000000000000e+00 0.000000000000e+00 0.000000000000e+00
0.000000000000e+00 0.000000000000e+00 0.000000000000e+00
0.000000000000e+00 0.000000000000e+00 0.000000000000e+00
0.000000000000e+00 0.000000000000e+00 0.000000000000e+00
0.000000000000e+00 0.000000000000e+00 0.000000000000e+00
7.859476566842e-03 -1.009586185239e-03 -6.099947854681e-03
0.000000000000e+00 0.000000000000e+00 0.000000000000e+00
0.000000000000e+00 0.000000000000e+00 0.000000000000e+00
-3.905044504180e-01 -5.346787025046e-01 2.410911845998e-01
3.660711497832e-02 1.474373776638e-02 1.193906736894e-02
3.253459190182e-01 -5.879783642937e-01 -2.212046023496e-01
0.000000000000e+00 0.000000000000e+00 0.000000000000e+00
0.000000000000e+00 0.000000000000e+00 0.000000000000e+00
Mode 53
0.000000000000e+00 0.000000000000e+00 0.000000000000e+00
0.000000000000e+00 0.000000000000e+00 0.000000000000e+00
-5.869821397090e-02 7.064963032033e-03 7.074323977585e-02
0.000000000000e+00 0.000000000000e+00 0.000000000000e+00
0.000000000000e+00 0.000000000000e+00 0.000000000000e+00
0.000000000000e+00 0.000000000000e+00 0.000000000000e+00
0.000000000000e+00 0.000000000000e+00 0.000000000000e+00
0.000000000000e+00 0.000000000000e+00 0.000000000000e+00
0.000000000000e+00 0.000000000000e+00 0.000000000000e+00
0.000000000000e+00 0.000000000000e+00 0.000000000000e+00
0.000000000000e+00 0.000000000000e+00 0.000000000000e+00
0.000000000000e+00 0.000000000000e+00 0.000000000000e+00
0.000000000000e+00 0.000000000000e+00 0.000000000000e+00
6.482350476213e-01 2.706967708356e-01 -5.210706106609e-01
2.385645393309e-02 -3.098237012679e-01 -3.606107925984e-01
-2.173749069903e-02 3.029828688037e-03 4.278041167505e-03
1.416274574305e-03 9.897439544769e-03 1.866997263675e-04
0.000000000000e+00 0.000000000000e+00 0.000000000000e+00
-6.443201992538e-03 1.090702573001e-02 6.286647581049e-03
0.000000000000e+00 0.000000000000e+00 0.000000000000e+00
0.000000000000e+00 0.000000000000e+00 0.000000000000e+00
Mode 54
0.000000000000e+00 0.000000000000e+00 0.000000000000e+00
0.000000000000e+00 0.000000000000e+00 0.000000000000e+00
0.000000000000e+00 0.000000000000e+00 0.000000000000e+00
0.000000000000e+00 0.000000000000e+00 0.000000000000e+00
0.000000000000e+00 0.000000000000e+00 0.000000000000e+00
0.000000000000e+00 0.000000000000e+00 0.000000000000e+00
9.070289693275e-02 -3.234671789578e-03 1.903999439128e-02
0.000000000000e+00 0.000000000000e+00 0.000000000000e+00
0.000000000000e+00 0.000000000000e+00 0.000000000000e+00
0.000000000000e+00 0.000000000000e+00 0.000000000000e+00
0.000000000000e+00 0.000000000000e+00 0.000000000000e+00
0.000000000000e+00 0.000000000000e+00 0.000000000000e+00
0.000000000000e+00 0.000000000000e+00 0.000000000000e+00
0.000000000000e+00 0.000000000000e+00 0.000000000000e+00
0.000000000000e+00 0.000000000000e+00 0.000000000000e+00
1.571895313368e-02 -2.019172370478e-03 -1.219989570936e-02
-1.705054657273e-01 -2.708745080991e-01 1.202284784033e-01
-8.108741424985e-01 4.205429619149e-02 -3.632004421792e-01
-1.130738615580e-01 2.468253873139e-01 9.214949815232e-02
1.989655169753e-02 -3.030898820357e-03 9.743761229033e-03
0.000000000000e+00 0.000000000000e+00 0.000000000000e+00
Mode 55
0.000000000000e+00 0.000000000000e+00 0.000000000000e+00
0.000000000000e+00 0.000000000000e+00 0.000000000000e+00
0.000000000000e+00 0.000000000000e+00 0.000000000000e+00
0.000000000000e+00 0.000000000000e+00 0.000000000000e+00
-7.817010124123e-02 1.994924399412e-04 4.679097642391e-02
0.000000000000e+00 0.000000000000e+00 0.000000000000e+00
0.000000000000e+00 0.000000000000e+00 0.000000000000e+00
0.000000000000e+00 0.000000000000e+00 0.000000000000e+00
0.000000000000e+00 0.000000000000e+00 0.000000000000e+00
0.000000000000e+00 0.000000000000e+00 0.000000000000e+00
0.000000000000e+00 0.000000000000e+00 0.000000000000e+00
0.000000000000e+00 0.000000000000e+00 0.000000000000e+00
0.000000000000e+00 0.000000000000e+00 0.000000000000e+00
2.499470427483e-02 6.868680989052e-03 -1.811314383768e-02
0.000000000000e+00 0.000000000000e+00 0.000000000000e+00
8.862819234772e-01 -7.249838691788e-03 -4.470478631606e-01
9.275751141147e-03 8.887853359530e-03 -5.913248128314e-03
1.387801413218e-02 -2.020242502798e-03 1.821906687176e-03
6.443201992538e-03 -1.090702573001e-02 -6.286647581049e-03
6.018537565342e-03 -1.010656317559e-03 7.921854541857e-03
0.000000000000e+00 0.000000000000e+00 0.000000000000e+00
Mode 56
0.000000000000e+00 0.000000000000e+00 0.000000000000e+00
0.000000000000e+00 0.000000000000e+00 0.000000000000e+00
0.000000000000e+00 0.000000000000e+00 0.000000000000e+00
0.000000000000e+00 0.000000000000e+00 0.000000000000e+00
0.000000000000e+00 0.000000000000e+00 0.000000000000e+00
0.000000000000e+00 0.000000000000e+00 0.000000000000e+00
0.000000000000e+00 0.000000000000e+00 0.000000000000e+00
7.314300479757e-02 -1.216569551420e-03 4.526169249718e-02
0.000000000000e+00 0.000000000000e+00 0.000000000000e+00
0.000000000000e+00 0.000000000000e+00 0.000000000000e+00
0.000000000000e+00 0.000000000000e+00 0.000000000000e+00
0.000000000000e+00 0.000000000000e+00 0.000000000000e+00
0.000000000000e+00 0.000000000000e+00 0.000000000000e+00
0.000000000000e+00 0.000000000000e+00 0.000000000000e+00
0.000000000000e+00 0.000000000000e+00 0.000000000000e+00
7.859476566842e-03 -1.009586185239e-03 -6.099947854681e-03
0.000000000000e+00 0.000000000000e+00 0.000000000000e+00
-1.989655169753e-02 3.030898820357e-03 -9.743761229033e-03
0.000000000000e+00 0.000000000000e+00 0.000000000000e+00
-8.471987053169e-01 -3.508163832016e-04 -5.177395393798e-01
0.000000000000e+00 0.000000000000e+00 0.000000000000e+00
--
Dipole derivatives 
Mode 0
-4.409023625212e-03 -2.001800058288e-02 4.080812763394e-02
Mode 1
2.467209457304e-02 -4.286685938778e-03 3.834895052280e-02
Mode 2
-4.652564142581e-02 1.439564540525e-03 1.050357602648e-02
Mode 3
1.389129751829e-02 -3.919329657492e-02 -1.418764033108e-02
Mode 4
5.539498857166e-02 -5.467256172571e-02 6.321065544511e-03
Mode 5
-1.149316240865e-02 -5.149449001968e-02 3.244777048710e-04
Mode 6
-1.033598589374e-01 -9.672416948591e-02 2.243351298262e-02
Mode 7
1.693734903552e-02 -2.931678745133e-02 1.717327973046e-02
Mode 8
3.043070664925e-02 1.471031716736e-02 1.971265195951e-02
Mode 9
-9.920563323332e-03 -1.806533070176e-02 -5.555018576618e-02
Mode 10
3.777582152997e-03 -1.086863700483e-02 -1.327787778375e-03
Mode 11
3.501707572319e-02 -2.547477215146e-02 -1.171276014794e-03
Mode 12
-9.502582947485e-03 3.885529066479e-03 -1.618926095791e-02
Mode 13
-5.591191141053e-02 -3.838721850655e-02 1.971577571694e-03
Mode 14
-2.409534269015e-02 -2.974711643760e-02 -8.594226182728e-03
Mode 15
8.431057791195e-03 3.488303100863e-02 2.523858903405e-02
Mode 16
2.306473340199e-02 -1.412051140804e-02 1.761201060995e-02
Mode 17
5.628813143366e-02 3.838682961855e-02 -2.173222599557e-02
Mode 18
-2.768903845014e-02 1.760303895447e-02 -2.613881318501e-02
Mode 19
-7.819091511429e-03 2.250612573968e-02 1.089931886991e-02
Mode 20
-1.880691166667e-02 2.301789034224e-02 -3.992890353006e-02
Mode 21
-2.695737835684e-02 5.156687360646e-02 2.755232309789e-02
Mode 22
-5.628819445838e-02 -1.442681425700e-02 7.247143467007e-03
Mode 23
-5.718348685962e-02 -6.723908851059e-02 -2.919149327880e-02
Mode 24
-1.756500661393e-02 -4.938542558903e-02 4.297744862878e-02
Mode 25
4.940516818722e-02 -2.516711558974e-02 6.214327925455e-02
Mode 26
-9.907414537271e-03 1.746436162286e-02 -2.441076656368e-02
Mode 27
7.735045958909e-03 2.239526152093e-02 -2.280630905833e-02
Mode 28
2.775699946012e-03 7.449403326540e-04 -4.947011777546e-02
Mode 29
1.124662553705e-02 -6.347240681950e-03 -7.610320777783e-02
Mode 30
9.816735039813e-03 4.045353136860e-03 -9.343322729289e-03
Mode 31
5.131428776337e-02 4.123613326521e-02 1.412175496060e-02
Mode 32
-8.127610941203e-02 7.745327158215e-02 -1.030425036962e-01
Mode 33
3.761364485734e-02 -4.824956452763e-02 2.762659884714e-02
Mode 34
-4.598762562897e-02 4.727460829396e-02 6.047103169004e-04
Mode 35
-1.166647507254e-02 -1.343469860652e-02 3.466554514306e-02
Mode 36
1.191101207623e-02 -6.369761613148e-02 -3.968492151859e-02
Mode 37
4.932836560577e-02 -2.621535484179e-02 -2.430295136325e-02
Mode 38
-5.872981714909e-02 6.911905376123e-02 1.558470770185e-02
Mode 39
1.831651964213e-02 -2.560804410004e-02 -9.630650986724e-03
Mode 40
1.285624294883e-01 -2.970383267652e-02 6.485058801591e-03
Mode 41
5.614562747358e-02 1.678270520112e-02 -7.967198845267e-02
Mode 42
-6.371580400077e-02 -5.891503130303e-02 -8.018919844043e-03
Mode 43
1.087249898989e-01 -1.551624065787e-01 1.324741374574e-01
Mode 44
-2.176281207159e-03 2.776955324209e-02 -1.484277022062e-01
Mode 45
-1.787935624880e-02 4.865267833276e-04 2.147011479088e-02
Mode 46
2.121909566722e-02 -2.587472869480e-02 -2.404668788160e-02
Mode 47
6.717459789549e-02 -5.373724568281e-02 -1.607164949006e-01
Mode 48
-9.046170852189e-03 -8.886358005421e-02 -1.413687779344e-02
Mode 49
4.716696391009e-02 -4.597306613735e-02 -5.683839725019e-02
Mode 50
-5.557620090111e-02 7.509573572153e-02 -1.173917619789e-01
Mode 51
3.496292084860e-02 -4.778158316481e-03 -2.732220254218e-02
Mode 52
6.421100748957e-02 6.771192273551e-02 -1.408021170421e-04
Mode 53
-2.070387074682e-02 1.253139078947e-04 1.058121400588e-02
Mode 54
6.065626421980e-02 -5.754448954569e-02 -3.501064155170e-02
Mode 55
-2.143624209637e-02 5.415441667808e-03 7.341399639157e-02
Mode 56
2.456120340280e-02 -2.765442541450e-02 1.188223996090e-02
--
Polarizability derivatives 
Mode 0
-3.584187204847e-01 -1.466103056586e-01 -3.679526702288e-01
-1.466103056586e-01 6.108321674523e-01 -9.884422736132e-01
-3.679526702288e-01 -9.884422736132e-01 -2.547399256588e-01
Mode 1
-1.076483203653e-01 -3.195611206936e-01 -1.432634560256e-01
-3.195611206936e-01 5.422418428607e-01 -7.117612472992e-01
-1.432634560256e-01 -7.117612472992e-01 4.977332750740e-02
Mode 2
1.040064246719e+00 4.623385639325e-01 -1.605452868739e-01
4.623385639325e-01 -1.156779340394e+00 -5.860020024369e-01
-1.605452868739e-01 -5.860020024369e-01 -2.373235137799e-01
Mode 3
-4.868686829416e-01 -5.537760885693e-01 1.130877820522e-01
-5.537760885693e-01 9.510160840443e-01 5.448696298415e-01
1.130877820522e-01 5.448696298415e-01 -9.837271114994e-02
Mode 4
-6.934559827389e-01 5.814239463367e-01 7.822823877798e-01
5.814239463367e-01 -5.231391810995e-01 -7.216072553080e-01
7.822823877798e-01 -7.216072553080e-01 8.344666686883e-01
Mode 5
-7.563630850104e-01 2.541239712648e-02 6.323318562229e-02
2.541239712648e-02 5.403806331900e-01 2.029572723904e-02
6.323318562229e-02 2.029572723904e-02 2.551679658362e-01
Mode 6
-3.467047622897e-01 4.695148456313e-01 8.744457363613e-01
4.695148456313e-01 -1.663666730443e-01 1.166836763103e+00
8.744457363613e-01 1.166836763103e+00 3.702751232307e-01
Mode 7
2.573040443337e-01 -1.987093504884e-01 -1.117399713081e-01
-1.987093504884e-01 1.045087186517e-02 -2.379326913404e-01
-1.117399713081e-01 -2.379326913404e-01 -2.583162896543e-02
Mode 8
4.280221039462e-02 2.122795047110e-01 -1.162294502903e-01
2.122795047110e-01 -3.511670400574e-01 -7.308016396677e-01
-1.162294502903e-01 -7.308016396677e-01 -1.762759764908e-01
Mode 9
1.923841681130e-01 -4.849562824751e-02 3.822655877138e-01
-4.849562824751e-02 2.617503299716e-01 5.249265089955e-01
3.822655877138e-01 5.249265089955e-01 -6.125435968278e-01
Mode 10
5.710651652018e-01 -2.316227818721e-01 6.661709749542e-02
-2.316227818721e-01 -7.026777398934e-01 4.341822356499e-02
6.661709749542e-02 4.341822356499e-02 4.604419718866e-02
Mode 11
-3.619006809334e-01 -3.460134089798e-01 1.324612296007e+00
-3.460134089798e-01 5.910352008670e-01 -9.034625189897e-01
1.324612296007e+00 -9.034625189897e-01 8.248172295449e-01
Mode 12
2.102035411685e-01 2.462446829411e-01 1.316274612258e-01
2.462446829411e-01 -7.188836055592e-02 1.455813632317e+00
1.316274612258e-01 1.455813632317e+00 1.435581351736e-01
Mode 13
1.067275120601e+00 2.081749565632e-01 -1.675321176987e-01
2.081749565632e-01 -2.939045951908e-02 -1.095722328231e+00
-1.675321176987e-01 -1.095722328231e+00 4.928932504406e-01
Mode 14
8.675353732710e-02 1.336697220343e-01 -5.674170510314e-01
1.336697220343e-01 -1.871693595394e-01 -2.167525915758e-02
-5.674170510314e-01 -2.167525915758e-02 -7.057357037882e-01
Mode 15
1.144174147164e+00 -1.853030186023e-01 5.803125738003e-01
-1.853030186023e-01 5.579617012569e-01 -2.375899853195e-01
5.803125738003e-01 -2.375899853195e-01 4.621958519785e-01
Mode 16
5.644950121506e-01 -1.711776132013e-01 -2.313343096162e-01
-1.711776132013e-01 5.735474390305e-01 -8.920032863371e-02
-2.313343096162e-01 -8.920032863371e-02 3.178851976132e+00
Mode 17
-1.208932659600e+00 8.051703374042e-01 -6.778623935928e-02
8.051703374042e-01 -7.737336261409e-01 7.696147022420e-02
-6.778623935928e-02 7.696147022420e-02 -7.809474355050e-01
Mode 18
2.637250140504e-01 -1.751886504862e-01 3.300605418375e-01
-1.751886504862e-01 1.019495288366e-01 -1.055471494292e-01
3.300605418375e-01 -1.055471494292e-01 -3.980357528874e-01
Mode 19
8.095372763712e-01 -4.836644486935e-01 -8.584667151861e-01
-4.836644486935e-01 4.559574210994e-01 -8.038965333810e-01
-8.584667151861e-01 -8.038965333810e-01 1.933964986162e-01
Mode 20
-6.084126291944e-01 4.788985773206e-01 6.207626229080e-01
4.788985773206e-01 -4.666613803156e-01 -5.722324768318e-01
6.207626229080e-01 -5.722324768318e-01 -3.179381824385e-01
Mode 21
4.412905631251e-01 -1.320032793748e+00 2.637350580056e-01
-1.320032793748e+00 1.719261484308e+00 4.565741794410e-01
2.637350580056e-01 4.565741794410e-01 5.738877322042e-01
Mode 22
2.855071432832e-01 -4.152993550284e-01 -9.508343744839e-02
-4.152993550284e-01 3.284245055652e-01 -2.346680875022e-01
-9.508343744839e-02 -2.346680875022e-01 1.247421685541e-01
Mode 23
-3.302734013369e-01 1.512790981505e-01 -2.462889494764e-01
1.512790981505e-01 8.255202640242e-01 -4.526766839311e-01
-2.462889494764e-01 -4.526766839311e-01 1.262262594724e+00
Mode 24
-2.530711275033e-01 -2.612152307529e-01 -4.027040442922e-01
-2.612152307529e-01 7.200777229368e-01 2.166478346084e-01
-4.027040442922e-01 2.166478346084e-01 -1.469361246880e+00
Mode 25
5.950815400830e-01 -5.344340923088e-01 -1.138927563808e-01
-5.344340923088e-01 5.014288339686e-02 -1.722656794673e-01
-1.138927563808e-01 -1.722656794673e-01 -5.164064000704e-01
Mode 26
-8.848449627155e-01 -7.910866033344e-02 4.152375157515e-01
-7.910866033344e-02 -3.897200898876e-01 1.104186746707e-01
4.152375157515e-01 1.104186746707e-01 1.112922739539e+00
Mode 27
-1.497391591288e-02 6.809536483022e-02 -3.928125029820e-01
6.809536483022e-02 -1.434411627718e+00 -5.925303539665e-01
-3.928125029820e-01 -5.925303539665e-01 4.849865216075e-01
Mode 28
9.314426502684e-01 -6.040358436159e-01 -2.344955716325e-01
-6.040358436159e-01 1.409395199598e+00 6.701047215837e-02
-2.344955716325e-01 6.701047215837e-02 1.852381896000e+00
Mode 29
-1.388094194909e+00 1.317610238024e+00 7.855889053737e-01
1.317610238024e+00 -1.524745698198e+00 -8.504435002176e-01
7.855889053737e-01 -8.504435002176e-01 1.287491814969e+00
Mode 30
-2.038019023297e-01 3.359141865539e-01 4.656953441927e-01
3.359141865539e-01 -1.450164690830e-01 -4.572204583134e-01
4.656953441927e-01 -4.572204583134e-01 -1.812578336204e-01
Mode 31
2.131006150145e-01 -5.296841027187e-03 3.550089233479e-02
-5.296841027187e-03 -4.045843728747e-01 1.850779661295e-01
3.550089233479e-02 1.850779661295e-01 -5.080969122504e-02
Mode 32
1.981015769797e+00 -1.768886242089e+00 1.914788143243e-01
-1.768886242089e+00 2.508807975324e+00 -5.539717153548e-01
1.914788143243e-01 -5.539717153548e-01 3.124774678275e+00
Mode 33
-5.447494930754e-01 5.485427663632e-01 -4.636960810784e-02
5.485427663632e-01 -8.038706164738e-01 1.602871116937e-01
-4.636960810784e-02 1.602871116937e-01 -1.355026338220e+00
Mode 34
2.153714593901e-01 -7.951167372773e-02 -3.580710753719e-01
-7.951167372773e-02 -4.495953531720e-02 7.575742521679e-01
-3.580710753719e-01 7.575742521679e-01 1.285347263832e-02
Mode 35
4.035685970861e-01 -5.378908533703e-01 -1.527533448269e-01
-5.378908533703e-01 6.442187449118e-02 -1.088029673526e-01
-1.527533448269e-01 -1.088029673526e-01 -2.621461015582e-02
Mode 36
-1.215018074371e+00 8.297209936093e-01 5.279813608686e-01
8.297209936093e-01 -2.128875363614e+00 5.687971997574e-02
5.279813608686e-01 5.687971997574e-02 -2.917316985790e+00
Mode 37
-1.796409486097e+00 2.302983936381e+00 4.855677132013e-01
2.302983936381e+00 -8.619476694196e-01 -2.223601851230e-01
4.855677132013e-01 -2.223601851230e-01 -5.066947790364e-01
Mode 38
-1.203990891688e-01 3.666664876100e-01 3.826506755064e-01
3.666664876100e-01 4.290149582972e-01 -1.953250611920e-01
3.826506755064e-01 -1.953250611920e-01 -6.374159607346e+00
Mode 39
-6.787300286171e-01 1.657210872275e+00 -1.783221087825e+00
1.657210872275e+00 -1.072580122238e+00 2.579647753211e+00
-1.783221087825e+00 2.579647753211e+00 -5.347483096575e+00
Mode 40
-2.884543319223e+00 -8.986954768880e-01 1.469858414325e-01
-8.986954768880e-01 3.004472984509e-01 9.239717235595e-01
1.469858414325e-01 9.239717235595e-01 1.567514025598e+00
Mode 41
-2.902916821569e-01 -8.983597731492e-01 8.857614245621e-01
-8.983597731492e-01 8.066325727707e-01 1.664191147725e-01
8.857614245621e-01 1.664191147725e-01 -1.586398004301e+00
Mode 42
-2.931154639003e+00 4.377266611099e-01 -1.146389315428e+00
4.377266611099e-01 3.214762805480e+00 -7.218825887941e-01
-1.146389315428e+00 -7.218825887941e-01 -3.056888615076e-01
Mode 43
2.097699419399e-01 9.750177276436e-01 -2.847211918058e-01
9.750177276436e-01 -2.281572394455e-01 4.956116449993e-01
-2.847211918058e-01 4.956116449993e-01 -1.254714104744e+00
Mode 44
1.134025399170e+00 -4.458772836786e-01 -1.222537058139e-01
-4.458772836786e-01 1.226204171388e+00 3.133809340171e-01
-1.222537058139e-01 3.133809340171e-01 -1.854450705856e+00
Mode 45
-1.239768323852e-01 5.037680450196e-02 -9.313705347347e-01
5.037680450196e-02 -3.197699349649e-01 4.107318721210e-01
-9.313705347347e-01 4.107318721210e-01 4.532264005810e+00
Mode 46
6.714520872200e-01 -1.044857484030e+00 4.104201293176e+00
-1.044857484030e+00 1.689337137549e+00 -4.544853087112e+00
4.104201293176e+00 -4.544853087112e+00 8.586004212770e-01
Mode 47
-3.075413902721e+00 2.208347835388e+00 4.956880053579e+00
2.208347835388e+00 -2.347899751836e+00 -3.690669664047e+00
4.956880053579e+00 -3.690669664047e+00 -1.474051373206e+01
Mode 48
9.229117736990e-01 1.141242854046e+00 1.533837940169e-02
1.141242854046e+00 8.597660772111e+00 1.090462347870e+00
1.533837940169e-02 1.090462347870e+00 7.004974238788e-01
Mode 49
1.892435906371e+00 -2.116788925106e+00 -1.228176271929e+00
-2.116788925106e+00 2.324943340115e+00 1.561216138023e+00
-1.228176271929e+00 1.561216138023e+00 8.280349676579e+00
Mode 50
6.216105323758e+00 -2.645538562951e-02 2.818010932031e+00
-2.645538562951e-02 6.865329608771e+00 -3.402089408818e+00
2.818010932031e+00 -3.402089408818e+00 1.096853979863e+01
Mode 51
8.146158331845e+00 7.083233749479e-02 -3.160451969221e-01
7.083233749479e-02 3.054820862732e+00 5.427580955562e-01
-3.160451969221e-01 5.427580955562e-01 4.764426707903e+00
Mode 52
-1.331782122453e+00 5.694739315736e-01 -6.005105694479e+00
5.694739315736e-01 2.611756608887e+00 -5.150716411786e+00
-6.005105694479e+00 -5.150716411786e+00 -1.194307398814e+00
Mode 53
5.296375881889e-01 -6.004796544696e-01 4.672583396499e+00
-6.004796544696e-01 -6.627932058745e-01 1.120334538386e+00
4.672583396499e+00 1.120334538386e+00 -3.902079298955e+00
Mode 54
-1.524136622864e+00 5.091865918304e+00 8.416809011787e-01
5.091865918304e+00 -2.334782254756e+00 -1.482501320812e+00
8.416809011787e-01 -1.482501320812e+00 4.275510443505e+00
Mode 55
-1.150737537774e+00 2.577217680322e-01 2.202461122449e+00
2.577217680322e-01 -6.218196096753e-01 -7.364354279550e-01
2.202461122449e+00 -7.364354279550e-01 -9.471071157054e+00
Mode 56
-4.796813912225e+00 4.632719369052e+00 5.216706872214e-01
4.632719369052e+00 -5.162068841175e+00 -5.112311314432e-01
5.216706872214e-01 -5.112311314432e-01 -5.766022008706e-01
--
