Number of atoms 
16
--
Anisotropy 
94.587
--
Frequencies 
49.570800000000
96.303100000000
103.879800000000
130.214400000000
133.607900000000
190.825000000000
213.428000000000
265.622300000000
316.048900000000
348.353300000000
377.336900000000
500.454900000000
503.093600000000
581.207000000000
586.505500000000
700.033400000000
729.683500000000
831.485200000000
878.081600000000
888.441600000000
915.982900000000
946.538000000000
1007.085400000000
1046.175500000000
1126.933700000000
1199.203200000000
1250.256800000000
1296.814200000000
1341.500800000000
1399.091100000000
1430.594500000000
1450.415200000000
1463.498300000000
1503.685400000000
1617.259000000000
1646.650600000000
2686.367100000000
3037.794800000000
3107.614300000000
3139.020600000000
3182.521800000000
3200.097900000000
--
Displacements 
Mode 0
1.445633146045e-03 4.997331972843e-02 -7.599079731271e-04
-1.156506516836e-03 -3.997865578274e-02 6.079263785017e-04
0.000000000000e+00 0.000000000000e+00 0.000000000000e+00
-2.891266292090e-04 -9.994663945685e-03 1.519815946254e-04
0.000000000000e+00 0.000000000000e+00 0.000000000000e+00
2.891266292090e-04 9.994663945685e-03 -1.519815946254e-04
0.000000000000e+00 0.000000000000e+00 0.000000000000e+00
-1.156506516836e-03 -3.997865578274e-02 6.079263785017e-04
0.000000000000e+00 0.000000000000e+00 0.000000000000e+00
8.673798876269e-04 2.998399183706e-02 -4.559447838763e-04
4.591094223219e-03 -9.906451347021e-01 1.067213577784e-03
1.156506516836e-03 3.997865578274e-02 -6.079263785017e-04
5.782532584179e-04 1.998932789137e-02 -3.039631892509e-04
1.746348047909e-02 -1.030152480241e-02 1.374428740612e-02
-8.224613061576e-03 -9.943106773642e-03 -1.155380316932e-02
-2.891266292090e-03 -9.994663945685e-02 1.519815946254e-03
Mode 1
5.782532584179e-04 1.998932789137e-02 -3.039631892509e-04
2.891266292090e-04 9.994663945685e-03 -1.519815946254e-04
-1.734759775254e-03 -5.996798367411e-02 9.118895677526e-04
-1.156506516836e-03 -3.997865578274e-02 6.079263785017e-04
-2.313013033672e-03 -7.995731156548e-02 1.215852757003e-03
1.445633146045e-03 4.997331972843e-02 -7.599079731271e-04
1.445633146045e-03 4.997331972843e-02 -7.599079731271e-04
1.445633146045e-03 4.997331972843e-02 -7.599079731271e-04
-5.782532584179e-04 -1.998932789137e-02 3.039631892509e-04
3.180392921299e-03 1.099413034025e-01 -1.671797540880e-03
1.156506516836e-03 3.997865578274e-02 -6.079263785017e-04
-4.047772808926e-03 -1.399252952396e-01 2.127742324756e-03
3.300897955253e-03 -6.303781824602e-01 3.528618840110e-03
-2.874215159553e-01 2.025643231578e-01 -3.851708285288e-01
2.872878262042e-01 1.976812848669e-01 3.870243074127e-01
2.023886404463e-03 6.996264761980e-02 -1.063871162378e-03
Mode 2
2.891266292090e-04 9.994663945685e-03 -1.519815946254e-04
-5.782532584179e-04 -1.998932789137e-02 3.039631892509e-04
8.673798876269e-04 2.998399183706e-02 -4.559447838763e-04
2.891266292090e-04 9.994663945685e-03 -1.519815946254e-04
4.626026067344e-03 1.599146231310e-01 -2.431705514007e-03
-2.602139662881e-03 -8.995197551117e-02 1.367834351629e-03
-2.602139662881e-03 -8.995197551117e-02 1.367834351629e-03
-2.023886404463e-03 -6.996264761980e-02 1.063871162378e-03
5.782532584179e-04 1.998932789137e-02 -3.039631892509e-04
-4.915152696553e-03 -1.699092870766e-01 2.583687108632e-03
-2.023886404463e-03 -6.996264761980e-02 1.063871162378e-03
3.180392921299e-03 1.099413034025e-01 -1.671797540880e-03
2.010701687286e-03 -2.701112302182e-01 5.990024102436e-03
-1.524014776377e-01 4.683378729119e-01 -4.157323975951e-01
1.561818709444e-01 4.720786383771e-01 4.173116130380e-01
-2.023886404463e-03 -6.996264761980e-02 1.063871162378e-03
Mode 3
3.367707627706e-01 2.637449910950e-03 1.561361495647e-01
-6.997764687209e-03 -7.652820138129e-03 1.413947157192e-01
-6.254616971378e-02 -7.291919933830e-03 5.945422237162e-02
-1.369109171760e-01 -4.893554603162e-03 7.570636618794e-02
-2.178582891140e-01 5.820427575588e-03 -3.168419932971e-02
-1.753615009634e-01 -2.345482107435e-03 1.701259612568e-01
-1.338024345580e-01 -2.807014480286e-03 2.188356213601e-01
-7.518883713167e-02 -1.433350053405e-02 2.303067292400e-01
3.804163432935e-02 -3.311501374231e-03 -1.454024346983e-01
-2.791776104534e-01 8.187942772713e-04 1.807185419304e-01
3.640575546788e-01 7.285629531571e-03 -1.442533066643e-01
-3.133299627135e-02 9.696575666756e-04 4.159700573742e-03
-1.597734639747e-01 2.761747710502e-03 -1.223307523034e-01
-2.767610131696e-01 7.352249683666e-03 -4.300332561501e-02
-2.868672604747e-01 -2.387110577340e-03 -4.473786506793e-02
-4.532852564576e-02 -1.433598270958e-02 2.869491320122e-01
Mode 4
-4.901967979376e-03 1.701645907613e-01 -4.470208156182e-03
-3.322645082200e-03 -1.801076975350e-01 -7.083595013134e-03
-4.915152696553e-03 -1.699092870766e-01 2.583687108632e-03
-2.891266292090e-03 -9.994663945685e-02 1.519815946254e-03
1.445633146045e-03 4.997331972843e-02 -7.599079731271e-04
-2.023886404463e-03 -6.996264761980e-02 1.063871162378e-03
5.048842447683e-03 -2.303363209481e-01 -4.437165992457e-03
2.735829414011e-03 -3.102936325136e-01 -3.221313235454e-03
5.782532584179e-04 1.998932789137e-02 -3.039631892509e-04
5.493405954971e-03 1.898986149680e-01 -2.887650297883e-03
-1.109413222672e-02 7.005961337646e-01 -6.479011050038e-03
-3.469519550508e-03 -1.199359673482e-01 1.823779135505e-03
4.479151599036e-03 2.200863533177e-01 6.475668634632e-03
1.465316824122e-01 3.635284702518e-02 3.750915305114e-02
-1.346906753318e-01 3.335449690993e-02 -3.668650316597e-02
1.868449526384e-03 -3.402776243506e-01 -2.765368451577e-03
Mode 5
-2.298461706627e-01 -3.715186172781e-03 -2.359947506624e-02
1.358038916305e-02 -6.627967099532e-04 -1.775200638523e-02
1.472684785439e-03 -9.671753911410e-04 -6.080210334590e-02
-6.536552570250e-02 6.162038889794e-04 -8.382701439514e-02
-2.021504292963e-01 1.696422326344e-03 -2.730060916658e-01
-9.211735457048e-02 2.705226187390e-03 2.659838004834e-03
-2.298856038086e-02 1.681529273137e-03 6.684832496719e-02
-7.526536974245e-03 8.149860505471e-04 3.927705486557e-02
1.434935416518e-01 -3.422062244921e-03 4.793634314603e-02
-2.551253147452e-01 -2.593339265511e-03 2.085273987836e-03
-2.569636587706e-01 1.086253321946e-02 2.255031783440e-01
2.069797667917e-02 -2.241211639005e-03 -1.080119008803e-01
-7.804529258528e-02 -4.472494575871e-03 -4.425934128492e-01
-3.218375116510e-01 4.963813055136e-03 -2.858250805200e-01
-3.221266382802e-01 -5.030850890549e-03 -2.856730989253e-01
1.627992232286e-02 6.603145344186e-04 7.439440915739e-02
Mode 6
5.782532584179e-04 1.998932789137e-02 -3.039631892509e-04
-1.445633146045e-03 -4.997331972843e-02 7.599079731271e-04
3.314082672429e-03 -2.903043046222e-01 -3.525276424704e-03
-3.469519550508e-03 -1.199359673482e-01 1.823779135505e-03
5.493405954971e-03 1.898986149680e-01 -2.887650297883e-03
-1.156506516836e-03 -3.997865578274e-02 6.079263785017e-04
3.180392921299e-03 1.099413034025e-01 -1.671797540880e-03
-3.745461462540e-03 2.101432465441e-01 -5.078134534684e-03
-2.891266292090e-04 -9.994663945685e-03 1.519815946254e-04
-5.782532584179e-04 -1.998932789137e-02 3.039631892509e-04
-2.313013033672e-03 -7.995731156548e-02 1.215852757003e-03
-1.022816765705e-03 -4.402242638075e-01 -1.245552505323e-03
1.311943394914e-03 4.502189277531e-01 1.093570910698e-03
2.649602424457e-01 2.120737890996e-01 -2.491541490775e-02
-2.626340446949e-01 2.079574003038e-01 1.664566688594e-02
4.445635072874e-04 4.202349359161e-01 1.549515694574e-03
Mode 7
-6.413867732813e-02 2.906490524492e-03 6.912150449338e-02
1.434935416518e-01 -3.422062244921e-03 4.793634314603e-02
1.631277830037e-01 -3.932669614280e-03 5.170938524113e-02
8.270918335267e-02 -1.686493624206e-03 4.643648057712e-02
-1.137963432129e-01 -6.013108357721e-04 -2.560274022378e-01
6.536552570250e-02 -6.162038889794e-04 8.382701439514e-02
3.362357997303e-02 -4.099752008081e-04 3.700387533937e-02
1.238593002999e-01 -2.911454875561e-03 4.416330105093e-02
-5.513945556845e-02 1.124329082804e-03 -3.095765371808e-02
1.869342423008e-01 -4.087341130408e-03 8.682673953296e-02
-8.054461323315e-02 -3.727597050453e-03 2.596125387946e-01
1.769972987959e-01 5.399197621452e-03 3.380539726127e-02
7.056437951017e-02 -3.799017002513e-05 -5.262325217060e-01
-3.237191458946e-01 5.167559567773e-03 -2.760058168036e-01
-3.240082725238e-01 -4.827104377912e-03 -2.758538352089e-01
1.556012460294e-01 -3.117683563733e-03 9.098644010670e-02
Mode 8
8.418186813811e-02 -2.653669015347e-03 -1.436562276878e-02
-2.120935635544e-01 -4.022047029503e-03 -1.000716925475e-02
-1.901687385008e-01 -3.972972032995e-03 3.492944875347e-02
-1.230414013837e-01 4.438312632570e-03 5.780237820808e-02
-2.578248479050e-01 -3.916450509883e-03 -9.006114155479e-02
-3.550521421659e-02 6.137217134449e-04 -2.718461162298e-02
-6.536552570250e-02 6.162038889794e-04 -8.382701439514e-02
-1.710632694360e-01 3.984226786323e-03 -6.341517000507e-02
4.344070064896e-02 -6.652788854877e-04 3.889039638692e-02
3.038019686667e-01 5.533919636087e-04 -4.363550837959e-02
1.152319285335e-01 1.587017580000e-03 -3.343936064306e-01
-2.112756646381e-01 -2.495189272494e-03 9.195851000427e-02
-1.334305845648e-01 -9.070346641287e-05 -2.598004443329e-01
-3.968570449824e-01 9.856211533954e-03 -1.068051540987e-01
-3.974352982408e-01 -1.013311635742e-02 -1.065011909095e-01
-2.250191668482e-01 -5.853283467699e-03 -1.550229454744e-01
Mode 9
-1.734759775254e-03 -5.996798367411e-02 9.118895677526e-04
-2.446702784802e-03 3.202882964592e-01 3.069331640828e-03
4.626026067344e-03 1.599146231310e-01 -2.431705514007e-03
1.721575058077e-03 -2.801058941639e-01 6.142005697062e-03
2.891266292090e-04 9.994663945685e-03 -1.519815946254e-04
4.228163803395e-04 -3.902509440790e-01 -2.005460478450e-03
3.024956043220e-03 -3.002989685679e-01 -3.373294830079e-03
-4.612841350167e-03 1.801592547070e-01 -4.622189750808e-03
0.000000000000e+00 0.000000000000e+00 0.000000000000e+00
4.479151599036e-03 2.200863533177e-01 6.475668634632e-03
2.010701687286e-03 -2.701112302182e-01 5.990024102436e-03
-1.290196267966e-03 3.602669522420e-01 2.461405262326e-03
4.047772808926e-03 1.399252952396e-01 -2.127742324756e-03
1.982959580655e-01 1.025449430734e-01 -1.168898954784e-01
-2.039230537716e-01 1.078020499833e-01 1.216310246601e-01
-2.157576155593e-03 3.302829604049e-01 2.917350046203e-03
Mode 10
-1.918733708454e-03 2.156628648006e-03 -5.197996416061e-01
-7.280700563173e-03 -2.442475976107e-03 -1.744735673689e-01
1.065156426498e-01 -1.841165140335e-03 8.155383486895e-02
8.164544802536e-02 4.411064543915e-05 1.582214235525e-01
4.089494581225e-04 7.634288785043e-04 5.098283962951e-02
4.744280450418e-03 5.140255636893e-03 3.470606136902e-01
-1.124063817915e-01 5.709866704899e-03 1.616545785147e-01
-1.093411893917e-01 -5.455719144564e-03 9.118519304698e-02
0.000000000000e+00 0.000000000000e+00 0.000000000000e+00
2.449834463119e-02 -4.601586799647e-03 4.019684770094e-01
-1.279958971170e-02 4.142536602331e-03 -4.099012196782e-01
2.703476474394e-02 -7.299366460433e-03 2.293814306881e-01
5.284887186676e-02 -1.684011448672e-03 -1.020592219503e-02
-6.037540884101e-02 2.498997499219e-03 4.948297706060e-02
-6.037540884101e-02 2.498997499219e-03 4.948297706060e-02
1.755620661403e-03 -6.177519553164e-03 2.550661797422e-01
Mode 11
1.816155656642e-02 4.565680217818e-04 6.457514544100e-02
-2.102119293108e-01 -4.225793542140e-03 -1.982643297114e-02
-1.075793779771e-01 3.571769409980e-03 3.023110810646e-02
2.272664603318e-01 -6.839160138772e-03 -1.741211925225e-02
2.259197891285e-01 1.017882928960e-04 -2.214954593649e-01
1.514290280842e-01 -3.473619416963e-03 5.964212790997e-02
6.860002190259e-02 7.444109274424e-03 -3.792917389128e-02
-1.947499059042e-01 -5.092336764730e-03 -4.739770307276e-02
-1.169875491949e-02 4.590501973164e-04 7.932742668842e-03
-8.941782141067e-02 4.028337431762e-03 9.480625354746e-02
5.497634252140e-02 -5.145219987962e-03 -2.337758081459e-01
-2.195768103105e-01 1.004506499338e-02 2.428685262506e-01
3.521956867123e-01 3.723788823729e-03 -4.010540258594e-01
1.062327067738e-01 3.369179021688e-03 -2.343144482191e-01
9.641558609788e-02 3.624482706368e-03 -2.362009692667e-01
-2.722231359843e-01 -4.780511556938e-03 -1.742748144286e-01
Mode 12
0.000000000000e+00 0.000000000000e+00 0.000000000000e+00
5.782532584179e-04 1.998932789137e-02 -3.039631892509e-04
-4.047772808926e-03 -1.399252952396e-01 2.127742324756e-03
-2.735829414011e-03 3.102936325136e-01 3.221313235454e-03
0.000000000000e+00 0.000000000000e+00 0.000000000000e+00
8.673798876269e-04 2.998399183706e-02 -4.559447838763e-04
1.290196267966e-03 -3.602669522420e-01 -2.461405262326e-03
-5.769347867003e-03 1.401805989243e-01 -4.014263372306e-03
0.000000000000e+00 0.000000000000e+00 0.000000000000e+00
0.000000000000e+00 0.000000000000e+00 0.000000000000e+00
7.072728852146e-03 -1.603736733283e-01 -5.501037154835e-03
-2.468449911750e-03 -4.901975835359e-01 -4.856445321958e-04
6.783602222937e-03 -1.703683372740e-01 -5.349055560209e-03
-2.576571125506e-01 -1.302336839239e-01 1.570095536065e-01
2.618385751106e-01 -1.300866288612e-01 -1.609907748151e-01
1.601070024123e-03 4.602135916988e-01 9.415893160721e-04
Mode 13
-2.716077832610e-02 1.325593419906e-03 3.550401277047e-02
1.546202340661e-02 -8.665432225899e-04 -2.757127010163e-02
-8.434498118516e-02 -1.367221889811e-03 -2.503678390952e-01
-4.507649848145e-02 -2.388436628529e-03 -2.428217549050e-01
1.720071819344e-01 3.516404011213e-03 -9.950459419447e-02
-1.407940084920e-01 4.745173489292e-03 4.421007239659e-02
-1.379746525033e-01 -3.162950333517e-03 1.874913091634e-01
-1.122865589626e-01 -3.521368362282e-03 2.127893997388e-01
9.817120675928e-03 -2.553036846796e-04 1.886521047550e-03
1.846436585991e-01 -4.647023496276e-03 4.566316361984e-02
-4.556817130359e-02 4.126487424778e-03 1.846794895639e-01
-6.135642080431e-02 -3.048751162948e-03 -3.172161640623e-01
-4.139595335835e-02 4.482423278009e-03 2.160238017606e-01
4.092105857711e-01 -1.280929487942e-02 -6.389537117504e-02
4.097888390295e-01 7.180033011951e-03 -6.419933436429e-02
-4.463044955843e-02 -3.577889885394e-03 3.377799900470e-01
Mode 14
5.782532584179e-04 1.998932789137e-02 -3.039631892509e-04
7.119430095485e-04 -3.802562801333e-01 -2.157442073076e-03
3.758646179717e-03 1.299306312939e-01 -1.975760730131e-03
2.313013033672e-03 7.995731156548e-02 -1.215852757003e-03
-2.891266292090e-04 -9.994663945685e-03 1.519815946254e-04
-6.071659213388e-03 -2.098879428594e-01 3.191613487134e-03
2.023886404463e-03 6.996264761980e-02 -1.063871162378e-03
3.758646179717e-03 1.299306312939e-01 -1.975760730131e-03
0.000000000000e+00 0.000000000000e+00 0.000000000000e+00
1.445633146045e-03 4.997331972843e-02 -7.599079731271e-04
2.023886404463e-03 6.996264761980e-02 -1.063871162378e-03
4.781462945422e-03 5.701548951014e-01 -7.302082248076e-04
-3.469519550508e-03 -1.199359673482e-01 1.823779135505e-03
-1.269469220317e-01 -6.532058847459e-02 6.868551308685e-02
1.348870307715e-01 -6.506909301663e-02 -7.464249502557e-02
5.648842833049e-03 6.001388869384e-01 -1.186153008684e-03
Mode 15
-1.104396905030e-02 -2.034982950833e-03 -1.548350399361e-01
-3.939449628587e-02 -4.952558301809e-03 2.573393592684e-01
-1.206309948531e-01 -4.233240068743e-03 1.501007753453e-01
6.724715994606e-02 -8.199504016162e-04 7.400775067875e-02
3.697789900203e-02 -1.580897104586e-03 -3.361749172292e-02
1.048798448173e-01 -4.894880654352e-03 -1.223775236491e-01
2.437094957017e-01 -2.157954699195e-03 3.217157517691e-01
-6.573737569573e-02 -2.100107124894e-03 3.948090512978e-01
-1.775260710830e-02 3.068608567224e-04 -1.359230581149e-02
3.480332611158e-03 4.802851136749e-03 -3.355068105209e-01
-2.151587559542e-02 7.143538819960e-04 6.046221621292e-03
-1.553183101535e-01 -2.092660598290e-03 2.248818429814e-01
2.194569874816e-01 -8.138299262022e-04 -2.940033474748e-01
-1.805912634827e-01 1.423419441669e-02 -6.545367264725e-02
-1.814586433704e-01 -1.574979742037e-02 -6.499772786337e-02
-1.133502942899e-01 -1.790764092637e-03 3.245743427142e-01
Mode 16
0.000000000000e+00 0.000000000000e+00 0.000000000000e+00
4.626026067344e-03 1.599146231310e-01 -2.431705514007e-03
-3.469519550508e-03 -1.199359673482e-01 1.823779135505e-03
-2.878081574913e-03 2.401272383811e-01 -5.534079318560e-03
1.156506516836e-03 3.997865578274e-02 -6.079263785017e-04
-1.554368780784e-04 -4.102402719704e-01 -1.701497289199e-03
-2.588954945704e-03 2.501219023268e-01 -5.686060913186e-03
-3.180392921299e-03 -1.099413034025e-01 1.671797540880e-03
0.000000000000e+00 0.000000000000e+00 0.000000000000e+00
1.445633146045e-03 4.997331972843e-02 -7.599079731271e-04
-2.891266292090e-04 -9.994663945685e-03 1.519815946254e-04
-1.601070024123e-03 -4.602135916988e-01 -9.415893160721e-04
-4.047772808926e-03 -1.399252952396e-01 2.127742324756e-03
-2.605530011501e-01 -9.984219906158e-02 1.761921362554e-01
2.645875892418e-01 -1.003063835368e-01 -1.712659833153e-01
-1.601070024123e-03 -4.602135916988e-01 -9.415893160721e-04
Mode 17
-6.053852188806e-03 -1.521893405939e-04 -2.152504848033e-02
-7.117587516122e-03 1.578414929051e-03 9.025989449508e-02
-3.002018132267e-01 -4.981775894040e-03 -2.407364809171e-01
-3.444147888927e-02 -1.116882556200e-03 -1.389695545984e-01
-1.761793998797e-01 -3.872339864444e-03 6.816028199774e-02
1.999858591768e-01 3.717668348315e-03 -3.304292770592e-02
4.280702184248e-01 -1.594634033448e-03 5.151063230085e-02
1.547833471132e-01 -4.644541320741e-03 -1.097923915232e-02
-1.963424135186e-02 5.106073693592e-04 -3.773042095100e-03
-2.127470654633e-03 3.461208539291e-03 2.235698859508e-01
-5.644902730684e-03 6.112395379103e-04 2.945779114918e-02
-2.286564217532e-01 5.279825981011e-04 -4.002698615002e-01
-2.867041474276e-01 1.633780327818e-03 2.199955967960e-01
-9.952406871581e-02 -5.711022829244e-03 9.307171409453e-02
-9.894581545739e-02 1.427830506213e-02 9.276775090528e-02
-2.208793810059e-02 -4.069965901666e-03 -3.096700798721e-01
Mode 18
2.891266292090e-04 9.994663945685e-03 -1.519815946254e-04
-2.602139662881e-03 -8.995197551117e-02 1.367834351629e-03
4.047772808926e-03 1.399252952396e-01 -2.127742324756e-03
-2.891266292090e-04 -9.994663945685e-03 1.519815946254e-04
-5.782532584179e-04 -1.998932789137e-02 3.039631892509e-04
-5.782532584179e-04 -1.998932789137e-02 3.039631892509e-04
-5.782532584179e-04 -1.998932789137e-02 3.039631892509e-04
2.891266292090e-03 9.994663945685e-02 -1.519815946254e-03
0.000000000000e+00 0.000000000000e+00 0.000000000000e+00
0.000000000000e+00 0.000000000000e+00 0.000000000000e+00
2.459887501979e-03 1.978558137873e-02 -1.012322690564e-02
5.565061314701e-04 -7.904965521038e-01 -3.858939362275e-03
2.313013033672e-03 7.995731156548e-02 -1.215852757003e-03
9.662818011631e-02 3.610250769157e-02 -7.388913144563e-02
-9.431516708264e-02 4.385480387391e-02 7.267327868862e-02
-3.914083057795e-03 -5.401709032643e-01 2.742634409313e-04
Mode 19
0.000000000000e+00 0.000000000000e+00 0.000000000000e+00
-5.782532584179e-04 -1.998932789137e-02 3.039631892509e-04
-2.602139662881e-03 -8.995197551117e-02 1.367834351629e-03
2.891266292090e-04 9.994663945685e-03 -1.519815946254e-04
5.782532584179e-04 1.998932789137e-02 -3.039631892509e-04
0.000000000000e+00 0.000000000000e+00 0.000000000000e+00
-1.156506516836e-03 -3.997865578274e-02 6.079263785017e-04
4.047772808926e-03 1.399252952396e-01 -2.127742324756e-03
0.000000000000e+00 0.000000000000e+00 0.000000000000e+00
0.000000000000e+00 0.000000000000e+00 0.000000000000e+00
1.156506516836e-03 3.997865578274e-02 -6.079263785017e-04
4.203209687004e-03 5.501655672100e-01 -4.262450355568e-04
-1.734759775254e-03 -5.996798367411e-02 9.118895677526e-04
-8.492942519682e-02 -3.656155788889e-02 6.595638877679e-02
8.290553879236e-02 -3.340108973091e-02 -6.489251761441e-02
2.673795022611e-04 -8.004912160494e-01 -3.706957767649e-03
Mode 20
2.380645929710e-02 -1.546715161285e-04 3.511735429182e-02
5.890739141755e-03 -3.868701564564e-03 -2.432084133836e-01
1.425558199066e-01 4.282315065252e-03 -1.051641573371e-01
9.588062305760e-02 -3.112719212664e-03 -2.229836543762e-02
-1.266848470419e-01 -4.385429409337e-03 1.285757268650e-01
1.098699616788e-01 -3.012087044112e-03 1.093246780666e-02
8.459081759623e-02 -1.890240136843e-03 3.661721686073e-02
-2.467808788547e-01 -1.881467559050e-03 6.477389838129e-02
0.000000000000e+00 0.000000000000e+00 0.000000000000e+00
-1.210770437761e-02 -3.043786811879e-04 -4.305009696067e-02
-5.722982675819e-02 2.632655486726e-03 7.222311375552e-01
9.588062305760e-02 -3.112719212664e-03 -2.229836543762e-02
-5.284887186676e-02 1.684011448672e-03 1.020592219503e-02
-2.755341647952e-01 9.642536319179e-03 1.099451932735e-01
-2.761124180536e-01 -1.034679157219e-02 1.102491564628e-01
-2.248560538012e-01 -1.832392562541e-03 1.097105163895e-01
Mode 21
-2.716077832610e-02 1.325593419906e-03 3.550401277047e-02
-8.344435890490e-03 -7.118717064614e-04 -6.268862439345e-02
7.812801594930e-02 -2.805858355941e-03 -3.589067124911e-02
2.339750983898e-02 -9.181003946328e-04 -1.586548533768e-02
-3.509626475847e-02 1.377150591949e-03 2.379822800653e-02
9.817120675928e-03 -2.553036846796e-04 1.886521047550e-03
4.155906640540e-02 -4.615323728509e-04 4.870966010332e-02
-1.734365765017e-02 1.070289735227e-03 3.739053381802e-02
0.000000000000e+00 0.000000000000e+00 0.000000000000e+00
3.763268487122e-03 -4.074930252735e-04 -1.963852743278e-02
7.510844744864e-02 3.034256697079e-03 -9.735242752023e-01
1.055779209046e-01 5.863212169838e-03 -7.154666561420e-02
-6.037540884101e-02 2.498997499219e-03 4.948297706060e-02
-2.716077832610e-02 1.325593419906e-03 3.550401277047e-02
-2.716077832610e-02 1.325593419906e-03 3.550401277047e-02
2.421540875522e-02 6.087573623758e-04 8.610019392133e-02
Mode 22
-1.881634243561e-03 2.037465126368e-04 9.819263716392e-03
1.358038916305e-02 -6.627967099532e-04 -1.775200638523e-02
-7.518264637843e-02 8.715075736591e-04 -8.571353544269e-02
2.756972778422e-02 -5.621645414020e-04 1.547882685904e-02
8.917198499960e-02 -7.708754051079e-04 1.189443686870e-01
-3.133299627135e-02 9.696575666756e-04 4.159700573742e-03
-5.890272405557e-02 1.531822108078e-03 -1.131912628530e-02
7.060147897506e-02 -1.990872305394e-03 3.386383616458e-03
0.000000000000e+00 0.000000000000e+00 0.000000000000e+00
0.000000000000e+00 0.000000000000e+00 0.000000000000e+00
1.472684785439e-03 -9.671753911410e-04 -6.080210334590e-02
-6.577447516062e-02 -1.472249895248e-04 -1.348098540246e-01
4.986345979350e-01 -1.632624203473e-03 -4.747218894052e-01
-4.433899896705e-01 7.262757138847e-02 -1.518396964521e-02
-4.477268891087e-01 -7.729238779681e-02 -1.290424572583e-02
1.480747090552e-01 -2.302697513186e-03 1.302634949723e-01
Mode 23
0.000000000000e+00 0.000000000000e+00 0.000000000000e+00
0.000000000000e+00 0.000000000000e+00 0.000000000000e+00
-1.156506516836e-03 -3.997865578274e-02 6.079263785017e-04
4.047772808926e-03 1.399252952396e-01 -2.127742324756e-03
-4.626026067344e-03 -1.599146231310e-01 2.431705514007e-03
-8.673798876269e-04 -2.998399183706e-02 4.559447838763e-04
0.000000000000e+00 0.000000000000e+00 0.000000000000e+00
0.000000000000e+00 0.000000000000e+00 0.000000000000e+00
0.000000000000e+00 0.000000000000e+00 0.000000000000e+00
0.000000000000e+00 0.000000000000e+00 0.000000000000e+00
0.000000000000e+00 0.000000000000e+00 0.000000000000e+00
5.782532584179e-03 1.998932789137e-01 -3.039631892509e-03
-1.868449526384e-03 3.402776243506e-01 2.765368451577e-03
4.492281939793e-01 1.709278497130e-01 -4.062975509729e-01
-4.508075168765e-01 1.793444385833e-01 4.089109378298e-01
-8.673798876269e-04 -2.998399183706e-02 4.559447838763e-04
Mode 24
3.763268487122e-03 -4.074930252735e-04 -1.963852743278e-02
1.292560329386e-02 1.831236438196e-03 1.450157762197e-01
1.155148644095e-01 -3.623326582023e-03 -1.852532334252e-02
-6.871984473150e-02 1.787125792757e-03 -1.320564733285e-02
5.513945556845e-02 -1.124329082804e-03 3.095765371808e-02
-4.344070064896e-02 6.652788854877e-04 -3.889039638692e-02
4.491338543440e-02 -1.632454276629e-03 -2.191170695898e-02
-1.117515959223e-01 3.215833556749e-03 -1.113204090266e-03
0.000000000000e+00 0.000000000000e+00 0.000000000000e+00
2.290583701684e-03 5.596823658675e-04 4.116357591312e-02
5.644902730684e-03 -6.112395379103e-04 -2.945779114918e-02
3.962911732305e-01 5.644767900919e-04 -5.249314120774e-01
1.851786216394e-01 2.090178422755e-03 -1.682394402092e-01
-7.361719040347e-02 4.161359223490e-02 -3.533862219168e-02
-7.593020343714e-02 -3.834371933058e-02 -3.412276943468e-02
-4.254077847299e-01 4.870627413189e-03 -4.889831220807e-01
Mode 25
6.053852188806e-03 1.521893405939e-04 2.152504848033e-02
-2.961447507484e-02 -3.254979851119e-03 -2.703930250066e-01
5.178513653945e-02 4.659282097371e-05 1.015790207804e-01
-2.664151202066e-01 -1.370860189690e-03 6.100085628619e-02
1.253319850854e-01 -3.878630266702e-03 -1.663880229497e-02
-2.069774331107e-01 3.834519621263e-03 -1.415826212576e-01
2.424826473273e-01 -4.448241334708e-03 1.687672328805e-01
4.679501967796e-02 -1.836200789266e-03 -3.173097067537e-02
0.000000000000e+00 0.000000000000e+00 0.000000000000e+00
1.816155656642e-02 4.565680217818e-04 6.457514544100e-02
-5.235953272561e-03 1.374668416415e-03 8.044063077868e-02
-1.977779988391e-01 4.120366949364e-03 5.526905877174e-01
3.330902176475e-01 -4.233409995588e-03 -3.027094071009e-01
5.593649359854e-02 6.654803190148e-02 -1.230547363328e-01
5.377035503318e-02 -7.358100985075e-02 -1.307462577245e-01
-6.282910558974e-02 -2.081575771807e-03 -2.564140607164e-01
Mode 26
0.000000000000e+00 0.000000000000e+00 0.000000000000e+00
3.738684846015e-02 -8.174682260817e-04 1.736534790659e-02
7.526536974245e-03 -8.149860505471e-04 -3.927705486557e-02
7.583743224762e-02 -3.365540721809e-03 -7.705424716223e-02
-1.546202340661e-02 8.665432225899e-04 2.757127010163e-02
-5.014933870696e-02 3.007122693043e-03 1.023523377377e-01
-4.033221803103e-02 2.751819008364e-03 1.042388587852e-01
4.867665392152e-02 -2.039947301902e-03 -4.155023439176e-02
0.000000000000e+00 0.000000000000e+00 0.000000000000e+00
9.408171217806e-03 -1.018732563184e-03 -4.909631858196e-02
7.526536974245e-03 -8.149860505471e-04 -3.927705486557e-02
-2.378643804591e-01 3.614723931074e-03 4.431788242682e-01
-5.620319089576e-02 2.854933352449e-03 8.082728925733e-02
-1.173964986530e-01 3.827073094660e-03 2.834458705891e-02
-1.173964986530e-01 3.827073094660e-03 2.834458705891e-02
-3.685498079649e-01 -4.783390874099e-04 -7.325781939430e-01
Mode 27
7.935486432367e-03 -5.155717204283e-05 1.170578476394e-02
-1.857050602454e-02 -1.219996900286e-03 -1.155579850705e-01
-9.211735457048e-02 2.705226187390e-03 2.659838004834e-03
-5.955750992476e-02 4.025855256227e-03 1.514486563196e-01
2.110692613730e-02 -1.477782760500e-03 -5.702906125080e-02
3.902264629264e-02 2.236247287935e-03 2.212967064246e-01
1.480723753742e-02 1.627489925560e-03 1.351965125033e-01
5.014933870696e-02 -3.007122693043e-03 -1.023523377377e-01
0.000000000000e+00 0.000000000000e+00 0.000000000000e+00
-8.753385348612e-03 -1.475300584966e-03 -1.136714640230e-01
-3.354319029000e-03 1.170921903778e-03 7.062136706229e-02
3.096556083436e-01 -1.362427465587e-03 -8.164628270857e-01
1.546202340661e-02 -8.665432225899e-04 -2.757127010163e-02
1.498635721092e-01 -4.421570407821e-02 9.267214658967e-03
1.521765851429e-01 3.574160748727e-02 8.051361901964e-03
6.299688599877e-03 -3.105272686060e-03 -1.922255737541e-01
Mode 28
-1.169875491949e-02 4.590501973164e-04 7.932742668842e-03
4.099086618584e-01 -2.051202055230e-03 -1.306451314015e-02
-1.590815786406e-01 -1.685167573016e-03 2.445203704142e-01
-2.330744761095e-01 3.429508771524e-03 -2.178635514625e-01
8.344435890490e-03 7.118717064614e-04 6.268862439345e-02
3.604141090206e-01 -1.538112510336e-03 -7.347995800741e-02
-1.674260145311e-01 -2.397039279478e-03 1.818317460207e-01
-2.251389896772e-01 3.377951599481e-03 -2.061577666986e-01
0.000000000000e+00 0.000000000000e+00 0.000000000000e+00
-5.644902730684e-03 6.112395379103e-04 2.945779114918e-02
2.352352342114e-02 5.055672645894e-03 -2.807509287962e-01
-7.583743224762e-02 3.365540721809e-03 7.705424716223e-02
2.179843026961e-01 1.533454649388e-04 -2.332012441289e-01
-7.841146797009e-03 1.873039496513e-01 -1.988862661471e-01
-6.840077158251e-03 -1.829576665363e-01 -2.011956898148e-01
-3.427836584222e-02 2.904008348958e-03 1.257639072655e-01
Mode 29
0.000000000000e+00 0.000000000000e+00 0.000000000000e+00
0.000000000000e+00 0.000000000000e+00 0.000000000000e+00
-4.172217945245e-03 -3.559358532307e-04 -3.134431219672e-02
2.756972778422e-02 -5.621645414020e-04 1.547882685904e-02
-1.169875491949e-01 4.590501973164e-03 7.932742668842e-02
-1.881634243561e-03 2.037465126368e-04 9.819263716392e-03
-6.053852188806e-03 -1.521893405939e-04 -2.152504848033e-02
1.398933862117e-02 1.006321685511e-04 3.323083324427e-02
0.000000000000e+00 0.000000000000e+00 0.000000000000e+00
1.881634243561e-03 -2.037465126368e-04 -9.819263716392e-03
0.000000000000e+00 0.000000000000e+00 0.000000000000e+00
-4.867665392152e-02 2.039947301902e-03 4.155023439176e-02
2.457998668914e-01 -3.666281103117e-03 -4.314730395042e-01
4.822194174152e-01 2.524095368599e-01 -2.489053216987e-01
4.791727142450e-01 -2.577773745673e-01 -2.490870030417e-01
-4.761291859420e-02 3.093430322570e-04 -7.023470858365e-02
Mode 30
1.169875491949e-02 -4.590501973164e-04 -7.932742668842e-03
-1.644806449602e-01 -4.331390061760e-03 6.022753932890e-02
6.724715994606e-02 -8.199504016162e-04 7.400775067875e-02
3.010614789698e-02 -3.259944202188e-03 -1.571082194623e-01
6.462801646928e-03 9.156182190982e-04 7.250788810984e-02
-4.074116748915e-02 1.988390129859e-03 5.325601915570e-02
4.384965010708e-02 9.814999301655e-05 8.987323601643e-02
1.464412449037e-02 -2.393400979598e-03 -1.295369493606e-01
0.000000000000e+00 0.000000000000e+00 0.000000000000e+00
1.358038916305e-02 -6.627967099532e-04 -1.775200638523e-02
-1.276249024681e-02 2.189654466962e-03 1.197176856443e-01
1.818243026104e-01 3.261100326533e-03 -9.761807314692e-02
-1.277485823692e-01 -2.654825139692e-03 2.403606698404e-01
-1.485137640143e-01 3.283610205003e-01 -4.018988705064e-01
-1.460802459466e-01 -3.320011537969e-01 -3.979143068824e-01
3.082571224880e-01 -4.301016345183e-03 3.035770869052e-01
Mode 31
0.000000000000e+00 0.000000000000e+00 0.000000000000e+00
0.000000000000e+00 0.000000000000e+00 0.000000000000e+00
0.000000000000e+00 0.000000000000e+00 0.000000000000e+00
5.782532584179e-04 1.998932789137e-02 -3.039631892509e-04
1.445633146045e-03 4.997331972843e-02 -7.599079731271e-04
0.000000000000e+00 0.000000000000e+00 0.000000000000e+00
0.000000000000e+00 0.000000000000e+00 0.000000000000e+00
0.000000000000e+00 0.000000000000e+00 0.000000000000e+00
0.000000000000e+00 0.000000000000e+00 0.000000000000e+00
0.000000000000e+00 0.000000000000e+00 0.000000000000e+00
0.000000000000e+00 0.000000000000e+00 0.000000000000e+00
0.000000000000e+00 0.000000000000e+00 0.000000000000e+00
9.878849215807e-04 -7.103354940256e-01 4.744471597114e-03
4.726449962586e-01 -4.167888633581e-02 1.321725309794e-01
-4.752471359215e-01 -4.827308917536e-02 -1.308046966278e-01
0.000000000000e+00 0.000000000000e+00 0.000000000000e+00
Mode 32
0.000000000000e+00 0.000000000000e+00 0.000000000000e+00
-8.418186813811e-02 2.653669015347e-03 1.436562276878e-02
2.004319080998e-02 2.528215091450e-04 5.475588172461e-02
6.978358005881e-02 -3.517730062403e-03 -9.857929564256e-02
-7.060147897506e-02 1.990872305394e-03 -3.386383616458e-03
-2.609704299879e-02 -4.050108497390e-04 -7.628093020494e-02
-3.239673159866e-02 2.700261836321e-03 1.159446435492e-01
2.675182886798e-02 -2.089022298411e-03 -8.648685239998e-02
0.000000000000e+00 0.000000000000e+00 0.000000000000e+00
6.053852188806e-03 1.521893405939e-04 2.152504848033e-02
-3.354319029000e-03 1.170921903778e-03 7.062136706229e-02
1.248032127983e-01 4.589175921974e-03 -1.187564631486e-01
2.303378434848e-01 -2.799737880527e-03 -4.039017694026e-01
1.590289607775e-01 -3.178582313608e-01 4.546162495888e-01
1.541355552079e-01 3.227183615577e-01 4.607549128705e-01
1.219776660564e-01 -2.707708362925e-03 5.398256476732e-02
Mode 33
0.000000000000e+00 0.000000000000e+00 0.000000000000e+00
-3.632311313284e-02 -9.131360435636e-04 -1.291502908820e-01
-7.166521430238e-02 3.721476575039e-03 1.083985593590e-01
1.533106623277e-01 -3.677365929600e-03 4.982286419358e-02
-1.169875491949e-02 4.590501973164e-04 7.932742668842e-03
2.740661473717e-02 -4.583055446560e-03 -2.492546350049e-01
-1.486096720955e-01 -4.434504405846e-03 8.363910885679e-02
1.125694948386e-01 -1.688975799741e-03 1.030788833493e-01
0.000000000000e+00 0.000000000000e+00 0.000000000000e+00
-1.472684785439e-03 9.671753911410e-04 6.080210334590e-02
-5.644902730684e-03 6.112395379103e-04 2.945779114918e-02
2.102946526748e-01 -3.052559389672e-03 -4.586576511272e-01
-2.330373766446e-01 1.476626636155e-03 3.117553538600e-01
-8.348222360494e-02 1.589548942664e-01 -2.331610171764e-01
-8.291715506370e-02 -1.611296556802e-01 -2.264110851008e-01
-2.113127641030e-01 -5.423071371256e-04 -4.376603953182e-01
Mode 34
9.817120675928e-03 -2.553036846796e-04 1.886521047550e-03
-3.087920855282e-01 -2.436185573848e-03 -8.967448307615e-02
1.397302731647e-01 -3.014569219647e-03 6.757487057882e-02
-3.315348094980e-01 -4.012118327365e-03 -2.365767803434e-01
3.738684846015e-02 -8.174682260817e-04 1.736534790659e-02
3.620499068531e-01 1.515603003681e-03 1.304514005106e-01
-1.401392226228e-01 2.251140341143e-03 -1.185577102083e-01
2.512360326759e-01 -2.972940749742e-03 2.824386969035e-01
0.000000000000e+00 0.000000000000e+00 0.000000000000e+00
-1.587097286473e-02 1.031143440857e-04 -2.341156952788e-02
-1.276249024681e-02 2.189654466962e-03 1.197176856443e-01
1.284404677033e-01 -1.792090143826e-03 1.264904528772e-01
1.927051586136e-01 1.275192372208e-03 -2.075164950748e-01
-4.640849955182e-02 -7.679799953184e-02 1.250932389750e-01
-5.188872078962e-02 7.337726333811e-02 1.209269940081e-01
-1.758075498864e-01 -1.156028850570e-03 -4.104757836952e-01
Mode 35
0.000000000000e+00 0.000000000000e+00 0.000000000000e+00
-1.636627460439e-01 -2.804532304751e-03 1.621932185879e-01
1.873060922940e-01 -1.371030116535e-03 -3.918093261600e-01
-1.212857807223e-01 -1.739206920594e-03 3.128685579503e-01
3.697789900203e-02 -1.580897104586e-03 -3.361749172292e-02
2.534895169127e-01 -4.603762485060e-04 -2.060166325059e-01
-1.881239912102e-01 -1.558276404734e-04 2.898436469010e-01
8.181322843439e-03 -3.309019198697e-03 -2.020448374705e-01
0.000000000000e+00 0.000000000000e+00 0.000000000000e+00
-1.546202340661e-02 8.665432225899e-04 2.757127010163e-02
-3.354319029000e-03 1.170921903778e-03 7.062136706229e-02
-2.416276489462e-01 4.022216956348e-03 4.628173517010e-01
-8.524560346543e-02 4.384273284992e-03 1.261505657442e-01
2.460349732720e-02 6.751768946815e-02 -1.188950357591e-01
2.084485114748e-02 -6.241294182575e-02 -1.169192750289e-01
1.986329972203e-01 -4.546391327725e-03 7.889399686411e-02
Mode 36
-2.945136202779e-02 7.659110540388e-04 -5.659563142650e-03
0.000000000000e+00 0.000000000000e+00 0.000000000000e+00
0.000000000000e+00 0.000000000000e+00 0.000000000000e+00
0.000000000000e+00 0.000000000000e+00 0.000000000000e+00
0.000000000000e+00 0.000000000000e+00 0.000000000000e+00
0.000000000000e+00 0.000000000000e+00 0.000000000000e+00
0.000000000000e+00 0.000000000000e+00 0.000000000000e+00
0.000000000000e+00 0.000000000000e+00 0.000000000000e+00
0.000000000000e+00 0.000000000000e+00 0.000000000000e+00
0.000000000000e+00 0.000000000000e+00 0.000000000000e+00
9.979216480582e-01 1.281831521369e-02 1.094900686454e-01
0.000000000000e+00 0.000000000000e+00 0.000000000000e+00
0.000000000000e+00 0.000000000000e+00 0.000000000000e+00
0.000000000000e+00 0.000000000000e+00 0.000000000000e+00
0.000000000000e+00 0.000000000000e+00 0.000000000000e+00
0.000000000000e+00 0.000000000000e+00 0.000000000000e+00
Mode 37
0.000000000000e+00 0.000000000000e+00 0.000000000000e+00
0.000000000000e+00 0.000000000000e+00 0.000000000000e+00
0.000000000000e+00 0.000000000000e+00 0.000000000000e+00
0.000000000000e+00 0.000000000000e+00 0.000000000000e+00
3.697789900203e-02 -1.580897104586e-03 -3.361749172292e-02
0.000000000000e+00 0.000000000000e+00 0.000000000000e+00
0.000000000000e+00 0.000000000000e+00 0.000000000000e+00
0.000000000000e+00 0.000000000000e+00 0.000000000000e+00
0.000000000000e+00 0.000000000000e+00 0.000000000000e+00
0.000000000000e+00 0.000000000000e+00 0.000000000000e+00
0.000000000000e+00 0.000000000000e+00 0.000000000000e+00
9.817120675928e-03 -2.553036846796e-04 1.886521047550e-03
-3.927281172553e-01 -3.039978585155e-03 -2.890594825418e-01
-6.078532171673e-03 5.059952998284e-01 3.651462830130e-01
-1.188281188280e-02 -5.043838590804e-01 3.646309387325e-01
0.000000000000e+00 0.000000000000e+00 0.000000000000e+00
Mode 38
0.000000000000e+00 0.000000000000e+00 0.000000000000e+00
0.000000000000e+00 0.000000000000e+00 0.000000000000e+00
0.000000000000e+00 0.000000000000e+00 0.000000000000e+00
0.000000000000e+00 0.000000000000e+00 0.000000000000e+00
2.602139662881e-03 8.995197551117e-02 -1.367834351629e-03
0.000000000000e+00 0.000000000000e+00 0.000000000000e+00
0.000000000000e+00 0.000000000000e+00 0.000000000000e+00
0.000000000000e+00 0.000000000000e+00 0.000000000000e+00
0.000000000000e+00 0.000000000000e+00 0.000000000000e+00
0.000000000000e+00 0.000000000000e+00 0.000000000000e+00
0.000000000000e+00 0.000000000000e+00 0.000000000000e+00
0.000000000000e+00 0.000000000000e+00 0.000000000000e+00
2.891266292090e-04 9.994663945685e-03 -1.519815946254e-04
1.592270448700e-02 -5.571910986327e-01 -4.233019573382e-01
-1.509025644349e-02 -5.633846673634e-01 4.263449316461e-01
0.000000000000e+00 0.000000000000e+00 0.000000000000e+00
Mode 39
0.000000000000e+00 0.000000000000e+00 0.000000000000e+00
0.000000000000e+00 0.000000000000e+00 0.000000000000e+00
0.000000000000e+00 0.000000000000e+00 0.000000000000e+00
0.000000000000e+00 0.000000000000e+00 0.000000000000e+00
-5.743003927013e-02 5.646467169366e-04 -7.212122963120e-02
0.000000000000e+00 0.000000000000e+00 0.000000000000e+00
0.000000000000e+00 0.000000000000e+00 0.000000000000e+00
0.000000000000e+00 0.000000000000e+00 0.000000000000e+00
0.000000000000e+00 0.000000000000e+00 0.000000000000e+00
0.000000000000e+00 0.000000000000e+00 0.000000000000e+00
0.000000000000e+00 0.000000000000e+00 0.000000000000e+00
-3.738684846015e-02 8.174682260817e-04 -1.736534790659e-02
7.179199479353e-01 -3.094756373760e-03 5.042631959995e-01
-1.812751096309e-02 2.734718065889e-01 1.843490286041e-01
-1.251359997417e-02 -2.769490643058e-01 1.866617946872e-01
0.000000000000e+00 0.000000000000e+00 0.000000000000e+00
Mode 40
0.000000000000e+00 0.000000000000e+00 0.000000000000e+00
0.000000000000e+00 0.000000000000e+00 0.000000000000e+00
-7.477369692030e-02 1.634936452163e-03 -3.473069581318e-02
0.000000000000e+00 0.000000000000e+00 0.000000000000e+00
0.000000000000e+00 0.000000000000e+00 0.000000000000e+00
0.000000000000e+00 0.000000000000e+00 0.000000000000e+00
0.000000000000e+00 0.000000000000e+00 0.000000000000e+00
0.000000000000e+00 0.000000000000e+00 0.000000000000e+00
0.000000000000e+00 0.000000000000e+00 0.000000000000e+00
0.000000000000e+00 0.000000000000e+00 0.000000000000e+00
0.000000000000e+00 0.000000000000e+00 0.000000000000e+00
8.903360793278e-01 1.185076515958e-03 4.557414414345e-01
3.738684846015e-02 -8.174682260817e-04 1.736534790659e-02
2.891266292090e-04 9.994663945685e-03 -1.519815946254e-04
-2.891266292090e-04 -9.994663945685e-03 1.519815946254e-04
1.169875491949e-02 -4.590501973164e-04 -7.932742668842e-03
Mode 41
0.000000000000e+00 0.000000000000e+00 0.000000000000e+00
0.000000000000e+00 0.000000000000e+00 0.000000000000e+00
0.000000000000e+00 0.000000000000e+00 0.000000000000e+00
0.000000000000e+00 0.000000000000e+00 0.000000000000e+00
0.000000000000e+00 0.000000000000e+00 0.000000000000e+00
0.000000000000e+00 0.000000000000e+00 0.000000000000e+00
0.000000000000e+00 0.000000000000e+00 0.000000000000e+00
-7.019252951694e-02 2.754301183898e-03 4.759645601305e-02
0.000000000000e+00 0.000000000000e+00 0.000000000000e+00
0.000000000000e+00 0.000000000000e+00 0.000000000000e+00
0.000000000000e+00 0.000000000000e+00 0.000000000000e+00
-1.963424135186e-02 5.106073693592e-04 -3.773042095100e-03
0.000000000000e+00 0.000000000000e+00 0.000000000000e+00
0.000000000000e+00 0.000000000000e+00 0.000000000000e+00
0.000000000000e+00 0.000000000000e+00 0.000000000000e+00
8.454683177926e-01 -2.507940003857e-03 -5.304498410274e-01
--
Dipole derivatives 
Mode 0
-1.338990243870e-01 2.532044977078e-02 -4.196730597800e-03
Mode 1
-6.670735909566e-03 5.434374776956e-04 6.742200098795e-04
Mode 2
3.420198737673e-02 -6.196611837145e-03 2.572722158129e-04
Mode 3
5.991392229901e-03 2.603343180834e-02 -2.653619148851e-03
Mode 4
3.775453117414e-02 -7.863517221238e-03 1.392193713645e-03
Mode 5
7.738903403012e-04 -2.024444692203e-04 -8.697675397759e-03
Mode 6
1.203986230090e-02 -6.454017793145e-03 -2.102673285028e-03
Mode 7
9.230546640027e-04 3.985636742763e-03 2.256541949446e-02
Mode 8
1.747547464519e-03 1.255358789147e-02 5.619229309422e-02
Mode 9
-2.929577034923e-03 1.176182651028e-03 -1.484357912636e-03
Mode 10
2.690844765083e-03 1.371959071482e-02 1.451396588776e-02
Mode 11
1.144888206937e-02 5.699127869867e-02 -2.671185467075e-02
Mode 12
6.128452128457e-04 -1.758024895578e-03 -5.481363261520e-04
Mode 13
1.423582854110e-03 1.855104033492e-03 1.391869328439e-02
Mode 14
3.721120243889e-02 -8.888866062520e-03 -1.041512941976e-04
Mode 15
-3.559962998047e-02 -1.754492698667e-01 -1.448929327403e-01
Mode 16
-8.862234271620e-02 2.091088583023e-02 1.459315195982e-03
Mode 17
5.770168133411e-03 2.069204893054e-02 -1.079718647441e-01
Mode 18
-1.182437514111e-01 2.322017833600e-02 -7.929978437347e-05
Mode 19
-2.236859705433e-02 6.665584547465e-03 1.692295048740e-03
Mode 20
1.231630394782e-02 5.216402414558e-02 -9.115799150993e-02
Mode 21
4.305063108492e-03 2.064647754615e-02 3.291090802745e-02
Mode 22
1.541880564410e-02 7.540322079482e-02 1.680786116765e-02
Mode 23
4.562096547994e-02 -8.658548371755e-03 2.555477088933e-04
Mode 24
-5.025953593204e-03 -2.892581981062e-02 -4.604848878918e-02
Mode 25
3.204238202531e-02 1.464982358428e-01 -6.244652321494e-02
Mode 26
-2.177964037656e-02 -1.024662740975e-01 5.429055448922e-02
Mode 27
-3.330789473733e-02 -1.581868743702e-01 -1.665407696270e-02
Mode 28
-3.922686951461e-03 -1.494914408462e-02 7.526958147507e-02
Mode 29
3.558171653277e-03 1.579583635548e-02 1.646377339159e-02
Mode 30
-9.695918294111e-03 -5.341441385785e-02 -4.741318440989e-02
Mode 31
-8.219445774020e-02 1.812173667226e-02 -8.053645382865e-04
Mode 32
1.160729589925e-02 4.855590311721e-02 -8.471170920242e-02
Mode 33
8.716474547946e-02 4.144150735647e-01 7.449387297820e-02
Mode 34
1.310255355287e-02 6.842907065366e-02 1.590918037286e-01
Mode 35
-1.568342483417e-02 -7.588793203720e-02 -1.208677912551e-02
Mode 36
7.324897222110e-04 6.068573059336e-03 3.942542874078e-02
Mode 37
1.725242449642e-02 7.845873789414e-02 -1.104728899854e-01
Mode 38
7.991241801225e-02 -1.640938320797e-02 5.837447684388e-04
Mode 39
7.873669603500e-03 4.083188782635e-02 8.298659619353e-02
Mode 40
4.856165479740e-03 2.680046677030e-02 6.587673594323e-02
Mode 41
5.765189946271e-04 2.292973833960e-03 -3.029914143823e-02
--
Polarizability derivatives 
Mode 0
-2.250422037915e-01 -7.200772909817e-01 -1.927865274142e+00
-7.200772909817e-01 2.935484829907e-01 4.204457860625e-01
-1.927865274142e+00 4.204457860625e-01 -4.165733786097e-02
Mode 1
2.983787105357e-02 1.052407803851e-02 -2.353097651770e-01
1.052407803851e-02 4.497236563541e-02 3.701240315179e-02
-2.353097651770e-01 3.701240315179e-02 -1.443591217981e-02
Mode 2
-1.435181639629e-01 -3.022274026567e-01 5.248054625386e-01
-3.022274026567e-01 1.345367794620e-01 -1.295322158185e-01
5.248054625386e-01 -1.295322158185e-01 -2.218510683666e-03
Mode 3
-6.178213033419e-04 -4.220903050196e-02 -2.311371768163e-01
-4.220903050196e-02 -2.668590090130e-01 -1.123317461555e+00
-2.311371768163e-01 -1.123317461555e+00 1.281817296107e-01
Mode 4
1.032488217271e-01 2.746175606469e-01 6.207206763247e-01
2.746175606469e-01 1.531987119494e-02 -7.839945290397e-02
6.207206763247e-01 -7.839945290397e-02 5.153073330264e-02
Mode 5
4.549471116907e-02 -9.904866136978e-02 1.012630751698e-01
-9.904866136978e-02 -3.875335481321e-01 5.052719732879e-01
1.012630751698e-01 5.052719732879e-01 1.695457918713e+00
Mode 6
1.508973809766e-01 2.568228081450e-01 -1.076215693379e+00
2.568228081450e-01 -1.525857461407e-01 2.013091605999e-01
-1.076215693379e+00 2.013091605999e-01 2.498694501891e-02
Mode 7
-1.272861975493e-01 -2.163506910006e-01 -3.919511379342e-02
-2.163506910006e-01 -1.119999284759e+00 -1.815609440181e-01
-3.919511379342e-02 -1.815609440181e-01 -8.203621570499e-01
Mode 8
1.303732578091e-01 8.920346103484e-02 3.002676658708e-02
8.920346103484e-02 6.735210976361e-01 2.119946636621e-01
3.002676658708e-02 2.119946636621e-01 1.614105451657e+00
Mode 9
3.683276218665e-01 8.250329260833e-01 -1.259598206267e-01
8.250329260833e-01 -4.241131601792e-01 8.957263202794e-03
-1.259598206267e-01 8.957263202794e-03 -2.567967091079e-02
Mode 10
1.828335245654e-01 4.437180709849e-01 4.415118258344e-02
4.437180709849e-01 2.225558733970e+00 2.136579939130e-01
4.415118258344e-02 2.136579939130e-01 2.698634229752e-01
Mode 11
-8.241747452808e-02 -1.200889049679e-01 1.884500461921e-01
-1.200889049679e-01 -5.050410579101e-01 8.346599132339e-01
1.884500461921e-01 8.346599132339e-01 -1.079243063775e+00
Mode 12
-1.203091572333e-01 -2.826987839754e-01 -3.335317937849e-01
-2.826987839754e-01 1.022793640966e-01 6.449598138534e-02
-3.335317937849e-01 6.449598138534e-02 -3.473408043928e-02
Mode 13
-6.879413701607e-02 -2.214181679233e-01 2.416038199904e-01
-2.214181679233e-01 -1.090708463915e+00 1.124698343709e+00
2.416038199904e-01 1.124698343709e+00 -2.305351139306e-01
Mode 14
7.590878765954e-02 1.951460819911e-01 2.446875350612e-01
1.951460819911e-01 -8.226673253417e-02 -1.137878237038e-02
2.446875350612e-01 -1.137878237038e-02 1.779743356650e-02
Mode 15
-1.532532514565e-01 -5.102924357243e-01 -1.291419037102e-01
-5.102924357243e-01 -2.469719507715e+00 -6.808977777122e-01
-1.291419037102e-01 -6.808977777122e-01 -1.889762166645e+00
Mode 16
1.104185277003e-01 2.602565296450e-01 2.689900291756e-01
2.602565296450e-01 -6.296807810526e-02 -2.717440026204e-02
2.689900291756e-01 -2.717440026204e-02 3.292544562625e-03
Mode 17
2.426764053381e-01 4.176905220437e-01 2.252114432314e-02
4.176905220437e-01 2.282435360713e+00 1.797081509574e-01
2.252114432314e-02 1.797081509574e-01 2.417148511394e+00
Mode 18
-1.695848379874e-01 -3.135963658229e-01 -3.533292997222e-01
-3.135963658229e-01 9.015437035328e-02 1.038869405835e-01
-3.533292997222e-01 1.038869405835e-01 -2.923082309164e-02
Mode 19
-2.031539435598e-01 -3.962178235203e-01 6.699152412553e-01
-3.962178235203e-01 2.315284306894e-01 -1.432436850968e-01
6.699152412553e-01 -1.432436850968e-01 4.180663543132e-02
Mode 20
1.100802772003e-01 -2.700388551517e-01 -2.264492606156e-01
-2.700388551517e-01 -1.159609402585e+00 -1.261383098403e+00
-2.264492606156e-01 -1.261383098403e+00 -2.108179430810e+00
Mode 21
1.375141305354e-01 7.797508822774e-02 4.614694239882e-01
7.797508822774e-02 6.464135732954e-01 2.159681090241e+00
4.614694239882e-01 2.159681090241e+00 1.740376816692e-01
Mode 22
1.922441094699e-01 3.814885201635e-01 2.026626854206e-02
3.814885201635e-01 1.862729241085e+00 2.556151821477e-01
2.026626854206e-02 2.556151821477e-01 2.045527978177e+00
Mode 23
6.561378997178e-02 2.284828095778e-01 1.286932969705e-01
2.284828095778e-01 -1.466640376729e-01 2.923964913188e-02
1.286932969705e-01 2.923964913188e-02 -6.496096546929e-02
Mode 24
-3.283480932279e-01 -5.380301840506e-01 -4.046728973269e-02
-5.380301840506e-01 -2.708011699713e+00 -3.034205998833e-01
-4.046728973269e-02 -3.034205998833e-01 -2.667045776251e+00
Mode 25
2.181838997706e-01 3.284440092876e-01 -5.211337145479e-02
3.284440092876e-01 1.765632076908e+00 -2.607818269138e-01
-5.211337145479e-02 -2.607818269138e-01 -1.493851953533e-01
Mode 26
5.365940236692e-02 -1.182443860968e-01 -6.831090099909e-02
-1.182443860968e-01 -3.563711016827e-01 -2.564524745664e-01
-6.831090099909e-02 -2.564524745664e-01 2.117143437481e+00
Mode 27
2.923844916090e-01 4.342309090183e-01 4.401959221472e-03
4.342309090183e-01 2.257614079539e+00 1.040932793209e-01
4.401959221472e-03 1.040932793209e-01 2.580880720231e+00
Mode 28
5.476466672407e-02 -3.407520746511e-01 8.750707640450e-02
-3.407520746511e-01 -1.433111862620e+00 3.696609078654e-01
8.750707640450e-02 3.696609078654e-01 2.064439783660e-01
Mode 29
4.591881255137e-01 -5.603347133401e-01 5.026278175715e-01
-5.603347133401e-01 -2.159146083093e+00 2.399034724145e+00
5.026278175715e-01 2.399034724145e+00 -1.569807583795e+00
Mode 30
5.852009852526e-01 -8.796885825720e-01 9.745935109510e-02
-8.796885825720e-01 -3.381798833866e+00 4.888492987062e-01
9.745935109510e-02 4.888492987062e-01 5.184756226623e-01
Mode 31
4.768850128814e-01 8.297945317403e-01 -3.117046650079e+00
8.297945317403e-01 -3.409365816720e-01 6.474168570461e-01
-3.117046650079e+00 6.474168570461e-01 -7.700277381654e-02
Mode 32
-1.040853484481e+00 5.266646143336e-01 -4.931658380044e-02
5.266646143336e-01 1.205274724500e+00 -2.124153482806e-01
-4.931658380044e-02 -2.124153482806e-01 -1.403219545524e+00
Mode 33
3.110093208300e-01 -9.207421335275e-02 1.762332468117e-01
-9.207421335275e-02 -1.891044004447e-01 7.188091788279e-01
1.762332468117e-01 7.188091788279e-01 -1.582128057316e+00
Mode 34
6.709109835491e-02 9.019701977514e-01 -1.979118502775e-01
9.019701977514e-01 4.091433260060e+00 -9.857649840450e-01
-1.979118502775e-01 -9.857649840450e-01 -1.773872843829e+00
Mode 35
-6.962818666836e-02 -7.867797342807e-01 -7.514712719441e-01
-7.867797342807e-01 -3.747381599134e+00 -3.504844912610e+00
-7.514712719441e-01 -3.504844912610e+00 1.588336686809e+00
Mode 36
7.555664233591e-02 -5.845278309290e-01 -4.886970258005e-01
-5.845278309290e-01 -2.965725970811e+00 -3.384361857800e+00
-4.886970258005e-01 -3.384361857800e+00 -1.011390410359e+01
Mode 37
6.518254278489e+00 5.061149446598e-01 -7.655701730273e-01
5.061149446598e-01 8.669835080081e+00 -3.527086948778e+00
-7.655701730273e-01 -3.527086948778e+00 7.324207904201e+00
Mode 38
3.027418579593e+00 6.608604429262e+00 -2.586130407080e+00
6.608604429262e+00 -2.884140437431e+00 6.041159853586e-01
-2.586130407080e+00 6.041159853586e-01 -3.486705396695e-02
Mode 39
3.348838431898e+00 1.226346320385e-01 -4.652904253977e-01
1.226346320385e-01 3.654726312479e+00 -2.701357371461e+00
-4.652904253977e-01 -2.701357371461e+00 -6.678117241104e+00
Mode 40
-2.854974711166e-01 -1.610531057291e-01 -3.459586163784e-01
-1.610531057291e-01 -1.128660408539e+00 -2.016254253439e+00
-3.459586163784e-01 -2.016254253439e+00 -8.171294649262e+00
Mode 41
5.464605362145e-01 7.249379432585e-01 -7.085131440219e-01
7.249379432585e-01 3.651377525393e+00 -3.193201637572e+00
-7.085131440219e-01 -3.193201637572e+00 3.443718563267e+00
--
