Number of atoms 
21
--
Anisotropy 
88.787
--
Frequencies 
16.537400000000
66.916400000000
85.103200000000
141.428800000000
153.718000000000
177.357000000000
233.342000000000
233.589000000000
287.150000000000
363.899000000000
378.524200000000
413.043400000000
456.754100000000
464.997700000000
633.521100000000
665.700700000000
692.681800000000
705.507100000000
759.562100000000
826.153200000000
829.898300000000
878.710800000000
939.362600000000
941.477700000000
950.492000000000
968.670900000000
972.898000000000
1033.776000000000
1050.637100000000
1070.643000000000
1100.452900000000
1200.474400000000
1212.151000000000
1223.317400000000
1249.751500000000
1251.331900000000
1264.353500000000
1277.195900000000
1283.318400000000
1287.855500000000
1379.125900000000
1385.319100000000
1445.299500000000
1445.419400000000
1455.470700000000
1478.926000000000
1571.565100000000
1602.757200000000
2668.354200000000
3061.324000000000
3062.355900000000
3070.274000000000
3114.358600000000
3123.266800000000
3124.877400000000
3139.442700000000
3160.824900000000
--
Displacements 
Mode 0
-4.727403646284e-03 7.664542563756e-02 1.769289010526e-03
3.029695888723e-03 -8.865381990462e-03 -3.496561880626e-03
-3.029695888723e-03 8.865381990462e-03 3.496561880626e-03
-1.940644254240e-03 -4.578464667230e-02 5.382467233395e-06
-2.429364966787e-04 -1.135646903194e-01 1.732655337333e-03
-5.821932762719e-03 -1.373539400169e-01 1.614740170019e-05
-3.881288508479e-03 -9.156929334460e-02 1.076493446679e-05
-2.792236873996e-03 -1.462193220074e-01 -3.480414478925e-03
2.786759392044e-03 -1.224300723099e-01 -1.763906543293e-03
8.516192781261e-02 6.407807207414e-02 -1.744747739087e-01
6.064869259398e-03 2.509186303363e-01 -1.748802739033e-03
-8.794868720465e-02 5.835200023572e-02 1.762386804520e-01
-1.697707757561e-03 6.778004364710e-02 -1.727272870099e-03
-4.489944631557e-03 -7.843927836027e-02 -5.207687349025e-03
6.031786411261e-04 -2.817794093016e-01 -2.586873872654e-05
1.576100006739e-01 1.199629941633e-01 -3.105929292804e-01
1.251430457624e-01 -7.517215855003e-03 -2.443004493715e-01
4.495422113508e-03 3.470886726775e-01 1.045200837124e-02
1.188680202212e-02 3.882725703532e-01 -1.764950140733e-03
-1.337517379172e-01 -7.406651852044e-03 2.460805033164e-01
-1.547030879149e-01 1.114310194694e-01 2.984126044416e-01
Mode 1
2.306363880638e-03 -8.091005863143e-02 6.945725153591e-03
8.515926197561e-04 1.004346753351e-01 3.485796946159e-03
-2.543822895366e-03 2.359947626293e-01 3.125120595991e-05
4.858729933574e-04 2.271293806388e-01 -3.465310674666e-03
-1.697707757561e-03 6.778004364710e-02 -1.727272870099e-03
4.970340142963e-03 3.691926468184e-02 -3.501944347859e-03
1.331988131162e-03 5.891466165663e-02 -5.223834750725e-03
5.578996266040e-03 2.378924969751e-02 1.716507935633e-03
-2.429364966787e-04 -1.135646903194e-01 1.732655337333e-03
-8.314421150085e-02 -8.604529579099e-02 -1.684732832414e-01
0.000000000000e+00 0.000000000000e+00 0.000000000000e+00
8.156928687300e-02 -8.643405618504e-02 1.754297733295e-01
-2.300886398687e-03 3.495594529487e-01 -1.701404131373e-03
2.429364966787e-04 1.135646903194e-01 -1.732655337333e-03
-5.477481951267e-06 -2.686493943172e-01 -5.244321022218e-03
-1.454136244717e-01 4.762644824335e-02 -3.039516396497e-01
-1.077992073809e-01 -2.553722444044e-01 -2.467070077559e-01
-1.460248742834e-03 -8.730466035073e-02 -8.704249229651e-03
-4.484467149605e-03 1.902101159570e-01 3.663367319333e-05
1.109462089174e-01 -2.624019275264e-01 2.466498878112e-01
1.468738732146e-01 3.967821210739e-02 3.126558888793e-01
Mode 2
2.630647197570e-02 3.251589442707e-03 -1.404979353186e-02
1.359261702439e-02 -4.941560542307e-03 2.430682500523e-02
-1.029281518566e-02 -3.928516991145e-03 2.964160437298e-02
-1.574355084003e-02 6.722320054479e-04 4.185318041772e-02
-8.947242327834e-03 -1.798548265706e-03 5.400659292034e-02
9.487454227847e-03 1.789157179725e-03 6.088338959733e-02
1.735922964786e-02 1.453041177001e-03 3.995679938847e-02
6.270905430232e-02 -4.837678919192e-03 3.800225481710e-02
2.691145715652e-03 4.259937450879e-03 4.872997709472e-02
-2.826070095660e-02 7.748456816185e-03 -1.553364729899e-02
-2.542642796597e-01 -1.692054838817e-04 -2.198855326270e-01
-3.686939311136e-02 -7.175410890862e-03 -1.375359335399e-02
-1.708912369786e-02 -1.457736719992e-03 1.748819187036e-02
6.378452121014e-02 -2.703014650762e-03 4.922252105624e-03
2.415553816006e-02 -1.017739094152e-03 5.211021189109e-02
-4.673667228202e-02 -9.628801059328e-02 1.464387328544e-01
1.397753324068e-01 1.578765202243e-01 -7.898012922513e-02
-2.453219942240e-01 3.782789222215e-03 -5.367520932941e-01
-5.706924448294e-01 2.336430425058e-03 -1.000233698066e-01
1.354081709050e-01 -1.608221537591e-01 -7.550405361600e-02
-4.745452680815e-02 1.003167070830e-01 1.621253409108e-01
Mode 3
-3.638352011801e-03 2.199539697479e-02 -1.721890402866e-03
3.029695888723e-03 -8.865381990462e-03 -3.496561880626e-03
3.875811026528e-03 -1.770801009726e-01 -5.255085956685e-03
-2.792236873996e-03 -1.462193220074e-01 -3.480414478925e-03
5.213276639642e-03 1.504839550012e-01 -5.234599685192e-03
4.367161501837e-03 3.186986739834e-01 -3.476075609132e-03
-3.657196263987e-04 1.266947053037e-01 -6.951107620825e-03
-2.792236873996e-03 -1.462193220074e-01 -3.480414478925e-03
-1.697707757561e-03 6.778004364710e-02 -1.727272870099e-03
-1.353723736172e-01 -7.378478594102e-03 -9.858944423657e-02
6.086561230774e-04 -1.313001498433e-02 5.218452283492e-03
1.451983780181e-01 -3.957683667514e-03 1.072462948586e-01
-3.278109867353e-03 -3.733487026462e-01 -1.510380425974e-05
-3.886765990431e-03 -3.602186876618e-01 -5.233556087751e-03
-2.549300377317e-03 -3.265463168797e-02 -5.213069816258e-03
-2.513301974473e-01 1.176554222864e-01 -1.728882108696e-01
-1.948142730161e-01 -1.664908856632e-01 -1.470652372938e-01
-2.183580750918e-03 -1.593493369917e-01 1.738037804566e-03
-5.816455280768e-03 1.312954543003e-01 5.260468423918e-03
2.039114679270e-01 -1.855393475566e-01 1.609200539278e-01
2.617703354533e-01 1.265277947849e-01 1.920078347973e-01
Mode 4
-1.574355084003e-02 6.722320054479e-04 4.185318041772e-02
2.603636602569e-02 3.256284985697e-03 -7.149478479070e-02
3.525371430353e-02 5.050137708413e-03 -6.805638645220e-02
3.148710168006e-02 -1.344464010896e-03 -8.370636083544e-02
3.148710168006e-02 -1.344464010896e-03 -8.370636083544e-02
3.451679756878e-02 -1.020984600136e-02 -8.720292271607e-02
1.984871363657e-02 -7.402949727480e-03 -7.842974500982e-02
-6.297916025232e-02 4.842374462182e-03 -9.544724607594e-02
-6.526202562189e-03 2.466084728163e-03 4.529157875622e-02
7.562457098057e-02 1.647139942118e-02 1.667621577730e-01
-7.407733639580e-02 -1.225502340383e-03 2.471935226735e-02
7.307527060325e-02 -1.618323226679e-02 1.615490879568e-01
3.525371430353e-02 5.050137708413e-03 -6.805638645220e-02
-7.300186948798e-02 9.091619280468e-04 -8.360650444122e-03
-1.641683295816e-01 -1.774077132328e-03 3.384689369359e-02
1.918660854874e-01 -1.653518899335e-01 3.280947389630e-01
1.647874200789e-01 2.551400100248e-01 2.394758473589e-01
-7.166125352236e-02 5.192577093877e-03 -2.468556296436e-01
-3.465012497689e-01 -7.140555253076e-03 1.182619819690e-01
1.581084172144e-01 -2.512979996444e-01 2.307618767923e-01
1.839862028226e-01 1.604183133176e-01 3.246768268960e-01
Mode 5
1.476144608916e-01 2.460395766746e-03 -1.643286870524e-01
3.231357615665e-03 4.250546364898e-03 1.636199596124e-01
2.335017720224e-02 -3.157098905572e-03 1.426352058614e-01
7.085093567234e-02 -5.178490464906e-03 7.452065586707e-02
3.202731358007e-02 -1.353855096876e-03 3.118362168223e-02
-7.871775420015e-03 3.361160027239e-04 2.092659020886e-02
-5.099726514356e-02 -4.377905702965e-03 1.099095668699e-01
-4.672739836770e-01 -4.205306222705e-03 1.205708902604e-01
4.669539751228e-02 -4.160751370754e-03 2.241044397599e-02
7.811405496928e-02 7.615408516701e-03 4.837561337472e-02
1.466808393221e-02 -2.806896273878e-03 -8.773177706244e-03
6.950536281451e-02 -7.308459190346e-03 5.015566731972e-02
6.594041191798e-02 -5.871325542936e-04 2.016222144295e-01
-5.017858243536e-01 3.851093338262e-03 4.706337807233e-01
2.523100506788e-02 1.116925174277e-03 1.903020917961e-02
1.009376049982e-01 -5.231699223408e-02 1.057096600165e-01
1.108647005574e-01 7.830623006079e-02 6.911694802274e-02
1.547344489002e-02 -6.675364624577e-04 -9.929817167656e-02
-7.649837616144e-02 -5.490135334252e-03 3.343436643147e-02
1.086811198065e-01 -8.104310693091e-02 7.085498582730e-02
1.042102373836e-01 5.238231609485e-02 1.004804427986e-01
Mode 6
-1.100131079377e-01 2.212844527428e-02 -6.563115107658e-02
-6.157924848784e-02 -2.201664285372e-01 4.727303566376e-02
1.044824525066e-02 -8.125087017714e-02 4.346412620357e-02
4.935937377461e-02 1.136685719425e-01 1.196277447454e-02
4.741872952037e-02 6.788392527021e-02 1.196815694177e-02
-7.506055793616e-03 -1.263585893010e-01 2.787769782968e-02
-4.059525155484e-02 -1.839240914038e-01 5.936290215702e-02
4.284675593908e-02 5.934996373948e-02 8.684317652884e-02
9.639332145996e-02 9.638250113042e-02 -1.785332052482e-02
5.758328409436e-02 4.342244356725e-02 -3.160153141158e-02
9.419615598238e-02 -6.182142930088e-03 -4.570410601834e-02
2.688589624766e-01 1.263637954875e-02 5.792391740810e-02
5.545951973204e-02 -7.441627083199e-02 9.373612060754e-02
6.037815073111e-02 -4.044417159910e-01 -9.020935679012e-03
1.024527132374e-01 7.865173714949e-02 -2.484644428607e-02
2.582607646429e-02 4.477160312114e-02 -5.340161834979e-03
4.594489605087e-02 3.736395785067e-02 -2.632491558597e-02
9.825508711698e-02 -1.112081761758e-01 -1.762914615269e-01
-2.013240431324e-02 6.419233820166e-02 -8.604069547097e-03
3.538921090878e-01 -2.224783878288e-01 1.271367062436e-01
4.372249181787e-01 2.042703700063e-01 1.755220409553e-01
Mode 7
-1.051574436797e-01 -2.612698166918e-02 -5.347235610673e-02
-5.139015422329e-02 2.358861854632e-01 4.378081265293e-02
1.202316987850e-02 9.122848179889e-02 3.650763611551e-02
4.268584839213e-02 -1.241200434095e-01 8.493124930076e-03
4.159679675765e-02 -6.947001474670e-02 1.198430434347e-02
-1.126719093514e-02 1.358962032969e-01 1.747204446866e-02
-3.489610192184e-02 1.936892442363e-01 5.066299179716e-02
3.944586294201e-02 -7.373934328355e-02 7.814430976642e-02
8.923940056608e-02 -9.988610054312e-02 -1.261333837240e-02
2.608589264449e-01 -1.541750314263e-02 6.492242363659e-02
9.116646009365e-02 2.683239060374e-03 -4.220754413772e-02
3.223760314147e-02 -4.286917323232e-02 -3.497100127349e-02
4.223809981600e-02 7.247997872381e-02 8.162472424535e-02
4.935126652989e-02 4.391026591909e-01 -1.238172780133e-02
8.863074444300e-02 -8.675608555879e-02 -1.783179065589e-02
4.191504637674e-01 -1.946614350601e-01 1.703520308770e-01
3.438341231541e-01 2.125918727478e-01 1.307011530034e-01
8.783948880160e-02 1.251227024562e-01 -1.553336201121e-01
-2.595433707596e-02 -7.316160181524e-02 -8.587922145397e-03
1.635220696311e-02 -1.380224698978e-02 -3.663472813423e-02
-2.111225754467e-02 -6.463233582750e-02 -2.601795047363e-02
Mode 8
0.000000000000e+00 0.000000000000e+00 0.000000000000e+00
3.638352011801e-03 -2.199539697479e-02 1.721890402866e-03
-1.940644254240e-03 -4.578464667230e-02 5.382467233395e-06
-3.029695888723e-03 8.865381990462e-03 3.496561880626e-03
-3.029695888723e-03 8.865381990462e-03 3.496561880626e-03
-1.940644254240e-03 -4.578464667230e-02 5.382467233395e-06
0.000000000000e+00 0.000000000000e+00 0.000000000000e+00
3.638352011801e-03 -2.199539697479e-02 1.721890402866e-03
1.940644254240e-03 4.578464667230e-02 -5.382467233395e-06
-4.050774512316e-02 1.481998608393e-02 -1.547548375686e-02
0.000000000000e+00 0.000000000000e+00 0.000000000000e+00
3.626073698829e-02 2.030542587519e-02 8.535141070503e-03
-3.881288508479e-03 -9.156929334460e-02 1.076493446679e-05
4.012396839341e-03 9.826921679216e-01 6.145881447946e-05
1.940644254240e-03 4.578464667230e-02 -5.382467233395e-06
-7.785753374593e-02 4.916458887150e-02 -2.051944541397e-02
-5.469543354397e-02 -2.389313132062e-02 -1.541193774750e-02
-1.940644254240e-03 -4.578464667230e-02 5.382467233395e-06
-3.638352011801e-03 2.199539697479e-02 -1.721890402866e-03
5.275478928973e-02 -2.189151535168e-02 1.541732021473e-02
7.870912636569e-02 5.127008646356e-02 2.400524236013e-02
Mode 9
3.638352011801e-03 -2.199539697479e-02 1.721890402866e-03
-3.998594156248e-03 4.173394965957e-01 -3.428677001472e-03
-3.029695888723e-03 8.865381990462e-03 3.496561880626e-03
1.454771260882e-03 -1.813447339665e-01 3.459928207432e-03
4.727403646284e-03 -7.664542563756e-02 -1.769289010526e-03
-4.975817624914e-03 -3.055686589991e-01 -1.742376674359e-03
-1.089051634484e-03 5.465002866276e-02 3.491179413392e-03
-6.086561230774e-04 1.313001498433e-02 -5.218452283492e-03
2.183580750918e-03 1.593493369917e-01 -1.738037804566e-03
-1.292667501778e-01 7.318607294862e-02 -1.157177708135e-02
3.029695888723e-03 -8.865381990462e-03 -3.496561880626e-03
1.320589870518e-01 7.303324905875e-02 1.505219156027e-02
-4.124225005158e-03 -2.051339836640e-01 1.743420271800e-03
3.389938033171e-03 -4.042094816114e-01 -1.789775282019e-03
-4.484467149605e-03 1.902101159570e-01 3.663367319333e-05
-2.886201696815e-01 1.935106476664e-01 -5.433255831216e-02
-1.887086495767e-01 -8.592633412048e-02 -6.004757013862e-02
-2.792236873996e-03 -1.462193220074e-01 -3.480414478925e-03
1.940644254240e-03 4.578464667230e-02 -5.382467233395e-06
1.925844606032e-01 -9.115376685214e-02 5.479248418194e-02
2.882599275371e-01 2.018334519545e-01 5.262577171355e-02
Mode 10
8.901552627801e-02 -1.586089476485e-03 2.395246128524e-02
-1.454635270759e-01 1.808932770113e-03 9.816868162943e-02
-1.055644380759e-01 1.189616705130e-04 1.084257131028e-01
-7.300186948798e-02 9.091619280468e-04 -8.360650444122e-03
-1.305302940859e-01 1.150787393636e-03 -1.160194725648e-01
-2.309141024574e-01 -3.326304389454e-03 -7.725032676558e-02
-2.415454678162e-01 5.870498060742e-03 4.617816582737e-03
7.300186948798e-02 -9.091619280468e-04 8.360650444122e-03
-9.769761954805e-02 1.936292108180e-03 -1.753608448529e-01
7.555116986530e-02 3.174546975992e-02 1.357372026038e-02
7.165629663015e-02 -3.039130653486e-03 -1.600433810324e-02
7.421918173413e-02 -2.716919189671e-02 1.879755501111e-02
-7.353712449579e-02 -1.234893426363e-03 1.396093347850e-01
1.226486048815e-01 3.492221489869e-03 -3.887738727200e-01
-1.614821407582e-01 4.639306758942e-03 -1.802830969585e-01
2.900940031510e-01 -1.629906802469e-01 9.262563083989e-02
3.768518844333e-02 2.758107185791e-01 1.913328881527e-01
7.004061782232e-02 -5.164403835935e-03 -9.781431790943e-02
-1.708912369786e-02 -1.457736719992e-03 1.748819187036e-02
3.828288960251e-02 -2.746180850397e-01 1.860626983918e-01
2.852438163750e-01 1.539141410138e-01 8.571115689226e-02
Mode 11
1.601365679004e-02 -6.769275484381e-04 1.559181084111e-02
2.226975340222e-02 -3.138316733611e-03 -8.714475917394e-02
-1.473493118338e-01 -3.116448693458e-04 -4.108628943560e-02
-2.282179998496e-01 -1.219813378966e-03 2.343396180760e-01
-1.242642836893e-01 -5.617494672318e-03 3.069638929138e-01
-8.766499652798e-02 1.562611761534e-03 2.632724950089e-01
5.806367960576e-02 1.902429888821e-03 -4.031116310847e-02
-5.699316959015e-02 2.385680819999e-03 -2.556288073498e-01
8.248932371583e-02 8.799952516784e-04 6.924404004146e-02
1.629510173355e-01 2.803410710099e-02 -4.428379826058e-02
1.332164829094e-01 5.262596497633e-03 -9.811051808730e-02
1.616190292043e-01 -3.088055455564e-02 -3.905996350985e-02
-2.873670601476e-01 -9.500146554351e-04 -2.179891515977e-01
-8.464025753146e-02 -5.149323788538e-03 -3.084034618504e-03
3.438150609455e-01 7.271713618068e-04 9.586800868308e-02
1.998339951735e-01 -2.157517493934e-02 -9.413816084973e-04
2.158204825102e-01 9.131728337461e-02 -4.452721736355e-02
1.397426854716e-01 2.796511769470e-03 -1.434020968435e-01
8.302457872363e-02 3.024050606089e-03 -7.872594518769e-02
2.104789452589e-01 -8.755667032073e-02 -5.322070165873e-02
1.955869870386e-01 1.355023701978e-02 -7.881724294855e-03
Mode 12
-2.960627381443e-02 5.618488090745e-03 -3.989863584635e-02
-4.370311854344e-03 4.581966824632e-03 2.419915410801e-01
2.067635211896e-01 2.190597043216e-03 2.880000826213e-01
2.645570948453e-01 4.097722475027e-03 1.902439282540e-01
9.009099318583e-02 5.485747919447e-04 -9.127541426239e-03
-1.061046499759e-01 1.283527564934e-04 -6.464269414876e-03
-1.207727339081e-01 2.935249030371e-03 2.308908291369e-03
3.067678383004e-02 -1.330377381925e-03 -2.560413346119e-01
3.882362209227e-02 -3.824635368030e-03 4.333703418485e-02
-7.286002414964e-02 -2.748553230905e-02 3.515625683434e-02
-8.739984747018e-02 3.711362658934e-03 5.785751852096e-02
-7.394907578413e-02 2.716449635372e-02 3.864743624773e-02
2.980033823985e-01 -1.040023423515e-02 3.989809759962e-01
4.830116253570e-02 2.271414692477e-03 -4.214995117115e-01
-3.417824739571e-02 -2.915473439983e-03 3.497638374072e-02
-1.709782228205e-01 5.748139607002e-02 -7.895342107107e-03
-7.956071898545e-02 -1.517047617986e-01 -2.749103930629e-02
-8.982088723583e-02 -5.532703349349e-04 6.657253268507e-02
-7.515280330362e-02 -3.360166608812e-03 5.779935497883e-02
-8.380224963837e-02 1.520700444777e-01 -2.918706097043e-02
-1.804385075950e-01 -5.787714697209e-02 -9.601085108273e-03
Mode 13
0.000000000000e+00 0.000000000000e+00 0.000000000000e+00
8.515926197561e-04 1.004346753351e-01 3.485796946159e-03
-3.035173370674e-03 -2.597840123268e-01 -1.747759141593e-03
-3.152479018443e-03 2.491247776136e-01 -5.187201077532e-03
8.515926197561e-04 1.004346753351e-01 3.485796946159e-03
-2.429364966787e-04 -1.135646903194e-01 1.732655337333e-03
-1.454771260882e-03 1.813447339665e-01 -3.459928207432e-03
3.638352011801e-03 -2.199539697479e-02 1.721890402866e-03
1.697707757561e-03 -6.778004364710e-02 1.727272870099e-03
5.201787255498e-02 -3.715149906145e-02 -3.729216049133e-03
0.000000000000e+00 0.000000000000e+00 0.000000000000e+00
-5.650781718654e-02 -4.128777929882e-02 -1.478471299892e-03
1.200879800301e-03 -8.322082129203e-01 -5.296058499671e-03
2.786759392044e-03 -1.224300723099e-01 -1.763906543293e-03
-8.515926197561e-04 -1.004346753351e-01 -3.485796946159e-03
1.329051021896e-01 -9.518146992341e-02 1.329366748421e-02
8.173882225441e-02 4.240470447310e-02 2.050868047951e-02
-1.697707757561e-03 6.778004364710e-02 -1.727272870099e-03
6.086561230774e-04 -1.313001498433e-02 5.218452283492e-03
-8.404518613505e-02 3.850535415832e-02 -2.745440563310e-02
-1.308416748057e-01 -9.929327902741e-02 -4.615286993289e-03
Mode 14
-1.843469655568e-02 -3.587705445431e-03 -6.876796676997e-03
1.381319635559e-01 -1.482207853370e-03 3.764789109711e-02
3.471845929572e-02 2.906082354003e-03 7.991359877695e-02
1.897490845569e-02 3.578314359450e-03 1.217667791947e-01
-6.620556097578e-02 -1.561618343107e-03 3.792762058494e-03
1.085256897415e-01 4.136280237376e-03 -2.250744749242e-03
1.378618576059e-01 -1.477512310379e-03 -1.979710016173e-02
0.000000000000e+00 0.000000000000e+00 0.000000000000e+00
-1.663242202895e-01 -3.889959228796e-03 -1.628530686303e-01
-5.761045354768e-02 7.014694229513e-02 -2.757611518458e-02
2.496089911787e-02 1.121620717268e-03 -3.841478207922e-02
-5.421503803256e-02 -6.541314499906e-02 -2.412156944438e-02
-1.466808393221e-02 2.806896273878e-03 8.773177706244e-03
-2.038396864438e-02 5.258894373070e-03 2.263997302390e-01
-1.240040915237e-01 -1.315297334527e-03 -1.613110513210e-01
1.939572029144e-01 -2.025931839891e-01 1.383351193255e-01
-7.107796031291e-02 4.267591423396e-01 2.005606092615e-01
2.362028315225e-02 -3.161794448562e-03 2.000801971202e-01
2.355545202618e-01 -1.260357978168e-03 -1.072962230557e-01
-7.545607677865e-02 -4.292383202783e-01 1.935480428262e-01
1.997846131591e-01 2.034101503450e-01 1.435632929460e-01
Mode 15
0.000000000000e+00 0.000000000000e+00 0.000000000000e+00
4.241530652927e-03 -3.037748062764e-01 1.696021664140e-03
2.549300377317e-03 3.265463168797e-02 5.213069816258e-03
1.331988131162e-03 5.891466165663e-02 -5.223834750725e-03
1.692230275610e-03 -3.364294379643e-01 -3.517048152119e-03
-8.515926197561e-04 -1.004346753351e-01 -3.485796946159e-03
-3.147001536492e-03 5.177741719308e-01 5.711994468649e-05
-2.549300377317e-03 -3.265463168797e-02 -5.213069816258e-03
2.549300377317e-03 3.265463168797e-02 5.213069816258e-03
-4.751434319676e-02 5.880608449053e-02 3.852572669624e-02
0.000000000000e+00 0.000000000000e+00 0.000000000000e+00
4.472758380471e-02 6.362398781933e-02 -3.676182015295e-02
-3.602421444474e-04 3.953440996210e-01 -1.706786598606e-03
-4.124225005158e-03 -2.051339836640e-01 1.743420271800e-03
2.183580750918e-03 1.593493369917e-01 -1.738037804566e-03
-1.984009158840e-01 2.224492211525e-01 -4.953201575802e-02
-1.011533720415e-01 -1.748170839477e-01 -4.479935808304e-02
6.086561230774e-04 -1.313001498433e-02 5.218452283492e-03
4.727403646284e-03 -7.664542563756e-02 -1.769289010526e-03
1.034542584402e-01 -1.747423690010e-01 4.650076221441e-02
2.061689703829e-01 2.293387598540e-01 5.475480691130e-02
Mode 16
0.000000000000e+00 0.000000000000e+00 0.000000000000e+00
6.297420336012e-02 -2.688928021792e-03 -1.674127216709e-01
2.260670660339e-01 -3.049515157894e-03 -1.681796126530e-01
8.545057538148e-02 5.135237159567e-03 1.754190083950e-01
-2.496089911787e-02 -1.121620717268e-03 3.841478207922e-02
-1.902046956073e-01 -5.030362118025e-03 1.053416784843e-01
-4.286034066575e-02 -2.565270808288e-03 -1.164319998269e-01
-5.180629704363e-03 4.596053453603e-03 6.965656730358e-02
-7.606626362214e-03 2.484866900124e-03 -1.844883862791e-01
2.306363880638e-03 -8.091005863143e-02 6.945725153591e-03
-3.014152882223e-02 3.474432736335e-03 1.080713493828e-01
4.489944631557e-03 7.843927836027e-02 5.207687349025e-03
1.150469354115e-01 3.823641949603e-03 -3.104022912523e-01
-8.677136377828e-03 -1.803243808696e-03 1.114515841792e-01
4.696054657008e-02 -2.012000473353e-03 -1.830045325120e-01
1.046992607294e-01 -4.376894407439e-02 -1.415003333470e-01
-1.853354466227e-01 -1.100704819927e-01 1.470892967522e-01
-2.550606791009e-02 1.041216809103e-03 -3.393351681853e-01
-4.298643786656e-01 2.960713582176e-03 2.492144661321e-01
-1.842409175063e-01 1.039288836618e-01 1.488424383611e-01
1.085805492379e-01 4.780034927022e-02 -1.415110982815e-01
Mode 17
-9.217348277841e-03 -1.793852722715e-03 -3.438398338499e-03
4.016919495009e-02 -1.694666642590e-03 6.770202273220e-02
-1.123607465881e-01 2.589741941667e-03 9.627230060018e-02
-6.378452121014e-02 2.703014650762e-03 -4.922252105624e-03
-3.989908900009e-02 1.689971099600e-03 -1.025703147337e-02
1.126308525381e-01 -2.594437484657e-03 -3.882730934134e-02
7.434744234580e-02 1.220806797393e-03 3.272563899148e-02
7.871775420015e-03 -3.361160027239e-04 -2.092659020886e-02
-5.990947554382e-03 4.610140082573e-03 -1.026784064729e-01
4.085988002290e-02 -8.472999845647e-02 -7.162231920399e-03
-6.256096612182e-03 2.461389185173e-03 1.027365700151e-01
4.001376488509e-02 8.348472052570e-02 -5.403707844339e-03
-1.055644380759e-01 1.189616705130e-04 1.084257131028e-01
-1.002270923565e-02 -3.933212534135e-03 8.708659563181e-02
4.857622537791e-02 1.132727090957e-04 -1.011945527058e-01
9.095121364005e-02 4.635200363621e-02 -2.389128889288e-01
-1.534826253162e-01 -2.381096513073e-01 7.033404353761e-02
-2.160847600051e-03 3.756434392187e-05 -4.595599300707e-01
-5.223764116171e-01 -1.852494203638e-03 2.670570217224e-01
-1.469318830635e-01 2.399383596678e-01 6.511993012391e-02
8.706992513157e-02 -4.521728970840e-02 -2.389021239943e-01
Mode 18
0.000000000000e+00 0.000000000000e+00 0.000000000000e+00
-2.549300377317e-03 -3.265463168797e-02 -5.213069816258e-03
-6.086561230774e-04 1.313001498433e-02 -5.218452283492e-03
3.638352011801e-03 -2.199539697479e-02 1.721890402866e-03
-3.638352011801e-03 2.199539697479e-02 -1.721890402866e-03
-2.549300377317e-03 -3.265463168797e-02 -5.213069816258e-03
1.940644254240e-03 4.578464667230e-02 -5.382467233395e-06
0.000000000000e+00 0.000000000000e+00 0.000000000000e+00
-2.549300377317e-03 -3.265463168797e-02 -5.213069816258e-03
-7.375237094939e-02 4.243387114947e-02 -5.709601000607e-02
-2.549300377317e-03 -3.265463168797e-02 -5.213069816258e-03
6.902496730311e-02 3.421155448809e-02 5.886529901660e-02
-1.697707757561e-03 6.778004364710e-02 -1.727272870099e-03
3.029695888723e-03 -8.865381990462e-03 -3.496561880626e-03
-3.035173370674e-03 -2.597840123268e-01 -1.747759141593e-03
1.194266404605e-01 -2.758680585134e-01 2.309417498859e-01
7.666476119035e-02 4.576095368004e-01 5.016000618951e-02
-7.288094900361e-04 -3.406940709582e-01 5.197966011999e-03
-3.152479018443e-03 2.491247776136e-01 -5.187201077532e-03
-8.017200487128e-02 4.555087347513e-01 -5.180967284343e-02
-1.212499790670e-01 -2.788253780992e-01 -2.274969254827e-01
Mode 19
0.000000000000e+00 0.000000000000e+00 0.000000000000e+00
4.232012876573e-02 2.574661894269e-03 1.542017309252e-03
3.989908900009e-02 -1.689971099600e-03 1.025703147337e-02
1.190849399349e-02 6.053790173594e-03 5.216837543322e-02
-4.124466185791e-02 -4.399976258392e-04 -3.462202002073e-02
-5.720841604375e-03 4.605444539583e-03 -4.523341521409e-02
-9.487454227847e-03 -1.789157179725e-03 -6.088338959733e-02
1.345572857826e-03 2.129968725439e-03 2.436498854736e-02
-9.634708979802e-02 1.912814393228e-03 1.118641114413e-01
1.213784576351e-02 1.764031734242e-01 2.084689679780e-02
1.413583642794e-01 4.921784951919e-03 -6.159211703732e-02
1.443873216219e-02 -1.731562795245e-01 2.254830092917e-02
7.871775420015e-03 -3.361160027239e-04 -2.092659020886e-02
7.871775420015e-03 -3.361160027239e-04 -2.092659020886e-02
-2.024517397739e-01 2.041167149722e-03 1.053998420264e-01
-1.066665538473e-01 3.823565240221e-01 -1.752875775065e-01
-1.494046319730e-01 -1.312709831669e-01 -2.542016765066e-02
1.381220497715e-01 2.824685027412e-03 -4.880720443965e-01
-3.031056540954e-01 -2.431229090378e-03 8.672399656680e-02
-1.463694586024e-01 1.285130291598e-01 -2.367240850907e-02
-1.071633818045e-01 -3.820716452512e-01 -1.823109088763e-01
Mode 20
0.000000000000e+00 0.000000000000e+00 0.000000000000e+00
4.484467149605e-03 -1.902101159570e-01 -3.663367319333e-05
2.183580750918e-03 1.593493369917e-01 -1.738037804566e-03
-3.035173370674e-03 -2.597840123268e-01 -1.747759141593e-03
2.431994729548e-03 5.415634216283e-01 1.773627880319e-03
-5.477481951267e-06 -2.686493943172e-01 -5.244321022218e-03
4.858729933574e-04 2.271293806388e-01 -3.465310674666e-03
0.000000000000e+00 0.000000000000e+00 0.000000000000e+00
-2.178103268967e-03 1.093000573255e-01 6.982358826784e-03
1.013581841210e-01 -1.353476285050e-01 -2.659958589490e-02
4.970340142963e-03 3.691926468184e-02 -3.501944347859e-03
-1.007550054798e-01 -1.464317807966e-01 2.657371715617e-02
-6.031786411261e-04 2.817794093016e-01 2.586873872654e-05
0.000000000000e+00 0.000000000000e+00 0.000000000000e+00
-1.935166772288e-03 2.228647476449e-01 5.249703489452e-03
1.378156259440e-01 -9.977282783403e-02 -1.138078910782e-01
4.390316063829e-02 -1.503800733781e-01 1.893002949706e-02
1.201533669587e-04 3.538240859425e-01 -1.041641829549e-02
-4.970340142963e-03 -3.691926468184e-02 3.501944347859e-03
-5.251733027500e-02 -1.331931886462e-01 -2.239429657429e-02
-1.389101550604e-01 -1.142265378204e-01 1.120547494694e-01
Mode 21
9.217348277841e-03 1.793852722715e-03 3.438398338499e-03
-1.630928626738e-01 3.605871361021e-04 7.668909821166e-04
2.603636602569e-02 3.256284985697e-03 -7.149478479070e-02
6.404967026794e-02 -5.542637533619e-04 -2.004927243824e-01
1.169376770615e-01 3.790773148671e-03 9.171264755957e-02
4.576930473491e-03 6.380515090338e-03 1.879849481597e-01
3.041659166445e-02 -5.632574719716e-03 2.122336096229e-01
-2.701059500064e-04 4.695542990234e-06 -5.744499125884e-02
-9.757560177854e-03 -1.784461636735e-03 -1.183283808562e-01
-8.378866491171e-02 9.528535154653e-02 4.017623276549e-04
8.766995342019e-02 -3.716058201924e-03 -4.125272621217e-04
-8.852154603994e-02 -9.671861713314e-02 -3.073269684037e-03
1.980814279195e-01 2.540799674910e-03 1.365916990537e-01
-2.092418054439e-02 5.268285459051e-03 1.115097477213e-01
1.601316110082e-01 -4.615829043991e-03 -1.069418593357e-01
2.643473258737e-02 3.164158813681e-02 -1.217095514872e-04
-3.453333195372e-01 1.915847400626e-01 2.732035610905e-01
9.661223885582e-02 2.359365041719e-04 -3.172790879293e-01
-2.502226041940e-01 4.067254252046e-03 1.160694007619e-01
-3.455817335159e-01 -1.906293445740e-01 2.696918954056e-01
2.752378422185e-02 -2.300844052596e-02 -3.612888964879e-03
Mode 22
0.000000000000e+00 0.000000000000e+00 0.000000000000e+00
2.549300377317e-03 3.265463168797e-02 5.213069816258e-03
1.697707757561e-03 -6.778004364710e-02 1.727272870099e-03
4.970340142963e-03 3.691926468184e-02 -3.501944347859e-03
4.727403646284e-03 -7.664542563756e-02 -1.769289010526e-03
-3.638352011801e-03 2.199539697479e-02 -1.721890402866e-03
0.000000000000e+00 0.000000000000e+00 0.000000000000e+00
0.000000000000e+00 0.000000000000e+00 0.000000000000e+00
-8.461151378048e-04 1.682147189822e-01 1.758524076059e-03
6.891922188587e-03 -1.291607900319e-01 -3.834047113539e-02
-1.697707757561e-03 6.778004364710e-02 -1.727272870099e-03
-9.927095559262e-03 -1.306232222949e-01 3.659271199380e-02
5.477481951267e-06 2.686493943172e-01 5.244321022218e-03
-2.421039765646e-03 -4.264632993869e-03 8.715014164117e-03
-5.977011591749e-04 5.504288036188e-01 5.270189760945e-03
-5.060437606383e-02 -2.446419968691e-01 1.760383210869e-01
2.190604679603e-01 4.093658324870e-02 -1.141784021999e-01
1.331988131162e-03 5.891466165663e-02 -5.223834750725e-03
3.521046364032e-03 4.869133929656e-01 -1.717551533073e-03
-2.145705233288e-01 3.750269511157e-02 1.193860895489e-01
5.630067797764e-02 -2.404775433738e-01 -1.708823712153e-01
Mode 23
0.000000000000e+00 0.000000000000e+00 0.000000000000e+00
-1.345572857826e-03 -2.129968725439e-03 -2.436498854736e-02
1.332251107438e-02 -4.936864999317e-03 -3.313816625360e-02
-1.574355084003e-02 6.722320054479e-04 4.185318041772e-02
1.056292113567e-02 3.923821448155e-03 2.780338688586e-02
8.329468467364e-02 3.019355063098e-03 -2.128095392886e-02
-6.526202562189e-03 2.466084728163e-03 4.529157875622e-02
-2.933616786442e-02 5.613792547755e-03 1.754635541249e-02
5.450735654369e-03 -4.600748996593e-03 -1.221157604474e-02
-9.217348277841e-03 -1.793852722715e-03 -3.438398338499e-03
9.217348277841e-03 1.793852722715e-03 3.438398338499e-03
-9.217348277841e-03 -1.793852722715e-03 -3.438398338499e-03
-3.229741953008e-02 1.358550639866e-03 -8.862861294106e-02
9.229550054792e-02 -1.842381248375e-03 -9.735389803238e-01
9.009099318583e-02 5.485747919447e-04 -9.127541426239e-03
1.043466052400e-02 -2.446617724595e-02 1.387530290548e-02
-4.932672683933e-02 4.141143651233e-02 5.245919314385e-02
1.029281518566e-02 3.928516991145e-03 -2.964160437298e-02
-2.630647197570e-02 -3.251589442707e-03 1.404979353186e-02
-5.381667147088e-02 -3.702784184795e-02 4.725150579483e-02
1.237530477824e-02 2.131846942636e-02 1.386992043825e-02
Mode 24
0.000000000000e+00 0.000000000000e+00 0.000000000000e+00
3.310278048789e-02 7.808091715534e-04 -1.896381029247e-03
-5.261294395139e-02 -6.503178885414e-03 2.809958706373e-02
-2.496089911787e-02 -1.121620717268e-03 3.841478207922e-02
-6.796308512195e-03 2.470780271154e-03 -1.215341250262e-02
-8.141881370021e-03 3.408115457142e-04 -3.651840104997e-02
-2.701059500064e-04 4.695542990234e-06 -5.744499125884e-02
6.796308512195e-03 -2.470780271154e-03 1.215341250262e-02
1.454635270759e-01 -1.808932770113e-03 -9.816868162943e-02
-7.379364571913e-02 -5.801489081457e-02 1.117531668243e-01
1.476144608916e-01 2.460395766746e-03 -1.643286870524e-01
-7.658040511117e-02 6.441518149529e-02 1.135170733676e-01
-1.074502228337e-01 -2.001615968946e-03 -3.082925796223e-02
-8.053609578134e-04 -2.139359811420e-03 9.052499397031e-02
1.731155719095e-01 3.572625398033e-03 -8.785348661393e-02
-3.933199510007e-01 -3.352324901681e-02 3.447834217595e-01
-1.895688700309e-01 -1.317297629647e-01 1.697377773640e-01
1.541406634538e-01 -5.688961417201e-06 -2.096202658086e-01
7.898786015015e-02 -3.365855570230e-03 -1.518209108298e-01
-1.895633925490e-01 1.369196313525e-01 1.749820983862e-01
-3.950176587582e-01 3.425679463028e-02 3.430561488894e-01
Mode 25
0.000000000000e+00 0.000000000000e+00 0.000000000000e+00
-1.089051634484e-03 5.465002866276e-02 3.491179413392e-03
-2.183580750918e-03 -1.593493369917e-01 1.738037804566e-03
-3.638352011801e-03 2.199539697479e-02 -1.721890402866e-03
4.970340142963e-03 3.691926468184e-02 -3.501944347859e-03
3.029695888723e-03 -8.865381990462e-03 -3.496561880626e-03
-3.029695888723e-03 8.865381990462e-03 3.496561880626e-03
0.000000000000e+00 0.000000000000e+00 0.000000000000e+00
-3.638352011801e-03 2.199539697479e-02 -1.721890402866e-03
5.078697558216e-02 4.589322383841e-02 -4.375494391420e-02
-8.515926197561e-04 -1.004346753351e-01 -3.485796946159e-03
-5.612303535152e-02 4.388221678348e-02 4.030578064124e-02
3.769460342662e-03 8.691274776022e-01 1.794114151812e-03
0.000000000000e+00 0.000000000000e+00 0.000000000000e+00
-2.549300377317e-03 -3.265463168797e-02 -5.213069816258e-03
9.646176568302e-02 8.326187723207e-02 -1.275248507590e-01
4.507971870445e-02 -6.286024553203e-03 -5.939953583021e-02
2.543822895366e-03 -2.359947626293e-01 -3.125120595991e-05
2.543822895366e-03 -2.359947626293e-01 -3.125120595991e-05
-4.447106258137e-02 -6.843990431128e-03 6.461798811370e-02
-9.730788082083e-02 8.495284175009e-02 1.292833748351e-01
Mode 26
0.000000000000e+00 0.000000000000e+00 0.000000000000e+00
2.549300377317e-03 3.265463168797e-02 5.213069816258e-03
-8.515926197561e-04 -1.004346753351e-01 -3.485796946159e-03
-3.029695888723e-03 8.865381990462e-03 3.496561880626e-03
4.970340142963e-03 3.691926468184e-02 -3.501944347859e-03
3.029695888723e-03 -8.865381990462e-03 -3.496561880626e-03
0.000000000000e+00 0.000000000000e+00 0.000000000000e+00
0.000000000000e+00 0.000000000000e+00 0.000000000000e+00
-8.515926197561e-04 -1.004346753351e-01 -3.485796946159e-03
-9.721226714444e-02 -4.173716801064e-02 7.878949119705e-02
2.183580750918e-03 1.593493369917e-01 -1.738037804566e-03
1.019396707907e-01 -3.490825762691e-02 -8.055878020758e-02
2.431994729548e-03 5.415634216283e-01 1.773627880319e-03
0.000000000000e+00 0.000000000000e+00 0.000000000000e+00
-5.477481951267e-06 -2.686493943172e-01 -5.244321022218e-03
-7.998129810825e-02 -6.867412552774e-02 1.048182066051e-01
-2.521034320596e-01 -2.067698278035e-04 2.396743974437e-01
4.913504753087e-04 4.957787749560e-01 1.779010347553e-03
-3.395415515122e-03 1.355600872942e-01 -3.454545740199e-03
2.521034320596e-01 2.067698278035e-04 -2.396743974437e-01
7.415936534553e-02 -6.867981448916e-02 -1.048020592034e-01
Mode 27
0.000000000000e+00 0.000000000000e+00 0.000000000000e+00
-2.421039765646e-03 -4.264632993869e-03 8.715014164117e-03
7.407733639580e-02 1.225502340383e-03 -2.471935226735e-02
1.574355084003e-02 -6.722320054479e-04 -4.185318041772e-02
-3.068174072225e-02 3.483823822316e-03 -6.818633134871e-03
7.066414462201e-03 -2.475475814144e-03 6.959840376145e-02
2.308007125224e-02 -3.152403362582e-03 8.519021460257e-02
-6.796308512195e-03 2.470780271154e-03 -1.215341250262e-02
-2.379755600274e-01 -3.004275015701e-03 1.160112372198e-01
2.291916370529e-02 -1.866224105115e-01 6.840163003804e-03
1.305253371937e-01 1.002659046755e-03 -1.468404951820e-01
1.697992529480e-02 1.849324394119e-01 3.416868469565e-03
1.381319635559e-01 -1.482207853370e-03 3.764789109711e-02
8.677136377828e-03 1.803243808696e-03 -1.114515841792e-01
-6.770622438631e-01 3.160322841506e-04 9.892733726652e-02
6.571968798243e-02 -2.255677622957e-01 -3.274513838279e-04
1.431047155052e-02 -2.015462782186e-01 8.620216948797e-03
1.435777423181e-01 -3.929510409572e-03 -2.374236526945e-01
1.329463769594e-01 5.267292040624e-03 -1.555555093461e-01
1.092053351735e-02 2.026632033928e-01 1.040999223082e-02
6.427039420349e-02 2.244263659880e-01 1.456941430958e-03
Mode 28
1.843469655568e-02 3.587705445431e-03 6.876796676997e-03
-4.898187999214e-01 1.091152494287e-03 -1.125893095713e-01
3.256256858788e-02 7.902002575339e-04 -1.167863635469e-01
4.017415184230e-02 -3.848113082981e-03 3.305619904790e-01
6.796308512195e-03 -2.470780271154e-03 1.215341250262e-02
2.588997405718e-01 -2.264010443350e-03 -2.275209849411e-01
-7.246165758797e-02 8.997708420663e-04 1.065293320735e-01
2.496089911787e-02 1.121620717268e-03 -3.841478207922e-02
-3.175720763007e-02 1.349159553886e-03 2.626136957661e-02
-3.157956500394e-03 -1.952461670364e-02 -1.043152209975e-02
1.466808393221e-02 -2.806896273878e-03 -8.773177706244e-03
-3.638352011801e-03 2.199539697479e-02 -1.721890402866e-03
5.537253389011e-02 -2.357507562058e-03 -8.904114020319e-02
-5.509251415569e-02 -1.954080861714e-03 6.722060669557e-01
1.978026941351e-02 5.717674170870e-03 3.124178522436e-02
1.649405230144e-02 -4.219694122687e-02 6.882179144231e-03
-1.951016346350e-02 -5.722369713861e-03 2.620320603448e-02
1.574355084003e-02 -6.722320054479e-04 -4.185318041772e-02
-9.217348277841e-03 -1.793852722715e-03 -3.438398338499e-03
-2.253985935222e-02 3.143012276601e-03 2.969976791510e-02
1.418768842080e-02 3.871311740456e-02 -6.354600936030e-05
Mode 29
0.000000000000e+00 0.000000000000e+00 0.000000000000e+00
0.000000000000e+00 0.000000000000e+00 0.000000000000e+00
-6.086561230774e-04 1.313001498433e-02 -5.218452283492e-03
-3.029695888723e-03 8.865381990462e-03 3.496561880626e-03
1.697707757561e-03 -6.778004364710e-02 1.727272870099e-03
-3.029695888723e-03 8.865381990462e-03 3.496561880626e-03
0.000000000000e+00 0.000000000000e+00 0.000000000000e+00
0.000000000000e+00 0.000000000000e+00 0.000000000000e+00
-2.786759392044e-03 1.224300723099e-01 1.763906543293e-03
-2.819406327323e-03 -3.264993614498e-02 -6.265806107509e-02
3.638352011801e-03 -2.199539697479e-02 1.721890402866e-03
6.938153850530e-03 -3.086547450825e-02 5.567031978108e-02
1.697707757561e-03 -6.778004364710e-02 1.727272870099e-03
0.000000000000e+00 0.000000000000e+00 0.000000000000e+00
-8.515926197561e-04 -1.004346753351e-01 -3.485796946159e-03
3.401391051062e-01 -1.302039936778e-01 -2.331358170850e-01
-3.300429947553e-01 1.188631358732e-01 2.992376589658e-01
-6.031786411261e-04 2.817794093016e-01 2.586873872654e-05
6.031786411261e-04 -2.817794093016e-01 -2.586873872654e-05
3.274991718599e-01 1.171316267560e-01 -2.992064077599e-01
-3.401445825882e-01 -1.384454006394e-01 2.278914960628e-01
Mode 30
0.000000000000e+00 0.000000000000e+00 0.000000000000e+00
-1.359261702439e-02 4.941560542307e-03 -2.430682500523e-02
7.871775420015e-03 -3.361160027239e-04 -2.092659020886e-02
-7.871775420015e-03 3.361160027239e-04 2.092659020886e-02
-8.141881370021e-03 3.408115457142e-04 -3.651840104997e-02
1.870480250569e-02 3.583009902441e-03 6.432178793583e-02
2.684668387571e-02 3.242198356727e-03 1.008401889858e-01
-6.796308512195e-03 2.470780271154e-03 -1.215341250262e-02
-1.924501440570e-02 -3.573618816460e-03 -1.792117704535e-01
7.655819255005e-02 4.700075792670e-02 9.016524778308e-02
-9.957844741368e-02 -2.337731971670e-03 -5.175584817109e-02
7.267690404157e-02 -4.456853541790e-02 9.017601271755e-02
-2.415553816006e-02 1.017739094152e-03 -5.211021189109e-02
2.150933815639e-03 4.269328536859e-03 -6.616000542295e-02
-4.835627033093e-01 -1.370236690886e-03 -2.153258795864e-01
-2.116087510734e-01 3.125607777771e-01 -3.205458882213e-02
1.312567764465e-01 -2.523867515607e-01 -1.329382799404e-01
-1.085207328493e-01 -6.289726677766e-03 2.651107124961e-01
1.612070779160e-01 -2.481164775561e-03 -1.400218620471e-01
1.311394707988e-01 2.565220383797e-01 -1.363777218763e-01
-2.185306904345e-01 -3.074419222115e-01 -3.903590405147e-02
Mode 31
0.000000000000e+00 0.000000000000e+00 0.000000000000e+00
0.000000000000e+00 0.000000000000e+00 0.000000000000e+00
0.000000000000e+00 0.000000000000e+00 0.000000000000e+00
0.000000000000e+00 0.000000000000e+00 0.000000000000e+00
-3.029695888723e-03 8.865381990462e-03 3.496561880626e-03
0.000000000000e+00 0.000000000000e+00 0.000000000000e+00
0.000000000000e+00 0.000000000000e+00 0.000000000000e+00
0.000000000000e+00 0.000000000000e+00 0.000000000000e+00
4.727403646284e-03 -7.664542563756e-02 -1.769289010526e-03
-5.126737109357e-02 -4.373210159975e-03 5.246457561108e-02
-1.697707757561e-03 6.778004364710e-02 -1.727272870099e-03
4.507971870445e-02 -6.286024553203e-03 -5.939953583021e-02
0.000000000000e+00 0.000000000000e+00 0.000000000000e+00
0.000000000000e+00 0.000000000000e+00 0.000000000000e+00
-1.173056477688e-04 5.089087899404e-01 -3.439441935939e-03
3.565924032277e-01 -2.046856111139e-03 -3.150201078350e-01
-3.114855150699e-02 -1.178085543045e-02 3.147982186010e-02
-4.913504753087e-04 -4.957787749560e-01 -1.779010347553e-03
-2.786759392044e-03 1.224300723099e-01 1.763906543293e-03
3.781659940751e-02 -1.907992353481e-02 -3.325449333786e-02
-3.590134429933e-01 -2.217776882730e-03 3.237351219991e-01
Mode 32
0.000000000000e+00 0.000000000000e+00 0.000000000000e+00
7.058082972233e-02 -5.173794921916e-03 1.707566460824e-02
7.871775420015e-03 -3.361160027239e-04 -2.092659020886e-02
-3.417824739571e-02 -2.915473439983e-03 3.497638374072e-02
6.216884240230e-02 -4.828287833211e-03 -7.688772770057e-02
-2.421039765646e-03 -4.264632993869e-03 8.715014164117e-03
-5.402696103228e-02 4.487476287497e-03 1.134061287505e-01
7.871775420015e-03 -3.361160027239e-04 -2.092659020886e-02
4.232012876573e-02 2.574661894269e-03 1.542017309252e-03
-3.398154256098e-02 1.235390135577e-02 -6.076706251308e-02
7.219650853016e-02 -3.048521739467e-03 9.888564441443e-02
-3.034319054917e-02 -9.641495619025e-03 -5.904517211021e-02
-2.844107653741e-01 5.458673692844e-03 -3.746741509910e-01
-1.305240512438e-02 4.932169456327e-03 9.058315751244e-02
-4.005331676934e-01 -4.996325251884e-04 -3.119185702725e-02
-2.014175476358e-01 -9.627293054589e-02 2.411690161453e-01
2.152666858835e-01 1.481113673918e-01 -1.890060231793e-01
7.084597878013e-02 -3.025044024516e-03 -1.883393118797e-01
-1.940397524539e-01 1.695660061017e-03 1.993632343352e-01
2.096822121355e-01 -1.443272766230e-01 -1.959668521372e-01
-2.059020147854e-01 9.393718541107e-02 2.412056498185e-01
Mode 33
0.000000000000e+00 0.000000000000e+00 0.000000000000e+00
-1.011941262215e-01 -4.463005154119e-03 -1.335658279773e-01
-6.324430931012e-02 2.693623564782e-03 1.099677304120e-01
1.843469655568e-02 3.587705445431e-03 6.876796676997e-03
3.068174072225e-02 -3.483823822316e-03 6.818633134871e-03
2.550111101788e-02 1.112229631287e-03 7.647520043845e-02
7.219155163796e-02 -8.950752990761e-04 -1.639743233324e-01
-7.871775420015e-03 3.361160027239e-04 2.092659020886e-02
1.075466907820e-03 2.134664268430e-03 -3.308000271148e-02
-1.117157725874e-02 9.206193536176e-03 -3.302183916935e-02
4.259023471574e-02 2.569966351279e-03 5.898700856809e-02
-1.056292113567e-02 -3.923821448155e-03 -2.780338688586e-02
3.117976611498e-01 -2.225866422098e-03 5.904043224945e-01
8.407030427822e-03 1.807939351686e-03 -1.688965754380e-01
-3.779933083412e-01 -3.642644801790e-03 -6.089162494235e-02
-1.710194975902e-01 -4.296736589402e-02 1.609538347232e-01
1.882368818998e-01 7.281510130811e-02 -1.645139426132e-01
4.857622537791e-02 1.132727090957e-04 -1.011945527058e-01
-1.226535617737e-01 -1.338775049479e-03 1.259139049732e-01
1.830236052601e-01 -7.766885369313e-02 -1.592793429280e-01
-1.665295529587e-01 3.547191246626e-02 1.661615220723e-01
Mode 34
0.000000000000e+00 0.000000000000e+00 0.000000000000e+00
-2.469079316786e-02 -1.126316260258e-03 9.585977333806e-02
7.622827021144e-02 5.494830877242e-03 -9.087935769031e-02
3.041163477224e-02 -3.479128279325e-03 -5.062635812396e-02
-1.983465769773e-01 -4.689550572311e-03 6.882327743432e-02
-9.487454227847e-03 -1.789157179725e-03 -6.088338959733e-02
6.513009406796e-02 -5.730459253229e-04 2.928724065298e-02
0.000000000000e+00 0.000000000000e+00 0.000000000000e+00
-5.725831864795e-02 2.369299225989e-04 -5.021383086184e-02
6.796308512195e-03 -2.470780271154e-03 1.215341250262e-02
4.259023471574e-02 2.569966351279e-03 5.898700856809e-02
6.796308512195e-03 -2.470780271154e-03 1.215341250262e-02
2.697377245497e-01 -4.983309785760e-04 1.205873609504e-01
1.075466907820e-03 2.134664268430e-03 -3.308000271148e-02
4.708438914658e-01 -4.669466853737e-03 -9.177469623347e-03
-2.374353481274e-01 -3.013666101681e-03 2.309012197375e-01
3.027757317568e-01 -3.907469795908e-02 -2.677686020402e-01
4.615518561227e-02 -4.151360284773e-03 -9.247953854169e-02
-9.089635414365e-02 -2.687934603365e-03 9.965253539655e-02
3.096867161540e-01 4.362921339506e-02 -2.712759288553e-01
-2.404650440161e-01 5.851715888781e-03 2.343977816181e-01
Mode 35
0.000000000000e+00 0.000000000000e+00 0.000000000000e+00
0.000000000000e+00 0.000000000000e+00 0.000000000000e+00
0.000000000000e+00 0.000000000000e+00 0.000000000000e+00
0.000000000000e+00 0.000000000000e+00 0.000000000000e+00
-3.029695888723e-03 8.865381990462e-03 3.496561880626e-03
0.000000000000e+00 0.000000000000e+00 0.000000000000e+00
0.000000000000e+00 0.000000000000e+00 0.000000000000e+00
0.000000000000e+00 0.000000000000e+00 0.000000000000e+00
1.697707757561e-03 -6.778004364710e-02 1.727272870099e-03
-7.421918173413e-02 2.716919189671e-02 -1.879755501111e-02
-1.940644254240e-03 -4.578464667230e-02 5.382467233395e-06
7.313013009965e-02 2.748083676605e-02 2.228873442450e-02
0.000000000000e+00 0.000000000000e+00 0.000000000000e+00
0.000000000000e+00 0.000000000000e+00 0.000000000000e+00
5.218754121593e-03 4.191333493185e-01 9.721337026355e-06
7.638370027644e-02 -7.968455629104e-02 -1.777362711376e-02
2.370696285010e-01 1.297083714054e-01 -2.378523273583e-01
-1.206357282252e-03 5.635588186031e-01 5.173747745308e-05
1.449293778931e-03 -4.499941282837e-01 -1.784392814786e-03
-2.340344551303e-01 1.300756409214e-01 2.396000864999e-01
-7.856728102735e-02 -7.966478070066e-02 1.951166491833e-02
Mode 36
0.000000000000e+00 0.000000000000e+00 0.000000000000e+00
0.000000000000e+00 0.000000000000e+00 0.000000000000e+00
0.000000000000e+00 0.000000000000e+00 0.000000000000e+00
0.000000000000e+00 0.000000000000e+00 0.000000000000e+00
-3.029695888723e-03 8.865381990462e-03 3.496561880626e-03
0.000000000000e+00 0.000000000000e+00 0.000000000000e+00
0.000000000000e+00 0.000000000000e+00 0.000000000000e+00
0.000000000000e+00 0.000000000000e+00 0.000000000000e+00
-8.515926197561e-04 -1.004346753351e-01 -3.485796946159e-03
4.931314211266e-02 1.537325641887e-02 -8.204801644194e-02
1.940644254240e-03 4.578464667230e-02 -5.382467233395e-06
-5.598119001319e-02 1.548752254639e-02 8.382268791969e-02
0.000000000000e+00 0.000000000000e+00 0.000000000000e+00
0.000000000000e+00 0.000000000000e+00 0.000000000000e+00
4.372638983788e-03 5.873480683006e-01 1.768245413086e-03
-2.460440402822e-01 -1.793753380873e-02 2.326812736824e-01
-3.077596566264e-01 5.894012620844e-02 2.416817230900e-01
3.395415515122e-03 -1.355600872942e-01 3.454545740199e-03
5.573518784089e-03 -2.448601446197e-01 -3.527813086586e-03
3.080025931231e-01 5.462456411096e-02 -2.434143784273e-01
2.465244357936e-01 -2.358247986971e-02 -2.413909053793e-01
Mode 37
0.000000000000e+00 0.000000000000e+00 0.000000000000e+00
-8.275447277363e-02 -3.028746149079e-03 1.361709364465e-01
-2.298386355496e-01 -1.191640121024e-03 -1.103303294771e-01
2.374403050196e-01 8.602196612905e-04 3.195874800936e-02
5.100222203577e-02 2.224459262574e-03 1.529504008769e-01
-1.451983780181e-01 3.957683667514e-03 -1.072462948586e-01
2.266072779339e-01 -3.058906243874e-03 -5.328963013533e-02
-5.450735654369e-03 4.600748996593e-03 1.221157604474e-02
2.630647197570e-02 3.251589442707e-03 -1.404979353186e-02
-2.630647197570e-02 -3.251589442707e-03 1.404979353186e-02
1.466808393221e-02 -2.806896273878e-03 -8.773177706244e-03
-2.630647197570e-02 -3.251589442707e-03 1.404979353186e-02
-4.512702406714e-01 -5.753408903623e-04 -3.895572343921e-01
1.762437870566e-02 3.601792074402e-03 -1.654581770995e-01
-5.318688227372e-01 -1.488204942972e-03 -5.668633562174e-02
1.007223585446e-01 -8.648227658251e-03 -9.099568477456e-02
6.532679890270e-02 1.469632887043e-02 -6.645620560082e-02
1.708912369786e-02 1.457736719992e-03 -1.748819187036e-02
-1.466808393221e-02 2.806896273878e-03 8.773177706244e-03
7.199484680322e-02 -1.616445009483e-02 -6.823087707858e-02
9.708400653276e-02 1.334716931654e-02 -9.271757517743e-02
Mode 38
0.000000000000e+00 0.000000000000e+00 0.000000000000e+00
7.871775420015e-03 -3.361160027239e-04 -2.092659020886e-02
6.796308512195e-03 -2.470780271154e-03 1.215341250262e-02
-1.466808393221e-02 2.806896273878e-03 8.773177706244e-03
-8.141881370021e-03 3.408115457142e-04 -3.651840104997e-02
1.359261702439e-02 -4.941560542307e-03 2.430682500523e-02
-1.708912369786e-02 -1.457736719992e-03 1.748819187036e-02
0.000000000000e+00 0.000000000000e+00 0.000000000000e+00
4.339559567355e-02 4.709326162699e-03 -3.153798540222e-02
-1.123607465881e-01 2.589741941667e-03 9.627230060018e-02
5.564263984012e-02 -2.362203105048e-03 -3.159614894435e-02
-1.093310506993e-01 -6.275640048796e-03 9.277573871955e-02
6.796308512195e-03 -2.470780271154e-03 1.215341250262e-02
-2.421039765646e-03 -4.264632993869e-03 8.715014164117e-03
7.407733639580e-02 1.225502340383e-03 -2.471935226735e-02
3.939421918504e-01 -3.639145889871e-02 -3.099761461779e-01
3.449540151842e-01 -8.105341827724e-03 -3.097434920094e-01
6.082326954448e-02 -6.958256558651e-03 -1.012527162479e-01
-3.766612623472e-03 -6.394601719308e-03 -1.564997438324e-02
3.388946234067e-01 9.625422153201e-03 -3.027503682481e-01
3.922444840929e-01 3.138858474839e-02 -3.117034190480e-01
Mode 39
0.000000000000e+00 0.000000000000e+00 0.000000000000e+00
0.000000000000e+00 0.000000000000e+00 0.000000000000e+00
0.000000000000e+00 0.000000000000e+00 0.000000000000e+00
0.000000000000e+00 0.000000000000e+00 0.000000000000e+00
-3.029695888723e-03 8.865381990462e-03 3.496561880626e-03
0.000000000000e+00 0.000000000000e+00 0.000000000000e+00
0.000000000000e+00 0.000000000000e+00 0.000000000000e+00
0.000000000000e+00 0.000000000000e+00 0.000000000000e+00
1.089051634484e-03 -5.465002866276e-02 -3.491179413392e-03
2.340503669864e-02 4.050697012727e-02 3.374852329138e-03
3.875811026528e-03 -1.770801009726e-01 -5.255085956685e-03
-2.194478795581e-02 4.679769022346e-02 5.329396900512e-03
0.000000000000e+00 0.000000000000e+00 0.000000000000e+00
0.000000000000e+00 0.000000000000e+00 0.000000000000e+00
5.477481951267e-06 2.686493943172e-01 5.244321022218e-03
5.744143875602e-02 7.181713780435e-02 -7.511843869004e-02
-1.478845668416e-01 -2.455700223756e-03 1.068836957935e-01
2.189058232870e-03 4.279987313089e-01 3.506283217652e-03
-1.118281658174e-04 7.775581842576e-01 1.804879086279e-03
1.509142627303e-01 -6.409681766706e-03 -1.103802576742e-01
-5.222816211638e-02 7.866681719689e-02 6.988383900485e-02
Mode 40
0.000000000000e+00 0.000000000000e+00 0.000000000000e+00
1.547840178223e-02 -2.820982902848e-03 1.635617960703e-01
1.031433983102e-01 -4.383594664382e-03 -9.971069893868e-02
-1.289146152781e-01 3.276060576085e-03 -3.420949275861e-02
-3.229246263787e-02 -7.948958005241e-04 1.742313548058e-01
6.351441526013e-02 -2.698319107772e-03 -5.252273915321e-02
-7.461754829581e-02 -1.216111254402e-03 -9.017063025032e-02
9.217348277841e-03 1.793852722715e-03 3.438398338499e-03
1.495002456494e-01 4.580973406205e-03 -2.507371598735e-02
-1.843469655568e-02 -3.587705445431e-03 -6.876796676997e-03
2.421039765646e-03 4.264632993869e-03 -8.715014164117e-03
-1.843469655568e-02 -3.587705445431e-03 -6.876796676997e-03
3.576777839199e-01 -4.219084723491e-03 1.776198249471e-01
-8.947242327834e-03 -1.798548265706e-03 5.400659292034e-02
-7.747598634112e-01 2.252324392330e-03 -7.643350758636e-02
5.899730117525e-02 3.243178839434e-02 -1.169080730984e-01
-4.967886173906e-02 1.113214488849e-01 7.509690882111e-02
-5.180629704363e-03 4.596053453603e-03 6.965656730358e-02
-5.940925246359e-02 -4.032398614260e-03 1.594617456111e-02
-5.016473473242e-02 -1.158079317539e-01 7.856221949578e-02
6.069500893281e-02 -3.534825525275e-02 -1.151808002283e-01
Mode 41
0.000000000000e+00 0.000000000000e+00 0.000000000000e+00
-7.004061782232e-02 5.164403835935e-03 9.781431790943e-02
4.259023471574e-02 2.569966351279e-03 5.898700856809e-02
7.601669470008e-03 -3.314204597337e-04 -7.837158146770e-02
1.342969067094e-01 5.243814325673e-03 1.316694469480e-01
1.248094524816e-01 3.454657145947e-03 7.078605735071e-02
-1.481596296838e-01 -2.975582403751e-04 -2.134212632121e-01
6.796308512195e-03 -2.470780271154e-03 1.215341250262e-02
-1.701592771360e-01 2.836062950246e-03 -6.883151277933e-02
1.420127314747e-02 -1.807157552664e-02 2.952527728872e-02
1.466808393221e-02 -2.806896273878e-03 -8.773177706244e-03
9.954265012590e-03 1.705383643249e-02 2.258493460237e-02
-4.987759560337e-01 3.599497109362e-03 -5.843026521446e-01
-6.526202562189e-03 2.466084728163e-03 4.529157875622e-02
2.689274066997e-01 -4.842443496053e-04 -5.174761282608e-02
-1.187038290422e-01 7.710989439677e-02 1.623160980451e-02
1.870467391069e-01 -1.449425458561e-02 -1.157732005840e-01
1.466808393221e-02 -2.806896273878e-03 -8.773177706244e-03
-1.466808393221e-02 2.806896273878e-03 8.773177706244e-03
1.834083870951e-01 7.501142389178e-03 -1.174950909869e-01
-1.239171056818e-01 -7.337406060446e-02 2.146620948970e-02
Mode 42
0.000000000000e+00 0.000000000000e+00 0.000000000000e+00
-2.630647197570e-02 -3.251589442707e-03 1.404979353186e-02
2.523100506788e-02 1.116925174277e-03 1.903020917961e-02
5.450735654369e-03 -4.600748996593e-03 -1.221157604474e-02
-4.366570162356e-02 -4.704630619708e-03 -2.590700585661e-02
1.978026941351e-02 5.717674170870e-03 3.124178522436e-02
7.871775420015e-03 -3.361160027239e-04 -2.092659020886e-02
0.000000000000e+00 0.000000000000e+00 0.000000000000e+00
3.068174072225e-02 -3.483823822316e-03 6.818633134871e-03
3.029695888723e-03 -8.865381990462e-03 -3.496561880626e-03
2.496089911787e-02 1.121620717268e-03 -3.841478207922e-02
-2.068904865911e-03 -7.417464536640e-02 -1.392270151314e-02
-8.141385680801e-02 1.254669016751e-03 -1.023240427529e-01
7.871775420015e-03 -3.361160027239e-04 -2.092659020886e-02
-5.456717293230e-02 4.496867373478e-03 -1.483853767125e-03
-1.723096903619e-02 2.693695751710e-02 -2.602871540810e-02
-1.138186682014e-02 5.072151167162e-02 3.313278378637e-02
6.732821181336e-03 8.496397186807e-03 3.846849104836e-01
-3.625149065590e-01 -6.463627704638e-03 1.026701711279e-01
-2.001529625482e-01 5.173680365243e-01 -1.696145818205e-01
2.936064216806e-01 3.785539592095e-01 3.241792237556e-01
Mode 43
0.000000000000e+00 0.000000000000e+00 0.000000000000e+00
2.388543221005e-02 -1.013043551162e-03 -5.334779367745e-03
-1.601365679004e-02 6.769275484381e-04 -1.559181084111e-02
-2.421039765646e-03 -4.264632993869e-03 8.715014164117e-03
3.444835334572e-02 2.910777896993e-03 2.246860751811e-02
-1.359261702439e-02 4.941560542307e-03 -2.430682500523e-02
-7.871775420015e-03 3.361160027239e-04 2.092659020886e-02
0.000000000000e+00 0.000000000000e+00 0.000000000000e+00
-1.843469655568e-02 -3.587705445431e-03 -6.876796676997e-03
8.494016269756e-03 -7.025082391825e-02 1.388068537272e-02
-1.951016346350e-02 -5.722369713861e-03 2.620320603448e-02
-5.578996266040e-03 -2.378924969751e-02 -1.716507935633e-03
5.618285174013e-02 -2.371594191029e-03 8.329383357332e-02
-5.450735654369e-03 4.600748996593e-03 1.221157604474e-02
4.171147264265e-02 1.570467687860e-02 -3.676434974240e-03
-3.067022107477e-01 3.908157706061e-01 -3.414627173910e-01
1.939872200869e-01 5.465703060314e-01 1.836569056902e-01
-1.350529750032e-03 2.347771495116e-05 -2.872249562942e-01
2.706115297306e-01 -1.147959506551e-02 -7.960916325406e-02
-3.920292644533e-02 1.873040336030e-01 -7.987696510375e-02
1.032494463608e-01 1.354223434517e-01 1.178997061923e-01
Mode 44
0.000000000000e+00 0.000000000000e+00 0.000000000000e+00
-1.272989364703e-01 5.401333758534e-03 4.760048704759e-02
1.063747559259e-01 -1.330482994837e-04 6.390926067371e-02
3.041163477224e-02 -3.479128279325e-03 -5.062635812396e-02
-2.035321635739e-01 2.059949321683e-03 -1.243801230089e-01
5.207768894359e-02 4.359123531004e-03 1.198703981654e-01
8.060353895799e-02 -1.240582387781e-03 -7.001093102357e-02
-2.421039765646e-03 -4.264632993869e-03 8.715014164117e-03
1.234638796237e-01 1.324688420508e-03 4.642106880335e-02
-6.796308512195e-03 2.470780271154e-03 -1.215341250262e-02
-5.126737109357e-02 -4.373210159975e-03 5.246457561108e-02
-3.766612623472e-03 -6.394601719308e-03 -1.564997438324e-02
-3.123329161576e-01 8.181106768796e-05 -4.424343372653e-01
1.002270923565e-02 3.933212534135e-03 -8.708659563181e-02
-1.733856778595e-01 -3.567929855043e-03 3.040849535509e-02
2.887850550388e-03 1.952931224663e-02 -4.701346915909e-02
-8.082741324605e-02 9.954059345442e-02 1.065767306812e-01
-2.739185266793e-02 -1.079360830355e-03 -4.785901392503e-01
4.727247193314e-01 -3.954427738877e-04 -1.327824663051e-01
-8.798133413993e-02 -9.672800821912e-02 1.118167128336e-01
9.472062961484e-04 -2.625533442567e-02 -4.700808669185e-02
Mode 45
0.000000000000e+00 0.000000000000e+00 0.000000000000e+00
1.601365679004e-02 -6.769275484381e-04 1.559181084111e-02
-1.359261702439e-02 4.941560542307e-03 -2.430682500523e-02
-1.466808393221e-02 2.806896273878e-03 8.773177706244e-03
5.046201013575e-02 2.233850348555e-03 3.806041835923e-02
5.450735654369e-03 -4.600748996593e-03 -1.221157604474e-02
-3.068174072225e-02 3.483823822316e-03 -6.818633134871e-03
0.000000000000e+00 0.000000000000e+00 0.000000000000e+00
-1.601365679004e-02 6.769275484381e-04 -1.559181084111e-02
1.331988131162e-03 5.891466165663e-02 -5.223834750725e-03
-4.205002281573e-02 -2.579357437259e-03 5.590297394958e-02
1.089051634484e-03 -5.465002866276e-02 -3.491179413392e-03
6.782123978362e-02 3.686891525556e-03 7.801721774770e-02
-5.450735654369e-03 4.600748996593e-03 1.221157604474e-02
-3.202731358007e-02 1.353855096876e-03 -3.118362168223e-02
1.875728456905e-01 -2.285217934980e-01 2.271436053601e-01
-1.081105881007e-01 -3.558163108255e-01 -1.353028221844e-01
-2.470070695228e-02 3.180576620523e-03 -4.298601621556e-01
4.249538549113e-01 1.630644328436e-03 -1.221129075696e-01
-1.065247085089e-01 3.539618297850e-01 -1.317706702280e-01
1.861235519116e-01 2.214723347857e-01 2.289279981749e-01
Mode 46
0.000000000000e+00 0.000000000000e+00 0.000000000000e+00
-1.706895752516e-01 -1.461438844555e-03 3.419984401966e-01
1.052943321259e-01 -1.142661275227e-04 -1.658707043616e-01
-3.242999405898e-01 2.841751911663e-03 1.407887530293e-01
3.166933142276e-01 -3.568850115388e-04 -3.252771393084e-01
-1.283744033781e-01 3.266669490105e-03 8.068048975906e-02
3.150825923119e-01 -4.635604634379e-03 -1.442271513678e-01
-5.450735654369e-03 4.600748996593e-03 1.221157604474e-02
-8.329468467364e-02 -3.019355063098e-03 2.128095392886e-02
-2.421039765646e-03 -4.264632993869e-03 8.715014164117e-03
1.466808393221e-02 -2.806896273878e-03 -8.773177706244e-03
-3.029695888723e-03 8.865381990462e-03 3.496561880626e-03
3.278014041555e-01 1.404098910245e-03 8.027619784196e-02
1.627880584784e-02 1.471823348962e-03 -1.898231656469e-01
4.097505159713e-01 2.293485247904e-03 3.463025536575e-02
-1.965200880184e-02 2.267232452323e-02 -1.731370124398e-02
3.794486001918e-02 9.310075159292e-03 -1.932640935748e-02
8.141881370021e-03 -3.408115457142e-04 3.651840104997e-02
-4.777086442010e-02 2.026087102324e-03 1.066955873549e-02
3.236586375314e-02 -1.447917453822e-02 -2.104291729311e-02
-2.159265305608e-02 -2.311232214907e-02 -1.730831877675e-02
Mode 47
0.000000000000e+00 0.000000000000e+00 0.000000000000e+00
1.174778889616e-01 3.781382062691e-03 2.066026300772e-01
-3.223556253933e-01 -3.851401466447e-03 -3.553477416335e-01
2.298386355496e-01 1.191640121024e-03 1.103303294771e-01
-1.071850737759e-01 1.471349284543e-04 -2.362442344502e-01
2.029969085661e-01 -4.204004676093e-03 2.723501082381e-01
-2.537240677597e-01 -1.785965698621e-04 -1.049955501093e-01
2.421039765646e-03 4.264632993869e-03 -8.715014164117e-03
8.141881370021e-03 -3.408115457142e-04 3.651840104997e-02
5.450735654369e-03 -4.600748996593e-03 -1.221157604474e-02
0.000000000000e+00 0.000000000000e+00 0.000000000000e+00
2.421039765646e-03 4.264632993869e-03 -8.715014164117e-03
3.853347856456e-01 -9.909729957348e-04 4.507949877095e-01
-1.574355084003e-02 6.722320054479e-04 4.185318041772e-02
1.142465313459e-01 -4.691643022076e-04 4.298267046485e-02
-3.808670535752e-02 1.908461907780e-02 -2.419049792098e-02
-1.925364224016e-02 5.105762767434e-02 5.405937399523e-02
-1.075466907820e-03 -2.134664268430e-03 3.308000271148e-02
-2.388543221005e-02 1.013043551162e-03 5.334779367745e-03
-2.010523485991e-02 -4.937704766072e-02 5.057357704907e-02
-3.081000133392e-02 -2.490617487179e-02 -2.074671711525e-02
Mode 48
0.000000000000e+00 0.000000000000e+00 0.000000000000e+00
0.000000000000e+00 0.000000000000e+00 0.000000000000e+00
0.000000000000e+00 0.000000000000e+00 0.000000000000e+00
0.000000000000e+00 0.000000000000e+00 0.000000000000e+00
0.000000000000e+00 0.000000000000e+00 0.000000000000e+00
0.000000000000e+00 0.000000000000e+00 0.000000000000e+00
0.000000000000e+00 0.000000000000e+00 0.000000000000e+00
3.068174072225e-02 -3.483823822316e-03 6.818633134871e-03
0.000000000000e+00 0.000000000000e+00 0.000000000000e+00
0.000000000000e+00 0.000000000000e+00 0.000000000000e+00
0.000000000000e+00 0.000000000000e+00 0.000000000000e+00
0.000000000000e+00 0.000000000000e+00 0.000000000000e+00
0.000000000000e+00 0.000000000000e+00 0.000000000000e+00
-9.975320844986e-01 -1.414791542838e-03 -1.171654333020e-01
0.000000000000e+00 0.000000000000e+00 0.000000000000e+00
0.000000000000e+00 0.000000000000e+00 0.000000000000e+00
0.000000000000e+00 0.000000000000e+00 0.000000000000e+00
0.000000000000e+00 0.000000000000e+00 0.000000000000e+00
0.000000000000e+00 0.000000000000e+00 0.000000000000e+00
0.000000000000e+00 0.000000000000e+00 0.000000000000e+00
0.000000000000e+00 0.000000000000e+00 0.000000000000e+00
Mode 49
0.000000000000e+00 0.000000000000e+00 0.000000000000e+00
0.000000000000e+00 0.000000000000e+00 0.000000000000e+00
0.000000000000e+00 0.000000000000e+00 0.000000000000e+00
0.000000000000e+00 0.000000000000e+00 0.000000000000e+00
0.000000000000e+00 0.000000000000e+00 0.000000000000e+00
0.000000000000e+00 0.000000000000e+00 0.000000000000e+00
0.000000000000e+00 0.000000000000e+00 0.000000000000e+00
0.000000000000e+00 0.000000000000e+00 0.000000000000e+00
0.000000000000e+00 0.000000000000e+00 0.000000000000e+00
-4.855664257955e-03 4.825542694346e-02 -1.215879496985e-02
0.000000000000e+00 0.000000000000e+00 0.000000000000e+00
8.736952766435e-03 4.331386640115e-02 1.214803003538e-02
0.000000000000e+00 0.000000000000e+00 0.000000000000e+00
0.000000000000e+00 0.000000000000e+00 0.000000000000e+00
0.000000000000e+00 0.000000000000e+00 0.000000000000e+00
-2.022518845866e-01 -3.059700988626e-01 -2.288590696983e-01
2.967670079437e-01 -1.960049056525e-01 3.537109271089e-01
3.310278048789e-02 7.808091715534e-04 -1.896381029247e-03
-6.796308512195e-03 2.470780271154e-03 -1.215341250262e-02
-3.346217317685e-01 -2.086445735847e-01 -3.901227224117e-01
2.316042669405e-01 -3.505118681820e-01 2.600017188376e-01
Mode 50
0.000000000000e+00 0.000000000000e+00 0.000000000000e+00
0.000000000000e+00 0.000000000000e+00 0.000000000000e+00
0.000000000000e+00 0.000000000000e+00 0.000000000000e+00
0.000000000000e+00 0.000000000000e+00 0.000000000000e+00
0.000000000000e+00 0.000000000000e+00 0.000000000000e+00
0.000000000000e+00 0.000000000000e+00 0.000000000000e+00
0.000000000000e+00 0.000000000000e+00 0.000000000000e+00
0.000000000000e+00 0.000000000000e+00 0.000000000000e+00
0.000000000000e+00 0.000000000000e+00 0.000000000000e+00
-4.247008134878e-03 3.512541195912e-02 -6.940342686358e-03
3.175720763007e-02 -1.349159553886e-03 -2.626136957661e-02
-1.176664865516e-02 -3.444848441069e-02 -8.651468154757e-03
0.000000000000e+00 0.000000000000e+00 0.000000000000e+00
0.000000000000e+00 0.000000000000e+00 0.000000000000e+00
8.947242327834e-03 1.798548265706e-03 -5.400659292034e-02
-1.898765798084e-01 -2.846516294362e-01 -2.149891492601e-01
2.825657347963e-01 -1.779333301259e-01 3.241856498202e-01
-5.145095930893e-01 -3.516376597104e-05 -1.672953623326e-02
9.689225859023e-02 -4.075651919599e-03 2.658858388232e-01
2.358622300393e-01 1.516615084933e-01 2.774307035684e-01
-1.640259636536e-01 2.406340693882e-01 -1.802518457525e-01
Mode 51
0.000000000000e+00 0.000000000000e+00 0.000000000000e+00
0.000000000000e+00 0.000000000000e+00 0.000000000000e+00
0.000000000000e+00 0.000000000000e+00 0.000000000000e+00
0.000000000000e+00 0.000000000000e+00 0.000000000000e+00
0.000000000000e+00 0.000000000000e+00 0.000000000000e+00
0.000000000000e+00 0.000000000000e+00 0.000000000000e+00
0.000000000000e+00 0.000000000000e+00 0.000000000000e+00
0.000000000000e+00 0.000000000000e+00 0.000000000000e+00
0.000000000000e+00 0.000000000000e+00 0.000000000000e+00
1.217312246155e-03 -2.626002996866e-02 1.043690456698e-02
4.642529156228e-02 -4.156055827764e-03 -3.503454728285e-02
2.549300377317e-03 3.265463168797e-02 5.213069816258e-03
0.000000000000e+00 0.000000000000e+00 0.000000000000e+00
0.000000000000e+00 0.000000000000e+00 0.000000000000e+00
-2.150933815639e-03 -4.269328536859e-03 6.616000542295e-02
1.273913997942e-01 1.911892972888e-01 1.404210947854e-01
-1.908454780759e-01 1.238224851691e-01 -2.219143881422e-01
-6.537170235531e-01 -6.876201810310e-04 -2.129742461889e-02
1.707044459282e-01 -4.998900476617e-03 4.465814630438e-01
-1.883016551806e-01 -1.121722774602e-01 -2.219456393481e-01
1.271429858155e-01 -1.910247873479e-01 1.369094291005e-01
Mode 52
0.000000000000e+00 0.000000000000e+00 0.000000000000e+00
0.000000000000e+00 0.000000000000e+00 0.000000000000e+00
0.000000000000e+00 0.000000000000e+00 0.000000000000e+00
0.000000000000e+00 0.000000000000e+00 0.000000000000e+00
0.000000000000e+00 0.000000000000e+00 0.000000000000e+00
0.000000000000e+00 0.000000000000e+00 0.000000000000e+00
0.000000000000e+00 0.000000000000e+00 0.000000000000e+00
0.000000000000e+00 0.000000000000e+00 0.000000000000e+00
2.701059500064e-04 -4.695542990234e-06 5.744499125884e-02
-2.596792180263e-02 -1.637690888405e-02 -3.817674544348e-02
2.523100506788e-02 1.116925174277e-03 1.903020917961e-02
-3.263596970315e-02 1.448387008121e-02 -3.640207396572e-02
0.000000000000e+00 0.000000000000e+00 0.000000000000e+00
0.000000000000e+00 0.000000000000e+00 0.000000000000e+00
3.692792355002e-02 -1.638320126708e-03 -6.216378723738e-01
1.830802712962e-01 2.871224097074e-01 2.028357367575e-01
1.582095083728e-01 -1.093386150879e-01 1.855123141765e-01
-2.054129914395e-01 -2.214074758167e-03 -7.751263271354e-04
-9.144152293587e-02 -5.250970769935e-04 -2.780974148679e-01
1.654916898783e-01 1.153199852798e-01 1.942004160044e-01
1.879249805903e-01 -2.984318058706e-01 2.045058896829e-01
Mode 53
0.000000000000e+00 0.000000000000e+00 0.000000000000e+00
0.000000000000e+00 0.000000000000e+00 0.000000000000e+00
0.000000000000e+00 0.000000000000e+00 0.000000000000e+00
0.000000000000e+00 0.000000000000e+00 0.000000000000e+00
0.000000000000e+00 0.000000000000e+00 0.000000000000e+00
0.000000000000e+00 0.000000000000e+00 0.000000000000e+00
0.000000000000e+00 0.000000000000e+00 0.000000000000e+00
0.000000000000e+00 0.000000000000e+00 0.000000000000e+00
-2.150933815639e-03 -4.269328536859e-03 6.616000542295e-02
1.298396090131e-02 8.188454442024e-03 1.908837272174e-02
-3.202731358007e-02 1.353855096876e-03 -3.118362168223e-02
2.280996530223e-02 -3.147707819592e-03 2.774522334373e-02
2.421039765646e-03 4.264632993869e-03 -8.715014164117e-03
0.000000000000e+00 0.000000000000e+00 0.000000000000e+00
4.668052683566e-02 2.299587950418e-03 -7.661694592645e-01
-8.662713344765e-02 -1.492292859845e-01 -9.708944306774e-02
-1.249648825466e-01 8.172473002234e-02 -1.438917879273e-01
2.385157719274e-01 2.994883929720e-03 -1.121254702111e-03
1.305352509781e-01 -3.304233834027e-03 3.788794403116e-01
-1.371027283101e-01 -9.467844340185e-02 -1.647386847251e-01
-1.074909770137e-01 1.683524628246e-01 -1.195957278565e-01
Mode 54
0.000000000000e+00 0.000000000000e+00 0.000000000000e+00
0.000000000000e+00 0.000000000000e+00 0.000000000000e+00
0.000000000000e+00 0.000000000000e+00 0.000000000000e+00
0.000000000000e+00 0.000000000000e+00 0.000000000000e+00
0.000000000000e+00 0.000000000000e+00 0.000000000000e+00
0.000000000000e+00 0.000000000000e+00 0.000000000000e+00
0.000000000000e+00 0.000000000000e+00 0.000000000000e+00
0.000000000000e+00 0.000000000000e+00 0.000000000000e+00
0.000000000000e+00 0.000000000000e+00 0.000000000000e+00
4.198157859266e-02 1.569998133561e-02 5.376855628460e-02
0.000000000000e+00 0.000000000000e+00 0.000000000000e+00
-3.943227821534e-02 1.695465035236e-02 -4.855548646834e-02
0.000000000000e+00 0.000000000000e+00 0.000000000000e+00
0.000000000000e+00 0.000000000000e+00 0.000000000000e+00
-1.345572857826e-03 -2.129968725439e-03 -2.436498854736e-02
-2.449567951874e-01 -3.937147568391e-01 -2.721853389487e-01
-2.739570426415e-01 1.928571978329e-01 -3.259657037652e-01
1.224704416656e-02 -7.071529267747e-03 -5.816354212691e-05
3.766612623472e-03 6.394601719308e-03 1.564997438324e-02
2.704388439967e-01 1.829622850844e-01 3.138273950669e-01
2.382723148410e-01 -3.813726471473e-01 2.582270473598e-01
Mode 55
0.000000000000e+00 0.000000000000e+00 0.000000000000e+00
0.000000000000e+00 0.000000000000e+00 0.000000000000e+00
0.000000000000e+00 0.000000000000e+00 0.000000000000e+00
0.000000000000e+00 0.000000000000e+00 0.000000000000e+00
0.000000000000e+00 0.000000000000e+00 0.000000000000e+00
0.000000000000e+00 0.000000000000e+00 0.000000000000e+00
0.000000000000e+00 0.000000000000e+00 0.000000000000e+00
0.000000000000e+00 0.000000000000e+00 0.000000000000e+00
-5.450735654369e-03 4.600748996593e-03 1.221157604474e-02
1.978026941351e-02 5.717674170870e-03 3.124178522436e-02
5.725831864795e-02 -2.369299225989e-04 5.021383086184e-02
2.280996530223e-02 -3.147707819592e-03 2.774522334373e-02
0.000000000000e+00 0.000000000000e+00 0.000000000000e+00
0.000000000000e+00 0.000000000000e+00 0.000000000000e+00
8.407030427822e-03 1.807939351686e-03 -1.688965754380e-01
-1.267827436711e-01 -2.043193122731e-01 -1.352026425019e-01
-1.748318212859e-01 1.231455576206e-01 -2.063225773011e-01
-4.322903753235e-01 8.495270286976e-04 -4.930487450643e-03
-2.083841568896e-01 -2.162423785274e-03 -6.326700301743e-01
-1.692583025018e-01 -1.217145869991e-01 -2.098503903877e-01
-1.301726817042e-01 1.998901693383e-01 -1.334128672198e-01
Mode 56
0.000000000000e+00 0.000000000000e+00 0.000000000000e+00
0.000000000000e+00 0.000000000000e+00 0.000000000000e+00
-6.593545502578e-02 -1.566313886097e-03 6.123775331733e-02
0.000000000000e+00 0.000000000000e+00 0.000000000000e+00
0.000000000000e+00 0.000000000000e+00 0.000000000000e+00
0.000000000000e+00 0.000000000000e+00 0.000000000000e+00
0.000000000000e+00 0.000000000000e+00 0.000000000000e+00
0.000000000000e+00 0.000000000000e+00 0.000000000000e+00
0.000000000000e+00 0.000000000000e+00 0.000000000000e+00
0.000000000000e+00 0.000000000000e+00 0.000000000000e+00
0.000000000000e+00 0.000000000000e+00 0.000000000000e+00
0.000000000000e+00 0.000000000000e+00 0.000000000000e+00
7.671433232645e-01 4.539435388575e-03 -6.337748141864e-01
0.000000000000e+00 0.000000000000e+00 0.000000000000e+00
-2.421039765646e-03 -4.264632993869e-03 8.715014164117e-03
0.000000000000e+00 0.000000000000e+00 0.000000000000e+00
0.000000000000e+00 0.000000000000e+00 0.000000000000e+00
0.000000000000e+00 0.000000000000e+00 0.000000000000e+00
0.000000000000e+00 0.000000000000e+00 0.000000000000e+00
0.000000000000e+00 0.000000000000e+00 0.000000000000e+00
0.000000000000e+00 0.000000000000e+00 0.000000000000e+00
--
Dipole derivatives 
Mode 0
4.564677650184e-03 1.466288366308e-02 1.733372184002e-03
Mode 1
-6.062666333664e-03 -2.661253848149e-04 -1.815075368055e-03
Mode 2
-1.552936787043e-02 -2.509853033293e-03 -3.294919044423e-03
Mode 3
8.325611691766e-03 -3.436727923861e-02 -2.617139866399e-03
Mode 4
-1.471577860682e-03 2.184800262042e-03 2.852900293958e-02
Mode 5
-1.440635319019e-02 -3.905337034318e-04 3.952043442730e-02
Mode 6
1.209253144292e-02 -2.574674841023e-02 -1.115243877891e-02
Mode 7
9.881715759278e-03 3.112612861690e-02 -1.313401157616e-02
Mode 8
-1.396893431261e-02 1.197581185546e-01 -7.575459590621e-03
Mode 9
1.958836691932e-03 1.283475512805e-02 2.275831684858e-03
Mode 10
-3.424614685073e-02 -4.510849587910e-03 -1.249297828988e-02
Mode 11
2.266090098700e-02 1.968776593895e-03 -2.669421105114e-02
Mode 12
3.789907549029e-02 5.016795354954e-03 4.822635339534e-03
Mode 13
9.327032520194e-03 -5.829215826484e-02 -2.086830834848e-03
Mode 14
4.835740060070e-02 6.696961799723e-03 -2.612807508670e-02
Mode 15
2.529975794628e-03 1.631714614871e-02 2.372199996980e-03
Mode 16
-9.255898620526e-02 -1.790543448536e-02 -1.112137258181e-01
Mode 17
-3.420527684672e-02 -3.003971431704e-03 5.978209796498e-02
Mode 18
-9.762987244077e-03 2.519922280118e-02 3.781922247833e-03
Mode 19
-5.138115778994e-02 -1.120552906834e-02 -4.443482097234e-02
Mode 20
-6.200495280502e-03 8.100195727338e-02 -4.563120311413e-03
Mode 21
6.951416019370e-02 1.440980711907e-02 1.370035761137e-01
Mode 22
5.448379031760e-03 1.034164044359e-02 -1.962473458357e-03
Mode 23
-6.438186195920e-02 -9.595500851595e-03 -8.214585668676e-03
Mode 24
-4.660620164047e-02 -7.009588498384e-03 4.803263307249e-04
Mode 25
4.622063879340e-03 2.135463316475e-02 -5.128650740413e-04
Mode 26
-5.122502791014e-04 4.348428599908e-02 -8.331054648631e-03
Mode 27
4.463520166668e-02 7.260435485623e-03 8.981560670455e-03
Mode 28
-2.018550245923e-01 -2.539634380851e-02 8.228738392198e-02
Mode 29
8.383600902304e-03 -2.169427612236e-02 -6.578745081866e-03
Mode 30
-8.847357448800e-02 -1.182635534845e-02 4.791424254292e-02
Mode 31
-3.457144305761e-03 -5.130752096657e-03 2.836261498301e-03
Mode 32
1.059925883280e-01 1.774018554432e-02 1.688145952678e-03
Mode 33
-1.847627367364e-01 -2.729862572416e-02 -4.021446738316e-02
Mode 34
-1.378476128968e-01 -1.596158317684e-02 9.719353102277e-02
Mode 35
-5.186066140651e-03 1.783844370160e-02 2.484424267069e-03
Mode 36
-4.856504289707e-03 1.657121549708e-02 2.029383853283e-03
Mode 37
-7.030044545605e-02 -1.388802084207e-02 -6.690147886685e-02
Mode 38
-1.067338235711e-01 -1.540085530330e-02 1.939220481299e-02
Mode 39
-4.627880248552e-03 1.739350619143e-02 1.594973101589e-03
Mode 40
1.652105557143e-02 -3.014015418488e-03 -1.152699669843e-01
Mode 41
-1.191130051186e-01 -2.376226738661e-02 -1.902611265789e-01
Mode 42
-1.423904056123e-01 1.461811434663e-02 1.348844741046e-03
Mode 43
1.067723762197e-01 6.356093130342e-02 1.031858006954e-04
Mode 44
-3.943899554485e-01 -5.859198733644e-02 -7.674748420467e-02
Mode 45
1.095127825417e-01 1.507013429331e-02 -8.298746242420e-02
Mode 46
1.290369893583e-01 4.887967770348e-03 -3.523844108168e-01
Mode 47
-4.215718092092e-01 -6.545526168403e-02 -1.598008710949e-01
Mode 48
-3.436559707196e-02 -1.913191235558e-03 7.508448024364e-02
Mode 49
-3.154312628511e-02 2.320456394274e-01 -1.127857147005e-03
Mode 50
-2.616693999881e-02 7.083648293917e-03 -1.181146396612e-01
Mode 51
1.473013398178e-01 1.571041869475e-02 -1.470346529810e-01
Mode 52
-3.150546398396e-02 -3.547419280999e-03 2.921817122187e-02
Mode 53
7.066429571709e-02 1.156631519708e-02 8.181235481389e-02
Mode 54
-6.726956072962e-03 5.413111835940e-02 1.158126886670e-03
Mode 55
2.263974902908e-01 3.304627344696e-02 2.167198285900e-02
Mode 56
-4.659459949382e-02 -3.757816318314e-03 7.330183917959e-02
--
Polarizability derivatives 
Mode 0
3.173191754244e-02 -1.013837515140e-01 -8.161526690677e-02
-1.013837515140e-01 9.171165337541e-03 6.017374446888e-01
-8.161526690677e-02 6.017374446888e-01 -6.137409032774e-02
Mode 1
-1.790570156019e-01 2.921192253561e-01 -9.563178823774e-02
2.921192253561e-01 9.539737227666e-02 6.211038966397e-01
-9.563178823774e-02 6.211038966397e-01 -1.836908791336e-02
Mode 2
-5.430757423282e-01 -9.184153465708e-02 1.346342753114e-02
-9.184153465708e-02 -1.881330116690e-02 6.074552876437e-02
1.346342753114e-02 6.074552876437e-02 2.473117994991e-01
Mode 3
-1.109282554671e-01 7.408777403547e-01 -3.995208571138e-02
7.408777403547e-01 1.867499075846e-01 -2.533395232321e-01
-3.995208571138e-02 -2.533395232321e-01 7.038549714514e-02
Mode 4
8.066811162713e-01 6.784060426044e-02 4.906047551882e-02
6.784060426044e-02 8.499476175037e-02 1.224131844710e-02
4.906047551882e-02 1.224131844710e-02 7.872162969196e-02
Mode 5
3.813639560275e-01 6.570193759544e-02 5.592773108205e-01
6.570193759544e-02 1.752157710803e-02 6.482866765936e-02
5.592773108205e-01 6.482866765936e-02 -7.048090213540e-01
Mode 6
1.068444132254e+00 6.870584045816e-01 -4.129080594361e-01
6.870584045816e-01 2.564694336618e-01 -2.033935919371e-01
-4.129080594361e-01 -2.033935919371e-01 2.900744278541e-01
Mode 7
1.398965356791e+00 -4.338002392092e-01 -4.184153646382e-01
-4.338002392092e-01 -4.061512907982e-02 1.359090914330e-01
-4.184153646382e-01 1.359090914330e-01 2.572624727992e-01
Mode 8
3.834977979730e-01 -1.404367125728e+00 1.156789352954e-01
-1.404367125728e+00 -4.385906071124e-01 -2.304889889861e-01
1.156789352954e-01 -2.304889889861e-01 2.017133398821e-02
Mode 9
-1.000253586751e-02 -4.923790322938e-02 1.979105803681e-02
-4.923790322938e-02 -1.164524288178e-03 -1.018393977811e-01
1.979105803681e-02 -1.018393977811e-01 2.246024354005e-02
Mode 10
-1.542467161106e+00 -2.193802689610e-01 5.259828759477e-01
-2.193802689610e-01 3.893914014876e-03 9.960639986715e-02
5.259828759477e-01 9.960639986715e-02 2.970980114999e-01
Mode 11
1.473586550399e+00 1.735784151161e-01 4.621208083693e-02
1.735784151161e-01 1.042103694597e-01 4.782731588307e-02
4.621208083693e-02 4.782731588307e-02 1.506042810855e+00
Mode 12
1.448827173655e+00 2.081928790528e-01 1.416564829600e+00
2.081928790528e-01 2.381275546539e-01 2.233441706979e-01
1.416564829600e+00 2.233441706979e-01 7.435553579225e-01
Mode 13
-1.395103601622e-01 2.493134370664e-01 7.144936410765e-02
2.493134370664e-01 -2.795670096966e-02 -6.432698142127e-01
7.144936410765e-02 -6.432698142127e-01 -4.204614000576e-02
Mode 14
7.786441329077e-01 1.760727247697e-01 -2.162471324533e-01
1.760727247697e-01 -4.485407231094e-01 1.891621883598e-02
-2.162471324533e-01 1.891621883598e-02 1.163361885091e+00
Mode 15
-9.325944736082e-02 2.716527046657e-01 -4.235769125824e-02
2.716527046657e-01 9.436595149506e-02 1.046823527744e-01
-4.235769125824e-02 1.046823527744e-01 -2.736758820414e-02
Mode 16
-1.550381566118e+00 -2.458303214380e-01 7.452621666320e-01
-2.458303214380e-01 2.452768478874e-01 1.601640880754e-02
7.452621666320e-01 1.601640880754e-02 -1.617386209173e+00
Mode 17
5.831999617753e-01 -5.995373198107e-02 -7.669561148423e-01
-5.995373198107e-02 7.965191671525e-01 -6.194789939281e-02
-7.669561148423e-01 -6.194789939281e-02 1.723466665308e+00
Mode 18
-2.148553174647e-01 4.593793817954e-01 8.694088184543e-02
4.593793817954e-01 1.030997786915e-01 -1.521483197801e-01
8.694088184543e-02 -1.521483197801e-01 -5.519003232011e-02
Mode 19
6.071431416954e-01 2.384448347173e-01 -3.594805422339e-01
2.384448347173e-01 -1.195220833633e+00 2.412495572233e-02
-3.594805422339e-01 2.412495572233e-02 1.225680801354e+00
Mode 20
3.339060628536e-02 6.328728202327e-02 -8.424766461884e-02
6.328728202327e-02 4.434373306050e-02 3.547488000385e-01
-8.424766461884e-02 3.547488000385e-01 -3.168938563905e-02
Mode 21
-1.671115775901e+00 -8.855975317594e-02 1.682966761523e-01
-8.855975317594e-02 -1.063703995896e+00 1.212625695976e-02
1.682966761523e-01 1.212625695976e-02 -1.398388469372e+00
Mode 22
4.274916008054e-01 -1.116465597583e+00 -1.119825352175e-01
-1.116465597583e+00 -2.541727955964e-01 9.198426944160e-01
-1.119825352175e-01 9.198426944160e-01 -2.153650512610e-02
Mode 23
2.518100906342e+00 4.705016326762e-01 1.809279114763e+00
4.705016326762e-01 -4.852045663289e-02 1.054623281762e-01
1.809279114763e+00 1.054623281762e-01 -2.411667832252e+00
Mode 24
-1.807208024171e+00 -3.378222435432e-01 7.999910802430e-01
-3.378222435432e-01 1.018831379271e+00 1.290999685214e-01
7.999910802430e-01 1.290999685214e-01 1.461561998728e+00
Mode 25
4.131953356814e-01 -9.592473683289e-01 -3.546132490514e-01
-9.592473683289e-01 -1.077029879942e-01 2.078586261514e+00
-3.546132490514e-01 2.078586261514e+00 -1.399379626680e-01
Mode 26
-1.525584180155e-01 9.174957674032e-01 2.063437590530e-01
9.174957674032e-01 1.322577395616e-01 -1.973591487236e+00
2.063437590530e-01 -1.973591487236e+00 2.136622411081e-01
Mode 27
2.561590056886e+00 -4.871090555906e-02 -1.858167245050e+00
-4.871090555906e-02 2.555407609396e+00 -2.933362202273e-01
-1.858167245050e+00 -2.933362202273e-01 1.989286674651e+00
Mode 28
1.112547282271e+00 8.260198831100e-02 6.413524076957e-02
8.260198831100e-02 3.398582584909e-01 1.107021227635e-01
6.413524076957e-02 1.107021227635e-01 2.735538896519e+00
Mode 29
1.814765053838e-01 -3.202514097533e-01 -1.485210559938e-01
-3.202514097533e-01 -7.724689133182e-02 8.465013048584e-01
-1.485210559938e-01 8.465013048584e-01 -4.871296308227e-02
Mode 30
-1.581009410123e+00 -1.252953143936e-01 -2.540154474425e-01
-1.252953143936e-01 -9.526530682556e-01 -3.902061365905e-02
-2.540154474425e-01 -3.902061365905e-02 -7.980386158994e-01
Mode 31
-1.530050904975e-01 2.969657004136e-01 -1.108609696909e-01
2.969657004136e-01 1.157565344317e-01 1.004749199788e+00
-1.108609696909e-01 1.004749199788e+00 -1.650939055250e-01
Mode 32
-8.896960735003e-01 -2.129558479532e-01 -2.193502970077e+00
-2.129558479532e-01 -4.740051938367e-01 -3.021215931185e-01
-2.193502970077e+00 -3.021215931185e-01 -4.355243924638e-01
Mode 33
3.199940409281e+00 4.110561753923e-01 -1.023050653532e+00
4.110561753923e-01 1.512884789080e-02 -5.417756359371e-02
-1.023050653532e+00 -5.417756359371e-02 1.994649773878e+00
Mode 34
-8.627919550725e-01 -1.556369080907e-01 4.272003087766e-01
-1.556369080907e-01 1.795539113429e-01 -7.338359893942e-02
4.272003087766e-01 -7.338359893942e-02 -3.565665957548e+00
Mode 35
-9.302851455182e-01 3.112934539939e+00 -1.341233039063e-01
3.112934539939e+00 9.337885861390e-01 3.309285823029e-01
-1.341233039063e-01 3.309285823029e-01 -6.861594363571e-02
Mode 36
-3.764629678982e-01 1.151317016144e+00 -8.808610062330e-03
1.151317016144e+00 2.810923168043e-01 1.826258932477e-02
-8.808610062330e-03 1.826258932477e-02 -5.608352084120e-03
Mode 37
3.196012436752e+00 4.914376754406e-01 1.017521717365e+00
4.914376754406e-01 -7.767999729616e-02 8.445918463788e-02
1.017521717365e+00 8.445918463788e-02 -1.375791871326e+00
Mode 38
-4.939877488045e+00 -6.626666842853e-01 1.141569247462e+00
-6.626666842853e-01 -1.416489827394e-01 1.973059974085e-01
1.141569247462e+00 1.973059974085e-01 1.568995388096e-01
Mode 39
-3.242949865215e-01 7.433419102468e-01 6.117702355908e-02
7.433419102468e-01 2.250938063117e-01 -3.960817294881e-01
6.117702355908e-02 -3.960817294881e-01 4.627941831812e-02
Mode 40
-1.349740096184e+00 -2.769805213424e-02 9.531958721495e-01
-2.769805213424e-02 -9.788218240726e-01 1.521286630536e-01
9.531958721495e-01 1.521286630536e-01 -2.862398253582e-01
Mode 41
4.194505068333e+00 4.978837992531e-01 -2.025566105114e+00
4.978837992531e-01 1.047911631813e-01 -2.065285542477e-01
-2.025566105114e+00 -2.065285542477e-01 1.497086134014e+00
Mode 42
-2.739692502164e+00 2.771833659615e-01 1.310627780322e+00
2.771833659615e-01 2.807307705569e+00 2.007420837845e-01
1.310627780322e+00 2.007420837845e-01 -2.142674531622e+00
Mode 43
1.395103385535e+00 1.817145035311e+00 -1.139995326185e+00
1.817145035311e+00 -1.499295801873e+00 2.676017026982e-01
-1.139995326185e+00 2.676017026982e-01 1.606210639015e+00
Mode 44
-5.667565215465e+00 -5.880649551476e-01 2.105206425331e+00
-5.880649551476e-01 -1.059475314658e+00 4.246318658011e-01
2.105206425331e+00 4.246318658011e-01 1.919866509440e+00
Mode 45
-1.952261558842e+00 -5.869984248582e-01 1.890437642695e-01
-5.869984248582e-01 2.311780615144e+00 1.266236662250e-03
1.890437642695e-01 1.266236662250e-03 7.110762460819e-01
Mode 46
4.242549601820e+00 5.729086294946e-01 -8.657455148602e-01
5.729086294946e-01 7.717983832991e-02 -8.378052326674e-02
-8.657455148602e-01 -8.378052326674e-02 1.323498553720e+00
Mode 47
-6.335654089485e+00 -7.548350201806e-01 4.737945833977e+00
-7.548350201806e-01 5.333572178412e-02 7.200324325366e-01
4.737945833977e+00 7.200324325366e-01 1.450268515394e+00
Mode 48
8.157719601335e+00 1.150179389566e+00 -1.024434073286e+00
1.150179389566e+00 2.356767384833e-02 3.580282208707e-02
-1.024434073286e+00 3.580282208707e-02 4.149010190534e+00
Mode 49
5.984680608070e-01 -3.102846510425e+00 -1.589660072434e-01
-3.102846510425e+00 -1.414833914962e+00 1.736474663047e-01
-1.589660072434e-01 1.736474663047e-01 1.477090264795e-01
Mode 50
4.403830655519e+00 -5.138106238724e-01 3.766223590837e+00
-5.138106238724e-01 7.387086948715e+00 1.922118316064e-01
3.766223590837e+00 1.922118316064e-01 -3.577594962000e+00
Mode 51
-1.366915101863e+01 -9.348311592996e-01 2.340720054552e+00
-9.348311592996e-01 -6.096841510004e+00 3.242259931341e-01
2.340720054552e+00 3.242259931341e-01 -6.192060873847e+00
Mode 52
1.577509444180e+00 8.358403269701e-01 2.540786850418e-01
8.358403269701e-01 -3.603488988389e+00 7.068891326367e-02
2.540786850418e-01 7.068891326367e-02 -3.895994063070e+00
Mode 53
-5.363046659278e+00 -1.351247926845e+00 -6.066122507001e+00
-1.351247926845e+00 7.945980733921e-01 -1.171727633827e+00
-6.066122507001e+00 -1.171727633827e+00 -5.243264623850e+00
Mode 54
-2.294174212548e+00 7.328707818306e+00 -7.503473310536e-01
7.328707818306e+00 2.303373738294e+00 1.743506075681e+00
-7.503473310536e-01 1.743506075681e+00 -2.648720279694e-01
Mode 55
-6.782834882096e+00 -1.074844950582e+00 3.674066876766e+00
-1.074844950582e+00 1.654400828087e+00 4.316058862521e-01
3.674066876766e+00 4.316058862521e-01 -9.068056928177e-01
Mode 56
-6.290490891841e-01 3.313526317362e-02 1.889642130736e+00
3.313526317362e-02 -4.359219899788e-01 -1.331622421217e-01
1.889642130736e+00 -1.331622421217e-01 -1.108873035949e+01
--
