Number of atoms 
17
--
Anisotropy 
106.889
--
Frequencies 
53.444200000000
63.415800000000
101.572400000000
138.021600000000
151.136200000000
186.025100000000
234.850500000000
246.741000000000
286.721700000000
301.176300000000
317.538900000000
330.875800000000
346.822300000000
418.908000000000
430.075900000000
457.681600000000
493.116000000000
542.094200000000
591.610300000000
605.415200000000
650.803400000000
667.655100000000
728.485600000000
776.938600000000
818.251100000000
877.500100000000
899.522100000000
950.001800000000
1025.577600000000
1109.560600000000
1125.653300000000
1187.346200000000
1295.400400000000
1372.614000000000
1420.785500000000
1454.182100000000
1473.698600000000
1586.613100000000
1610.155500000000
1638.518600000000
1690.020800000000
2682.499600000000
3248.666500000000
3554.877900000000
3672.190200000000
--
Displacements 
Mode 0
2.350014925049e-03 -8.129967590435e-02 -1.359559221586e-02
-2.063853577548e-03 -9.734892807448e-03 -9.860884534053e-04
-1.940613802790e-02 1.467425796304e-02 -2.840415475972e-03
-1.258486431520e-02 1.448282295148e-02 -1.522724628828e-02
3.835140007093e-02 -3.623718032343e-02 -2.675886534977e-02
4.235737636571e-01 4.830227385583e-01 2.396457337506e-02
-2.944161400340e-01 -5.852284851543e-01 -9.657513474727e-02
-1.582372535528e-02 4.539776809621e-02 -9.415538633754e-03
-1.720301944993e-03 5.190356247045e-02 -1.749503956661e-03
0.000000000000e+00 0.000000000000e+00 0.000000000000e+00
-1.823113056538e-02 -2.597557998914e-02 -9.638211583904e-03
1.120811400277e-02 9.905919479686e-02 1.271432682836e-02
-4.849595332129e-02 8.548594939534e-02 6.884980005372e-02
-2.146999160545e-02 4.939365155590e-03 -3.826503929377e-03
7.928746377155e-02 -2.632736183123e-01 -7.070993054639e-04
1.066281952030e-02 1.103129193151e-01 4.167026763770e-03
2.367565396564e-02 1.393261627259e-01 -5.261538688323e-03
Mode 1
1.624915170321e-02 3.581941371260e-01 -2.080685457956e-02
8.053671460281e-03 1.118317510260e-01 -5.366361754228e-03
-5.504457467534e-03 9.407223213345e-02 -4.485096366728e-03
-5.848009100089e-03 3.243377685555e-02 -3.721680863472e-03
-4.613067570296e-03 -2.156388759669e-01 8.865369667550e-03
-4.350134069927e-02 -3.940357990447e-01 1.274496858709e-01
3.765841916361e-02 -2.937221018196e-01 -1.200382037885e-01
-3.440603889985e-03 1.038071249409e-01 -3.499007913323e-03
7.911862677638e-03 -2.269888404810e-02 4.707769316877e-03
2.017428499124e-04 -7.289217979617e-02 9.310715567849e-03
-1.031672410553e-02 -4.087703028972e-01 6.361392059148e-04
7.568311045082e-03 -8.433733932600e-02 5.471184820133e-03
-7.369111977383e-03 3.715409983898e-01 -1.727050725225e-03
-3.440603889985e-03 1.038071249409e-01 -3.499007913323e-03
-2.518579163631e-02 -3.862026079712e-01 1.131955012177e-01
6.938598065026e-03 -5.494122589210e-02 2.081628099266e-02
7.685635397407e-03 -1.390871302065e-01 3.867429662510e-02
Mode 2
-7.911862677638e-03 2.269888404810e-02 -4.707769316877e-03
-6.535112365201e-03 -9.084313370024e-02 -2.194849856960e-03
-1.424523219293e-02 -1.410364294483e-01 2.408096394012e-03
-6.535112365201e-03 -9.084313370024e-02 -2.194849856960e-03
1.679698996789e-02 -1.315542625221e-02 -6.692973042026e-03
4.282265885858e-02 4.487106056936e-02 -2.555010394621e-02
5.218296120033e-03 -3.037663421652e-03 1.906677703600e-02
-6.535112365201e-03 -9.084313370024e-02 -2.194849856960e-03
-6.676921147844e-03 -2.253737687743e-01 7.879281214145e-03
-6.535112365201e-03 -9.084313370024e-02 -2.194849856960e-03
2.662835365822e-02 1.994457862930e-01 3.508434326420e-03
-8.252870527980e-03 -3.990354100897e-01 1.622227659320e-03
-1.631162955269e-02 2.093245166042e-01 -4.144573532335e-03
-6.333369515289e-03 -1.637353134964e-01 7.115865710889e-03
-6.456274880563e-02 4.662711271722e-01 -1.073447131081e-01
-1.920185139578e-02 -4.183137606931e-01 1.203688156482e-02
-5.053023490409e-02 -4.551601951774e-01 3.571963167013e-02
Mode 3
2.734248513586e-02 1.519072839435e-01 -3.572905808322e-02
-4.269515937740e-03 -1.540004206890e-01 8.101954164294e-03
-7.020472780400e-03 -2.870122240522e-01 8.642696717401e-03
-8.740774725393e-03 -2.351086615818e-01 6.893192760740e-03
1.940613802790e-02 -1.467425796304e-02 2.840415475972e-03
4.376301761645e-02 1.137208043783e-01 -9.875412366408e-02
2.732387834775e-02 9.683486892926e-02 1.023543542381e-01
1.376750312437e-03 -1.135420177483e-01 2.512919459917e-03
3.238861040073e-03 -3.091494514473e-02 -5.811707654526e-03
3.440603889985e-03 -1.038071249409e-01 3.499007913323e-03
-6.592853391144e-02 -6.170521858951e-03 -3.918300176944e-03
3.639802957684e-03 1.833965341229e-01 7.243142008230e-03
-1.212398833032e-02 2.137148734883e-02 1.721245001343e-02
-7.020472780400e-03 -2.870122240522e-01 8.642696717401e-03
1.929159448113e-01 -6.370039934435e-01 3.057870937461e-03
3.029518482843e-02 2.120269075105e-01 -2.695908506848e-02
3.410382478129e-02 3.591386638021e-01 -6.750073553449e-02
Mode 4
3.780610558846e-02 -2.498345580516e-02 -3.530616541436e-02
8.255414310194e-03 3.893957122979e-02 3.944353813621e-03
-1.175007462524e-03 4.064983795217e-02 6.797796107932e-03
8.255414310194e-03 3.893957122979e-02 3.944353813621e-03
2.609148060017e-03 -1.518831710826e-03 9.533388517998e-03
-1.040368638533e-02 -3.053207512161e-02 1.896195397009e-02
6.821273712701e-03 -1.914350115563e-04 -1.238683081231e-02
8.800708792662e-03 2.768584671152e-02 1.249165387821e-02
1.203956983273e-02 -3.229098433208e-03 6.679946223688e-03
6.736855215114e-03 1.795095390407e-02 1.150556542481e-02
-7.707925762915e-02 4.744330733388e-02 -2.814361839294e-03
1.278660716512e-02 -8.737500274765e-02 2.453796185613e-02
2.609148060017e-03 -1.518831710826e-03 9.533388517998e-03
-1.175007462524e-03 4.064983795217e-02 6.797796107932e-03
2.994369907908e-01 -9.195083648513e-01 3.379135266196e-02
1.033198679881e-03 -1.751804730262e-01 3.276334963173e-03
-5.194243485348e-02 5.508506339583e-02 -2.945537730482e-02
Mode 5
-3.719913733782e-03 -1.850191321390e-02 -3.166130784558e-01
-1.386783415356e-01 -1.214960870634e-02 4.550230458421e-03
-1.859148688968e-01 1.454411382119e-02 4.270983816709e-02
-1.659634363864e-01 -1.138386866012e-02 5.409755370766e-02
1.825400767162e-01 1.604820718987e-02 6.798217000375e-02
3.376920332960e-01 -4.067871672620e-03 3.474874718151e-01
4.312147379153e-01 1.121269884359e-01 -1.840689769324e-01
-1.753938581591e-01 -9.673601937738e-03 5.695099600197e-02
-1.351474415058e-01 1.088883775337e-04 7.896301157984e-02
-1.020987560525e-01 -1.494823960862e-02 5.702976543119e-02
1.245234054824e-01 -1.282119871719e-02 6.877163914369e-02
-1.070250131828e-01 3.126286604164e-02 1.181874771711e-01
-1.657945993912e-01 -4.766864649137e-02 6.312761233421e-03
-2.073848605022e-01 1.948347897678e-02 3.888333423771e-02
9.980025377029e-02 1.147129285623e-01 -1.244220774945e-01
-1.292091362659e-01 8.374073354676e-02 1.535984656514e-01
-5.823702087183e-02 -1.104964112509e-02 1.295621658934e-01
Mode 6
6.880954425233e-02 5.296938415455e-03 -1.963089123377e-01
-8.059585859230e-02 -5.649500672912e-02 1.179517774027e-01
-4.880659909911e-02 -1.275990784748e-02 1.267087235991e-01
-2.383861331861e-02 3.116662604573e-02 1.478525006078e-01
-1.478682369614e-01 1.426908719535e-02 1.686160658079e-01
-1.411642876011e-01 6.882744306434e-02 1.230261231906e-01
-2.632389605942e-01 -1.094732400176e-01 2.119454159573e-01
-2.215121722836e-02 1.587046554020e-02 9.250649652235e-02
-1.058500057203e-01 -9.386971910535e-03 1.113896810632e-01
-8.165354170250e-02 -7.059495965749e-02 1.579526853156e-01
1.357973311947e-01 1.302319214984e-02 1.956769820562e-01
-1.859477747515e-01 5.115151578611e-02 -1.438566987499e-02
2.470844127523e-01 1.409695690970e-02 -4.534871208543e-01
-4.000589030645e-02 1.492593886404e-02 1.392003774773e-01
2.487488943330e-01 -2.030238506034e-01 -3.748737993379e-02
-1.121731898719e-01 1.078379575268e-01 -1.199506164653e-01
-2.936083785566e-01 -2.239751567875e-02 2.434073402346e-02
Mode 7
-1.064797187004e-01 2.000914152337e-02 1.267347772357e-01
-4.024641665330e-02 -9.782490315271e-03 -2.201201557787e-02
-2.084027862540e-02 -2.445674827831e-02 -1.917160010190e-02
-2.614299324302e-02 -3.276695941032e-03 -1.434598090078e-02
-7.827444180050e-03 4.556495132478e-03 -2.860016555399e-02
9.430421772718e-03 -1.710266722382e-03 -2.853442294311e-03
1.730937859562e-02 1.219825119443e-02 -5.524118101952e-02
-3.350956143819e-02 8.168463588799e-03 -1.050645015306e-02
-3.090041337817e-02 6.649631877973e-03 -9.730616350666e-04
-1.877642504785e-02 -1.472185547086e-02 -1.818551164850e-02
1.947155776894e-01 1.314173289033e-02 -3.021818428888e-02
-1.103339936539e-02 -1.135961687713e-03 3.430705014262e-02
-2.660386922790e-02 -1.016536033838e-02 -4.678567720249e-02
-2.084027862540e-02 -2.445674827831e-02 -1.917160010190e-02
5.249213584394e-01 -7.665866559792e-01 -2.238358021602e-01
-3.141280200590e-02 -1.870404556867e-02 4.757514634242e-02
-1.006013475277e-02 3.110638015628e-02 1.819853846684e-02
Mode 8
7.282149697582e-03 6.697229385796e-03 2.005286548940e-02
3.440603889985e-03 -1.038071249409e-01 3.499007913323e-03
1.232318739802e-02 2.658321717149e-01 -1.346831591852e-02
2.835375340248e-03 1.148694144476e-01 -2.443313879022e-02
-1.682989582262e-02 4.976282821713e-02 -5.040253500006e-02
-3.132838350831e-02 -3.684643448430e-02 2.368275010531e-02
-9.210072134692e-03 -1.610949805958e-02 -1.259192544591e-01
1.424777597514e-02 -2.190594094116e-01 3.158485078929e-03
1.272921688006e-02 -2.400480267373e-01 1.071969669012e-02
5.220839902247e-03 -3.631335022816e-01 2.463335850894e-02
-1.805641592800e-02 7.194765312001e-02 3.738316538708e-02
4.269515937740e-03 1.540004206890e-01 -8.101954164294e-03
1.140985685268e-02 2.616701500069e-02 2.202504239621e-02
2.725552285606e-02 5.301455117190e-01 -1.740324331905e-02
5.629049164660e-02 -5.343504256290e-02 -9.734514254181e-02
8.294920737734e-02 4.694991806251e-01 -4.230778164625e-02
1.349186704434e-01 2.435987043240e-01 -5.056306574456e-02
Mode 9
9.947100120436e-02 -3.860534369477e-02 7.152025837209e-02
1.100680090152e-01 1.449223795502e-01 -3.850373094831e-02
2.780336112074e-02 1.587959483408e-01 -3.289361781512e-03
-3.648086791887e-02 -1.070235749925e-01 1.188069891535e-01
3.512293241665e-03 -4.281391793033e-02 2.124961934427e-01
2.953796213236e-02 1.521256889125e-02 1.936390625385e-01
-6.171384023816e-03 1.332351553893e-02 2.870268244484e-01
-1.202184399078e-01 -2.298816214187e-01 -1.421150379296e-02
-2.901127443800e-02 -8.153870842373e-02 -4.700835015264e-02
3.837000685904e-02 1.883523469078e-02 -1.648422776711e-01
-7.471163401586e-03 -1.294064551582e-02 -2.622531628238e-01
7.926631320123e-02 4.174980553343e-02 1.318097315429e-01
-1.386597347475e-01 4.292280630786e-02 -1.335331818629e-01
-3.936599196269e-02 2.664900683639e-01 -1.146008819347e-01
-7.600296773084e-02 1.166156752765e-01 -1.808986820735e-01
1.070414679945e-02 -1.521823105693e-01 1.616352857240e-01
1.990669683425e-01 5.090956035236e-01 -6.777911616323e-02
Mode 10
-8.874824761679e-02 -5.850455186033e-02 -4.796838496937e-02
-6.896819588381e-02 3.119480823495e-01 5.637541572490e-03
-2.250319028533e-02 1.801198381818e-01 -7.102838892550e-03
-2.380376997572e-03 -2.421887609907e-01 -3.793333435328e-02
2.971952827344e-02 -1.002078048662e-01 -8.703531170222e-02
3.008168669411e-02 1.650306542591e-02 -2.258821395268e-01
4.437412380840e-02 2.925227593017e-02 2.398419248468e-02
2.497052956271e-02 -3.161693049667e-01 2.671035848165e-02
4.790325989890e-03 -4.653372978392e-02 4.372258877637e-02
-1.897229025556e-02 1.923783352657e-01 6.730994222887e-02
1.775164779239e-02 -3.598549942243e-02 1.152819276035e-01
1.502517538004e-02 2.028312316894e-02 7.254542728051e-02
5.477781019373e-02 5.978435105178e-02 5.022238514593e-03
2.061150756295e-02 2.681643409798e-01 4.757154593718e-02
1.560337571725e-02 -2.757800331425e-02 1.381882353872e-01
-3.296172317351e-02 -3.631810997894e-01 3.607431384469e-03
-3.019724710716e-02 5.450947963079e-01 -1.461498864358e-01
Mode 11
-5.133877622446e-03 -1.510472549397e-02 -4.295917327311e-02
-2.740241920313e-02 5.551553092677e-02 1.634421144427e-02
5.675724527369e-02 8.766163277485e-02 2.990072320512e-02
7.644954464909e-02 -1.804719389998e-02 1.815945801182e-02
4.970974428076e-02 -2.853517837203e-02 7.625408132565e-02
1.734228445036e-02 -2.440915077049e-02 1.854327022567e-03
-7.554011978458e-03 -7.342477653126e-03 1.897077355432e-01
4.517267378363e-02 -3.642861533499e-02 -3.914569616208e-02
-4.331644069820e-02 -1.515232300180e-02 -6.398510039758e-02
-5.649811213872e-02 -7.880788581333e-03 -6.771742471254e-03
7.696193327682e-02 7.306483546664e-03 -3.038874996567e-02
-2.011619638355e-01 2.462497648714e-02 -3.291313944899e-01
-1.693292110833e-02 1.283280211855e-02 1.115732735583e-01
7.490395734148e-02 1.317796016796e-01 6.343133102614e-02
1.640954480165e-01 -2.054512148839e-01 -1.405790960384e-01
-7.739989475210e-02 1.876294990635e-01 -4.733966913420e-01
-4.042334373386e-01 -4.244821925915e-01 -1.353151739833e-01
Mode 12
-3.881860284853e-01 6.604124330675e-03 -1.654327441307e-01
-1.267948795521e-01 -5.822952523449e-02 -1.738746126102e-01
5.671846177675e-02 -9.938976200628e-03 -1.220009542822e-01
5.165627350598e-02 3.594950531596e-02 4.403705797409e-02
-1.386289706343e-02 1.820263480507e-02 1.535463583781e-01
2.793498453969e-02 1.236634048115e-02 2.250926703868e-01
-1.116933050582e-02 -1.458585821378e-03 1.391873506589e-01
1.536520042728e-01 1.396771882600e-02 1.489831011013e-01
-3.247048511610e-02 -3.280399849704e-02 8.757605425532e-02
-4.782060534059e-02 -5.965316192967e-02 -1.222893698432e-01
-6.505986450524e-02 1.686014939397e-03 -2.861195054242e-01
3.062855109729e-02 -7.294880145303e-03 2.107336626677e-01
4.017441574132e-01 1.115539456184e-02 1.645514787432e-01
7.128276117191e-02 3.455482570964e-03 -8.189522330338e-02
-1.088828161890e-01 9.538802543136e-02 -2.067502283991e-01
1.518128322931e-02 6.313394126388e-02 2.576502165728e-01
1.723355893986e-01 2.727197911320e-01 9.068825806875e-02
Mode 13
1.119385411672e-01 1.661624234296e-03 5.354439285541e-02
2.711625785563e-02 3.551903778503e-02 -1.762530775000e-03
-3.949937932092e-02 -9.392839462971e-02 -4.153999945432e-03
-8.576264206949e-02 -3.499233025818e-02 1.789709608746e-02
-1.273013905376e-01 5.062480825926e-02 -3.052023518745e-02
-4.585389940654e-02 4.735971571959e-02 1.354786966138e-01
-1.761571665195e-02 3.630812355609e-02 -2.201622281198e-01
-3.347763967979e-03 -1.402230918943e-01 7.298134676772e-02
-5.027364555134e-02 -1.528351212391e-02 5.328203093105e-02
-1.548017372272e-02 1.070362233741e-01 -1.017895413701e-02
2.054823963569e-02 -1.871669395029e-02 -6.105288867404e-02
-1.616153795933e-01 -9.733847827185e-03 -7.270296613897e-02
9.046854956179e-02 6.600989389886e-03 4.971788892603e-02
-6.914036673898e-02 -1.460709896195e-01 -3.581725392555e-02
-3.425659877057e-02 9.231436790324e-02 -2.836446578551e-02
-8.449636460567e-02 -3.071281639926e-01 -3.404888474693e-01
-3.937588414446e-01 5.339869992539e-01 -2.896754380545e-01
Mode 14
2.407913966547e-02 -6.458196866416e-03 1.335989244738e-02
5.100971767709e-03 5.171212745889e-02 -1.413633476897e-02
-1.464871789275e-02 4.747930144034e-03 -1.621333474169e-02
-3.806523872343e-02 -5.479738838837e-02 1.217718468050e-02
-2.820684682057e-02 -1.301158874848e-02 -1.533206935419e-02
4.127707155097e-03 1.946978561490e-02 1.972176906811e-03
1.048810488292e-02 1.238968620599e-02 -4.285435020721e-02
-1.137695099794e-02 -6.277441696561e-02 3.507046564587e-02
-1.103339936539e-02 -1.135961687713e-03 3.430705014262e-02
7.710119827725e-03 5.019329574807e-02 -4.602946250972e-03
-1.725786595277e-02 6.266761854860e-03 -2.574672325968e-02
-1.473313639034e-02 2.289031905966e-02 7.679061495432e-03
3.035511889570e-02 4.604092640301e-03 -7.574238429526e-03
-2.723358220795e-02 1.923075309552e-02 -3.144058102997e-02
1.909549225009e-02 -1.129201152059e-01 6.069933902131e-02
1.090080208494e-02 4.951171873544e-01 1.598128383460e-01
8.817082712253e-02 -7.605782313697e-01 3.267210724932e-01
Mode 15
1.203627924726e-01 4.316417632835e-03 9.703954194793e-03
-5.608874879669e-02 -1.945713723327e-02 1.066558581097e-01
-7.704242185520e-03 8.401471519233e-02 9.940911569619e-02
3.548899651815e-02 1.970881813428e-02 3.538493484359e-02
1.018396229175e-01 -6.483260458490e-02 -8.015874616506e-02
2.296837399170e-02 -2.647894179114e-02 -2.937197974904e-01
5.607014200858e-02 -3.561527778094e-02 3.142755421163e-02
-3.459427276092e-02 1.648839235657e-01 6.720511916296e-02
-2.231756800027e-01 2.827384510807e-02 8.656330364604e-02
-1.551891701560e-01 -9.002875116593e-02 -3.338477168821e-03
1.377847856584e-02 -6.024588944751e-05 -1.296539621409e-01
-2.403348283913e-01 -7.528159893182e-02 2.321031045126e-01
4.815827933094e-02 -1.291639373283e-02 2.671978489475e-02
1.889962704238e-02 9.418007553072e-02 1.461947928987e-01
-1.885653582395e-02 1.501727654381e-01 -3.275554480960e-01
-1.513628972765e-01 4.597070379469e-01 2.405383807008e-01
-3.823661950082e-02 3.415832283028e-01 5.439539568179e-02
Mode 16
1.410342341028e-02 6.505794374240e-03 7.666034677093e-03
-5.646266250177e-03 -4.045840294062e-02 5.589034704377e-03
5.646266250177e-03 4.045840294062e-02 -5.589034704377e-03
-1.518559095080e-03 -2.098861732572e-02 7.561211611188e-03
7.366568195169e-03 -1.144515952983e-02 -3.839530747716e-03
4.212125652684e-03 1.327396699270e-03 -2.192021933031e-02
9.430421772718e-03 -1.710266722382e-03 -2.853442294311e-03
-2.148272075136e-03 8.407496108178e-03 2.290630778371e-02
-2.631183023819e-02 3.300808189022e-02 3.343881157345e-02
-7.710119827725e-03 -5.019329574807e-02 4.602946250972e-03
-5.218296120033e-03 3.037663421652e-03 -1.906677703600e-02
8.598965942749e-03 1.005780265077e-01 3.180938310365e-03
9.430421772718e-03 -1.710266722382e-03 -2.853442294311e-03
-1.376750312437e-03 1.135420177483e-01 -2.512919459917e-03
-5.218296120033e-03 3.037663421652e-03 -1.906677703600e-02
-2.164911275083e-01 -8.266399026974e-01 9.538376685072e-02
-1.886244984603e-01 -3.809629194265e-01 2.007188396804e-01
Mode 17
1.304574030008e-02 -7.594158554130e-03 4.766694258999e-02
5.562787281181e-02 1.256847283592e-02 -1.390955544114e-01
-1.028600924515e-01 1.608774816850e-01 -1.560071705646e-01
-1.770601036790e-01 -2.994008652779e-01 -2.021983076095e-02
-1.141112976727e-01 -1.825345540807e-01 1.263915780438e-02
6.466910795133e-02 6.496274872675e-02 3.460849252199e-02
4.580826440589e-02 6.838328217152e-02 4.031537711061e-02
-4.855588738856e-02 2.929087642656e-01 4.946495341477e-02
6.294880600633e-02 1.168663111972e-01 3.285898856533e-02
9.381885731198e-02 -2.132717575758e-01 -1.769687636874e-02
-1.372696592299e-02 1.852525893874e-02 4.866605786174e-02
-2.479914878532e-02 -8.021131172446e-02 -6.892856948295e-02
5.237040498362e-02 -1.158899703356e-02 4.799565564444e-03
-1.830177955500e-01 4.288387842518e-01 -3.011673681418e-01
-4.167467960859e-02 8.529451438378e-02 5.646296924141e-02
1.375405476493e-01 1.629442766869e-01 -2.739192589931e-01
-1.642329490777e-01 2.176728118032e-01 -1.826091055751e-01
Mode 18
-1.734228445036e-02 2.440915077049e-02 -1.854327022567e-03
1.439212854000e-02 -4.446246131975e-01 -1.349064519234e-03
4.144590854614e-02 1.584130783177e-01 -2.806302340613e-02
1.052101073765e-02 -2.421771575893e-02 1.424115783488e-02
1.149427535027e-02 8.024626085066e-03 -1.867353840905e-03
-4.673001637565e-03 -8.216061096622e-03 -1.051947697140e-02
-2.063853577548e-03 -9.734892807448e-03 -9.860884534053e-04
6.796789282383e-03 -1.894718609662e-01 3.089041206376e-02
1.745706502047e-02 2.809368972089e-01 2.949085735459e-02
3.812262900848e-02 2.074704123781e-01 1.641080485514e-03
-2.063853577548e-03 -9.734892807448e-03 -9.860884534053e-04
-3.579964229597e-02 -1.179546753771e-01 2.247398870175e-02
-2.201528608792e-02 1.619308967386e-02 -1.237380399397e-02
5.872571514702e-02 7.015225812774e-01 -5.116012449546e-02
-2.166878863250e-03 -4.666491890603e-02 1.609897201050e-01
5.247930791153e-02 1.595490400054e-01 -6.237007354875e-02
-1.153791450572e-01 1.021455007066e-01 -5.704340076873e-02
Mode 19
-1.625169548542e-02 1.901701733938e-03 1.524027310662e-02
1.253591690339e-01 3.164274004608e-02 -2.705250741456e-01
2.387259731564e-01 -6.177264041868e-02 -2.954556661095e-01
7.865520700928e-02 1.262183339815e-01 9.071415394119e-03
4.706769036600e-02 9.591055303715e-03 9.625184765565e-03
2.361826368059e-02 -1.334686126377e-02 -1.907980385434e-02
2.041230849525e-02 -1.903931808396e-02 4.382741184228e-02
3.130977672020e-02 -1.822598052991e-02 1.144006622160e-01
-9.790523718792e-02 -6.869325792356e-02 1.731929584222e-01
9.902873200759e-02 9.578406922091e-03 -9.900285025090e-02
-2.421507080591e-02 6.135572732751e-03 9.152040806894e-02
-2.299969537154e-01 2.846528011963e-02 9.895013445835e-02
-6.432555631877e-02 -3.324293448855e-03 -3.537190802525e-02
1.436958686672e-01 -2.655474927261e-01 -4.172960896472e-01
-3.855745064233e-02 -3.762287187374e-02 3.507104824666e-01
-1.459933970879e-01 1.776056387278e-02 -7.259814307306e-02
-3.854722852189e-01 2.947109766550e-02 1.101933379588e-01
Mode 20
8.579554792422e-02 -1.615071706736e-03 3.919841195463e-02
-1.076419970170e-01 -1.847661645065e-02 -9.935700842283e-02
3.263932211128e-02 -3.480779334212e-03 -1.353608467296e-01
2.177475974107e-02 -4.090151885318e-02 -1.488385890612e-01
-1.940613802790e-02 1.467425796304e-02 -2.840415475972e-03
3.391892478022e-02 -1.974481224074e-02 1.239340507340e-01
-5.881522120903e-02 3.681148535810e-02 6.391935778669e-02
-2.002312186205e-02 -3.506522452925e-02 -2.203849010699e-01
-1.856759124706e-01 5.179676405344e-02 -2.241462709076e-01
-2.018947021013e-01 1.709106382246e-02 -1.518104897589e-01
7.691513039612e-03 -4.879119266143e-03 1.334804660703e-01
-1.002722889804e-02 -5.501021808635e-03 7.529404650892e-02
7.160770601635e-02 1.002152283465e-02 5.542477351465e-02
6.262386116189e-02 1.103002709335e-01 -1.044610082527e-01
6.275391466012e-02 -2.358511587322e-02 -3.041474782142e-01
-2.830528920435e-01 -9.576685445553e-02 5.237459020303e-01
4.181317840390e-01 9.576316961565e-03 4.443090512023e-02
Mode 21
-3.603429100062e-02 -8.455093616002e-03 -4.393223490818e-02
2.471473028773e-02 9.835370064008e-02 9.282096572007e-02
3.511455670174e-01 -1.069415782576e-02 8.051351285618e-02
2.541174206601e-01 -2.974187068705e-01 7.187801694926e-02
-1.174100927800e-01 5.580320593423e-02 -9.339811800505e-04
-8.197260890474e-02 5.704701101922e-02 1.154388579427e-01
-4.014339136760e-02 2.714753578331e-02 -1.839878241363e-01
1.673131584863e-01 6.865726381709e-02 -1.387397284461e-02
-4.431673352334e-02 1.234207480595e-01 -1.016592731867e-02
-5.933348747897e-02 -1.227502030289e-01 1.766139631897e-02
-2.609148060017e-03 1.518831710826e-03 -9.533388517998e-03
-3.293136110098e-02 -3.969266289439e-02 5.513635795361e-02
-9.000767357691e-02 2.876750074658e-04 -1.727819262432e-02
5.125380531904e-01 3.769552936433e-01 2.764225942756e-01
4.860445420854e-03 2.700369827958e-02 -1.753487278241e-01
-5.107219552657e-02 5.039737914125e-02 1.164119195778e-01
2.399472116788e-02 1.168419204921e-02 3.725228868449e-02
Mode 22
2.063853577548e-03 9.734892807448e-03 9.860884534053e-04
-2.444717572834e-02 -2.444606843661e-01 3.068076593195e-02
6.867949075410e-02 1.391823252222e-01 3.377557623837e-03
3.606131921315e-02 -1.623603192893e-01 6.221573505050e-03
-7.570250731671e-02 -6.609871041446e-02 -3.014423793772e-04
1.979435079961e-03 2.787728172307e-02 2.487848469052e-02
5.730684747765e-03 2.231601402499e-02 -2.948143094149e-02
4.095800434873e-02 3.223398268257e-01 -2.279205830471e-02
-3.963864432135e-02 -5.885548685637e-01 1.148671259861e-02
-2.319283733266e-02 4.169387664860e-01 -1.114258935898e-02
7.366568195169e-03 -1.144515952983e-02 -3.839530747716e-03
-1.922044794905e-03 1.247957422666e-01 -1.106021952451e-02
-1.149427535027e-02 -8.024626085066e-03 1.867353840905e-03
1.203931545451e-01 3.278048545278e-01 6.123288076394e-02
1.520831144184e-02 -1.076814716414e-01 2.199395551696e-01
-5.018922705375e-02 -3.342590103953e-02 2.938963469393e-02
1.704676010288e-01 5.588470758799e-02 4.206715737982e-03
Mode 23
-2.609148060017e-03 1.518831710826e-03 -9.533388517998e-03
-1.613437113309e-02 -5.284808914661e-02 4.844338491159e-02
1.138850703925e-01 6.614630792229e-02 2.132736950385e-02
5.626934107628e-02 2.515883812828e-01 3.517168830654e-02
-2.830004055391e-01 -4.248534592132e-01 2.025607709416e-02
5.142162480133e-02 1.454490870771e-01 -2.236916563585e-02
1.002096171123e-01 1.031365799103e-01 -1.099447691362e-02
4.735385171350e-02 -8.144351340808e-02 -4.956495903704e-03
-1.573930685769e-02 2.725537918058e-02 -3.330793487087e-02
-5.182511050115e-02 3.352725152892e-04 3.747734500149e-03
0.000000000000e+00 0.000000000000e+00 0.000000000000e+00
2.829126531815e-02 -5.130800167147e-03 -8.560326882932e-03
-1.203956983273e-02 3.229098433208e-03 -6.679946223688e-03
1.270532226093e-01 -7.163893192322e-01 1.133305868447e-01
2.535717241369e-02 -1.017800872001e-02 -1.554137122190e-01
-9.942810400449e-03 -2.364341072426e-02 5.140165027180e-02
9.106535668711e-02 1.381227792090e-02 -2.272271528858e-02
Mode 24
-3.818256307575e-02 -4.759750782335e-05 -2.102592712447e-02
1.722723214714e-01 -1.416124379808e-02 -1.793617654247e-02
7.994753882413e-02 3.081870514882e-02 3.547673109115e-02
-6.739401044295e-02 -2.123834718832e-02 3.507235092849e-01
3.972129887966e-02 6.356440879482e-02 3.034498053219e-01
-2.682267217126e-01 1.567049015558e-01 -1.743502210716e-01
2.724186706564e-01 -1.979056988179e-01 -1.375550880673e-01
-2.559195973204e-01 7.368819396637e-03 -4.416854319586e-02
-8.612049276866e-02 -4.950968556952e-03 -1.765184087727e-01
-1.959515173191e-02 8.430841833016e-03 -2.450407128103e-01
4.076194512246e-03 1.004772565605e-03 8.296008118601e-02
3.886378869866e-02 -1.088350287679e-02 -7.530707332726e-02
6.432555631877e-02 3.324293448855e-03 3.537190802525e-02
-1.814696644601e-01 -8.108385018769e-02 -3.408726596832e-01
4.900834194902e-02 -6.013227194869e-02 -1.173980080312e-01
-8.122557157236e-02 -2.709889329522e-02 1.332968735752e-01
2.710993106290e-01 6.830934292018e-02 -1.262497423612e-01
Mode 25
0.000000000000e+00 0.000000000000e+00 0.000000000000e+00
4.329450005009e-03 -5.342239418127e-02 1.128289247466e-02
6.333369515289e-03 1.637353134964e-01 -7.115865710889e-03
5.504457467534e-03 -9.407223213345e-02 4.485096366728e-03
2.808952246824e-02 6.776137962902e-02 -1.787104245078e-02
1.090588964937e-03 -2.250744903655e-02 1.709460012919e-02
-2.353384518300e-02 -4.795527651858e-03 -4.812592382782e-03
9.430421772718e-03 -1.710266722382e-03 -2.853442294311e-03
4.127707155097e-03 1.946978561490e-02 1.972176906811e-03
-2.063853577548e-03 -9.734892807448e-03 -9.860884534053e-04
0.000000000000e+00 0.000000000000e+00 0.000000000000e+00
-9.430421772718e-03 1.710266722382e-03 2.853442294311e-03
0.000000000000e+00 0.000000000000e+00 0.000000000000e+00
-5.786723110452e-02 -9.746262874128e-01 7.415082487652e-03
2.609148060017e-03 -1.518831710826e-03 9.533388517998e-03
-6.821273712701e-03 1.914350115563e-04 1.238683081231e-02
-8.885127290250e-03 -9.543457795892e-03 1.140074235890e-02
Mode 26
3.818256307575e-02 4.759750782335e-05 2.102592712447e-02
-1.736549494260e-01 -6.504749393977e-03 -7.938291236266e-02
2.366977632344e-02 5.118151785523e-03 -1.000677081335e-01
-2.063853577548e-03 -9.734892807448e-03 -9.860884534053e-04
2.391030267029e-02 2.982658096484e-02 6.114468492161e-02
-4.348527769337e-02 2.113245482945e-02 -1.620030792335e-02
5.560926602370e-02 -4.250394217829e-02 -1.012142090083e-03
6.111960113343e-02 -2.368163371336e-03 9.827912372186e-02
5.122830337584e-02 -7.546561046306e-03 6.869286971446e-02
-8.449733846717e-02 4.042345381442e-02 8.201307318762e-02
-2.298855070053e-02 -1.604925217013e-02 3.734707681811e-03
8.432850147199e-02 -4.138675983166e-03 -3.422828071339e-02
-2.614299324302e-02 -3.276695941032e-03 -1.434598090078e-02
4.732094585876e-02 -4.483611144316e-02 -6.205200394579e-02
4.496779109229e-02 6.155200656705e-02 -9.045934159897e-01
1.607966529092e-01 3.288654513106e-02 -1.541522350229e-01
-3.233455397566e-02 -3.248137436338e-02 -1.730424626100e-02
Mode 27
-3.557341501574e-02 -1.566429218649e-03 -1.149253860647e-02
1.711302198636e-01 -1.011880781082e-02 4.595712760754e-02
3.657958548308e-02 -2.798630902272e-03 5.247953497277e-02
-2.682421886592e-02 7.654404443577e-03 8.198701955095e-02
-1.927922437110e-03 -9.412268673783e-03 -1.058663889697e-01
8.444582582432e-02 -5.888846686371e-02 -1.025168908421e-03
-8.444582582432e-02 5.888846686371e-02 1.025168908421e-03
-7.489807969927e-02 2.428409260784e-03 3.137483841908e-02
9.975716255186e-03 -1.296399124066e-02 5.693857770282e-03
2.043091528337e-02 3.603309693025e-02 -9.425600047901e-02
-2.252767471565e-02 -9.160587772779e-03 3.617440398352e-02
2.063853577548e-03 9.734892807448e-03 9.860884534053e-04
1.203956983273e-02 -3.229098433208e-03 6.679946223688e-03
-6.023075501841e-02 5.275289413096e-02 -9.049523916052e-02
7.127962133048e-02 2.854392467683e-02 -9.380322275631e-01
2.467594679079e-02 7.530916646009e-04 -5.908071176723e-02
-7.633222029677e-02 -3.670259698056e-02 1.504365379315e-02
Mode 28
-3.296426695572e-02 -3.085260929475e-03 -1.959150088472e-03
2.109157605320e-01 -7.224981892904e-03 3.552944688370e-02
-1.712661510040e-01 9.796183677158e-03 5.892317290878e-02
3.652650291952e-02 -8.719422898630e-03 -2.946010628779e-01
-1.323318408337e-02 -1.119347862883e-02 1.382012622055e-01
-1.154306577001e-01 8.368048765731e-02 2.394450351047e-02
1.085249654898e-01 -6.534666373013e-02 1.233472353895e-02
1.808325039172e-01 -1.118382626588e-02 -1.666569157194e-01
6.180082675634e-02 -1.329926375595e-02 1.946123270133e-03
1.464213672180e-01 2.573550248949e-02 4.794233133269e-02
-1.831554906297e-02 -7.833191073509e-03 1.425418465321e-02
-1.609139772615e-01 2.186324574948e-02 1.209491232179e-01
-1.203956983273e-02 3.229098433208e-03 -6.679946223688e-03
-1.879787224743e-01 4.809221013745e-03 4.172374971369e-02
3.581080152116e-02 5.136330050383e-02 -6.834320725981e-01
-1.671055379942e-01 -7.341432672863e-03 1.179908578577e-01
-2.585988648114e-01 -6.464977695604e-02 1.653693848866e-01
Mode 29
0.000000000000e+00 0.000000000000e+00 0.000000000000e+00
3.818256307575e-02 4.759750782335e-05 2.102592712447e-02
-6.171640825875e-02 -4.843125159681e-03 -2.583851950725e-02
1.510959387763e-02 2.140734253318e-03 4.865303104340e-02
-5.218296120033e-03 3.037663421652e-03 -1.906677703600e-02
7.366568195169e-03 -1.144515952983e-02 -3.839530747716e-03
-9.430421772718e-03 1.710266722382e-03 2.853442294311e-03
1.443060009976e-01 -2.464403367246e-03 1.279441471585e-01
-3.872785755822e-02 1.120612701045e-02 -2.957322718906e-02
1.250044581762e-02 3.659565964144e-03 3.911964252540e-02
0.000000000000e+00 0.000000000000e+00 0.000000000000e+00
-4.171346310553e-02 -1.230609459170e-02 -9.543870824589e-02
-2.614299324302e-02 -3.276695941032e-03 -1.434598090078e-02
-2.791300675797e-01 2.168355306140e-02 -3.397296408905e-01
1.157869384785e-02 -1.011776283056e-02 -2.575975007802e-02
-3.631177552199e-01 -7.183576872381e-02 4.550660591342e-01
6.097959444716e-01 7.242063217957e-02 -1.658437763096e-01
Mode 30
1.203956983273e-02 -3.229098433208e-03 6.679946223688e-03
-1.250044581762e-02 -3.659565964144e-03 -3.911964252540e-02
-1.860508000372e-01 1.422148968753e-02 1.475901386834e-01
3.511253903085e-02 -5.322235178703e-03 -2.094715769524e-02
-2.609148060017e-03 1.518831710826e-03 -9.533388517998e-03
-1.679698996789e-02 1.315542625221e-02 6.692973042026e-03
9.975716255186e-03 -1.296399124066e-02 5.693857770282e-03
2.892088091206e-01 2.282481796525e-03 1.834476901024e-01
-5.818550822898e-02 7.415371924198e-03 4.857426161417e-02
-1.249529455333e-01 -1.813064659215e-02 -4.721843295332e-01
5.679172104914e-03 3.851000975700e-03 5.150647333771e-02
9.468067521447e-02 7.928386089156e-03 2.779766959572e-02
-3.818256307575e-02 -4.759750782335e-05 -2.102592712447e-02
-9.256373907336e-02 7.727298714649e-03 3.202690167084e-01
-1.227852625887e-02 -3.402355179904e-02 2.601761628510e-01
3.580167834522e-01 2.012364126491e-02 -4.409297243652e-01
-2.369929420655e-01 -6.926651797796e-02 6.431558829968e-02
Mode 31
0.000000000000e+00 0.000000000000e+00 0.000000000000e+00
8.288320164931e-03 2.332169264874e-03 6.103986185571e-02
4.757420135153e-03 -9.926327819004e-03 -1.337291926571e-02
4.340085919579e-02 -2.990065913829e-03 4.009270416046e-02
-1.410342341028e-02 -6.505794374240e-03 -7.666034677093e-03
9.430421772718e-03 -1.710266722382e-03 -2.853442294311e-03
-9.975716255186e-03 1.296399124066e-02 -5.693857770282e-03
5.296721210894e-02 -4.377708502546e-03 -6.764103865017e-02
-1.410342341028e-02 -6.505794374240e-03 -7.666034677093e-03
-8.432850147199e-02 4.138675983166e-03 3.422828071339e-02
6.821273712701e-03 -1.914350115563e-04 -1.238683081231e-02
3.603429100062e-02 8.455093616002e-03 4.393223490818e-02
0.000000000000e+00 0.000000000000e+00 0.000000000000e+00
-4.790655113099e-01 2.412370464566e-02 -7.566467357675e-01
-1.217550097317e-02 2.906474299543e-03 9.820035429263e-02
1.922938734127e-01 3.344820178411e-02 -2.256197776024e-01
-2.685230684238e-01 -3.322077266609e-02 7.868762283714e-02
Mode 32
-2.614299324302e-02 -3.276695941032e-03 -1.434598090078e-02
2.963550276777e-01 8.657087048656e-03 3.083808561081e-01
1.740112302045e-01 -1.099239125432e-02 -1.542700849071e-01
-1.669711767744e-01 5.525412513736e-03 -4.149579447885e-01
1.662815297271e-02 2.312935157904e-02 4.109181943221e-02
-3.565783351332e-02 1.657595969698e-02 1.239985763065e-02
4.718501471833e-02 -4.515873557683e-02 4.282829657053e-02
-1.107433569959e-01 2.167317748046e-04 2.296429008452e-01
-1.964873922773e-01 2.029681653083e-02 1.094565846114e-01
-2.659468262185e-01 1.867797588002e-03 3.112550331305e-02
6.821273712701e-03 -1.914350115563e-04 -1.238683081231e-02
1.540082850512e-01 -3.529421822298e-03 -8.466989616846e-02
9.430421772718e-03 -1.710266722382e-03 -2.853442294311e-03
2.562243654561e-01 -4.333097309422e-02 -1.084965497947e-01
-2.251297360837e-03 -2.852252999040e-02 1.848821163421e-01
2.479875579340e-01 -2.719812930981e-02 -2.505243159296e-01
2.718463479614e-01 -1.583656139426e-02 -1.083917267288e-01
Mode 33
0.000000000000e+00 0.000000000000e+00 0.000000000000e+00
-1.757501389376e-01 7.823538710559e-03 2.906039932717e-01
-1.273730798893e-01 -1.036839875130e-02 -2.395174207168e-01
2.733133944136e-01 -1.331295711783e-02 -3.496503406077e-02
-4.608759848806e-04 -6.888664397352e-03 -3.243969630171e-02
-2.837568381574e-02 2.327318908277e-02 3.245272312005e-02
2.146999160545e-02 -4.939365155590e-03 3.826503929377e-03
-1.223220508437e-01 1.033449460537e-02 2.554026509233e-01
-1.759078167075e-01 -2.248305833145e-02 -3.225692981504e-01
3.481270556153e-01 2.401022537010e-03 -4.244747624273e-02
-6.821273712701e-03 1.914350115563e-04 1.238683081231e-02
2.239174357521e-02 8.837963639114e-03 6.870589653280e-02
0.000000000000e+00 0.000000000000e+00 0.000000000000e+00
2.046382113810e-02 -5.743050346688e-04 -3.716049243693e-02
6.924298998402e-03 3.673859108703e-02 -1.743626393707e-01
2.226160864537e-01 7.465969638933e-02 -2.902895240740e-01
-4.432872136028e-01 -7.229048803773e-02 1.202935226666e-01
Mode 34
0.000000000000e+00 0.000000000000e+00 0.000000000000e+00
1.932171953032e-02 3.468130952588e-03 2.673281171309e-02
2.100911562057e-02 -1.182802955294e-02 -2.861319237233e-02
-7.036100920215e-02 1.032184622374e-02 1.467746159068e-01
6.590678728189e-02 -2.381345104939e-02 -7.141352917615e-01
-3.244641307956e-01 2.160607361151e-01 2.700755193209e-01
2.813053678674e-01 -2.009064620749e-01 2.791126717036e-01
1.524552501807e-02 2.463358386983e-03 -5.622726947292e-02
5.965255468120e-02 -4.891767647767e-03 2.485243105385e-02
-5.182511050115e-02 3.352725152892e-04 3.747734500149e-03
0.000000000000e+00 0.000000000000e+00 0.000000000000e+00
-1.886084354544e-02 3.420533444764e-03 5.706884588621e-03
0.000000000000e+00 0.000000000000e+00 0.000000000000e+00
7.527453718657e-02 2.260264405219e-02 2.495725411975e-02
3.699737024953e-03 -2.402628074737e-02 2.662798864718e-02
-5.709491926404e-02 -1.509207711235e-02 6.566886174335e-02
1.149427535027e-02 8.024626085066e-03 -1.867353840905e-03
Mode 35
-9.430421772718e-03 1.710266722382e-03 2.853442294311e-03
2.121937932802e-01 -1.094479374650e-02 -1.332441577826e-01
-1.485181266503e-01 1.137006667976e-03 -1.060239278282e-01
-2.013887629366e-02 7.140345298356e-03 1.744804892550e-01
6.821273712701e-03 -1.914350115563e-04 -1.238683081231e-02
1.418784190787e-02 -1.163659454139e-02 -1.622636156002e-02
-1.203956983273e-02 3.229098433208e-03 -6.679946223688e-03
1.429748856858e-01 -4.665383510012e-03 -5.036284602585e-02
-2.573866437727e-01 4.845215120207e-03 -1.175952358639e-01
-5.946354097720e-02 1.113518377779e-02 2.173478662805e-01
-2.609148060017e-03 1.518831710826e-03 -9.533388517998e-03
8.318639986421e-02 -9.623999590958e-05 2.966502343663e-02
-9.430421772718e-03 1.710266722382e-03 2.853442294311e-03
3.075259281043e-01 -2.428548182899e-03 5.972620075790e-01
0.000000000000e+00 0.000000000000e+00 0.000000000000e+00
3.129614340209e-01 1.802465719356e-03 -3.685809163982e-01
-9.625074695240e-02 -4.738201646417e-02 6.075144629467e-02
Mode 36
0.000000000000e+00 0.000000000000e+00 0.000000000000e+00
2.600706210258e-02 2.954071807367e-03 1.192262814171e-01
5.150016565671e-02 -6.901312778976e-03 -1.410677313182e-01
-2.278486816403e-01 2.005778401145e-02 7.604382667464e-02
-7.450986692757e-03 2.958754844546e-02 2.773192698483e-02
3.780610558846e-02 -2.498345580516e-02 -3.530616541436e-02
0.000000000000e+00 0.000000000000e+00 0.000000000000e+00
1.338694087576e-01 3.610923476058e-03 8.981059308649e-02
2.736696751921e-01 -3.081009776613e-02 -2.686180313305e-01
-1.418327840781e-01 6.229475227550e-04 -1.353045812417e-02
9.430421772718e-03 -1.710266722382e-03 -2.853442294311e-03
-7.864932936708e-02 7.989676958867e-03 8.573475405109e-02
-1.203956983273e-02 3.229098433208e-03 -6.679946223688e-03
2.897541036031e-01 -8.971242721749e-03 1.919949901670e-01
-1.225991947076e-02 2.104886321517e-02 1.220927505297e-01
-2.079943967734e-01 9.140778637196e-02 3.442135202188e-01
-6.204342795616e-01 6.546874459901e-03 1.183995066698e-01
Mode 37
0.000000000000e+00 0.000000000000e+00 0.000000000000e+00
-7.503401083971e-02 2.105785127119e-03 1.362551389354e-01
3.831849421619e-02 3.702216414884e-04 -8.385437339185e-02
-1.497961593985e-01 4.856818521568e-03 6.274967683815e-02
-1.473313639034e-02 2.289031905966e-02 7.679061495432e-03
2.361826368059e-02 -1.334686126377e-02 -1.907980385434e-02
2.609148060017e-03 -1.518831710826e-03 9.533388517998e-03
1.017222985652e-01 -1.008281370436e-02 -1.133618579700e-01
-2.315738769571e-02 2.023552566112e-02 5.151950015605e-02
9.797104889740e-02 -4.521546006279e-03 -5.900194233801e-02
0.000000000000e+00 0.000000000000e+00 0.000000000000e+00
-7.965549983443e-02 1.235473707979e-02 4.474775768479e-02
0.000000000000e+00 0.000000000000e+00 0.000000000000e+00
1.182989388951e-01 -5.418475174613e-03 8.717865741387e-03
1.372696592299e-02 -1.852525893874e-02 -4.866605786174e-02
2.185281366570e-01 -1.947610980571e-01 -5.628619441504e-01
6.744219612045e-01 -1.069694600625e-01 5.012537140970e-02
Mode 38
0.000000000000e+00 0.000000000000e+00 0.000000000000e+00
9.179966487358e-02 8.801969532652e-03 2.280248821104e-01
-2.837186507197e-01 -4.674896950847e-03 -3.741415140990e-01
3.007875029685e-01 -7.835281034035e-03 1.576879400243e-01
6.398200468621e-02 -5.831416182904e-02 3.613532352850e-02
-1.418784190787e-02 1.163659454139e-02 1.622636156002e-02
-5.185801635589e-02 3.694267448021e-02 -5.334777354193e-02
-9.294176648137e-02 -4.759533545395e-03 -1.641315779603e-01
1.969169323281e-01 1.065502877850e-02 2.939561057781e-01
-1.935219634388e-01 1.280844171709e-03 -1.146630241403e-01
0.000000000000e+00 0.000000000000e+00 0.000000000000e+00
-1.978259551520e-02 -1.035679534994e-02 -5.917250801480e-02
0.000000000000e+00 0.000000000000e+00 0.000000000000e+00
2.302905626259e-01 2.163941056041e-03 4.093428564475e-01
-7.333662340432e-03 -2.516224243509e-02 6.093503878980e-02
-2.040414042557e-01 1.295433887771e-02 2.991643201547e-01
1.093479998953e-01 5.825287095933e-02 -9.407240798388e-02
Mode 39
0.000000000000e+00 0.000000000000e+00 0.000000000000e+00
5.717933776163e-02 -3.050311803276e-03 -8.956125798047e-02
-2.989424291082e-02 2.284571757051e-03 4.001393473124e-02
1.057984930774e-01 -9.078041138757e-03 -3.040177678401e-02
4.563354976851e-02 -2.953995093763e-02 -6.705999860365e-03
-2.361826368059e-02 1.334686126377e-02 1.907980385434e-02
-2.201528608792e-02 1.619308967386e-02 -1.237380399397e-02
-9.229187679248e-02 8.372546981979e-03 1.105084156757e-01
1.461808408712e-01 1.027073310180e-03 -1.132700617225e-01
-1.146836203677e-01 -4.654166571351e-04 4.180251914291e-02
0.000000000000e+00 0.000000000000e+00 0.000000000000e+00
-1.215893125780e-01 1.786840727005e-02 7.808174619234e-02
0.000000000000e+00 0.000000000000e+00 0.000000000000e+00
-6.125553227387e-02 2.045539237671e-03 6.601176794460e-03
3.615318527366e-03 -5.883891831748e-03 5.052038488430e-02
2.144848479995e-01 -2.323732725876e-01 -5.887265172944e-01
6.273871766933e-01 -1.531679173311e-01 9.759569468622e-02
Mode 40
0.000000000000e+00 0.000000000000e+00 0.000000000000e+00
-5.342808809382e-02 -2.510955894806e-03 3.520134234845e-02
9.000767357691e-02 -2.876750074658e-04 1.727819262432e-02
-1.989606091968e-01 2.213827237532e-02 -4.957104422900e-03
6.517795059188e-01 -4.214760958147e-01 5.866324506120e-02
-2.597493878436e-01 1.652804869507e-01 1.288899381185e-01
-2.740747308126e-01 1.891386784114e-01 -1.780719019350e-01
1.062593690623e-01 -2.189376741404e-03 2.037919517700e-03
-7.114683003147e-02 -3.132858437299e-03 -2.298507721294e-02
7.068595404659e-02 -3.755805960054e-03 -9.454619088770e-03
0.000000000000e+00 0.000000000000e+00 0.000000000000e+00
2.829126531815e-02 -5.130800167147e-03 -8.560326882932e-03
0.000000000000e+00 0.000000000000e+00 0.000000000000e+00
2.527275391611e-02 7.964380195618e-03 -1.315213159818e-01
1.602977592668e-03 2.846228410096e-03 -3.145360784831e-02
-3.957792017630e-02 5.842200522631e-02 1.145445657369e-01
-1.780359120739e-01 2.845263173801e-02 -9.677900558115e-03
Mode 41
0.000000000000e+00 0.000000000000e+00 0.000000000000e+00
0.000000000000e+00 0.000000000000e+00 0.000000000000e+00
0.000000000000e+00 0.000000000000e+00 0.000000000000e+00
0.000000000000e+00 0.000000000000e+00 0.000000000000e+00
0.000000000000e+00 0.000000000000e+00 0.000000000000e+00
0.000000000000e+00 0.000000000000e+00 0.000000000000e+00
0.000000000000e+00 0.000000000000e+00 0.000000000000e+00
0.000000000000e+00 0.000000000000e+00 0.000000000000e+00
0.000000000000e+00 0.000000000000e+00 0.000000000000e+00
0.000000000000e+00 0.000000000000e+00 0.000000000000e+00
-2.559769876055e-02 -1.453042045931e-02 -5.798680836188e-03
0.000000000000e+00 0.000000000000e+00 0.000000000000e+00
0.000000000000e+00 0.000000000000e+00 0.000000000000e+00
0.000000000000e+00 0.000000000000e+00 0.000000000000e+00
9.268139923552e-01 3.677070732573e-01 1.091207214564e-01
0.000000000000e+00 0.000000000000e+00 0.000000000000e+00
0.000000000000e+00 0.000000000000e+00 0.000000000000e+00
Mode 42
0.000000000000e+00 0.000000000000e+00 0.000000000000e+00
0.000000000000e+00 0.000000000000e+00 0.000000000000e+00
-6.967978357924e-02 -6.092541608680e-04 5.044161545507e-02
0.000000000000e+00 0.000000000000e+00 0.000000000000e+00
0.000000000000e+00 0.000000000000e+00 0.000000000000e+00
0.000000000000e+00 0.000000000000e+00 0.000000000000e+00
0.000000000000e+00 0.000000000000e+00 0.000000000000e+00
0.000000000000e+00 0.000000000000e+00 0.000000000000e+00
0.000000000000e+00 0.000000000000e+00 0.000000000000e+00
0.000000000000e+00 0.000000000000e+00 0.000000000000e+00
0.000000000000e+00 0.000000000000e+00 0.000000000000e+00
0.000000000000e+00 0.000000000000e+00 0.000000000000e+00
0.000000000000e+00 0.000000000000e+00 0.000000000000e+00
8.320626016505e-01 -4.876613764940e-02 -5.501760543256e-01
0.000000000000e+00 0.000000000000e+00 0.000000000000e+00
0.000000000000e+00 0.000000000000e+00 0.000000000000e+00
0.000000000000e+00 0.000000000000e+00 0.000000000000e+00
Mode 43
0.000000000000e+00 0.000000000000e+00 0.000000000000e+00
0.000000000000e+00 0.000000000000e+00 0.000000000000e+00
0.000000000000e+00 0.000000000000e+00 0.000000000000e+00
0.000000000000e+00 0.000000000000e+00 0.000000000000e+00
0.000000000000e+00 0.000000000000e+00 0.000000000000e+00
0.000000000000e+00 0.000000000000e+00 0.000000000000e+00
0.000000000000e+00 0.000000000000e+00 0.000000000000e+00
0.000000000000e+00 0.000000000000e+00 0.000000000000e+00
0.000000000000e+00 0.000000000000e+00 0.000000000000e+00
0.000000000000e+00 0.000000000000e+00 0.000000000000e+00
0.000000000000e+00 0.000000000000e+00 0.000000000000e+00
-3.780610558846e-02 2.498345580516e-02 3.530616541436e-02
0.000000000000e+00 0.000000000000e+00 0.000000000000e+00
0.000000000000e+00 0.000000000000e+00 0.000000000000e+00
0.000000000000e+00 0.000000000000e+00 0.000000000000e+00
5.426694885881e-01 -9.492469873475e-02 3.083814646273e-01
-4.585449546575e-02 -2.876476810345e-01 -7.150917261730e-01
Mode 44
0.000000000000e+00 0.000000000000e+00 0.000000000000e+00
0.000000000000e+00 0.000000000000e+00 0.000000000000e+00
0.000000000000e+00 0.000000000000e+00 0.000000000000e+00
0.000000000000e+00 0.000000000000e+00 0.000000000000e+00
0.000000000000e+00 0.000000000000e+00 0.000000000000e+00
0.000000000000e+00 0.000000000000e+00 0.000000000000e+00
0.000000000000e+00 0.000000000000e+00 0.000000000000e+00
0.000000000000e+00 0.000000000000e+00 0.000000000000e+00
0.000000000000e+00 0.000000000000e+00 0.000000000000e+00
0.000000000000e+00 0.000000000000e+00 0.000000000000e+00
0.000000000000e+00 0.000000000000e+00 0.000000000000e+00
5.329215695338e-02 2.188331761141e-03 6.967895816786e-02
0.000000000000e+00 0.000000000000e+00 0.000000000000e+00
0.000000000000e+00 0.000000000000e+00 0.000000000000e+00
0.000000000000e+00 0.000000000000e+00 0.000000000000e+00
-6.610013333379e-01 1.369505758743e-01 -3.741948384108e-01
-2.784371453840e-02 -2.438523362634e-01 -5.766808178357e-01
--
Dipole derivatives 
Mode 0
4.317372335191e-03 -1.342596866927e-02 1.279157615784e-02
Mode 1
1.501099010758e-02 2.514444634703e-03 6.870178893297e-03
Mode 2
-2.283803638602e-02 3.326490493503e-03 1.288603550338e-03
Mode 3
-2.386510522271e-02 -3.527216249509e-02 -2.717727720713e-02
Mode 4
-3.654251379256e-02 -1.016059869801e-01 -4.487793336275e-02
Mode 5
-1.871045119506e-02 1.323694301127e-02 3.697500689562e-02
Mode 6
-4.601971855825e-04 6.745269860929e-03 2.183936590101e-03
Mode 7
-2.961345091536e-02 -4.158732898108e-02 -3.944627375428e-02
Mode 8
7.129984064243e-02 5.700564061972e-02 -2.859352411656e-02
Mode 9
1.918734433367e-02 3.682196937064e-02 -2.520327360665e-02
Mode 10
-1.199303423527e-02 2.383269610195e-02 -8.565742617279e-03
Mode 11
-4.213168585960e-02 -1.171348099438e-02 1.353864920429e-02
Mode 12
2.833229299446e-02 1.328157063104e-02 -1.876026746978e-02
Mode 13
-2.895783566991e-02 1.077169526246e-01 5.426037330252e-04
Mode 14
-5.673592901849e-02 -1.395037373545e-01 1.153348892719e-01
Mode 15
1.013650469054e-01 5.053967686690e-02 -4.020315724229e-02
Mode 16
-3.147852783551e-01 -1.887136543716e-01 2.584179016182e-01
Mode 17
4.327450832243e-03 9.272256717563e-02 -2.414407935845e-02
Mode 18
9.249068235351e-02 6.566035339855e-02 -4.193756501939e-02
Mode 19
-1.405651705432e-03 8.806364846480e-03 -1.220066568613e-02
Mode 20
-9.039040875848e-02 1.354384814197e-01 2.652506162557e-02
Mode 21
9.238277787476e-02 -7.103196932726e-02 -5.028334268521e-02
Mode 22
-3.613927633513e-02 -5.452280160984e-02 2.278427412988e-02
Mode 23
-1.073424795904e-01 -5.366760611957e-02 -6.170093430224e-03
Mode 24
1.577441845589e-02 -7.411075545039e-02 9.675210540227e-02
Mode 25
-8.096841689080e-02 6.421900698699e-03 -4.635794511205e-02
Mode 26
-4.432749237702e-02 6.265659973342e-03 1.098547851117e-01
Mode 27
-7.362108754152e-02 1.379235769247e-01 -1.644498349250e-01
Mode 28
8.571115513961e-02 -1.801456597897e-01 -7.979812620171e-02
Mode 29
1.049554900711e-01 -1.228360998991e-01 -1.174152677481e-01
Mode 30
1.673976581077e-02 7.170198337577e-02 -1.802805358175e-01
Mode 31
-1.696555883220e-02 8.351986396345e-02 -3.070412542833e-02
Mode 32
1.064387356104e-01 -1.982306516746e-01 7.892486784027e-03
Mode 33
7.584939122224e-02 -1.273244478378e-01 -4.359164805987e-02
Mode 34
-1.888463091654e-01 4.716436335521e-01 -3.434901679254e-01
Mode 35
8.358721975121e-02 -1.723674573730e-01 1.306669930193e-02
Mode 36
1.273504202441e-01 -2.806161794650e-02 -2.301854972894e-01
Mode 37
-5.129996809447e-02 7.716027755710e-02 -1.197346783405e-01
Mode 38
-6.462786604647e-03 -1.488799928896e-02 -1.482142008897e-01
Mode 39
4.241904559506e-02 -5.842239735784e-02 -5.441108078455e-01
Mode 40
-9.508371680005e-02 -2.806608061724e-01 -3.018678911398e-01
Mode 41
4.333847578450e-02 -1.200633500175e-02 -8.088245826775e-02
Mode 42
7.613945108532e-03 2.360433980725e-02 -1.168505051288e-01
Mode 43
-2.263293441351e-02 -4.115456704775e-03 -2.325325063370e-01
Mode 44
-1.314078647928e-01 1.877704069549e-01 3.785997391084e-02
--
Polarizability derivatives 
Mode 0
6.685019722363e-01 7.619783594158e-01 4.203300509729e-01
7.619783594158e-01 -7.312707714392e-01 2.201316154800e-01
4.203300509729e-01 2.201316154800e-01 -9.344651172893e-01
Mode 1
2.007709497251e-01 -2.288452265668e-01 2.835951369215e-01
-2.288452265668e-01 -5.723587705518e-01 9.910348093610e-02
2.835951369215e-01 9.910348093610e-02 1.952074438044e-01
Mode 2
-3.688460558912e-01 1.046452865562e-01 2.059830680208e-01
1.046452865562e-01 4.177067087462e-01 1.988119419050e-01
2.059830680208e-01 1.988119419050e-01 -1.307998435963e-01
Mode 3
6.629868920679e-01 3.703911437559e-01 -9.030609410056e-01
3.703911437559e-01 -4.623997858072e-01 3.717420865053e-01
-9.030609410056e-01 3.717420865053e-01 -1.054116430222e+00
Mode 4
1.533649356748e+00 3.376505911778e-01 -3.969759745786e-01
3.376505911778e-01 -2.411524162881e+00 1.470280908308e+00
-3.969759745786e-01 1.470280908308e+00 -7.806553724090e-01
Mode 5
3.825161916147e-02 -3.268797806642e-01 2.833257216197e-01
-3.268797806642e-01 -6.519194863113e-02 -1.610854851379e-01
2.833257216197e-01 -1.610854851379e-01 -6.495784357851e-03
Mode 6
9.421713757581e-02 3.339741397756e-01 5.034210007461e-02
3.339741397756e-01 -4.042981872958e-01 -7.630917192649e-02
5.034210007461e-02 -7.630917192649e-02 4.668152495412e-02
Mode 7
8.751626497571e-01 5.670530575914e-01 -4.632922857245e-01
5.670530575914e-01 -2.149014303124e+00 6.467941221885e-01
-4.632922857245e-01 6.467941221885e-01 3.247580976746e-01
Mode 8
2.942173913751e-01 -5.153791721374e-01 3.132013342471e-01
-5.153791721374e-01 1.594360458238e-01 -7.612372257262e-02
3.132013342471e-01 -7.612372257262e-02 2.159375668364e-01
Mode 9
-4.249521570597e-01 5.242186716437e-02 3.694899451523e-01
5.242186716437e-02 8.290265770170e-01 -7.670160374278e-01
3.694899451523e-01 -7.670160374278e-01 3.166829560435e-01
Mode 10
-4.507035585683e-01 -5.423880465115e-02 -3.208029544933e-01
-5.423880465115e-02 9.076930272721e-01 6.133766382610e-01
-3.208029544933e-01 6.133766382610e-01 -1.497315140890e-01
Mode 11
4.150579142455e-01 -2.619736165313e-01 3.730038471861e-01
-2.619736165313e-01 7.441349139811e-01 -1.680702733485e-01
3.730038471861e-01 -1.680702733485e-01 -5.303642910127e-01
Mode 12
9.809486811151e-01 -1.253705765845e+00 -6.833124240719e-01
-1.253705765845e+00 2.023214088616e+00 7.376525211637e-01
-6.833124240719e-01 7.376525211637e-01 1.058456979491e+00
Mode 13
-4.412234041446e-01 3.783357966747e-01 2.397475516762e-02
3.783357966747e-01 -7.876314218029e-01 -2.972807874379e-01
2.397475516762e-02 -2.972807874379e-01 4.789450239702e-01
Mode 14
6.673178830119e-01 5.606268928141e-02 4.359936665388e-01
5.606268928141e-02 -3.910353178304e-01 -1.037955916525e-01
4.359936665388e-01 -1.037955916525e-01 2.491125697548e-01
Mode 15
-2.812098866016e-01 2.661430440364e-02 -1.639585642736e-01
2.661430440364e-02 4.514622545246e-03 2.178725629238e-01
-1.639585642736e-01 2.178725629238e-01 -1.863368335650e+00
Mode 16
7.884493840680e-02 1.241618760617e-01 1.068067021531e+00
1.241618760617e-01 2.808241815078e-01 9.607385245059e-01
1.068067021531e+00 9.607385245059e-01 -6.481907015960e-01
Mode 17
-7.782854196186e-02 2.701406971279e-02 -3.888840787554e-01
2.701406971279e-02 -5.561201677874e-01 2.522174420184e-01
-3.888840787554e-01 2.522174420184e-01 5.729056367696e-01
Mode 18
-1.819369287217e-01 -4.118729890104e-02 8.706906193781e-03
-4.118729890104e-02 2.256229190834e-01 -3.571132493512e-01
8.706906193781e-03 -3.571132493512e-01 -1.850270638074e-01
Mode 19
-4.079589951614e-01 3.846530493722e-01 3.440115356134e-01
3.846530493722e-01 -8.099140761199e-01 6.638810289623e-01
3.440115356134e-01 6.638810289623e-01 -2.924688696538e+00
Mode 20
9.963117598268e-02 -2.298067713945e-01 4.465371598344e-01
-2.298067713945e-01 -6.828070335055e-02 -1.055989991911e-01
4.465371598344e-01 -1.055989991911e-01 -1.256693163422e+00
Mode 21
-4.455887641827e-02 -2.343342947829e-01 6.359838739963e-01
-2.343342947829e-01 4.315186270865e-02 -3.701647700196e-01
6.359838739963e-01 -3.701647700196e-01 -1.042990488215e+00
Mode 22
-5.539739700985e-02 2.344742837807e-01 1.697052945126e-01
2.344742837807e-01 -1.514299413003e-01 -1.526688604982e-01
1.697052945126e-01 -1.526688604982e-01 -1.047648206260e-01
Mode 23
6.924755759419e-01 -9.158362300560e-01 5.096682164233e-01
-9.158362300560e-01 5.381551090586e-01 -2.969262378438e-01
5.096682164233e-01 -2.969262378438e-01 -2.039206970162e-02
Mode 24
3.079711736409e-01 -5.795036966767e-01 4.621597119203e-01
-5.795036966767e-01 1.956946657835e+00 -4.084103066387e-01
4.621597119203e-01 -4.084103066387e-01 1.308614049578e+00
Mode 25
-6.647869270227e-02 2.230156900162e-01 -7.177128056362e-01
2.230156900162e-01 5.984053873570e-01 -6.139798373530e-01
-7.177128056362e-01 -6.139798373530e-01 -1.433531391291e-01
Mode 26
7.724159439655e-01 -1.123134641733e+00 -1.822916902901e-01
-1.123134641733e+00 1.528836349261e+00 9.072654733861e-01
-1.822916902901e-01 9.072654733861e-01 -7.545709297008e-01
Mode 27
8.093853410014e-01 -1.696945824788e+00 1.998685189400e-01
-1.696945824788e+00 1.870489080931e+00 -2.625174005778e-01
1.998685189400e-01 -2.625174005778e-01 -1.334465830470e+00
Mode 28
-3.190591736609e-01 8.717202791617e-01 -2.036138625850e-01
8.717202791617e-01 -2.315802596375e+00 1.788851630512e+00
-2.036138625850e-01 1.788851630512e+00 -1.006791630176e+00
Mode 29
1.987172981451e-01 -4.765442028162e-01 1.167020493016e-01
-4.765442028162e-01 1.323192271258e+00 -6.450186099600e-01
1.167020493016e-01 -6.450186099600e-01 1.466937969461e+00
Mode 30
1.023925758371e+00 -1.168755347049e+00 -1.729761501173e-01
-1.168755347049e+00 2.931270194199e+00 -8.566874396995e-01
-1.729761501173e-01 -8.566874396995e-01 3.439974037540e+00
Mode 31
1.150696558614e-01 -1.287884516970e-01 -6.185489070362e-02
-1.287884516970e-01 -1.365400600108e-01 7.473591777394e-02
-6.185489070362e-02 7.473591777394e-02 1.087701841514e-01
Mode 32
-1.658218305004e+00 2.730464555942e+00 -4.637020770217e-01
2.730464555942e+00 -5.754461877875e+00 2.019081207810e+00
-4.637020770217e-01 2.019081207810e+00 -2.424134975877e+00
Mode 33
1.267369929893e+00 -1.887185723748e+00 -4.855425107762e-01
-1.887185723748e+00 3.061185825392e+00 8.825940557391e-01
-4.855425107762e-01 8.825940557391e-01 5.131831830315e-01
Mode 34
2.138367679789e+00 -4.534943314422e+00 2.869215006471e+00
-4.534943314422e+00 1.230943094162e+01 -5.308510313545e+00
2.869215006471e+00 -5.308510313545e+00 5.086396580245e+00
Mode 35
-1.556617346400e-01 7.597564827693e-01 -7.497975097868e-01
7.597564827693e-01 -1.742970060810e+00 9.377375808365e-01
-7.497975097868e-01 9.377375808365e-01 3.965159001144e-01
Mode 36
4.215191991910e-01 -7.604866387514e-01 -9.999781948983e-02
-7.604866387514e-01 1.627549452620e+00 -1.031694808948e-01
-9.999781948983e-02 -1.031694808948e-01 -6.705582658385e-01
Mode 37
9.264260351918e-01 -2.553814491501e+00 1.575910597942e+00
-2.553814491501e+00 5.982542114571e+00 -2.142450751122e+00
1.575910597942e+00 -2.142450751122e+00 1.388040168234e-01
Mode 38
6.997392696025e-01 -2.433155790516e+00 2.650810011100e+00
-2.433155790516e+00 6.135808814807e+00 -5.193543817627e+00
2.650810011100e+00 -5.193543817627e+00 7.850410777287e-01
Mode 39
-7.448564697079e-01 1.936152942479e+00 -6.015976718771e-01
1.936152942479e+00 -4.212039403294e+00 1.098083737954e+00
-6.015976718771e-01 1.098083737954e+00 3.372991902599e+00
Mode 40
1.641109370528e-01 1.056260748637e-01 5.149095038272e-01
1.056260748637e-01 -2.295843396349e+00 -1.388037154454e-01
5.149095038272e-01 -1.388037154454e-01 5.039959316222e-01
Mode 41
-6.028054589562e+00 4.569787183428e+00 2.028556101836e+00
4.569787183428e+00 -4.520076210667e+00 8.283931191624e-03
2.028556101836e+00 8.283931191624e-03 -3.322484940182e+00
Mode 42
-7.184184587040e-01 3.290887657288e-01 9.460740341932e-01
3.290887657288e-01 -1.633441786067e+00 1.337514598179e+00
9.460740341932e-01 1.337514598179e+00 -7.410929225767e+00
Mode 43
1.688377867607e+00 -1.921576035504e+00 -5.556055264816e-02
-1.921576035504e+00 2.636358819600e+00 -2.869021492048e-02
-5.556055264816e-02 -2.869021492048e-02 1.025517425535e+01
Mode 44
-3.929894078682e-02 3.873508710698e-01 2.229670156731e+00
3.873508710698e-01 -1.263159784381e+00 -2.538454717028e+00
2.229670156731e+00 -2.538454717028e+00 -9.782213481713e-01
--
