Number of atoms 
21
--
Anisotropy 
86.364
--
Frequencies 
30.845300000000
50.378700000000
53.529800000000
68.211300000000
92.581800000000
144.212600000000
156.086800000000
164.833200000000
197.031000000000
229.553200000000
254.097200000000
297.587800000000
317.403200000000
358.090600000000
359.859500000000
389.955700000000
440.300900000000
471.891800000000
515.124700000000
570.752800000000
577.850300000000
596.349500000000
623.430300000000
653.241900000000
681.219000000000
721.218100000000
781.918400000000
824.748900000000
840.216900000000
880.032300000000
945.574700000000
970.474100000000
991.897900000000
1055.065400000000
1136.035800000000
1169.279800000000
1183.708400000000
1201.220000000000
1218.823100000000
1241.085700000000
1256.610400000000
1294.078400000000
1313.030200000000
1337.455400000000
1421.492300000000
1462.885600000000
1465.919600000000
1481.141500000000
1503.024500000000
1624.870200000000
1631.767000000000
2667.772300000000
3024.247100000000
3116.341300000000
3156.496900000000
3212.523300000000
3227.763900000000
--
Displacements 
Mode 0
1.545297096256e-02 1.231235770978e-01 -1.338077383309e-03
-1.422050658413e-02 1.031081539731e-01 5.627153611503e-02
-2.158765518067e-02 3.657361944355e-02 5.192632766333e-02
-2.972485660759e-02 -4.363314542786e-02 5.111341819650e-02
-4.286766907902e-02 -1.257400315001e-01 4.185459862519e-02
-3.565465766517e-02 -1.300586638802e-01 2.671122117136e-02
-1.601750754936e-02 -4.232491822666e-02 3.085515757556e-02
-1.432326470592e-02 5.587270936667e-02 4.327914551134e-02
7.624043901018e-03 1.846231460457e-01 3.682618496092e-02
-1.381010718002e-02 -4.854367180765e-02 7.265870017251e-03
-5.141526991005e-02 -5.429497059077e-02 9.004735525613e-02
2.808199282505e-02 -3.094675986225e-02 -5.704121083044e-02
-1.163882296268e-01 3.234003023655e-01 -3.589791420602e-01
4.128147307283e-01 -2.649524049386e-01 -2.560941647343e-01
-1.247001956471e-01 -1.185863683234e-01 2.781854317779e-01
1.984266635939e-02 1.822046348665e-01 3.012871761157e-02
-9.138411136878e-03 5.710743254652e-02 -7.431728590143e-03
4.584512227873e-02 1.331935082610e-01 -6.897618516837e-02
-4.374048003119e-02 -1.866477064484e-01 3.239450700637e-02
-3.652746861733e-02 -1.909663388285e-01 1.725112955254e-02
5.137906089531e-04 2.361772230323e-01 6.496195301844e-02
Mode 1
1.674690492413e-01 8.584403420515e-03 1.829765710798e-01
2.112641200984e-02 -8.247826800796e-02 5.339485014491e-02
1.953492728819e-02 -1.334404509948e-01 5.396325281282e-02
7.192090636504e-04 -1.838842440034e-01 5.278321272559e-02
-5.929265763411e-03 -2.603642704943e-01 3.840950998717e-02
-3.619107272287e-03 -2.193475794689e-01 2.781261303255e-02
2.333381237917e-02 -8.869702158894e-02 2.980556258661e-02
2.338519144007e-02 -6.507929928571e-02 3.630175788845e-02
3.888954146353e-02 8.166200011527e-02 4.145987580699e-02
2.541281399071e-02 1.033060971963e-01 9.057547523805e-03
-9.805170551291e-03 -8.326810523080e-02 7.190466801072e-02
-7.647013414589e-02 1.500688821286e-02 -1.001354676919e-01
-3.195906599015e-02 4.138807296115e-02 -7.325056667084e-02
-2.609573653523e-01 -7.252698805835e-02 -1.960639933072e-01
-3.877608459276e-03 1.843800651409e-01 -1.931034845136e-01
1.218026341929e-01 4.866424918047e-02 1.299842650299e-01
2.346974788343e-01 1.773882551897e-01 1.998762125656e-01
2.564917208469e-01 -1.125919791249e-01 2.995580801343e-01
-7.520750485056e-03 -3.113264534812e-01 3.897791265507e-02
-8.676097377704e-03 -2.448654229730e-01 1.287050762623e-02
5.644768996780e-02 -2.260737301638e-02 6.635182727399e-02
Mode 2
1.539392390362e-01 1.389467807562e-02 -8.252059504233e-02
1.760782389377e-02 -7.336775095110e-02 -1.952104957683e-01
6.183689140320e-02 -9.355661278825e-02 -1.221612011450e-01
1.257795934312e-01 -7.391257159930e-02 -1.171171449271e-01
1.492675429930e-01 -9.175642627856e-02 -6.782299643493e-02
1.146912125236e-01 -6.643652599761e-02 -5.666902437384e-03
6.306989107580e-02 -4.126363375933e-02 -4.416035400930e-03
2.071484422851e-02 -9.748129439183e-02 -6.138641928214e-02
-7.426219848238e-02 -1.651506174101e-01 -6.091304823791e-02
5.801937593957e-03 1.107086387766e-01 9.005517653295e-02
1.491128705162e-01 1.132915885372e-02 -1.501232893528e-01
-7.254168191989e-02 2.818329741719e-02 3.665250511122e-02
-3.567295662354e-01 -8.234997648771e-02 -1.134129531666e-01
6.242887008628e-02 8.743586773924e-02 9.725021960097e-02
-1.606630298887e-01 1.241809902255e-01 3.040830026384e-01
7.395222044562e-02 3.072818346802e-02 -2.046627661103e-01
2.808234333821e-01 1.904969578714e-01 -7.905130172987e-02
2.025585372366e-01 -1.211518780348e-01 8.480720158820e-02
1.959346324572e-01 -9.521171741448e-02 -7.102357827402e-02
1.454949316211e-01 -4.136356845051e-02 4.147625920462e-02
-6.774275549617e-02 -2.310423227595e-01 -1.446733015165e-01
Mode 3
-2.147777927780e-01 -2.170232149926e-01 -1.790849627514e-01
3.488514012897e-02 -5.755231850354e-02 3.963278482582e-02
2.145979171705e-02 -1.229049911930e-02 1.372665184448e-02
2.145979171705e-02 -1.229049911930e-02 1.372665184448e-02
2.068973888667e-02 -2.596272946112e-02 1.725895082935e-02
2.641402370067e-02 -3.400810022165e-02 1.567636664712e-02
2.145979171705e-02 -1.229049911930e-02 1.372665184448e-02
2.800550842232e-02 1.695408276523e-02 1.510796397921e-02
4.109694183286e-02 7.544324653428e-02 1.787058824868e-02
2.795412936142e-02 -6.663639537998e-03 8.611768677371e-03
2.872418219180e-02 7.008590803827e-03 5.079469692498e-03
-2.790275030053e-02 3.028136184123e-02 -2.115573375527e-03
-6.663815458137e-02 1.947252863564e-02 -2.408686327698e-02
-5.013259484795e-02 2.889963061870e-02 -1.230992623514e-02
-1.701871725932e-02 9.498927919126e-02 2.423633845225e-02
-1.248823102202e-01 -2.772919225897e-01 -5.304336207814e-02
-3.598617897009e-01 -5.012502243648e-01 -2.067551810415e-01
-3.534204369999e-01 2.575169039106e-03 -4.068013805473e-01
2.068973888667e-02 -2.596272946112e-02 1.725895082935e-02
2.063835982578e-02 -4.958045176435e-02 1.076275552751e-02
3.052118315702e-02 1.524416630036e-01 3.049584823197e-02
Mode 4
-4.767000284553e-02 1.480533884312e-01 -2.300168798214e-01
8.933527976352e-03 1.890152824472e-01 8.242217589530e-02
-9.369032722294e-03 3.415510826432e-02 4.522886031398e-02
-2.818475094684e-02 -1.628868474421e-02 4.404882022675e-02
-3.406317294352e-02 -7.909648089337e-02 2.614281850346e-02
-2.685016152967e-02 -8.341511327347e-02 1.099944104963e-02
-3.080211321499e-03 -5.468892136730e-02 1.412919593949e-02
6.931010767544e-03 -5.088867896554e-02 3.102101614845e-02
4.309936125278e-02 -1.991851483016e-01 3.110822649530e-02
9.574548965875e-03 6.031578094859e-02 -1.924407910660e-02
-2.890342471632e-02 -6.343192782805e-03 5.407731451347e-02
0.000000000000e+00 0.000000000000e+00 0.000000000000e+00
2.877556125269e-02 3.062631310705e-02 1.157566499434e-02
-1.006260114994e-02 -2.741796470498e-02 -2.338801551080e-02
7.213011413855e-03 -4.318632380106e-03 -1.514337745383e-02
5.775610345479e-02 3.296622674690e-01 -1.367559581625e-02
-2.166267080983e-01 -2.121352574537e-01 -2.738092436050e-01
2.151543377303e-03 3.326088279543e-01 -6.089061819590e-01
-4.710322729317e-02 -1.139679223592e-01 2.987638953583e-02
-2.613148776019e-02 -9.336060523488e-02 9.709467629120e-04
8.625253610980e-03 4.730894862779e-02 4.344500408423e-02
Mode 5
-1.073749076938e-01 -6.458541381800e-02 6.632762259955e-02
-3.301111946684e-02 -1.885420396611e-02 -2.355387408369e-02
-2.217846548653e-02 2.223599108070e-02 -3.698157557765e-03
8.214318912701e-04 3.728995264505e-02 2.963896316971e-03
-4.825833225830e-03 -1.765042712639e-01 -4.790987298138e-03
-1.450314031350e-02 -2.840554968189e-01 1.460701204777e-03
-2.772297248183e-02 -1.443227882218e-01 1.539349430814e-03
-2.454000303854e-02 -4.239842224800e-02 4.025440950100e-04
-6.466137579745e-02 -9.698549227547e-03 4.984438068832e-03
-1.121794804259e-02 3.904306580326e-02 -4.949542053964e-02
1.044735991804e-02 1.212234558969e-01 -9.783987487788e-03
5.760250156628e-02 8.487034851734e-02 2.964752529053e-02
1.005734640613e-01 8.390707258197e-02 6.359702428133e-02
1.286303515445e-01 1.244788776504e-01 8.520118356239e-02
4.941392107847e-02 -1.895413865729e-02 2.233842052185e-02
-2.536159551807e-01 -2.750674928047e-01 -2.140486432565e-01
1.388721952189e-01 1.512314443344e-01 4.943241486723e-02
-2.838242882523e-01 -1.337157695789e-01 4.114169009217e-01
-7.187370777850e-03 -2.411386845926e-01 -6.902856453628e-04
-8.496319559012e-03 -4.194695730360e-01 1.652543043257e-02
-5.672969061411e-02 -2.396267356906e-02 -2.018743367171e-02
Mode 6
-4.274034090957e-02 2.391560021757e-02 -8.661008789493e-02
-3.218968757557e-02 1.843574867894e-02 -2.058997776672e-02
-7.931685183335e-03 1.426412434151e-02 2.517187174054e-02
2.746831614293e-03 -1.549884752137e-02 2.553900236094e-02
8.573874550084e-03 2.369122632456e-02 3.694880878239e-02
-2.823316017023e-03 6.339969014884e-02 4.661017244871e-02
2.130915966604e-03 4.168208904649e-02 4.855988725135e-02
-1.013908555267e-02 2.048287792249e-02 4.876115929885e-02
-6.984622936649e-02 -1.093327240740e-02 5.569531217032e-02
5.536882747788e-02 -4.047185135613e-03 -3.190475256451e-02
7.701063597919e-03 -3.721644862372e-02 2.748871716358e-02
-1.227000151927e-02 -2.119921112400e-02 2.012720475050e-04
-2.299989737780e-02 -1.505396156435e-02 -6.662053874736e-03
-3.955683617211e-02 -4.809878585064e-02 -2.493518621843e-02
-1.144856962800e-02 1.609074152105e-02 3.165168364476e-03
-3.131460954355e-01 -1.259263892363e-01 -5.556816241405e-01
4.421298210149e-01 2.709261704766e-01 -1.572266883205e-01
-2.498124943697e-01 -7.823701098876e-02 3.787778871164e-01
2.079249700846e-02 2.127271514534e-02 3.025134143304e-02
-2.771936956127e-03 8.701741245207e-02 5.310636775055e-02
-7.621270354724e-02 -4.084325231295e-02 -4.842784170380e-03
Mode 7
-4.445968909484e-02 -2.763462445057e-03 -2.038870571922e-02
2.305127643869e-02 3.867168386758e-02 1.315824917658e-02
7.315769535646e-03 4.291681222635e-02 -2.150986850140e-03
-4.235558214147e-03 1.177210914095e-02 -1.197820908935e-02
-2.079249700846e-02 -2.127271514534e-02 -3.025134143304e-02
-5.908103058541e-04 -1.433762836285e-02 -5.562448522109e-02
1.167919121342e-02 6.861582761155e-03 -5.582575726860e-02
2.746607717736e-02 2.623417670561e-02 -3.402032594003e-02
1.716515247231e-01 -1.952152814634e-02 -3.814005766979e-02
-5.685755407774e-02 3.204467551926e-04 4.546554583610e-02
-1.871296010275e-02 -3.208348402070e-03 1.181235051646e-02
-1.149994868890e-02 -7.526980782176e-03 -3.331026937368e-03
-5.724284814001e-03 8.045370760526e-03 1.582584182238e-03
-1.078127491942e-02 -1.747247274358e-02 -1.335952122408e-02
-1.149994868890e-02 -7.526980782176e-03 -3.331026937368e-03
-3.057270324839e-01 -2.097128844455e-01 -4.820285133746e-01
3.994676681794e-01 2.396570281894e-01 -8.938730848793e-02
-2.924232681442e-01 -8.588843097276e-02 4.531134622508e-01
-3.878678334173e-02 -3.442655550881e-02 -2.846748520330e-02
-4.877747580896e-03 -2.618324152513e-02 -7.409888961229e-02
1.580218284449e-01 9.792425418963e-02 7.375596366633e-02
Mode 8
-1.874367070157e-01 -7.134965675433e-03 2.429332688784e-01
2.474551928213e-02 1.368693114609e-01 2.558223711237e-02
-7.829462355715e-03 2.354383209899e-01 -2.464744466807e-02
3.798885090979e-03 4.474342940589e-02 -2.415769022621e-02
2.625988651799e-02 -1.048612671313e-01 -3.812219258415e-03
2.713269747015e-02 -4.395359218305e-02 5.647872360400e-03
2.618286682109e-02 1.169783275381e-01 5.525248538932e-03
8.573339255913e-03 1.976299783665e-01 -2.586289822991e-02
-2.315403456048e-02 -8.590712847404e-02 -2.615063978027e-02
5.018397390884e-02 -5.281908315469e-03 1.880612153698e-02
1.807077073600e-02 -3.474700226400e-02 -7.393303103939e-02
-1.286081182513e-02 -3.553683948685e-02 -5.542321317359e-02
-6.540632328599e-02 -9.488934450008e-02 -7.012863305779e-02
-2.079249700846e-02 -2.127271514534e-02 -3.025134143304e-02
-1.429815936409e-02 -1.564585556404e-02 -3.536622460015e-02
-3.562614498054e-02 -2.161450285656e-01 4.012631361341e-01
-4.209513968611e-01 1.080688802522e-02 3.180929622798e-01
-2.552302084897e-01 7.879859346845e-02 1.927390005725e-01
4.366389783958e-02 -2.799838071727e-01 1.591146303056e-03
2.466840179634e-02 -1.558234501182e-01 -3.243816590513e-03
-2.869907684996e-02 -7.852715573453e-02 -8.372483980399e-02
Mode 9
2.874928753363e-02 -6.450997412688e-02 -7.356590041900e-02
1.274224572137e-01 6.673336908071e-04 -1.111893522931e-01
1.175653723074e-01 6.772025819874e-02 -1.085925865966e-01
8.213685829646e-03 3.230592224392e-02 -7.133626534282e-02
-1.696850657565e-02 -4.804785067015e-02 -1.330544017707e-01
3.118730948838e-02 -4.777640342566e-02 -1.498157768814e-01
1.182326670159e-01 3.415704393410e-02 -1.251172761851e-01
1.090428768182e-01 6.764675417740e-02 -1.390452000771e-01
-1.911876203886e-01 -1.369287302346e-02 -1.796101306679e-01
6.001595347336e-02 -8.162678926911e-04 9.485472595190e-02
-1.976271716292e-01 -1.026981005617e-02 2.851982328754e-01
-7.795715707435e-02 3.996249955128e-03 1.400239681168e-01
1.344836681993e-01 2.588052387303e-01 1.817525553972e-01
-1.483439860630e-01 -1.643117806765e-01 -1.719594515694e-02
-6.643210304361e-02 -5.999533419340e-02 6.470962494270e-02
5.429050028214e-02 -1.594257492968e-01 -6.734962539070e-02
-2.182295027499e-03 -6.529981134972e-02 -5.505608255319e-02
-3.580933014203e-02 -2.697307874797e-02 -5.558907174648e-02
-1.360575931367e-02 -1.207276347594e-01 -1.305362843002e-01
5.286443313607e-03 -1.181846843783e-01 -2.015054190226e-01
-1.842845870115e-01 -1.524339393456e-01 -4.603293224699e-01
Mode 10
1.640280161163e-02 -3.780834262340e-02 -1.215453561841e-03
3.624429959380e-02 -2.225855992155e-02 -1.348736714751e-01
1.058096966912e-01 1.087595180651e-01 1.938234548169e-02
2.142891075109e-01 -9.067257297037e-02 3.547763962145e-02
1.511415636552e-01 -1.681629487482e-01 -5.174408569281e-02
9.569571648037e-02 5.772383105685e-02 -1.050186533095e-02
-4.222655030062e-02 2.600928232499e-01 -2.164813487649e-02
2.423236175623e-02 2.412856926352e-01 6.159551260646e-02
-3.270230980730e-02 -5.108662218870e-02 7.823500473967e-02
-2.143667602909e-01 -2.808143656679e-02 -1.271154003366e-01
2.029187259570e-01 -1.297665739541e-01 1.930922757134e-01
1.316597190993e-01 -1.838867532746e-02 1.273874993334e-01
9.518309424864e-02 -1.179853981079e-02 8.832311717544e-02
-1.334832871502e-02 -1.765777752852e-01 -3.524360077868e-02
1.762992838017e-01 3.243029933032e-01 1.895946493591e-01
1.221365491943e-01 -5.508673397282e-02 1.531277737418e-01
-1.517832177277e-01 -4.373115395983e-02 5.243511218218e-02
7.272092444441e-02 -2.884869543821e-02 -9.580928931718e-02
1.096084839933e-01 -3.610294087776e-01 -4.293886624474e-02
1.533501324017e-01 -7.726850164545e-03 8.845356227372e-02
-2.826240372679e-02 -1.350426942814e-01 -4.758894048843e-02
Mode 11
3.259955168551e-02 3.851177582241e-03 -9.122739534336e-02
-2.385745519994e-01 -1.669469420908e-01 -3.301679900669e-01
-7.092509185641e-02 7.626915473361e-03 -4.256126766818e-02
-2.579810805298e-02 -2.317283634621e-02 -3.869725153752e-02
-5.544506995310e-03 -1.665587793025e-01 5.237506988579e-03
-3.760516273003e-02 -5.751298783119e-03 8.278148523888e-02
-6.486625895797e-02 2.364241657661e-01 7.997488537399e-02
-1.036530422997e-01 2.019976102573e-01 5.150740017069e-02
1.482931422963e-01 -3.324469366865e-02 7.351145686740e-02
5.590825872284e-02 -1.332727907600e-02 1.722353735474e-02
-6.306989107580e-02 4.126363375933e-02 4.416035400930e-03
-5.233999521728e-02 3.511838419968e-02 1.127936132317e-02
3.470536231027e-02 1.170518315594e-01 3.597786201948e-02
-2.433448679496e-02 5.207246696491e-02 2.638732530239e-02
-5.837255439665e-02 -9.854257885916e-02 -2.611522630565e-02
1.430826480912e-01 2.109779001242e-01 1.400559940681e-01
-1.583294697272e-01 1.009630161976e-01 -1.175790696486e-02
3.319560695628e-01 -1.423717223298e-01 -2.239094918963e-01
7.575082729335e-02 -3.456550004581e-01 9.188733466091e-03
-2.731140470050e-02 -1.293197618379e-01 1.163206188579e-01
1.463694462447e-01 1.226020662045e-02 2.775349933606e-01
Mode 12
-1.866934631985e-01 8.533972947441e-02 9.144769746785e-02
-1.885954612511e-01 7.389386458744e-02 -2.363714212248e-01
-6.437937515114e-02 3.687149735789e-02 -4.117995553344e-02
4.055751058790e-02 8.472334047467e-02 -3.125770167057e-02
4.802741730623e-02 1.984933196107e-01 -1.392010261518e-02
2.415524427044e-02 -5.140706894389e-02 3.276945890358e-02
-3.393477418573e-02 -2.773183532596e-01 2.330154600795e-02
-6.799848242342e-02 -1.824760821110e-01 -1.336734250090e-02
7.413316664153e-02 2.277888556969e-02 -3.722090777912e-02
2.949423502217e-02 2.068082114565e-02 1.547170707625e-03
2.343657050096e-02 -4.146157698249e-02 4.279795319030e-02
2.844218154549e-02 -3.956145578161e-02 5.124386329477e-02
3.994213023438e-02 -3.203447499943e-02 5.457489023214e-02
-5.703796497949e-02 -1.656690073884e-01 -5.916460548278e-02
3.876167799990e-02 1.059451204395e-01 1.071128553148e-01
-4.540728077834e-02 -2.305419464318e-02 2.688990200088e-01
-4.141755938646e-01 2.369425462339e-01 2.040019784981e-01
-9.643949559168e-02 2.374022583526e-02 9.917572972917e-02
8.229610649334e-02 3.720606897170e-01 -1.407813991126e-02
4.505049940069e-02 1.710109080790e-02 7.601319094031e-02
4.474285811838e-02 2.159883611951e-01 1.380112476418e-01
Mode 13
-9.318004174566e-02 7.776374918154e-02 2.588974958371e-02
-1.920838330112e-01 -1.036588291835e-02 1.161737903620e-01
-1.737305263347e-01 -1.724815906389e-01 5.888807273260e-02
-7.567273700811e-02 -2.240620982953e-01 1.070972127612e-01
-1.005980341089e-01 -1.863272596932e-01 7.786005284247e-02
-4.892640418857e-02 1.599950744556e-01 -4.251803291675e-02
-2.597788587167e-02 1.514313137168e-01 -4.235217434386e-02
-7.233733405353e-02 -4.400066553454e-02 -1.011496492062e-01
-1.078297859081e-02 -1.018857286626e-02 -2.399581637612e-01
5.441953212299e-02 -1.705401745642e-02 3.078433062633e-02
4.291958343409e-02 -2.458099823859e-02 2.745330368896e-02
6.245397542811e-02 1.591730280853e-02 1.860484948947e-02
4.864386824809e-02 -3.262636899912e-02 2.587071950673e-02
1.306322356702e-01 2.378923485654e-02 3.562711479671e-02
9.875082246003e-02 1.839313173548e-01 5.401430884105e-02
-1.436979306559e-01 1.867966406503e-01 -1.605988066514e-02
-4.132800092356e-03 5.900755374740e-02 1.014181514336e-03
-3.583443548386e-02 4.454548618274e-02 2.305629836502e-02
-2.062535936174e-01 -2.242336108486e-01 7.796629326631e-02
-8.986974413292e-02 3.293437468730e-01 -1.037117422722e-01
-8.068048922932e-02 4.697927886717e-01 -1.525955253925e-01
Mode 14
-3.367841417542e-02 1.470901029852e-02 -7.029184495133e-03
-1.067851679763e-02 2.976297186288e-02 -3.671306203970e-04
-1.221862245838e-02 2.418511179228e-03 6.697467349349e-03
-1.540105660750e-03 -2.734446068365e-02 7.064597969746e-03
-1.540105660750e-03 -2.734446068365e-02 7.064597969746e-03
1.540105660750e-03 2.734446068365e-02 -7.064597969746e-03
0.000000000000e+00 0.000000000000e+00 0.000000000000e+00
-5.827042935792e-03 -3.919007384593e-02 -1.140980642145e-02
1.876433916365e-02 2.682607070530e-02 -5.316155214616e-03
0.000000000000e+00 0.000000000000e+00 0.000000000000e+00
0.000000000000e+00 0.000000000000e+00 0.000000000000e+00
0.000000000000e+00 0.000000000000e+00 0.000000000000e+00
1.149994868890e-02 7.526980782176e-03 3.331026937368e-03
5.005611044522e-03 1.900121200878e-03 8.445910104479e-03
0.000000000000e+00 0.000000000000e+00 0.000000000000e+00
-2.294851831690e-02 8.563760738876e-03 -1.658585728920e-04
-3.945407805032e-02 -8.633412441788e-04 -1.194279561474e-02
-4.363825720357e-02 3.452649020000e-02 -1.742480940225e-02
-1.304005434965e-02 -3.487144146582e-02 3.733571032378e-03
-3.414126322877e-03 4.906206178600e-02 -9.014312772381e-03
1.592283588206e-01 -9.739837665125e-01 3.003252099657e-02
Mode 15
-1.236235721227e-01 4.407609571509e-02 8.703166206692e-02
3.714338426502e-02 1.337854022607e-01 -4.027201444295e-02
3.650173019245e-02 -7.810870044737e-02 -3.958098795358e-02
9.638865182496e-02 -2.212967001805e-01 -4.286021801870e-02
1.367669198883e-01 -1.359079616848e-01 -1.496113548331e-02
1.010096018903e-01 2.013302860771e-01 3.692121658459e-02
1.997106511719e-02 -1.601723749972e-02 2.728744511607e-02
1.740401132159e-02 -1.751225400413e-01 5.403365561471e-03
4.286937275042e-03 1.184561316228e-02 1.847440439120e-02
-2.723545559194e-02 -3.281852423407e-03 -1.864026296409e-02
5.311004804766e-02 -2.144615385786e-02 -1.481166030804e-02
-3.439708794490e-02 2.465450225993e-02 2.999309791584e-03
2.849302531221e-02 1.579950185636e-01 -5.071648415687e-03
-8.316881965662e-02 8.156399158329e-02 4.278156979267e-02
-7.295271440705e-02 -1.607584810086e-01 -1.531705730353e-02
-5.185140773905e-02 -1.717181840859e-01 1.167231629529e-01
-2.248380571735e-01 8.886852463168e-02 1.251008927875e-01
-2.377753534014e-01 1.012325277723e-01 1.418268544236e-01
1.907497788882e-01 -9.644644059434e-02 -2.031270417254e-02
1.391034498874e-01 5.147773728232e-01 9.774705447564e-02
-4.995271924037e-02 3.688278368043e-01 2.950851807143e-02
Mode 16
5.888571192255e-02 -5.873802315155e-03 -9.898049188438e-03
-2.161222522833e-02 -6.584656766771e-02 1.933834047871e-01
-1.013172431726e-01 -2.443015689864e-03 2.507684011688e-02
2.392408739086e-02 9.957935881586e-02 2.261834079539e-02
1.618989016100e-01 8.748294109073e-02 2.040477411676e-01
1.246013801623e-01 -1.171556280796e-01 2.248311697050e-01
-1.545180258534e-02 4.353127506689e-02 1.651250129081e-01
-9.217936732987e-02 1.143883038056e-01 -3.030313830528e-02
1.996936144579e-02 -8.733337622399e-03 -1.993111974211e-01
-2.574672899209e-02 4.448859570136e-04 -3.220105623568e-02
1.386135962431e-01 4.042673269557e-02 -2.096472041791e-01
7.213011413855e-03 -4.318632380106e-03 -1.514337745383e-02
1.379993842668e-01 9.032376938612e-02 3.997232324841e-02
-2.138787081068e-01 -6.097925281040e-02 -8.448330571923e-02
-9.138197019210e-02 -1.246806827026e-01 1.769295421478e-01
-4.225282401968e-02 1.649565360159e-01 -1.067897002898e-01
2.145962134991e-01 -1.156210913156e-01 -8.933212409232e-02
9.851903249739e-02 -5.675859091998e-03 -5.711203777966e-02
2.552330805383e-01 8.057235881887e-02 1.976465774894e-01
1.589990034013e-01 -3.157488823815e-01 2.846435669257e-01
5.477855246620e-02 -1.923235655404e-01 -2.471753077329e-02
Mode 17
-1.496545407267e-02 1.791735870059e-02 -1.884153501159e-02
-8.604468311176e-02 -4.530889273573e-02 -8.089138858530e-02
2.143468637521e-02 5.922806581141e-02 9.237202195598e-02
1.050150738132e-01 -7.332899388016e-03 1.643717215904e-01
1.313006987560e-01 1.568808727565e-01 1.828893607330e-01
1.492692466644e-01 -9.904032615587e-02 1.587756461022e-01
6.188997413549e-02 -7.722279036234e-02 1.109336366940e-01
1.968852917671e-02 1.113514679568e-01 1.064013170604e-02
2.745127942896e-03 -8.214947644049e-03 -2.010596401762e-01
-3.647662485061e-02 6.590135516661e-03 -3.906438215792e-02
-1.157419412606e-02 -1.408487900740e-01 3.582284974217e-01
4.004936628731e-03 -3.472443342315e-02 6.463879799347e-02
-2.763845978900e-01 7.342447411979e-02 -1.723960575229e-01
5.057043634834e-02 8.123968299911e-02 2.122327610755e-01
1.297828263885e-01 -1.013531051451e-01 -2.790769894707e-01
5.159748227208e-03 7.275328811056e-02 2.793449601001e-02
-3.935131992853e-02 4.637210336228e-02 1.049594988949e-03
6.604734427551e-02 -3.381015699849e-02 -3.153762194411e-02
1.459836168882e-01 2.663322195125e-01 1.850835823345e-01
1.675974479991e-01 -1.896374689457e-01 1.801352985843e-01
1.827511860236e-02 -1.069309652157e-01 -2.117351853569e-01
Mode 18
-6.301851201491e-02 6.488135606256e-02 1.091223070277e-02
-1.603057132169e-01 -4.380465798117e-02 2.198249870163e-02
-4.861705923486e-02 -4.617609580891e-02 1.220825529189e-01
3.740135015784e-02 -9.600349030711e-02 1.178323760909e-01
-8.193752365541e-02 1.411408704895e-01 -6.607190700045e-02
3.067298358526e-02 -1.100148744160e-01 -2.775894369122e-01
4.589533296240e-02 -9.843621600434e-03 -2.262669253914e-01
8.237312619024e-02 1.502210950475e-01 -2.341560770860e-02
-2.687526687150e-02 -1.189654834277e-02 8.964481116112e-02
1.501683313356e-02 5.700363602634e-03 2.533773031344e-02
1.944459058573e-01 -9.893845579490e-02 -5.746278500243e-02
8.678846222308e-02 -3.615516415638e-02 -7.782475812911e-03
5.467472375607e-02 1.083184939370e-01 -1.633333354016e-01
-1.866934631985e-01 8.533972947441e-02 9.144769746785e-02
6.833293271897e-02 -9.521365308427e-02 9.932255822507e-02
-7.926717644385e-02 1.735428655956e-01 3.161627017015e-02
-3.858126709815e-02 6.004433370410e-02 -2.482703995924e-03
3.742592020551e-02 6.416696804141e-03 -2.362470103292e-02
-3.835796299762e-01 3.487672664874e-01 -6.424999061674e-02
-2.603160168702e-02 -2.054961129157e-01 -3.764222406954e-01
-4.343390933722e-02 -3.765747275173e-02 -1.552269637197e-01
Mode 19
-5.878295380076e-02 5.310924692161e-02 2.289043979213e-02
-1.360459093644e-02 4.592721740526e-02 3.325065122463e-02
-1.483705531487e-02 -1.803045136656e-01 -2.168280750710e-02
3.509002328949e-02 -3.036750334972e-01 -3.535766247933e-02
7.747027326751e-02 1.955564184531e-01 -1.886912720939e-02
9.004845136327e-02 -1.560703928521e-01 -1.825674894606e-02
2.525867680802e-02 3.245293028660e-02 -1.043103838173e-02
9.394771147184e-03 2.349199310116e-01 -2.289900191294e-02
-3.747506030083e-03 -2.112570710266e-02 3.065388552805e-02
-5.005611044522e-03 -1.900121200878e-03 -8.445910104479e-03
-2.944285596128e-02 2.936901157577e-03 4.949024594219e-03
-1.052708007404e-01 5.589914003652e-02 -3.306576257475e-02
1.735380063792e-02 -3.208541017992e-02 1.626941057845e-01
1.474449013918e-01 8.267818494319e-03 -7.740571187521e-02
-1.597417119243e-01 4.933543518970e-02 -7.034628850293e-02
-4.892586889440e-02 -1.394367758632e-02 2.029367409555e-02
-8.250152494804e-02 4.800077731866e-02 2.625688020411e-02
-1.068873908039e-01 7.645552198035e-02 4.614801020465e-02
1.056037429423e-01 7.027597371427e-01 -3.125062123776e-02
1.126635899730e-01 -2.348219224796e-01 2.157730792726e-02
7.777548000649e-03 -8.511729125119e-02 -4.466045764608e-02
Mode 20
7.875401891795e-02 -6.912648442133e-02 4.397005323946e-03
1.753739254114e-01 7.312274388703e-02 9.851426913652e-03
6.404856953527e-04 4.523925054339e-02 -1.644779620142e-01
-6.476530229646e-02 -2.235888459986e-01 -1.717948880597e-01
-9.484971454144e-02 8.198630869946e-02 -1.279913154759e-01
-2.597226620083e-01 -2.751790890674e-02 1.482798149740e-01
-1.860256331958e-01 -1.221622368322e-01 1.377347148916e-01
-1.718826816027e-01 1.705079559061e-01 2.798893956161e-02
2.664464528609e-02 -1.105577593944e-02 -3.698422225700e-02
2.222984454742e-02 1.381731222528e-03 1.019435285961e-02
-1.912399258992e-02 -1.921501268279e-01 -4.015721189829e-02
3.847850897636e-02 -1.072797783106e-01 -1.050968660776e-02
9.764568625106e-02 1.073552180017e-01 -1.293838364108e-01
-3.488343645757e-02 5.026841862622e-02 1.869658577113e-01
8.340060961926e-02 1.080431848636e-01 6.834477682805e-02
8.273268182762e-02 -1.989872050784e-01 -1.610576209592e-02
4.353549908178e-02 -8.176193480645e-02 4.432418798559e-03
-5.459877464751e-02 1.771941547744e-02 2.837245357963e-02
1.171030585482e-01 3.696931137182e-01 -1.288948228129e-01
-2.036853714446e-01 1.015265438577e-01 2.636373083457e-01
5.711668834778e-02 -6.345448715833e-02 2.764257802226e-01
Mode 21
4.805305794224e-02 -4.696399736196e-02 -2.975376571437e-02
1.622185541571e-02 -2.985904472506e-02 -1.686573118930e-01
1.066060232406e-01 2.175680356408e-01 1.009916119102e-01
-6.771477810572e-02 -1.431899354029e-01 1.670669064340e-01
-1.306819110597e-01 -5.469085703708e-02 1.844753324386e-01
-6.589320709283e-02 1.046633239082e-01 5.102620784964e-02
1.045777676069e-01 -2.914109650478e-01 2.726059376228e-02
1.338665841744e-01 1.493313231335e-01 4.098650476275e-02
-6.315095119855e-03 -6.292257602320e-03 -5.404190103885e-02
-2.222984454742e-02 -1.381731222528e-03 -1.019435285961e-02
-5.236232629938e-03 -2.485244548308e-02 4.421467879964e-02
1.949969770686e-03 4.963138694483e-02 -1.188819710798e-01
1.310426350743e-01 -1.278625909242e-01 -1.337855130107e-02
5.902992044351e-03 1.652279832604e-01 -1.235510754005e-01
-1.274738362746e-01 -2.428505599404e-02 1.046931569913e-01
9.377085205152e-02 -6.342612081869e-02 2.973473563738e-02
-2.939147690038e-02 2.655462346081e-02 1.144521989606e-02
9.890432655966e-02 -8.580911994206e-02 -2.747233376595e-02
-2.126959191179e-01 1.343508560799e-01 1.905526002478e-01
-1.596651297327e-01 5.159669488108e-01 -1.043319418124e-01
-2.425970606363e-02 1.145552421475e-02 -2.723604920444e-01
Mode 22
4.661571040328e-02 -2.707301343916e-02 -9.696777140933e-03
-8.393833719282e-02 -1.060469908005e-01 1.091255757898e-01
-8.691686098087e-02 2.343770365226e-01 1.062374830841e-02
1.866158104186e-02 -2.040937390116e-02 -1.830854581830e-02
4.420279379036e-02 -1.153251490711e-01 -1.209227079000e-02
7.533935730090e-02 1.538743294066e-01 -6.742901446074e-02
-1.442665591077e-02 -3.319563394464e-01 -7.068847360487e-02
-5.388063617220e-02 1.817126755580e-01 -4.446774771939e-02
-4.466179799563e-03 -1.118021514126e-02 4.068237981477e-02
1.149994868890e-02 7.526980782176e-03 3.331026937368e-03
9.959619131591e-02 -1.695214709545e-02 -1.854541004783e-01
-9.153664266895e-02 -2.159509757031e-02 9.462924922996e-02
-8.540132536779e-02 1.593013100950e-01 1.450162274625e-01
8.540302903919e-02 -1.665852099723e-01 8.158241507467e-02
-1.157813676302e-02 4.765776172262e-02 -1.577804946649e-01
-3.434624417818e-02 2.222109766051e-01 -5.331620191888e-02
1.844346837683e-01 -1.027386981967e-01 -7.435460521139e-02
1.759635673400e-01 -7.919447991477e-02 -9.831102339009e-02
-2.387270832996e-02 -7.596163651263e-02 -1.612214549355e-02
8.162827649058e-02 5.795626560236e-01 -6.036515733500e-02
-5.184853569042e-03 -1.234723179856e-03 5.071087410149e-02
Mode 23
-7.186737694795e-04 9.945491961404e-03 1.002849428672e-02
-9.777354971468e-02 -8.307209767743e-02 1.950368159186e-01
-1.324548772715e-01 7.623500991634e-02 -4.520983023699e-02
1.118410874934e-01 7.576562895926e-02 -1.070100024143e-01
1.986032759974e-01 -5.552582243105e-02 -1.999340436406e-01
1.598176610329e-01 7.670247422478e-02 -6.461459331903e-02
-1.158722978411e-01 -1.361774827700e-01 -4.277036099249e-02
-1.611790594633e-01 6.922641911251e-02 -5.028929992949e-02
2.028157844813e-03 -5.553355559962e-03 3.556749664766e-02
1.722423350290e-02 -5.183899783496e-04 1.748442755130e-03
-1.331199330145e-01 -7.142442773830e-02 2.607252089010e-01
2.764531970188e-02 2.556877868459e-02 -9.317711014600e-02
9.176779954854e-02 -1.293913301894e-01 -8.447813112177e-02
-5.006146338693e-03 1.720386308411e-01 -7.125761711678e-02
-6.632934492182e-02 -1.275988958695e-02 7.770201554639e-02
-1.059386307432e-01 2.634011063431e-01 -7.935277999849e-02
1.844346837683e-01 -1.027386981967e-01 -7.435460521139e-02
1.049619910809e-01 -2.366672181393e-02 -6.872311624862e-02
2.707088200883e-01 -2.011323333434e-01 -2.099107410550e-01
2.873194746979e-01 1.888399175754e-01 1.424324576402e-01
1.848404218873e-02 -2.702787575745e-02 2.674468809248e-01
Mode 24
5.724284814001e-03 -8.045370760526e-03 -1.582584182238e-03
5.249413239997e-02 3.573478271000e-02 8.209224582361e-03
1.981692793451e-02 -8.687040440940e-02 7.798859210540e-03
1.051166635577e-01 -1.267523069462e-01 1.357717666922e-02
-3.776100358411e-02 -6.932056581549e-02 -1.633057432038e-01
-1.629497867094e-01 1.892963414666e-02 9.435886944375e-03
-1.626672507689e-01 -1.084390713099e-01 2.608320035440e-02
-8.940626199652e-02 1.940257435181e-01 8.037742946900e-02
4.414800738668e-03 -1.243750716197e-02 -4.717857511661e-02
2.222984454742e-02 1.381731222528e-03 1.019435285961e-02
9.905909682541e-02 3.256376511742e-01 9.299148065211e-02
1.345087735412e-01 1.872866737996e-01 1.031071852857e-01
-2.187033729554e-01 -7.082867190962e-02 7.451264250747e-02
-9.641609392125e-02 -4.049443921813e-02 -2.060682829195e-01
2.382902145987e-01 -2.129328088239e-01 4.875851261950e-02
1.558136972036e-02 -7.509829526845e-02 -4.179349878812e-03
-7.264390474751e-03 -1.929908992312e-02 8.647182151984e-03
-4.661571040328e-02 2.707301343916e-02 9.696777140933e-03
-7.582901536748e-02 4.008397429629e-01 -1.636382011936e-01
-9.048395610921e-02 3.792407835635e-01 1.459077851553e-01
2.320594891555e-02 -6.441390126469e-02 9.545854209442e-02
Mode 25
3.935131992853e-02 -4.637210336228e-02 -1.049594988949e-03
9.959843028148e-03 -1.981747990147e-02 1.039562490711e-02
5.349597519298e-02 2.390141894987e-01 1.158032722182e-01
1.978098214966e-01 -4.963387719488e-03 1.088422679929e-01
-5.146888793651e-02 1.033099590253e-01 -2.058591895952e-01
-2.010692753426e-01 -4.906013562679e-02 -3.555628784749e-02
-2.328993094919e-01 1.346996691748e-01 -1.067289850130e-02
-8.663325445205e-02 -2.408691730179e-01 1.528944757431e-01
-2.567589089772e-03 1.483344950034e-02 -8.469578656691e-02
2.222984454742e-02 1.381731222528e-03 1.019435285961e-02
3.194571501295e-01 -1.938071576133e-01 5.555101159251e-02
-5.580550060105e-02 6.056272368245e-02 -4.231146751054e-03
-7.520117402002e-03 2.926715072538e-02 1.399531411676e-01
8.090950493222e-02 7.497579173642e-02 -8.850018454851e-02
-1.943956951737e-01 -4.409867406651e-02 -9.982795522056e-02
2.448862397765e-02 1.878069994477e-02 -6.898739396854e-03
6.951284965928e-02 -5.925449648126e-02 -1.602711386988e-02
6.604734427551e-02 -3.381015699849e-02 -3.153762194411e-02
-2.535131970589e-01 -2.278320481982e-01 -2.010562526528e-01
-1.021376044755e-01 -3.876104724188e-01 1.477363578245e-01
3.979831286896e-03 3.679413150755e-02 1.432841681050e-01
Mode 26
-5.729422720091e-02 5.683598530203e-02 9.329646520536e-03
8.034443305126e-03 3.297132026495e-02 -1.217948113686e-02
5.637057248202e-02 -3.153001345955e-01 3.752577357111e-02
5.082562798142e-02 2.066121943926e-01 1.811509504761e-02
-2.133192825342e-02 -1.199262120495e-02 -7.937963135229e-02
-9.081850419364e-02 1.423981625102e-01 2.178904793093e-02
-7.751907364643e-03 -1.603400257215e-01 2.882679454689e-02
5.637067027090e-02 1.992322216531e-01 7.568929507134e-02
2.207400369334e-03 -6.218753580984e-03 -2.358928755831e-02
0.000000000000e+00 0.000000000000e+00 0.000000000000e+00
6.802412305943e-02 -6.298123486168e-02 -2.466320598295e-03
-1.149994868890e-02 -7.526980782176e-03 -3.331026937368e-03
2.371857114727e-02 5.108469602949e-03 -3.366440411981e-03
1.001122208904e-02 3.800242401756e-03 1.689182020896e-02
-7.813810327026e-02 1.194554785347e-02 -2.741789021435e-02
-1.034460179625e-02 -7.398801129042e-02 2.277637809148e-02
-1.111743280789e-01 6.460990881806e-02 2.767360581345e-02
-1.068873908039e-01 7.645552198035e-02 4.614801020465e-02
3.824427938101e-03 -7.152462438153e-01 -7.815487482562e-02
-6.789518900746e-02 -3.091793895465e-01 6.243675511510e-02
-8.857578867792e-03 -6.297737303268e-02 -2.173830577173e-01
Mode 27
5.729422720091e-02 -5.683598530203e-02 -9.329646520536e-03
5.773036502990e-02 6.058722819309e-02 -3.600545421728e-02
-7.020641808693e-02 -2.318576488043e-03 -5.258976195489e-02
-4.551174257153e-02 -6.300573937232e-02 2.930798686793e-02
-1.665852853888e-02 8.637458327190e-02 1.325214125775e-01
7.721337796303e-02 7.746780693698e-02 -5.135010371861e-02
-4.807933166130e-02 -4.817228987197e-02 -5.538779969897e-02
-1.001887052932e-01 9.898418609916e-03 -9.676902727992e-02
-1.370734905823e-02 -1.308227201192e-03 2.025826062094e-02
0.000000000000e+00 0.000000000000e+00 0.000000000000e+00
2.068973888667e-02 -2.596272946112e-02 1.725895082935e-02
1.727561256379e-02 2.309933232488e-02 8.244638056974e-03
-3.886326774447e-02 1.347428711867e-02 4.368168960635e-02
-4.880521840635e-04 3.289781624361e-02 -4.263209461740e-02
4.440831003395e-02 -2.085425985817e-02 1.389251041737e-02
8.134671334956e-02 -1.554784988524e-01 1.044742177936e-02
-1.447740188861e-02 -1.498045754302e-02 2.379055960581e-02
-8.753117074605e-03 -2.302582830354e-02 2.220797542357e-02
-1.241876712042e-01 -5.635963537043e-01 1.411969277713e-01
4.250791786387e-02 -5.541163808710e-01 -1.254914872383e-01
2.102652593667e-02 2.965723967291e-02 4.307880376032e-01
Mode 28
-4.584565757290e-02 4.074524378098e-02 6.164478156060e-03
-6.571342927413e-02 -6.994082615481e-02 5.468113065598e-02
3.262582540457e-02 9.898746481618e-02 -6.085829930023e-03
-9.600822684936e-03 -1.554520681825e-01 -6.589748630674e-02
6.339665167519e-03 1.087124447136e-01 -8.741517608495e-02
-6.170902793957e-02 6.927349246400e-02 5.650822163715e-02
9.161483074308e-02 -3.358964493448e-02 5.982021849753e-02
9.531095771227e-02 -3.608166013504e-02 2.267013766764e-02
1.149994868890e-02 7.526980782176e-03 3.331026937368e-03
-1.072989585852e-02 6.145249559648e-03 -6.863325922241e-03
-4.864386824809e-02 3.262636899912e-02 -2.587071950673e-02
5.775663874896e-03 1.557235154270e-02 4.913611119606e-03
-1.221862245838e-02 2.418511179228e-03 6.697467349349e-03
-5.005611044522e-03 -1.900121200878e-03 -8.445910104479e-03
6.091386976736e-02 -1.142715787512e-02 2.566944745922e-02
-9.125517731681e-02 1.989137010571e-01 -1.434685138463e-02
5.536882747788e-02 -4.047185135613e-03 -3.190475256451e-02
4.463893161936e-02 2.098064424035e-03 -3.876807848675e-02
1.846401022230e-01 -5.228001652323e-01 -8.653334550424e-02
-5.867975817368e-02 -5.881264167624e-01 6.053101590789e-02
-2.241249441473e-02 1.385146655313e-02 -4.042348537279e-01
Mode 29
-4.656433134238e-02 5.069073574238e-02 1.619297244278e-02
-2.972485660759e-02 -4.363314542786e-02 5.111341819650e-02
-3.770962452321e-02 -4.570284351226e-02 -1.568095479019e-01
-1.082236838925e-01 1.508658503869e-01 -1.474012531554e-01
-5.272475398538e-02 -5.868710699221e-02 4.445136432176e-02
-1.103523608935e-01 -7.203889057884e-02 9.344920914273e-02
2.095403917709e-01 2.551591734489e-02 5.951270602619e-02
6.519910337101e-02 7.702355164482e-03 -1.824547906867e-01
1.203937993386e-02 -1.753113158206e-03 5.245931685662e-02
-1.722423350290e-02 5.183899783496e-04 -1.748442755130e-03
8.653210221277e-02 -3.281825277145e-01 2.254825469018e-02
3.439708794490e-02 -2.465450225993e-02 -2.999309791584e-03
-1.396148059530e-01 9.688746472236e-02 2.030283850558e-01
2.633530033237e-02 1.951153943251e-01 -2.015848080927e-01
1.382305411464e-01 -6.066265837364e-02 5.012344135660e-02
-8.139809241045e-02 1.318607765491e-01 -1.694361708120e-02
1.298867528875e-02 1.125371916260e-02 -1.022976633422e-02
-9.189790197773e-03 3.348971024330e-02 -1.392792389199e-02
2.361593964210e-01 2.599174583781e-01 3.836214686837e-02
-2.386246648942e-01 4.906225440192e-01 -1.347137283437e-01
-9.509990262922e-04 -5.722932443485e-03 -1.639095593463e-01
Mode 30
2.217846548653e-02 -2.223599108070e-02 3.698157557765e-03
1.375872811913e-02 2.492594950442e-02 -1.376206531909e-02
-2.872418219180e-02 -7.008590803827e-03 -5.079469692498e-03
-2.443724491675e-02 4.837022358455e-03 1.339493469870e-02
1.853371757823e-02 3.873746423092e-03 4.734443368950e-02
4.815581606403e-02 2.714472444931e-04 -1.676137511068e-02
-1.463163635124e-01 4.073615805461e-03 -4.444015552159e-02
-3.891464680536e-02 -1.014343518456e-02 3.718549430451e-02
2.723545559194e-02 3.281852423407e-03 1.864026296409e-02
5.005611044522e-03 1.900121200878e-03 8.445910104479e-03
-2.228122360832e-02 -2.499945352576e-02 -1.669054816145e-02
7.186737694795e-04 -9.945491961404e-03 -1.002849428672e-02
-1.293729622786e-02 1.236400314063e-02 1.672596163607e-02
2.258779430229e-03 1.739896872224e-02 -1.709309225646e-02
2.222984454742e-02 1.381731222528e-03 1.019435285961e-02
2.708131840926e-02 -6.757131448628e-02 -8.483229414439e-04
1.067851679763e-02 -2.976297186288e-02 3.671306203970e-04
-7.700528303748e-04 -1.367223034182e-02 3.532298984873e-03
-1.745485508831e-02 -2.243393430386e-02 5.091214614899e-02
9.677457897029e-02 3.916364317608e-02 8.775471450754e-02
-4.808614634689e-02 -1.903669036270e-02 -9.617823698475e-01
Mode 31
0.000000000000e+00 0.000000000000e+00 0.000000000000e+00
0.000000000000e+00 0.000000000000e+00 0.000000000000e+00
-4.235558214147e-03 1.177210914095e-02 -1.197820908935e-02
1.540105660750e-03 2.734446068365e-02 -7.064597969746e-03
1.771262540337e-03 -1.236419670761e-01 3.086520138439e-03
-8.265600184712e-03 1.180151074948e-01 2.028363028672e-03
-7.700528303748e-04 -1.367223034182e-02 3.532298984873e-03
7.186737694795e-04 -9.945491961404e-03 -1.002849428672e-02
0.000000000000e+00 0.000000000000e+00 0.000000000000e+00
0.000000000000e+00 0.000000000000e+00 0.000000000000e+00
1.072989585852e-02 -6.145249559648e-03 6.863325922241e-03
5.724284814001e-03 -8.045370760526e-03 -1.582584182238e-03
0.000000000000e+00 0.000000000000e+00 0.000000000000e+00
0.000000000000e+00 0.000000000000e+00 0.000000000000e+00
0.000000000000e+00 0.000000000000e+00 0.000000000000e+00
-5.724284814001e-03 8.045370760526e-03 1.582584182238e-03
5.724284814001e-03 -8.045370760526e-03 -1.582584182238e-03
5.724284814001e-03 -8.045370760526e-03 -1.582584182238e-03
2.746394109005e-03 6.729722607691e-01 8.908168488604e-04
-3.567826000276e-03 -7.102622134142e-01 -3.854713165831e-03
-1.309484075334e-03 -4.392136401442e-03 -4.559599093437e-02
Mode 32
-9.959843028148e-03 1.981747990147e-02 -1.039562490711e-02
-2.798210675188e-03 -8.118874781862e-03 -3.203519766279e-02
1.207505807162e-01 -1.157802774679e-02 1.796809576171e-01
-6.609872333641e-02 1.019243469526e-02 2.504142664227e-02
3.606505706928e-02 -2.159316190053e-02 -7.571688726914e-02
1.718821463085e-01 3.430796135864e-03 -9.080064657391e-02
-7.390254505612e-02 1.734387125205e-04 -1.543968112500e-02
5.506342516113e-02 1.361743333234e-02 3.195036536864e-01
-2.056187542305e-02 1.679609136870e-03 -8.291193033716e-02
0.000000000000e+00 0.000000000000e+00 0.000000000000e+00
-2.180891609791e-01 -1.207257086002e-01 -1.751068849201e-01
-2.821102466590e-02 -1.114249719781e-01 -4.109274518659e-02
-5.968087009476e-02 6.372013690404e-02 9.207571828481e-02
1.057522338167e-02 9.694033557263e-02 -7.543696699560e-02
1.383846783290e-01 1.019050853605e-02 6.961202726213e-02
1.496545407267e-02 -1.791735870059e-02 1.884153501159e-02
-4.656433134238e-02 5.069073574238e-02 1.619297244278e-02
-2.515591868623e-02 1.478251431986e-02 2.342342898541e-02
-9.854584151062e-02 8.447832390002e-02 -9.084123464598e-02
3.346030151040e-01 -4.573506217032e-02 1.790226979230e-01
3.170674640570e-02 -7.389632067284e-03 6.577538107607e-01
Mode 33
-2.737649966563e-01 4.228023511293e-01 1.977115285843e-02
2.738677547781e-01 -3.755669065228e-01 -6.778762254740e-03
1.648997564801e-01 3.070175279818e-02 -1.283178580242e-01
-1.429815936409e-02 -1.564585556404e-02 -3.536622460015e-02
-2.574502532069e-02 -6.839013920303e-03 1.943975863015e-01
2.020168670261e-02 6.935086782491e-03 -2.537314378805e-02
-2.230171192437e-01 -3.871820263880e-03 -9.191503430937e-02
-4.594841569470e-02 -6.490200825477e-03 -6.827912447628e-03
0.000000000000e+00 0.000000000000e+00 0.000000000000e+00
5.005611044522e-03 1.900121200878e-03 8.445910104479e-03
3.301111946684e-02 1.885420396611e-02 2.355387408369e-02
-1.488726599854e-03 -3.726738380420e-03 1.356079327159e-02
7.213011413855e-03 -4.318632380106e-03 -1.514337745383e-02
0.000000000000e+00 0.000000000000e+00 0.000000000000e+00
-1.722423350290e-02 5.183899783496e-04 -1.748442755130e-03
-2.418322043852e-01 2.862779909342e-01 7.880154115931e-03
-9.757027243667e-02 1.926214434548e-01 -6.838875242348e-02
-1.225206748793e-01 3.018748469875e-01 -1.898054223069e-02
-9.684935970162e-02 1.453299574079e-03 2.109931028392e-01
7.931685183335e-03 -1.426412434151e-02 -2.517187174054e-02
7.445336670668e-03 1.134979202478e-02 1.587946761792e-01
Mode 34
-4.954231983626e-03 2.171760110235e-02 -1.949714802635e-03
2.366719208638e-02 -1.850925270028e-02 -9.862635713825e-03
-2.074111794757e-02 2.345007157892e-03 -2.375514613120e-02
3.516884444667e-03 -1.826617179542e-03 2.200670337607e-02
-5.649906902870e-02 -1.010349286851e-03 -7.284802257583e-02
7.890815610064e-02 1.726682488358e-03 2.388559122948e-02
6.001595347336e-02 -8.162678926911e-04 9.485472595190e-02
-3.075234003661e-02 -1.455235243865e-03 -4.064696634016e-02
5.005611044522e-03 1.900121200878e-03 8.445910104479e-03
0.000000000000e+00 0.000000000000e+00 0.000000000000e+00
7.186737694795e-04 -9.945491961404e-03 -1.002849428672e-02
-7.931685183335e-03 1.426412434151e-02 2.517187174054e-02
5.724284814001e-03 -8.045370760526e-03 -1.582584182238e-03
0.000000000000e+00 0.000000000000e+00 0.000000000000e+00
0.000000000000e+00 0.000000000000e+00 0.000000000000e+00
1.067851679763e-02 -2.976297186288e-02 3.671306203970e-04
-1.722423350290e-02 5.183899783496e-04 -1.748442755130e-03
-1.717285444200e-02 2.413611228158e-02 4.747752546714e-03
-8.405219362583e-01 -4.323054363759e-05 -7.016318692714e-02
2.910178406327e-01 5.125250455591e-03 3.946927263597e-01
-1.848915320292e-03 4.887957538940e-03 -9.472428085362e-02
Mode 35
6.584299640916e-02 3.837380595324e-02 1.062645323734e-01
-3.652800391151e-02 -1.702758678657e-02 -4.556057745976e-02
1.488726599854e-03 3.726738380420e-03 -1.356079327159e-02
1.488726599854e-03 3.726738380420e-03 -1.356079327159e-02
0.000000000000e+00 0.000000000000e+00 0.000000000000e+00
7.213011413855e-03 -4.318632380106e-03 -1.514337745383e-02
1.573550690304e-02 -4.245128358770e-03 1.530923602672e-02
-1.519607565809e-02 -5.034965581612e-03 3.381905389253e-02
0.000000000000e+00 0.000000000000e+00 0.000000000000e+00
0.000000000000e+00 0.000000000000e+00 0.000000000000e+00
0.000000000000e+00 0.000000000000e+00 0.000000000000e+00
0.000000000000e+00 0.000000000000e+00 0.000000000000e+00
0.000000000000e+00 0.000000000000e+00 0.000000000000e+00
0.000000000000e+00 0.000000000000e+00 0.000000000000e+00
0.000000000000e+00 0.000000000000e+00 0.000000000000e+00
-1.459841521824e-01 -9.239346747052e-02 -2.478952893469e-01
1.879514704241e-01 -6.190976716248e-01 -9.051142333554e-02
-3.654580154735e-01 5.115767385686e-01 -1.944985333666e-01
-3.593719360565e-02 -2.689958423721e-03 1.006390776133e-02
-5.631982650418e-02 -1.675747307873e-03 -1.320048067818e-01
0.000000000000e+00 0.000000000000e+00 0.000000000000e+00
Mode 36
-5.624163843005e-02 -5.686048981267e-02 2.244466094569e-02
1.155132774979e-02 3.114470308540e-02 9.827222239212e-03
1.108838090756e-02 -7.476045601691e-03 -1.114502424897e-01
-8.343252964668e-03 -7.389020423579e-04 -8.960939768651e-02
-2.092036047209e-02 3.010405178913e-03 3.540163807477e-02
7.205362973582e-02 4.714518826420e-03 -7.928459972862e-02
4.630860441513e-02 -2.124495093883e-03 1.151129865728e-01
-7.092338818501e-02 3.430155960439e-04 1.840373748690e-01
7.213011413855e-03 -4.318632380106e-03 -1.514337745383e-02
0.000000000000e+00 0.000000000000e+00 0.000000000000e+00
3.224106663646e-02 5.181973624285e-03 2.708617306857e-02
-2.926074138813e-03 1.616424554239e-02 3.361778184502e-02
7.213011413855e-03 -4.318632380106e-03 -1.514337745383e-02
0.000000000000e+00 0.000000000000e+00 0.000000000000e+00
-5.005611044522e-03 -1.900121200878e-03 -8.445910104479e-03
-1.425682243992e-01 3.657929271147e-01 2.588118746289e-02
1.539141336943e-01 8.541324300632e-02 -3.875224930830e-03
2.221945189752e-01 -2.000729845458e-01 -7.483579753244e-02
-3.124742250069e-01 -7.402551090929e-03 4.477790687009e-02
-2.513862237292e-01 2.356592644883e-03 -6.685053574881e-01
-2.618968150667e-03 -8.784272802884e-03 -9.119198186875e-02
Mode 37
6.296659765984e-02 8.543967367617e-02 -8.022013301692e-02
4.366731231682e-04 -5.651553854684e-02 3.613589931556e-02
-6.532867050603e-02 2.386466503708e-02 2.150912765739e-02
2.222984454742e-02 1.381731222528e-03 1.019435285961e-02
8.701738013710e-03 -5.918939996857e-04 -2.870417072542e-02
1.519607565809e-02 5.034965581612e-03 -3.381905389253e-02
5.149345798418e-02 -8.897719140271e-04 6.440211247135e-02
-6.186316512226e-02 -1.579674445685e-03 3.701963573162e-02
0.000000000000e+00 0.000000000000e+00 0.000000000000e+00
0.000000000000e+00 0.000000000000e+00 0.000000000000e+00
-1.078127491942e-02 -1.747247274358e-02 -1.335952122408e-02
1.304005434965e-02 3.487144146582e-02 -3.733571032378e-03
0.000000000000e+00 0.000000000000e+00 0.000000000000e+00
-6.494337644376e-03 -5.626859581298e-03 5.114883167111e-03
0.000000000000e+00 0.000000000000e+00 0.000000000000e+00
3.125009362313e-01 -5.859322699657e-01 6.501184405533e-02
-3.673041565340e-01 1.613032921463e-01 6.299924234154e-02
-2.343863324203e-01 1.236890309170e-01 2.294865373074e-01
3.891464680536e-02 1.014343518456e-02 -3.718549430451e-02
-1.861837130154e-01 -4.508851945269e-03 -3.977628631005e-01
-6.135852595335e-03 -6.957655623342e-03 -1.131986852448e-01
Mode 38
3.016152973076e-02 -1.288239311898e-02 -1.497751888094e-02
-3.665586737513e-02 7.255533537683e-03 2.009240204805e-02
3.444846700580e-02 -1.036779956699e-03 3.496885510260e-03
7.700528303748e-04 1.367223034182e-02 -3.532298984873e-03
3.147101380609e-02 -8.490256717540e-03 3.061847205344e-02
-1.871296010275e-02 -3.208348402070e-03 1.181235051646e-02
-4.648784693965e-02 2.789893114905e-03 -5.595620236688e-02
4.243153125003e-02 8.316818005019e-03 -1.517879092844e-02
0.000000000000e+00 0.000000000000e+00 0.000000000000e+00
0.000000000000e+00 0.000000000000e+00 0.000000000000e+00
-2.148606543611e-02 -8.284578811464e-02 -9.886821725782e-02
-3.948165017581e-01 8.959969350547e-02 7.703193005911e-01
1.403848587834e-01 -8.321523438053e-02 -2.065606840407e-01
3.745049025317e-02 1.088368839154e-01 -1.650817781567e-01
6.758744993626e-02 -6.465696314841e-03 -3.860221991385e-02
7.138687032141e-02 -1.356610189509e-01 5.179687224217e-05
-7.682861919493e-02 1.633768425491e-02 1.817810072002e-02
-9.395009457604e-02 6.409151883971e-02 2.942204856858e-02
1.732179041029e-01 1.029592197712e-01 3.993690977380e-02
-9.492953548955e-04 -1.300683232080e-02 6.268908319084e-02
1.309484075334e-03 4.392136401442e-03 4.559599093437e-02
Mode 39
-9.923770626687e-02 1.562135105340e-02 6.714053206638e-02
1.603821976197e-01 -4.096184646312e-03 -9.413167351128e-02
-1.404111325025e-01 -1.192105285340e-02 1.214191186274e-01
1.567391533828e-01 1.472965298016e-02 1.761132451576e-01
6.407056549159e-02 -4.639079135298e-03 -6.060892328992e-02
-5.316142710855e-02 -2.171568445371e-03 8.315465006200e-03
2.926361343676e-02 -2.271503136556e-03 5.420775961175e-02
-6.502156451789e-02 -1.083853308187e-03 -1.033006360564e-01
5.005611044522e-03 1.900121200878e-03 8.445910104479e-03
0.000000000000e+00 0.000000000000e+00 0.000000000000e+00
-1.658770292255e-01 -1.315609724756e-01 -1.207332667354e-01
3.673298486092e-02 2.854372280414e-01 8.733651654832e-03
-5.775663874896e-03 -1.557235154270e-02 -4.913611119606e-03
-3.798885090979e-03 -4.474342940589e-02 2.415769022621e-02
2.145979171705e-02 -1.229049911930e-02 1.372665184448e-02
-2.143147481469e-01 3.361298899430e-01 -1.964397652226e-02
3.480517651863e-01 -1.552315466079e-01 -1.003151817443e-01
2.980470338020e-01 -1.506150363135e-01 -1.782780874873e-01
1.410533218692e-01 4.987640351948e-02 -5.929843810442e-02
-2.430412670932e-01 -4.188405190076e-03 -3.522973172644e-01
-6.084473534439e-03 1.666006667989e-02 -1.067024899430e-01
Mode 40
-5.883433286166e-02 2.949152461838e-02 1.639424449028e-02
9.851903249739e-02 -5.675859091998e-03 -5.711203777966e-02
-9.076658983858e-02 -7.922867228490e-03 9.109695024508e-02
1.761194081941e-01 -1.562521288240e-02 1.477762050526e-01
8.206485182487e-02 8.514761228176e-03 -6.239277951967e-02
-7.038566061145e-02 -1.653178467022e-03 6.567022251070e-03
3.778610892594e-02 -2.197999115220e-03 8.466037309229e-02
-1.029869159684e-01 1.779543828054e-03 -1.288042249427e-01
5.005611044522e-03 1.900121200878e-03 8.445910104479e-03
0.000000000000e+00 0.000000000000e+00 0.000000000000e+00
-3.539829765486e-02 1.619686996779e-01 -3.619509331728e-03
-1.057835207610e-01 -5.281555870797e-01 2.759569843142e-02
-1.211586433659e-02 4.965395578568e-02 1.968985795304e-02
1.134527621204e-02 1.106125659144e-01 -7.896926598047e-02
1.804566539417e-02 3.677156266670e-02 4.712339072101e-03
-3.298484574778e-02 7.628208326783e-02 6.158769132965e-02
1.787103989543e-01 -9.469332743613e-02 -7.277202102915e-02
1.612555438660e-01 -1.171272617400e-01 -2.185987488016e-02
-1.054763169840e-01 -3.857174917640e-02 -5.905054378213e-02
-3.545506785507e-01 -2.482365383358e-03 -5.115541556877e-01
-5.365799764960e-03 6.714574718482e-03 -1.167309842297e-01
Mode 41
4.161009935876e-02 -2.897313464003e-02 -1.814268724541e-02
-1.042433173114e-01 1.372122985252e-02 5.869462196190e-02
1.379731105477e-01 -4.812517847819e-03 -4.516924216492e-02
2.565659662841e-01 2.072983016692e-02 -6.200144422483e-02
5.852722687351e-02 -4.543006273111e-03 1.084155192235e-01
-8.427225219420e-02 -2.296007647192e-03 8.598206707797e-02
-6.150468007322e-02 -2.910470487729e-03 -8.129393268031e-02
1.167919121342e-02 6.861582761155e-03 -5.582575726860e-02
0.000000000000e+00 0.000000000000e+00 0.000000000000e+00
0.000000000000e+00 0.000000000000e+00 0.000000000000e+00
-6.245397542811e-02 -1.591730280853e-02 -1.860484948947e-02
-2.534360795731e-01 6.486071338092e-02 -1.722301989500e-01
1.573550690304e-02 -4.245128358770e-03 1.530923602672e-02
1.347672747282e-02 -2.164409708101e-02 3.240232828318e-02
1.110978436762e-01 -1.670906619059e-02 4.447556899620e-02
5.590825872284e-02 -1.332727907600e-02 1.722353735474e-02
-1.241116243068e-01 7.697391195870e-02 4.439956744952e-02
-1.278591303369e-01 5.584820485603e-02 7.505345297757e-02
-7.111974809920e-01 1.206996803414e-02 1.464665794723e-01
-2.950724526509e-01 -1.302439212983e-03 -2.392290771179e-01
5.545042289480e-03 -7.379972739504e-03 5.757420002373e-02
Mode 42
-4.661571040328e-02 2.707301343916e-02 9.696777140933e-03
9.774897966702e-02 -1.934808943382e-02 -5.357973879479e-02
-1.172319926001e-01 2.467510689927e-03 6.892438829612e-02
-2.133130031428e-01 2.487694048315e-02 4.978654961336e-02
-5.280294205951e-02 -3.502364487415e-03 -1.099981034057e-01
7.205362973582e-02 4.714518826420e-03 -7.928459972862e-02
6.651029111774e-02 4.810591688607e-03 8.973984278479e-02
-4.315020501951e-02 1.628673956385e-03 2.520728521516e-02
0.000000000000e+00 0.000000000000e+00 0.000000000000e+00
0.000000000000e+00 0.000000000000e+00 0.000000000000e+00
1.843844730846e-01 4.029843166475e-02 8.293613501160e-02
-4.980922330583e-01 7.394479025736e-02 -2.187151008978e-01
5.311004804766e-02 -2.144615385786e-02 -1.481166030804e-02
3.493651918986e-02 -3.393459620031e-02 4.612898012766e-02
1.555061537102e-01 -3.756332604876e-02 5.836807941357e-02
-2.020168670261e-02 -6.935086782491e-03 2.537314378805e-02
1.264731618588e-01 -1.233949863000e-02 -4.850026910229e-02
8.773775757797e-02 -2.314833183558e-02 -7.047155900375e-02
6.114203434801e-01 1.283147695964e-02 -1.284543373252e-01
2.128266546301e-01 7.369758831460e-04 1.341799983064e-01
1.667969124375e-03 3.061340359398e-03 -7.271757747755e-02
Mode 43
1.871296010275e-02 3.208348402070e-03 -1.181235051646e-02
-2.520729774713e-02 -8.835207983369e-03 1.692723368357e-02
-2.028171362125e-01 1.034716639593e-02 -3.438868206346e-01
-9.553987562629e-02 5.845435975521e-03 2.565890937736e-01
3.230248783409e-01 1.922699552303e-03 2.124220325812e-02
-1.715253649309e-01 2.522307699409e-03 -2.541115643752e-01
-2.183682895768e-01 -7.924802898276e-03 2.614430867442e-01
4.465719660609e-01 5.747446464695e-03 6.359716000848e-03
-5.005611044522e-03 -1.900121200878e-03 -8.445910104479e-03
0.000000000000e+00 0.000000000000e+00 0.000000000000e+00
-6.494337644376e-03 -5.626859581298e-03 5.114883167111e-03
-2.074111794757e-02 2.345007157892e-03 -2.375514613120e-02
0.000000000000e+00 0.000000000000e+00 0.000000000000e+00
0.000000000000e+00 0.000000000000e+00 0.000000000000e+00
1.072989585852e-02 -6.145249559648e-03 6.863325922241e-03
4.502422568163e-02 -7.803519642603e-02 -9.128374473031e-03
-5.321280616945e-02 -2.578929074860e-02 1.819269704356e-03
-2.813337188594e-02 7.329037559019e-03 5.054501552859e-02
-3.404283543683e-01 -7.389115529313e-04 3.616613819272e-02
1.835447505371e-02 4.539144444114e-03 1.065012178955e-01
2.133363192482e-02 4.708721327637e-03 3.059782738894e-01
Mode 44
5.002983672616e-02 -7.613507522515e-02 -6.824643685519e-04
-4.815581606403e-02 -2.714472444931e-04 1.676137511068e-02
2.289206465822e-01 -4.838948517667e-03 3.117566592117e-02
-9.797960125243e-02 -3.604234848384e-03 1.062403276989e-01
-2.556748646757e-02 -2.205120640082e-04 -9.135784044164e-02
1.048341276172e-01 6.163985103222e-04 -3.070136740810e-03
-1.391016484271e-01 -7.528916451962e-03 1.670151095617e-01
-3.242201283238e-02 2.767324274054e-03 -1.945280313997e-01
5.005611044522e-03 1.900121200878e-03 8.445910104479e-03
0.000000000000e+00 0.000000000000e+00 0.000000000000e+00
2.207400369334e-03 -6.218753580984e-03 -2.358928755831e-02
1.799428633327e-02 1.315384036347e-02 -1.783856229743e-03
0.000000000000e+00 0.000000000000e+00 0.000000000000e+00
0.000000000000e+00 0.000000000000e+00 0.000000000000e+00
0.000000000000e+00 0.000000000000e+00 0.000000000000e+00
-1.340211588624e-01 4.682866182473e-01 -8.512327618036e-02
-2.581568179227e-01 2.689015910528e-01 1.635450754053e-01
-3.597577654130e-01 2.271724286548e-01 8.187666587275e-03
1.568653131750e-01 -2.269567466770e-03 -1.161383768873e-01
-9.207948125670e-02 2.252796124702e-03 -4.076963257636e-01
2.977453199709e-03 7.453476760840e-03 -2.712158654318e-02
Mode 45
-2.158765518067e-02 3.657361944355e-02 5.192632766333e-02
-1.794290727238e-02 1.046388193975e-02 8.280051531587e-03
2.574672899209e-02 -4.448859570136e-04 3.220105623568e-02
-3.224106663646e-02 -5.181973624285e-03 -2.708617306857e-02
1.370734905823e-02 1.308227201192e-03 -2.025826062094e-02
3.075234003661e-02 1.455235243865e-03 4.064696634016e-02
-4.815581606403e-02 -2.714472444931e-04 1.676137511068e-02
4.463893161936e-02 2.098064424035e-03 -3.876807848675e-02
0.000000000000e+00 0.000000000000e+00 0.000000000000e+00
0.000000000000e+00 0.000000000000e+00 0.000000000000e+00
5.005611044522e-03 1.900121200878e-03 8.445910104479e-03
0.000000000000e+00 0.000000000000e+00 0.000000000000e+00
0.000000000000e+00 0.000000000000e+00 0.000000000000e+00
0.000000000000e+00 0.000000000000e+00 0.000000000000e+00
0.000000000000e+00 0.000000000000e+00 0.000000000000e+00
-1.599490296282e-01 -5.523839103944e-01 -3.610932337477e-01
-6.099035417009e-02 5.932800050260e-02 4.647972735043e-02
5.264779245287e-01 -1.152722687102e-01 -4.163331587206e-01
-9.613238960354e-02 -1.208292510008e-03 -2.563403398461e-02
-8.206655549626e-02 -1.230861350859e-03 -1.642058630175e-01
-3.696126969188e-03 2.492015200564e-03 3.715008082990e-02
Mode 46
-4.787381541772e-02 4.629859934094e-02 -2.940301849160e-02
-3.367841417542e-02 1.470901029852e-02 -7.029184495133e-03
3.647662485061e-02 -6.590135516661e-03 3.906438215792e-02
-4.297096249499e-02 9.632759353632e-04 -3.394949899081e-02
-3.516884444667e-03 1.826617179542e-03 -2.200670337607e-02
4.797657353951e-02 9.368452655149e-04 4.239540909529e-02
-6.686877616678e-02 -3.479795646564e-03 2.857372562714e-02
5.113326926374e-02 7.724924005333e-03 -4.388296165386e-02
0.000000000000e+00 0.000000000000e+00 0.000000000000e+00
0.000000000000e+00 0.000000000000e+00 0.000000000000e+00
1.072989585852e-02 -6.145249559648e-03 6.863325922241e-03
5.775663874896e-03 1.557235154270e-02 4.913611119606e-03
0.000000000000e+00 0.000000000000e+00 0.000000000000e+00
0.000000000000e+00 0.000000000000e+00 0.000000000000e+00
0.000000000000e+00 0.000000000000e+00 0.000000000000e+00
3.212312847185e-01 -1.580781724021e-01 4.490231097929e-01
4.446961439385e-01 -4.250944874369e-01 -2.744813587786e-01
3.219192654114e-02 -1.996584005982e-01 3.100003273162e-01
-8.963805195916e-02 4.418567071290e-03 -3.074891715172e-02
-8.558343994093e-02 5.957558286829e-04 -1.862125663935e-01
1.309484075334e-03 4.392136401442e-03 4.559599093437e-02
Mode 47
3.675862549692e-02 3.997991106877e-02 -7.100011444359e-03
6.494337644376e-03 5.626859581298e-03 -5.114883167111e-03
0.000000000000e+00 0.000000000000e+00 0.000000000000e+00
0.000000000000e+00 0.000000000000e+00 0.000000000000e+00
0.000000000000e+00 0.000000000000e+00 0.000000000000e+00
0.000000000000e+00 0.000000000000e+00 0.000000000000e+00
0.000000000000e+00 0.000000000000e+00 0.000000000000e+00
0.000000000000e+00 0.000000000000e+00 0.000000000000e+00
0.000000000000e+00 0.000000000000e+00 0.000000000000e+00
0.000000000000e+00 0.000000000000e+00 0.000000000000e+00
0.000000000000e+00 0.000000000000e+00 0.000000000000e+00
0.000000000000e+00 0.000000000000e+00 0.000000000000e+00
0.000000000000e+00 0.000000000000e+00 0.000000000000e+00
0.000000000000e+00 0.000000000000e+00 0.000000000000e+00
0.000000000000e+00 0.000000000000e+00 0.000000000000e+00
-1.924462606972e-01 1.794714649203e-01 -2.815216333127e-01
-5.033782388667e-01 -4.963416336548e-01 7.438503636867e-03
1.828471416836e-01 -3.422074329801e-01 4.422227895431e-01
1.221862245838e-02 -2.418511179228e-03 -6.697467349349e-03
0.000000000000e+00 0.000000000000e+00 0.000000000000e+00
-5.724284814001e-03 8.045370760526e-03 1.582584182238e-03
Mode 48
4.084004652838e-02 -4.264536498186e-02 -1.461038826054e-02
7.903601956426e-02 -2.255643783589e-02 -4.176738827833e-02
-1.777856736471e-01 5.279972645684e-03 1.515400149621e-01
-1.144868646572e-01 -5.747436954122e-03 -1.321352518801e-01
1.100189811863e-01 1.851121690179e-03 -5.378101084230e-02
2.890512838771e-02 -9.407070945120e-04 1.725213280237e-01
-6.001595347336e-02 8.162678926911e-04 -9.485472595190e-02
1.377938680232e-01 -4.147119826797e-03 1.398754204104e-02
-5.005611044522e-03 -1.900121200878e-03 -8.445910104479e-03
0.000000000000e+00 0.000000000000e+00 0.000000000000e+00
3.724667768099e-02 7.082094825163e-03 3.553208317304e-02
5.005611044522e-03 1.900121200878e-03 8.445910104479e-03
0.000000000000e+00 0.000000000000e+00 0.000000000000e+00
0.000000000000e+00 0.000000000000e+00 0.000000000000e+00
-5.005611044522e-03 -1.900121200878e-03 -8.445910104479e-03
-9.192300731957e-02 4.064156673637e-01 -6.063386880837e-02
-2.216037086693e-01 2.144106129087e-01 1.304602827535e-01
-3.176082348092e-01 1.889192000744e-01 3.917326926111e-02
-4.463927235364e-01 -6.412844485717e-03 -6.551650020681e-02
-2.674785120099e-01 6.486171683796e-04 -3.389023825657e-01
-1.792425245207e-04 6.653980210218e-04 5.915678420596e-02
Mode 49
-1.144856962800e-02 1.609074152105e-02 3.165168364476e-03
-3.516884444667e-03 1.826617179542e-03 -2.200670337607e-02
1.887495984338e-01 -3.040697677759e-03 2.558600071303e-01
-2.472751216359e-01 2.998040735533e-04 -1.376768838166e-01
4.326853744782e-01 5.104617284525e-03 8.577476082775e-02
-2.621127122450e-01 -6.065957550103e-03 -2.221713983360e-01
1.218791185956e-01 7.634065529944e-04 5.783509022028e-02
-2.424487531159e-01 2.865323295453e-03 -7.007418950619e-02
0.000000000000e+00 0.000000000000e+00 0.000000000000e+00
0.000000000000e+00 0.000000000000e+00 0.000000000000e+00
2.646540276157e-02 -1.039037791842e-02 2.217256194896e-02
2.305127643869e-02 3.867168386758e-02 1.315824917658e-02
0.000000000000e+00 0.000000000000e+00 0.000000000000e+00
-6.494337644376e-03 -5.626859581298e-03 5.114883167111e-03
-5.005611044522e-03 -1.900121200878e-03 -8.445910104479e-03
-2.258779430229e-03 -1.739896872224e-02 1.709309225646e-02
1.855882292007e-02 -6.764481850761e-02 -3.130093642199e-02
4.286820437320e-02 -4.819872054182e-02 2.095710838712e-02
-5.380572296690e-01 -3.724821731782e-03 9.476572853095e-02
1.335056768059e-02 -4.644876634081e-03 3.246539503281e-01
-5.365799764960e-03 6.714574718482e-03 -1.167309842297e-01
Mode 50
-2.217846548653e-02 2.223599108070e-02 -3.698157557765e-03
-3.165025633061e-02 9.155654738561e-03 2.853831215253e-02
1.294489113871e-01 2.397878008162e-03 -3.022204981826e-01
-2.553826420010e-01 6.615266814512e-04 3.998490572042e-01
2.167003204524e-01 4.863462538877e-03 -1.887255092666e-01
1.632802088030e-02 2.808600126759e-03 2.975323637850e-01
1.381506494008e-01 1.805984008476e-03 -3.309246689080e-01
-1.827912846916e-01 3.379851444806e-03 1.430941048576e-01
0.000000000000e+00 0.000000000000e+00 0.000000000000e+00
0.000000000000e+00 0.000000000000e+00 0.000000000000e+00
7.213011413855e-03 -4.318632380106e-03 -1.514337745383e-02
7.700528303748e-04 1.367223034182e-02 -3.532298984873e-03
0.000000000000e+00 0.000000000000e+00 0.000000000000e+00
0.000000000000e+00 0.000000000000e+00 0.000000000000e+00
0.000000000000e+00 0.000000000000e+00 0.000000000000e+00
2.256375954880e-02 -1.023692519308e-01 3.333786157148e-02
7.310621850668e-02 -1.089819562883e-01 -6.616958530347e-02
1.102250327240e-01 -7.761674113887e-02 3.501547737739e-02
-2.398828676975e-01 -4.684226327574e-03 -2.119770454764e-01
-3.122966861538e-01 -7.840492346337e-04 -2.409775198730e-01
-9.292548319564e-03 -1.374573436316e-02 -2.692031449567e-02
Mode 51
0.000000000000e+00 0.000000000000e+00 0.000000000000e+00
0.000000000000e+00 0.000000000000e+00 0.000000000000e+00
0.000000000000e+00 0.000000000000e+00 0.000000000000e+00
0.000000000000e+00 0.000000000000e+00 0.000000000000e+00
0.000000000000e+00 0.000000000000e+00 0.000000000000e+00
0.000000000000e+00 0.000000000000e+00 0.000000000000e+00
0.000000000000e+00 0.000000000000e+00 0.000000000000e+00
0.000000000000e+00 0.000000000000e+00 0.000000000000e+00
2.371857114727e-02 5.108469602949e-03 -3.366440411981e-03
0.000000000000e+00 0.000000000000e+00 0.000000000000e+00
0.000000000000e+00 0.000000000000e+00 0.000000000000e+00
0.000000000000e+00 0.000000000000e+00 0.000000000000e+00
0.000000000000e+00 0.000000000000e+00 0.000000000000e+00
0.000000000000e+00 0.000000000000e+00 0.000000000000e+00
0.000000000000e+00 0.000000000000e+00 0.000000000000e+00
0.000000000000e+00 0.000000000000e+00 0.000000000000e+00
0.000000000000e+00 0.000000000000e+00 0.000000000000e+00
0.000000000000e+00 0.000000000000e+00 0.000000000000e+00
0.000000000000e+00 0.000000000000e+00 0.000000000000e+00
0.000000000000e+00 0.000000000000e+00 0.000000000000e+00
-9.821392594201e-01 -1.430597272340e-01 8.146403838183e-02
Mode 52
-4.902852922731e-03 4.533532340558e-02 4.546480499209e-03
0.000000000000e+00 0.000000000000e+00 0.000000000000e+00
0.000000000000e+00 0.000000000000e+00 0.000000000000e+00
0.000000000000e+00 0.000000000000e+00 0.000000000000e+00
0.000000000000e+00 0.000000000000e+00 0.000000000000e+00
0.000000000000e+00 0.000000000000e+00 0.000000000000e+00
0.000000000000e+00 0.000000000000e+00 0.000000000000e+00
0.000000000000e+00 0.000000000000e+00 0.000000000000e+00
0.000000000000e+00 0.000000000000e+00 0.000000000000e+00
0.000000000000e+00 0.000000000000e+00 0.000000000000e+00
0.000000000000e+00 0.000000000000e+00 0.000000000000e+00
0.000000000000e+00 0.000000000000e+00 0.000000000000e+00
0.000000000000e+00 0.000000000000e+00 0.000000000000e+00
0.000000000000e+00 0.000000000000e+00 0.000000000000e+00
0.000000000000e+00 0.000000000000e+00 0.000000000000e+00
3.203791011770e-01 7.194089155744e-02 -2.179030510363e-01
1.396199169672e-01 -1.187391643543e-01 4.767675425556e-01
-4.142562164820e-01 -5.557147718391e-01 -3.161848817793e-01
0.000000000000e+00 0.000000000000e+00 0.000000000000e+00
0.000000000000e+00 0.000000000000e+00 0.000000000000e+00
0.000000000000e+00 0.000000000000e+00 0.000000000000e+00
Mode 53
5.803917468945e-02 2.835480997050e-02 6.578342460609e-02
0.000000000000e+00 0.000000000000e+00 0.000000000000e+00
0.000000000000e+00 0.000000000000e+00 0.000000000000e+00
0.000000000000e+00 0.000000000000e+00 0.000000000000e+00
0.000000000000e+00 0.000000000000e+00 0.000000000000e+00
0.000000000000e+00 0.000000000000e+00 0.000000000000e+00
0.000000000000e+00 0.000000000000e+00 0.000000000000e+00
0.000000000000e+00 0.000000000000e+00 0.000000000000e+00
0.000000000000e+00 0.000000000000e+00 0.000000000000e+00
0.000000000000e+00 0.000000000000e+00 0.000000000000e+00
0.000000000000e+00 0.000000000000e+00 0.000000000000e+00
0.000000000000e+00 0.000000000000e+00 0.000000000000e+00
0.000000000000e+00 0.000000000000e+00 0.000000000000e+00
0.000000000000e+00 0.000000000000e+00 0.000000000000e+00
0.000000000000e+00 0.000000000000e+00 0.000000000000e+00
-1.901070542272e-01 -3.953696078154e-02 1.452450917078e-01
-1.846972253811e-01 1.804405383544e-01 -7.007340059216e-01
-3.258499958182e-01 -4.457714657747e-01 -2.393941948468e-01
0.000000000000e+00 0.000000000000e+00 0.000000000000e+00
0.000000000000e+00 0.000000000000e+00 0.000000000000e+00
0.000000000000e+00 0.000000000000e+00 0.000000000000e+00
Mode 54
5.988638633834e-02 3.075075230888e-02 -6.609093707743e-02
0.000000000000e+00 0.000000000000e+00 0.000000000000e+00
0.000000000000e+00 0.000000000000e+00 0.000000000000e+00
0.000000000000e+00 0.000000000000e+00 0.000000000000e+00
0.000000000000e+00 0.000000000000e+00 0.000000000000e+00
0.000000000000e+00 0.000000000000e+00 0.000000000000e+00
0.000000000000e+00 0.000000000000e+00 0.000000000000e+00
0.000000000000e+00 0.000000000000e+00 0.000000000000e+00
0.000000000000e+00 0.000000000000e+00 0.000000000000e+00
0.000000000000e+00 0.000000000000e+00 0.000000000000e+00
0.000000000000e+00 0.000000000000e+00 0.000000000000e+00
0.000000000000e+00 0.000000000000e+00 0.000000000000e+00
0.000000000000e+00 0.000000000000e+00 0.000000000000e+00
0.000000000000e+00 0.000000000000e+00 0.000000000000e+00
0.000000000000e+00 0.000000000000e+00 0.000000000000e+00
-7.221043804094e-01 -1.623420363045e-01 4.881703873055e-01
1.205981472049e-01 -8.971509453379e-02 3.867910142487e-01
-8.268193584978e-02 -1.179886768250e-01 -7.837327111476e-02
0.000000000000e+00 0.000000000000e+00 0.000000000000e+00
0.000000000000e+00 0.000000000000e+00 0.000000000000e+00
0.000000000000e+00 0.000000000000e+00 0.000000000000e+00
Mode 55
0.000000000000e+00 0.000000000000e+00 0.000000000000e+00
0.000000000000e+00 0.000000000000e+00 0.000000000000e+00
0.000000000000e+00 0.000000000000e+00 0.000000000000e+00
0.000000000000e+00 0.000000000000e+00 0.000000000000e+00
-3.696126969188e-03 2.492015200564e-03 3.715008082990e-02
6.186316512226e-02 1.579674445685e-03 -3.701963573162e-02
0.000000000000e+00 0.000000000000e+00 0.000000000000e+00
0.000000000000e+00 0.000000000000e+00 0.000000000000e+00
0.000000000000e+00 0.000000000000e+00 0.000000000000e+00
0.000000000000e+00 0.000000000000e+00 0.000000000000e+00
0.000000000000e+00 0.000000000000e+00 0.000000000000e+00
0.000000000000e+00 0.000000000000e+00 0.000000000000e+00
0.000000000000e+00 0.000000000000e+00 0.000000000000e+00
0.000000000000e+00 0.000000000000e+00 0.000000000000e+00
0.000000000000e+00 0.000000000000e+00 0.000000000000e+00
0.000000000000e+00 0.000000000000e+00 0.000000000000e+00
0.000000000000e+00 0.000000000000e+00 0.000000000000e+00
0.000000000000e+00 0.000000000000e+00 0.000000000000e+00
-5.779071217690e-03 -1.004551788069e-03 -4.581108961939e-01
-7.760363956425e-01 -4.247083049702e-03 4.372064442843e-01
0.000000000000e+00 0.000000000000e+00 0.000000000000e+00
Mode 56
0.000000000000e+00 0.000000000000e+00 0.000000000000e+00
0.000000000000e+00 0.000000000000e+00 0.000000000000e+00
0.000000000000e+00 0.000000000000e+00 0.000000000000e+00
0.000000000000e+00 0.000000000000e+00 0.000000000000e+00
3.337641920147e-03 -1.161219158520e-03 8.116348758203e-02
-3.093158256113e-02 -7.898372228427e-04 1.850981786581e-02
0.000000000000e+00 0.000000000000e+00 0.000000000000e+00
0.000000000000e+00 0.000000000000e+00 0.000000000000e+00
0.000000000000e+00 0.000000000000e+00 0.000000000000e+00
0.000000000000e+00 0.000000000000e+00 0.000000000000e+00
0.000000000000e+00 0.000000000000e+00 0.000000000000e+00
0.000000000000e+00 0.000000000000e+00 0.000000000000e+00
0.000000000000e+00 0.000000000000e+00 0.000000000000e+00
0.000000000000e+00 0.000000000000e+00 0.000000000000e+00
0.000000000000e+00 0.000000000000e+00 0.000000000000e+00
0.000000000000e+00 0.000000000000e+00 0.000000000000e+00
0.000000000000e+00 0.000000000000e+00 0.000000000000e+00
0.000000000000e+00 0.000000000000e+00 0.000000000000e+00
-8.759931760192e-03 6.109771205725e-03 -8.841865947250e-01
3.991331200950e-01 2.814407136115e-03 -2.135060457123e-01
0.000000000000e+00 0.000000000000e+00 0.000000000000e+00
--
Dipole derivatives 
Mode 0
-4.723378000726e-04 -7.225312200746e-04 2.104908814001e-03
Mode 1
8.795016040762e-03 -2.361269720142e-02 -3.493056911734e-03
Mode 2
1.271634515156e-02 -2.294273105864e-02 -3.087678248838e-03
Mode 3
-5.379007767581e-02 3.149602153644e-02 -1.930525870404e-02
Mode 4
-1.276108535355e-02 3.426292446659e-02 -2.269038901349e-02
Mode 5
-3.546572918249e-02 1.283949828896e-02 -1.881231827738e-03
Mode 6
-8.164460511150e-03 1.971948900407e-02 -1.159875779431e-02
Mode 7
-2.613067365741e-03 1.411988549706e-03 -3.936043818221e-03
Mode 8
-3.430093574590e-02 -1.469496831259e-03 2.760153802654e-02
Mode 9
-2.347466212402e-02 1.894211257655e-02 -3.686845249547e-02
Mode 10
3.129353492374e-03 -2.496941971710e-02 -1.983762195270e-03
Mode 11
3.215267475752e-02 -6.616286321933e-02 6.522108780101e-03
Mode 12
6.275321106629e-02 -3.321270713859e-03 5.392682762929e-02
Mode 13
-1.693419367544e-02 5.806965115420e-02 3.948970609689e-03
Mode 14
-8.998410494897e-02 -8.501109596284e-02 -4.698670306815e-02
Mode 15
2.124073939314e-02 2.462053121921e-02 4.128288929138e-02
Mode 16
1.446921551505e-02 -3.650055064039e-02 -6.663141556321e-03
Mode 17
4.618406938604e-02 -4.975203640390e-02 1.041782069701e-02
Mode 18
-2.824592272680e-03 3.395493674273e-02 -1.034862618430e-02
Mode 19
5.637864622943e-03 4.502227652153e-02 -1.831267387331e-02
Mode 20
-8.337426380992e-02 2.389002663863e-02 -1.880992761364e-02
Mode 21
5.116108783840e-02 7.258741149254e-03 1.143690695214e-02
Mode 22
1.065637282440e-02 2.541323099054e-02 -1.003810513898e-03
Mode 23
3.454247107219e-02 3.293477061444e-02 -8.689106523346e-02
Mode 24
7.272838025996e-02 2.869406678479e-02 7.051760523485e-02
Mode 25
-4.377661778965e-02 7.718760909336e-03 5.463994579838e-02
Mode 26
-4.607577350298e-02 -3.374047519761e-02 3.333191070314e-02
Mode 27
-1.505535232164e-01 -1.803520976439e-02 -4.771386718194e-02
Mode 28
4.234796891802e-02 -7.455661191258e-02 -6.235668289029e-02
Mode 29
2.018137407162e-02 4.073313283848e-02 -1.072418539354e-01
Mode 30
-1.028915086971e-01 1.195723004971e-01 -5.787345251254e-02
Mode 31
-5.011084801557e-03 7.176513823159e-03 -2.418285332322e-02
Mode 32
-7.163759464099e-02 -8.684903996374e-02 1.142613761170e-01
Mode 33
-8.460924818049e-02 3.367221733998e-01 1.516050896925e-01
Mode 34
5.992323829375e-02 -2.039862047012e-02 1.292595833555e-01
Mode 35
3.880897049050e-02 -5.311837729338e-02 -1.050387133035e-02
Mode 36
-1.554327145912e-02 -4.023823717714e-02 5.826191634558e-02
Mode 37
1.521561334003e-01 7.450663725038e-03 7.761640699560e-02
Mode 38
-1.447881647927e-02 -9.713608139374e-02 5.527452475921e-01
Mode 39
4.821181015756e-01 3.377788866717e-02 3.506713524664e-01
Mode 40
-5.034586268339e-01 -8.468096201765e-02 -1.240188657621e-01
Mode 41
-5.164727738196e-02 1.935257032472e-01 -2.192001105835e-01
Mode 42
-4.994208678314e-01 6.388751037464e-01 -3.301994222806e-02
Mode 43
-8.294193963496e-02 6.371987290157e-02 6.298350687403e-02
Mode 44
1.452929881460e-01 -1.019246669911e-01 -2.455219626997e-01
Mode 45
-1.102523683298e-01 1.378772865072e-01 -1.040235941181e-01
Mode 46
-4.703278294914e-02 9.331332243812e-02 -2.450123650803e-02
Mode 47
-7.702586784874e-02 4.531684001267e-02 3.279860894700e-02
Mode 48
-2.811012966365e-01 3.189588607037e-01 9.174772712830e-02
Mode 49
1.641252931729e-02 6.576836866601e-03 -4.438567906302e-02
Mode 50
2.957417493123e-02 -1.034459635844e-01 4.494723355158e-02
Mode 51
-4.451062319756e-02 6.455158217755e-02 -1.626045691273e-02
Mode 52
3.337104469312e-02 1.664976276342e-01 1.402247650586e-01
Mode 53
9.604154807483e-02 -8.022759432166e-02 3.753321919755e-02
Mode 54
7.575277213629e-02 -1.199180609621e-02 -7.900945083099e-02
Mode 55
4.045159708631e-03 2.562456746646e-03 -8.792743855263e-03
Mode 56
8.242334800471e-03 -5.017324842863e-03 -1.245312940824e-02
--
Polarizability derivatives 
Mode 0
2.884838366710e-01 1.810677648233e-01 -4.884856935577e-01
1.810677648233e-01 3.338491424133e-02 -3.942842360393e-01
-4.884856935577e-01 -3.942842360393e-01 -4.246304001937e-01
Mode 1
-2.840219629364e-01 2.963911807882e-01 -7.207214237875e-01
2.963911807882e-01 6.711872290940e-01 -1.763774338491e-01
-7.207214237875e-01 -1.763774338491e-01 -4.184833927609e-01
Mode 2
-2.333429583159e-01 -7.526986492434e-02 2.101155897860e-02
-7.526986492434e-02 2.273233710914e-01 2.556394892190e-01
2.101155897860e-02 2.556394892190e-01 1.507703692334e-01
Mode 3
-2.341055042210e-01 5.936890675479e-01 -3.882334674699e-03
5.936890675479e-01 -7.279027862976e-02 -2.075385162307e-01
-3.882334674699e-03 -2.075385162307e-01 -2.733780238659e-01
Mode 4
1.139058543388e-01 1.518081941688e-02 -6.672810960905e-02
1.518081941688e-02 -6.007194609792e-01 -7.363324530306e-02
-6.672810960905e-02 -7.363324530306e-02 2.364061038979e-03
Mode 5
6.602528500454e-01 1.329381099936e-01 -2.169512608591e-01
1.329381099936e-01 3.408729891735e-01 -8.107834816820e-01
-2.169512608591e-01 -8.107834816820e-01 -4.666782850829e-01
Mode 6
-6.447950920395e-01 1.270963086366e-01 2.075373053171e-01
1.270963086366e-01 -2.305772389813e-01 -9.611283595463e-02
2.075373053171e-01 -9.611283595463e-02 1.720816993104e-01
Mode 7
1.510282680103e-01 1.386956884518e-01 -3.696732164586e-01
1.386956884518e-01 -2.250593136558e-01 1.096714824973e-01
-3.696732164586e-01 1.096714824973e-01 -1.318395180712e-01
Mode 8
-1.694300642953e-01 3.760460677401e-01 -1.085102008728e-01
3.760460677401e-01 -3.683345009031e-01 -3.749740831006e-01
-1.085102008728e-01 -3.749740831006e-01 -7.709850895274e-01
Mode 9
-1.817104948188e-01 9.296434083245e-02 8.646439789664e-02
9.296434083245e-02 -4.194408540587e-02 -1.498769929902e-01
8.646439789664e-02 -1.498769929902e-01 2.856769486059e-01
Mode 10
5.944619043335e-01 -8.663875688251e-01 1.109471325504e-01
-8.663875688251e-01 1.314720931737e+00 -2.604874970241e-01
1.109471325504e-01 -2.604874970241e-01 6.203343440757e-02
Mode 11
-4.422061592620e-01 7.045735656037e-01 -3.220829189925e-01
7.045735656037e-01 -4.128458957530e-01 1.594190312972e-01
-3.220829189925e-01 1.594190312972e-01 1.757895155583e-01
Mode 12
-4.274571586510e-02 -5.525563640478e-02 6.443618817641e-01
-5.525563640478e-02 -8.293358406870e-01 -4.059351148042e-01
6.443618817641e-01 -4.059351148042e-01 4.282761156866e-02
Mode 13
-6.512674371946e-02 1.942793515740e-01 -1.654635968243e-02
1.942793515740e-01 3.948517235664e-01 -5.097083223925e-01
-1.654635968243e-02 -5.097083223925e-01 3.936297737993e-01
Mode 14
-1.800706070257e+00 -3.419889394782e-01 4.284708317006e-01
-3.419889394782e-01 6.970258523728e-01 4.339570889148e-01
4.284708317006e-01 4.339570889148e-01 1.115805288904e+00
Mode 15
-6.481138629085e-01 1.648930920344e-01 4.100890350990e-01
1.648930920344e-01 6.402837764428e-01 -2.787384193655e-02
4.100890350990e-01 -2.787384193655e-02 -5.243888443432e-01
Mode 16
-4.911224728497e-03 -1.233099131675e-01 4.269877100136e-01
-1.233099131675e-01 6.470508595826e-01 -8.863000149058e-01
4.269877100136e-01 -8.863000149058e-01 1.270420670195e+00
Mode 17
4.076346256815e-01 -2.004031046136e-01 7.485884937892e-02
-2.004031046136e-01 5.307901232079e-01 -2.919502946591e-01
7.485884937892e-02 -2.919502946591e-01 9.028913174709e-01
Mode 18
-2.786685932060e-01 1.921223598805e-01 3.988514210293e-01
1.921223598805e-01 -2.336059145690e-01 3.346300029124e-01
3.988514210293e-01 3.346300029124e-01 -1.175989679828e+00
Mode 19
-6.802950599178e-01 3.658314826802e-01 1.599872112330e-01
3.658314826802e-01 -5.543611498044e-01 8.300782906320e-02
1.599872112330e-01 8.300782906320e-02 -2.028083110143e-01
Mode 20
6.753839998513e-01 -5.673122210493e-01 -2.032413149888e-01
-5.673122210493e-01 6.856853996658e-01 6.310569389572e-01
-2.032413149888e-01 6.310569389572e-01 4.192245821832e-01
Mode 21
5.268508322506e-01 -5.176213862438e-03 -4.923024521684e-01
-5.176213862438e-03 5.759072240726e-01 -2.435851257360e-01
-4.923024521684e-01 -2.435851257360e-01 1.572500604819e+00
Mode 22
-3.226595356043e-01 2.032084870010e-01 3.236860372829e-01
2.032084870010e-01 -5.254631370636e-01 2.305418526415e-01
3.236860372829e-01 2.305418526415e-01 5.630834727639e-02
Mode 23
-4.393265996880e-01 6.319653957151e-01 4.815304199068e-01
6.319653957151e-01 -4.309554624615e-01 -2.785041099689e-01
4.815304199068e-01 -2.785041099689e-01 -2.245751081279e+00
Mode 24
-1.670090524084e-01 -6.800832324743e-01 -4.820407914338e-01
-6.800832324743e-01 1.107608756977e+00 4.179927826318e-01
-4.820407914338e-01 4.179927826318e-01 1.584470751694e-02
Mode 25
5.809880489200e-01 -9.061505872623e-02 -3.562838391117e-01
-9.061505872623e-02 2.607453340320e-01 3.069573732660e-01
-3.562838391117e-01 3.069573732660e-01 2.666003031053e-01
Mode 26
4.163918435621e-01 1.597863090402e-01 -2.921875703658e-01
1.597863090402e-01 -4.504050911456e-01 2.181552045202e-01
-2.921875703658e-01 2.181552045202e-01 -2.132166704661e-01
Mode 27
3.422889737857e-01 -1.542733739302e-01 3.468943897426e-01
-1.542733739302e-01 1.740991708935e+00 -9.256730002247e-01
3.468943897426e-01 -9.256730002247e-01 1.144734301520e+00
Mode 28
1.856218424410e-01 2.340693504750e-01 -8.362349004018e-01
2.340693504750e-01 -4.226146010682e-01 -8.504238834708e-02
-8.362349004018e-01 -8.504238834708e-02 -7.681327522870e-01
Mode 29
1.535021374812e+00 -2.888645303630e-01 2.011984322698e-01
-2.888645303630e-01 6.067297773843e-01 -5.975290815239e-02
2.011984322698e-01 -5.975290815239e-02 1.460240692494e+00
Mode 30
3.965535559589e-01 5.355699280202e-01 -1.039580276102e+00
5.355699280202e-01 -5.476549589607e-01 4.476477545517e-01
-1.039580276102e+00 4.476477545518e-01 2.309466466672e+00
Mode 31
6.894454919052e-01 1.591689407740e-02 -1.056518382172e-01
1.591689407740e-02 -4.002858871931e-01 -1.173935182109e-01
-1.056518382172e-01 -1.173935182109e-01 -8.175177939318e-02
Mode 32
-1.019287405719e-01 3.807381092795e-01 1.051689698712e+00
3.807381092795e-01 -5.998390986851e-01 -6.251205748867e-03
1.051689698712e+00 -6.251205748867e-03 -1.883483350546e+00
Mode 33
2.147906642594e-01 3.330280093764e-02 3.967971689583e-01
3.330280093764e-02 -1.395234573851e+00 -2.211662454381e+00
3.967971689583e-01 -2.211662454381e+00 2.878319418650e-01
Mode 34
-4.123814829053e-01 5.678725092298e-01 -6.438093779767e-01
5.678725092298e-01 -1.384936639339e+00 4.828650857670e-01
-6.438093779767e-01 4.828650857670e-01 2.358224038998e-01
Mode 35
-6.932845584198e-01 -4.429509957122e-01 -6.633834964944e-01
-4.429509957122e-01 1.086767221231e+00 -2.996844850840e-01
-6.633834964944e-01 -2.996844850840e-01 -9.734723459006e-01
Mode 36
-5.571341037685e-01 1.089349560295e+00 3.157721439587e-01
1.089349560295e+00 -1.295490808985e+00 3.799839595936e-01
3.157721439587e-01 3.799839595936e-01 -1.728940524708e+00
Mode 37
-7.820935290687e-01 -1.108079938997e-01 1.350247733525e-01
-1.108079938997e-01 -1.308063102718e+00 5.940633828928e-01
1.350247733525e-01 5.940633828928e-01 -1.102309144981e+00
Mode 38
5.767496064379e-01 -4.063599469679e-01 -5.437372946054e-02
-4.063599469679e-01 8.126156327928e-01 -3.334574851965e-01
-5.437372946054e-02 -3.334574851965e-01 2.294315363016e-01
Mode 39
1.092301132427e+00 -5.548016920894e-01 8.934877864529e-01
-5.548016920894e-01 1.113725266535e+00 -9.132156610399e-01
8.934877864529e-01 -9.132156610399e-01 -3.176785263618e-01
Mode 40
-1.829498726247e-01 5.723895457790e-01 -2.218637516829e-01
5.723895457790e-01 8.985759902468e-02 -2.672016292432e-01
-2.218637516829e-01 -2.672016292432e-01 3.524036398813e-03
Mode 41
1.332881286749e+00 -1.215943037496e+00 -9.024153654895e-01
-1.215943037496e+00 1.180794019300e+00 9.989274488398e-02
-9.024153654895e-01 9.989274488398e-02 3.127074847175e+00
Mode 42
-1.125722083199e+00 6.895056335449e-01 4.476042576358e-01
6.895056335449e-01 -8.454293287107e-01 -8.600960256503e-02
4.476042576358e-01 -8.600960256503e-02 -1.974615819731e+00
Mode 43
2.628516051708e-01 -1.105727598955e+00 1.589648381735e+00
-1.105727598955e+00 2.517220646700e+00 -1.980183559479e+00
1.589648381735e+00 -1.980183559479e+00 -1.397001697678e+00
Mode 44
1.112925850226e-01 -1.350433048413e-01 -2.335551241655e-01
-1.350433048413e-01 -5.696177539248e-02 -7.930958470175e-01
-2.335551241655e-01 -7.930958470175e-01 1.267449408404e+00
Mode 45
-1.514184570466e+00 5.910629681972e-01 7.270166078050e-01
5.910629681972e-01 -8.871852826969e-01 8.467246975616e-01
7.270166078050e-01 8.467246975616e-01 2.918527881850e+00
Mode 46
4.442548924079e-01 -6.227768615578e-01 5.751477162927e-02
-6.227768615578e-01 2.449093474271e+00 -1.716221247188e-01
5.751477162927e-02 -1.716221247188e-01 -1.667788344875e+00
Mode 47
-1.234443093126e-02 2.911760974481e+00 5.010767814934e-01
2.911760974481e+00 -6.510502775454e-01 -7.065152522199e-01
5.010767814934e-01 -7.065152522199e-01 -5.175957658758e-01
Mode 48
5.695506357306e-02 3.236767629689e-01 -2.869801608542e-01
3.236767629689e-01 -1.228285740867e+00 2.341248307869e-02
-2.869801608542e-01 2.341248307869e-02 -1.982607389104e+00
Mode 49
-1.781561100077e+00 2.089677172249e+00 -1.093727849549e+00
2.089677172249e+00 -1.694233965234e+00 -1.440294337476e-01
-1.093727849549e+00 -1.440294337476e-01 3.004181357697e+00
Mode 50
1.059107562015e+00 -1.156575970470e+00 -1.131275885238e+00
-1.156575970470e+00 7.445282983335e-02 3.375778705127e+00
-1.131275885238e+00 3.375778705127e+00 -3.307591357305e+00
Mode 51
-4.925431999612e+00 2.686013385729e+00 4.138026473592e+00
2.686013385729e+00 -2.372853095219e+00 -8.387192947082e-01
4.138026473592e+00 -8.387192947082e-01 -5.379810249654e+00
Mode 52
5.583020575232e+00 -5.199912627712e-01 7.719136369837e-01
-5.199912627712e-01 4.739528876863e+00 1.012539316130e+00
7.719136369837e-01 1.012539316130e+00 5.562652911779e+00
Mode 53
1.335348219841e+00 1.876264282546e+00 2.871658677425e+00
1.876264282546e+00 -4.395416525241e+00 1.671206811896e+00
2.871658677425e+00 1.671206811896e+00 -1.218839230775e+00
Mode 54
-3.520584439789e+00 2.002352084887e+00 5.475437004914e+00
2.002352084887e+00 1.035176472559e+00 -3.383877799600e+00
5.475437004914e+00 -3.383877799600e+00 -4.335422611897e+00
Mode 55
2.665473050560e+00 -1.025270816985e+00 -3.797278872188e+00
-1.025270816985e+00 -3.372127506441e-01 3.532310314492e+00
-3.797278872188e+00 3.532310314492e+00 1.967155372833e+00
Mode 56
-2.052246090203e+00 9.417829620349e-01 1.764521051023e+00
9.417829620349e-01 -2.829599639685e+00 2.771353281820e+00
1.764521051023e+00 2.771353281820e+00 -1.068047804094e+01
--
