Number of atoms 
19
--
Anisotropy 
84.962
--
Frequencies 
27.348200000000
52.544000000000
73.703200000000
117.955600000000
123.587800000000
141.835000000000
165.850700000000
196.722200000000
206.117200000000
248.185000000000
261.887100000000
303.514800000000
342.542600000000
351.447100000000
389.483500000000
433.391800000000
480.871800000000
533.137300000000
546.516500000000
614.841900000000
663.926800000000
694.431300000000
726.556700000000
768.647100000000
825.213800000000
825.415900000000
909.897200000000
956.348300000000
1008.236600000000
1112.635000000000
1134.764600000000
1170.996900000000
1172.152200000000
1205.584900000000
1222.016500000000
1313.234800000000
1354.419300000000
1428.384700000000
1458.771900000000
1467.225300000000
1481.319300000000
1493.265100000000
1622.541900000000
1626.445100000000
1903.810200000000
2694.763800000000
3008.603100000000
3085.856800000000
3153.541700000000
3211.421400000000
3225.955400000000
--
Displacements 
Mode 0
-2.537523165953e-02 -1.219957314657e-01 4.090402330293e-02
-3.631230804618e-02 -9.616901656211e-02 1.824654865548e-02
-1.829291092921e-02 -2.115011488993e-02 -1.086471582136e-02
4.048106510714e-03 6.591158770848e-02 -6.267012001396e-03
8.860824935010e-03 1.151857364983e-01 -2.745417798485e-02
5.428456714401e-03 1.103129955333e-01 -4.900586571195e-02
-1.654237148609e-02 6.567446574656e-02 -5.397420212027e-02
-3.125404057121e-02 -2.827919384054e-02 -3.038868446811e-02
-1.058060344917e-01 -1.572810612250e-01 -3.110869404301e-02
-6.547358469640e-02 7.728400375958e-02 -1.230463021382e-01
-3.482726611951e-01 1.987908025962e-01 -5.277199733450e-01
3.441686251613e-01 -1.197334688766e-01 3.991388904697e-01
-1.056688714721e-02 6.824988771533e-02 -2.302810723580e-02
-3.640898347337e-02 -1.924609761561e-01 5.859316154205e-02
-5.092730170410e-02 -9.383071655526e-02 1.485453421081e-03
3.002256399100e-02 -9.379849964642e-02 8.602608392509e-02
1.700923615272e-02 7.304066665909e-02 1.325695664535e-02
3.413938116734e-02 1.408895083700e-01 -2.801158840122e-02
-1.031382781847e-01 -1.357708813414e-01 5.363147666148e-03
Mode 1
-2.201903675826e-02 -3.438980584648e-01 7.020498867544e-03
-1.486054270860e-02 -1.627737392493e-02 1.068697190573e-02
-1.118262543732e-02 7.211040971845e-03 4.790592492691e-03
-1.523073194803e-02 -5.870054673663e-02 1.105760449409e-02
-1.155281467675e-02 -3.521213183986e-02 5.161225081047e-03
-1.283648945324e-02 1.667841992931e-02 7.553465905034e-03
-1.246630021381e-02 5.910159274101e-02 7.182833316678e-03
-1.209611097437e-02 1.015247655527e-01 6.812200728322e-03
-2.014411543803e-02 2.689611188139e-01 7.357389455249e-03
-4.048106510714e-03 -6.591158770848e-02 6.267012001396e-03
-8.787958147510e-02 -1.495547953187e-01 6.172959061040e-02
1.502110825441e-01 -1.459531683863e-01 -9.764375719380e-02
-1.945194551694e-02 5.454793575916e-02 1.860495955440e-02
-1.742763394992e-02 -4.147233681489e-01 -8.974887811275e-04
-2.002488738342e-01 -4.429345859701e-01 9.491754884976e-02
1.666772807109e-01 -4.384027020970e-01 -9.910476723600e-02
-1.229319315562e-02 -1.200584774633e-01 5.902490257759e-03
-1.777384806630e-02 -5.640322774040e-02 1.663197336711e-03
-4.971632723175e-02 1.587300853019e-01 4.162987901314e-02
Mode 2
-1.973404929017e-04 2.806438547464e-01 1.545923186427e-02
1.283674776490e-03 -5.189055176916e-02 -2.392240823987e-03
-3.653683836568e-03 -1.249721994389e-01 -8.282509392309e-03
4.764509866525e-03 -2.499853798884e-01 -9.198330707591e-03
-1.086334283588e-03 -2.287533029772e-01 -1.306699104028e-02
4.221213568903e-03 -1.132484824958e-01 -7.547355060316e-03
4.591402808337e-03 -7.082530968409e-02 -7.917987648671e-03
2.937538792413e-03 -6.135793072663e-02 -5.155114236329e-03
-1.133149906079e-02 8.488732663402e-02 -8.107953253739e-03
-3.802557460043e-03 -4.729591377670e-02 -2.118105513874e-02
-2.515764737043e-02 -3.089559681992e-02 -5.396809127555e-02
1.589866843442e-02 -5.422885177601e-02 1.436885441042e-02
-2.423343471319e-05 1.014837845421e-01 1.417888880535e-02
-3.678175582937e-03 4.787386828656e-01 2.226532174787e-02
2.549342557675e-01 3.138010114519e-01 1.836982438746e-02
-2.392089527029e-01 3.133573047386e-01 1.364831541671e-02
4.024131387658e-03 -3.348317255118e-01 -8.457065530879e-03
1.851204508825e-03 -2.901112337038e-01 -1.822210527661e-02
-2.680778005950e-02 7.571105965606e-03 3.039771838048e-02
Mode 3
9.439836211160e-02 1.539331989495e-02 -3.243447137321e-02
1.011384583641e-01 1.331302945017e-03 -1.640853047080e-02
7.763840633640e-02 -1.003234900430e-02 8.463441085000e-03
6.188861152546e-02 -3.347978289046e-02 6.993132421014e-03
6.099935942312e-02 -4.064984285169e-02 -5.164148148705e-03
9.148878808075e-02 4.266789907541e-03 4.014469030146e-02
1.030416027575e-01 3.947892174740e-02 3.498346522042e-02
8.729180794656e-02 1.603148786124e-02 3.351315655643e-02
7.650360518339e-02 -3.581808289731e-02 2.375422765542e-02
-6.575082983549e-02 1.021534667138e-01 -2.446252186801e-01
-3.372146759466e-01 1.677722627444e-01 -5.595880003895e-01
-2.142221341407e-02 7.437126690065e-02 -4.124439397446e-01
-5.508512309617e-02 -6.755250783141e-02 3.070867758455e-01
1.050619246860e-01 4.343539177357e-02 -4.975297702397e-02
9.694147822986e-02 1.309600089871e-02 -2.304006421583e-02
6.072584561088e-02 1.321894393056e-02 -4.514012844691e-02
5.732144215184e-02 -6.413825774847e-02 7.322312643355e-04
3.991778332498e-02 -7.811831267717e-02 2.024796012691e-03
1.451805215191e-01 2.158996459404e-01 3.478446570297e-02
Mode 4
3.331961466560e-03 -1.204185424570e-01 -1.970463563003e-02
1.120660056037e-02 3.935322722484e-01 -2.600538963208e-03
1.229319315562e-02 1.200584774633e-01 -5.902490257759e-03
9.158572181960e-03 -4.016683482608e-02 -1.657086491993e-03
5.504888345393e-03 -1.651390342650e-01 -9.939595884302e-03
8.418193703093e-03 -1.250131804495e-01 -9.158213152819e-04
1.044224695845e-02 -9.205738659525e-02 -4.049327315980e-03
9.528761421394e-03 2.256337985618e-03 -2.027719080349e-03
8.788382942527e-03 -8.259000763778e-02 -1.286453903638e-03
-1.333131888144e-02 -4.955225176231e-02 -1.915333605839e-02
8.760418180961e-03 -1.010554692375e-02 -6.871050134198e-02
-7.812950443775e-02 -2.719899885926e-02 4.643269319527e-02
1.078820276317e-02 5.184957075855e-02 9.758928901014e-03
1.397129060626e-02 9.107313963702e-03 -2.284425247545e-02
-2.082372174479e-01 -3.914678303089e-01 3.119137686971e-01
2.112234814214e-01 -3.750847672643e-01 -3.617956028789e-01
4.961592047770e-03 -2.840213687239e-02 -8.288620237027e-03
1.263940727200e-02 -2.382616629453e-01 -8.463176375598e-03
1.024703416983e-01 2.487002798540e-01 -3.078960657065e-02
Mode 5
3.621190129213e-02 -2.912226685991e-02 -5.950287201261e-02
4.677878843934e-02 -9.737215457524e-02 -3.647476477681e-02
3.354787631195e-02 -2.163312291553e-02 -1.437177747807e-02
3.209109447727e-02 2.094174990579e-01 -1.069919359517e-02
3.132648256369e-02 2.260549379766e-01 4.220960386893e-03
3.661005529313e-02 -5.918355476224e-02 7.550542837376e-03
2.268723155630e-02 -2.712584378101e-01 2.037017702128e-03
3.078344457773e-02 -1.394352623932e-01 -1.049700630066e-02
6.907133900984e-02 1.926571171074e-01 -3.519283346148e-03
-2.829226834408e-02 -1.911209091093e-01 -4.972268750979e-02
1.134462082041e-04 -6.319047260427e-02 -2.177313741793e-01
-2.552245403607e-01 -1.004497924715e-01 1.190389566071e-01
4.776844729573e-02 3.508918880801e-02 1.693883915003e-02
4.465432842993e-02 -2.556192318515e-01 -7.459758213324e-02
-3.551068155538e-02 9.945510171316e-02 -2.534712493335e-01
8.156933531206e-02 9.007038748038e-02 1.383248670192e-01
2.861025938724e-02 4.075123271771e-01 -3.893103711564e-03
1.081217788623e-02 4.525928839788e-01 1.194898243050e-02
1.271558059133e-02 -1.148659498117e-02 4.697203578688e-02
Mode 6
-6.459179524776e-02 2.645541606468e-02 -2.740948940559e-01
3.366878517386e-02 -2.682494786368e-02 -6.889727916999e-02
-5.030783208715e-02 -3.792545983713e-03 5.526968993628e-02
-8.879306701216e-02 -5.524107073788e-02 6.375119884604e-02
-9.311095600826e-02 -3.828454783605e-02 1.116451667929e-01
-6.314059021353e-02 4.188519777366e-02 1.444260920850e-01
-5.933803275349e-02 8.918111155035e-02 1.656071472238e-01
-1.638603520891e-02 4.599682774052e-02 1.221302161135e-01
1.920152394816e-01 -2.644143006286e-02 1.331577958028e-01
-1.174035847111e-01 3.947369984736e-02 8.401324489243e-02
-2.954195688248e-01 2.537983159886e-03 -4.564755947523e-03
-3.201865248479e-02 -1.164175492185e-02 -1.546853048605e-02
7.457249602838e-02 -1.481240985659e-03 -9.506181547414e-02
6.994193447792e-02 5.483055792827e-02 -3.993766839949e-01
-1.310475761468e-01 2.927672409714e-02 -2.873489276336e-01
-2.070321184673e-01 2.984169414398e-02 -2.985752421309e-01
-1.150855155356e-01 -1.119224014508e-01 2.507389414090e-02
-1.341393070515e-01 -8.743575359399e-02 1.107322685453e-01
2.745071101463e-01 2.540612507446e-01 -5.476063685886e-02
Mode 7
-5.227941897617e-04 6.253789022409e-03 -9.413084940177e-02
2.312986278822e-02 -3.105952086238e-02 -2.450133896744e-02
4.196980134190e-03 -1.176469795370e-02 6.631533745034e-03
8.892521023428e-04 7.170059961229e-03 1.215728056972e-02
9.528761421394e-03 2.256337985618e-03 -2.027719080349e-03
1.283648945324e-02 -1.667841992931e-02 -7.553465905034e-03
1.118262543732e-02 -7.211040971845e-03 -4.790592492691e-03
8.892521023428e-04 7.170059961229e-03 1.215728056972e-02
-1.003738464505e-01 -1.796874186371e-02 1.488376488738e-03
6.985645303128e-03 4.553656981851e-03 -1.142212623773e-02
2.579761909524e-02 -9.549340978694e-03 1.197050274171e-02
2.543116118266e-03 -2.297318996233e-03 9.394407157376e-03
2.414375507932e-02 -8.196202123133e-05 1.473337615405e-02
4.040515009947e-02 -6.988628864167e-02 -1.344742745113e-01
-4.742995414472e-02 5.081912088966e-02 -1.663364554204e-01
-2.797054597408e-02 5.426983278663e-02 -2.173554248744e-02
-7.646119135807e-04 1.663743891869e-02 1.492015398206e-02
1.740365882686e-02 1.398005492870e-02 -1.292564748356e-03
1.549061068101e-01 9.419663247044e-01 5.003539942802e-02
Mode 8
-4.170375018337e-02 5.779545098581e-03 -1.895452296395e-01
3.836059473625e-02 2.764102587425e-02 -3.555894346153e-02
3.432368220609e-03 4.872740964996e-03 2.155168772709e-02
2.543116118266e-03 -2.297318996233e-03 9.394407157376e-03
1.207187753966e-02 -4.098101061566e-05 7.366688077027e-03
1.041801352374e-02 9.426397946847e-03 1.012956148937e-02
1.372574155558e-02 -9.508359968078e-03 4.603814664685e-03
6.740096252456e-03 -1.406201694993e-02 1.602594090241e-02
-1.235037092387e-01 1.309077899867e-02 2.598971545618e-02
1.207187753966e-02 -4.098101061566e-05 7.366688077027e-03
2.160063896105e-02 2.215356975002e-03 5.338968996678e-03
9.528761421394e-03 2.256337985618e-03 -2.027719080349e-03
3.621563261898e-02 -1.229430318470e-04 2.210006423108e-02
6.182521934863e-02 5.349049088148e-02 -2.910608349431e-01
-1.111937453021e-01 -2.633317573629e-02 -1.572975360943e-01
-1.221345530156e-01 -2.950578466073e-02 -2.615579469855e-01
-6.985645303128e-03 -4.553656981851e-03 1.142212623773e-02
1.372574155558e-02 -9.508359968078e-03 4.603814664685e-03
-3.423392516106e-01 -7.688691244712e-01 1.494794509006e-01
Mode 9
2.543116118266e-03 -2.297318996233e-03 9.394407157376e-03
3.307728031847e-03 -1.893475791493e-02 -5.525746824685e-03
6.615456063694e-03 -3.786951582985e-02 -1.105149364937e-02
3.307728031847e-03 -1.893475791493e-02 -5.525746824685e-03
2.394242494791e-03 7.537896666594e-02 -3.504138589054e-03
6.591222628981e-03 6.361426871224e-02 3.127395155980e-03
-4.196980134190e-03 1.176469795370e-02 -6.631533745034e-03
3.307728031847e-03 -1.893475791493e-02 -5.525746824685e-03
-2.543116118266e-03 2.297318996233e-03 -9.394407157376e-03
-9.528761421394e-03 -2.256337985618e-03 2.027719080349e-03
-5.331781287204e-03 -1.402103593931e-02 8.659252825383e-03
-1.905752284279e-02 -4.512675971235e-03 4.055438160698e-03
4.196980134190e-03 -1.176469795370e-02 6.631533745034e-03
4.937100301401e-03 5.753087454320e-01 2.225921090316e-02
2.329099005204e-01 -2.858437410928e-01 4.312149509440e-01
-2.186648377903e-01 -2.611448294881e-01 -4.304521654561e-01
2.937538792413e-03 -6.135793072663e-02 -5.155114236329e-03
-5.110465671246e-03 1.060784225346e-01 -4.609925509403e-03
2.436507069528e-02 1.200174964526e-01 1.464197819268e-03
Mode 10
-6.504373460698e-02 3.737578971277e-03 9.303409639379e-02
-1.364685702075e-01 -2.303762378000e-02 -7.513718943426e-02
-6.446342373215e-02 7.926223877266e-02 -1.654145232604e-01
2.324704032327e-02 -6.525066963859e-02 -1.606297769031e-01
2.414744602652e-03 -5.510414170422e-02 -9.928596363810e-02
5.371596687304e-02 1.101490714908e-01 -1.953911340384e-02
-9.916660330498e-02 2.055927361653e-01 -3.997013416289e-02
-6.448765716686e-02 1.807460233148e-01 -1.512356344551e-01
-9.934378076099e-03 -3.019369773941e-02 -2.282315682570e-01
-1.372294507943e-01 2.259913896675e-02 2.138590079150e-02
-2.217975729107e-01 -1.168910904389e-01 1.591926808209e-01
-1.032834204813e-01 -2.909527185111e-02 7.406753816341e-02
1.757463818077e-01 -1.463575109855e-02 1.191595739808e-01
-1.729667664544e-01 -2.537919118739e-01 1.870084574817e-01
-4.592123242542e-02 1.480273514224e-01 -1.003949383355e-01
9.873490774196e-02 1.434334161334e-01 3.276862418984e-01
3.307354899162e-02 -2.183469029773e-01 -1.368604044905e-01
-9.043016024707e-02 -2.052561239786e-01 -1.108706890344e-01
-2.961137053585e-02 -1.247445442822e-01 -2.779603666115e-01
Mode 11
-3.481496081683e-01 -4.149068775735e-03 -1.321497486053e-02
-2.764829548439e-01 1.224248407926e-02 4.590530758369e-02
-1.999830809874e-01 -5.257492264611e-02 -1.194340100458e-02
-8.477292526301e-02 8.315497768462e-02 -9.939860593705e-03
-3.851319968658e-02 2.103593595986e-02 -5.894253852859e-02
-1.754270769972e-03 -1.158239044646e-01 -3.849344994479e-02
-5.448431011348e-02 -1.225109564002e-01 -4.714366885779e-02
-1.350322904807e-01 -1.236051373833e-01 1.697205173188e-02
1.063493307893e-01 2.054416383247e-02 2.945771839573e-02
1.332758755458e-02 2.055292793425e-02 -6.244960018530e-02
1.702340308086e-01 9.250463551028e-02 -3.410670262230e-02
1.013840074147e-01 1.994697687680e-02 -4.385659761093e-02
7.243126523796e-02 -2.458860636940e-04 4.420012846216e-02
-2.752552095905e-01 1.053208537382e-01 -9.133502811698e-02
-3.755731265179e-01 -5.761680955361e-02 4.500144324844e-02
-4.312481673075e-01 -6.094457841873e-02 -1.216995339156e-01
-5.341847793775e-02 2.367254549472e-01 6.170514723153e-02
-4.108054923956e-02 1.248170394982e-01 -5.415805688062e-02
1.425053025583e-01 1.363908184006e-01 -1.648932484936e-01
Mode 12
-1.353337690545e-01 2.748110113006e-03 -9.042797600467e-02
-2.384227650552e-02 -1.262712854751e-01 9.266665158250e-02
-2.290481584540e-02 1.801583031643e-01 9.283509687635e-02
8.223354047159e-02 -5.185833486033e-02 8.214838968002e-02
1.578161974642e-01 -5.136134083290e-02 -5.528164691632e-02
9.792367443255e-02 8.755869662583e-02 -1.328323327764e-01
3.361658697758e-02 1.471432973924e-01 -1.221424378030e-01
-4.455765300274e-02 3.519111914454e-01 3.425096924668e-02
6.850779891601e-02 -4.234997489225e-02 7.754457501534e-02
3.112193772874e-02 -5.352695269551e-02 -1.598946225711e-01
1.353263064008e-01 -6.074675776913e-02 -7.277789648271e-02
-8.802845509858e-02 -7.187850965658e-02 4.883104486397e-02
-4.231202581977e-02 2.739346011225e-03 1.479342576363e-03
8.579848469067e-03 1.110558756244e-01 -2.306360307705e-01
-1.474056465942e-01 2.789091123621e-03 -9.779466408170e-02
-3.641766481183e-01 -2.727039707706e-03 -1.362642000664e-01
1.289436182453e-01 -3.180069097435e-01 1.534442852281e-01
2.807284018475e-01 -2.269747511171e-01 -6.763155144936e-02
7.306377430908e-02 -9.868947151843e-02 -1.610033325591e-01
Mode 13
-6.366711573015e-02 1.913966296800e-02 -3.130769356045e-02
-1.236589345976e-02 1.843928761630e-01 4.843915667381e-02
-1.125506742980e-02 -1.905647031642e-01 3.095831657391e-02
2.777346379283e-02 -2.758530758026e-01 2.082583201688e-02
5.166768018297e-02 1.786770621787e-01 -2.226718597792e-03
2.443751268776e-02 3.177932405887e-01 -2.470352626195e-02
5.577330337876e-03 3.263670987109e-02 -3.610731996552e-02
-1.686036252924e-02 -1.507169523213e-01 -3.584108989194e-04
2.693242024826e-02 1.623639291432e-02 -3.320283828705e-03
5.207141098442e-03 -9.786462940608e-03 -3.573668737716e-02
4.142277371742e-02 -9.909405972455e-03 -1.363662314608e-02
-1.486054270860e-02 -1.627737392493e-02 1.068697190573e-02
-1.574979481094e-02 -2.344743388616e-02 -1.470308663987e-03
-3.854497344665e-03 -3.755547662829e-01 -9.079515610657e-02
-3.280169450225e-01 1.421189386885e-01 -2.490122307120e-01
1.206982732887e-01 1.300732982640e-01 1.694487058193e-01
3.594610844525e-02 -4.194819301839e-01 4.735807784173e-02
8.353745904429e-02 2.679951027627e-01 3.432661418254e-04
5.295135495946e-02 1.267865104095e-01 -4.618959421779e-03
Mode 14
9.810797547130e-02 -4.603402094247e-03 1.106961328958e-01
-5.212176370710e-02 -3.646852848265e-03 -1.996747911289e-01
-7.589159822014e-02 6.785760581273e-02 -1.331758636276e-01
-1.654287750380e-01 -1.012291343766e-01 -1.502863358485e-01
-1.842612509380e-01 4.335697195408e-02 -7.789713977894e-02
-7.778354863303e-02 1.167079584945e-01 6.024094941226e-02
3.799413682367e-02 1.421717689061e-02 4.641462537052e-02
2.093643380152e-02 1.441440793157e-01 6.151544633587e-02
-3.961257342432e-02 -1.923561099106e-02 1.869781679676e-01
7.218198486044e-02 -4.786088382354e-02 -9.954740641396e-03
1.685764354658e-01 7.297269063968e-02 -1.129467654536e-01
-2.653799757411e-02 -7.529700464471e-02 -1.122923756500e-02
4.485514193803e-02 -5.036665007459e-03 7.915064581014e-03
-1.337336903968e-01 -5.949839384019e-02 3.409915558827e-01
2.935238870850e-01 1.731304569386e-02 1.163786327437e-01
3.063641078651e-01 2.963394959261e-02 1.904281030824e-01
-1.611833280344e-01 -3.159614014145e-01 -1.720125797142e-01
-3.099136536208e-01 -3.155417814060e-04 -7.585135287384e-02
-4.139107762900e-02 -3.357573091351e-02 1.626636068281e-01
Mode 15
4.574439404038e-02 2.133394953771e-03 2.007234515073e-02
-4.323297401053e-02 3.905442293597e-02 -1.597049216754e-01
-6.186810941760e-02 -9.700332547969e-02 -1.027749574701e-01
7.099125418429e-02 7.132230371152e-02 -1.295120489477e-01
1.544730420171e-01 -1.794076986007e-02 -2.803858200174e-01
1.660538214554e-01 -5.521309873424e-02 -2.181229976601e-01
3.186231620761e-02 3.131939292790e-02 -1.606358877478e-01
-3.692804633628e-02 -1.572078633056e-01 4.606524838397e-02
8.678668061175e-03 9.599788794544e-03 2.980478565194e-01
-7.562181573475e-02 -1.501050479758e-02 -1.748028195731e-01
-2.085424273486e-01 -2.941139066407e-01 1.229108047168e-01
2.550360317515e-02 1.748025541737e-01 6.777634749255e-02
-2.071138685871e-02 4.954702986227e-03 6.818311573041e-03
-1.007365730362e-01 -2.393267019285e-03 1.650648815645e-01
1.542666517086e-01 -2.204293302169e-02 5.929510329220e-02
1.984780905949e-01 -1.563398405860e-02 2.760482016336e-02
1.750262471250e-01 2.722618926702e-01 4.048795644329e-02
2.050301544818e-01 3.346677388349e-02 -2.815006408501e-01
8.550296545560e-03 -4.320703391344e-02 1.893674857239e-01
Mode 16
-1.313786066442e-01 1.367062055592e-03 2.525456112419e-02
-6.097139466155e-02 -3.183461786234e-02 7.258819558705e-02
1.927883845875e-02 1.246121344451e-01 -1.732461649548e-02
-6.514787268788e-02 -1.505530282788e-01 -2.982516320703e-02
-1.158985943186e-01 1.076826065521e-01 6.835182573366e-02
-5.830363835453e-02 -1.032443797865e-02 1.090600372962e-01
1.060313397462e-01 -1.958472542354e-01 8.307350961708e-02
9.854687537636e-02 2.065961910254e-01 2.554839982523e-03
-1.029710466183e-02 -1.461822289499e-02 -6.465506318128e-02
1.877663194627e-01 -3.429355846154e-01 5.691216108999e-02
-6.448739885520e-02 -3.214810744476e-01 -1.676045767899e-01
6.371532428792e-02 2.801198657101e-01 1.931885828458e-02
6.985645303128e-03 4.553656981851e-03 -1.142212623773e-02
-5.705165966645e-02 -1.872985286185e-02 -4.235918720982e-02
-1.690025542284e-01 2.957305797668e-02 -2.153069683469e-02
-2.055846447600e-01 1.627215202489e-02 3.834280776628e-02
-1.209920308972e-01 -4.479485008739e-01 -1.300118034033e-01
-1.877103899396e-01 1.979666631873e-01 7.793593378670e-02
-4.836951859008e-03 5.220963575231e-02 3.536605478881e-02
Mode 17
-1.720367684480e-01 -5.360970890645e-03 2.397103028821e-02
-8.676901375680e-02 -2.228527688365e-02 6.061769284534e-02
7.405343316547e-02 3.377187186481e-02 -1.075897286322e-01
1.036256449592e-01 1.440029053768e-01 -1.418622181901e-01
1.325514556210e-02 -1.772228162018e-01 -3.628187610409e-02
4.912829539156e-02 2.099737050030e-01 6.998181048853e-02
1.318771673992e-01 9.386293346409e-02 8.305517708293e-02
1.514984886475e-01 -1.688443963274e-01 -1.843306177409e-02
-1.727901863810e-02 9.827443951223e-03 2.836999930014e-02
1.401744522404e-01 -2.595842203725e-02 1.366648574596e-01
-2.757612329993e-02 -4.790778943765e-03 -3.628506388115e-02
-3.735043377200e-02 -2.566279086116e-02 -6.809277660665e-03
-2.414375507932e-02 8.196202123133e-05 -1.473337615405e-02
-8.247908952227e-02 3.324266092855e-02 -5.470032253989e-02
-2.152380463701e-01 -9.791684840649e-03 1.329309229485e-02
-2.514536789891e-01 -9.668741808802e-03 -8.806971936228e-03
6.091546513842e-02 1.768035392904e-01 -2.074362904637e-01
-1.067192617171e-01 -5.651944344065e-01 -4.545602814221e-02
-1.193231204349e-02 1.398457752028e-01 3.461224914495e-01
Mode 18
1.243929613410e-01 -5.920719037443e-03 -1.383243488646e-02
7.585990213172e-02 -2.437246892676e-02 -1.585112005444e-02
-6.402984231588e-02 3.471513781243e-02 1.322688115153e-01
-1.996296625289e-01 1.493306823638e-01 1.650707276998e-01
-1.228115393176e-01 -2.013224040561e-01 3.723728555534e-02
-1.144215686877e-01 2.483759739708e-01 -1.473364086346e-02
-4.819083473145e-02 9.645588363642e-02 -6.981336519467e-02
-9.587911906933e-02 -1.850860111418e-01 3.391700172663e-02
2.539946509424e-02 2.051194692364e-02 -5.508291210828e-02
-8.007000247938e-03 -9.352986347913e-02 -1.910184613712e-01
9.062003808627e-02 -1.333863784238e-01 -6.779441531730e-02
1.167745486551e-02 5.901963071978e-02 2.191620947073e-02
2.414375507932e-02 -8.196202123133e-05 1.473337615405e-02
7.610918250924e-02 2.324252883308e-02 3.830374904912e-02
1.743343355156e-01 -1.555202203737e-02 1.287144400930e-02
1.459936003021e-01 -3.705362062441e-03 -8.493465889786e-03
-1.950624931553e-01 1.799891572218e-01 1.713316288565e-01
-1.164923179229e-02 -6.337311891961e-01 2.913889563278e-02
3.795870940840e-02 2.870298994852e-02 -1.842152945552e-01
Mode 19
2.935089617776e-02 -9.868424961839e-03 -2.100331122311e-02
-3.469014011867e-02 -6.215125863360e-02 -1.335433084389e-01
-6.717218425490e-02 3.187182756293e-01 -1.032271487150e-02
1.387624059483e-01 -2.687469297607e-02 3.037672748807e-02
1.491804194720e-01 -1.744829502923e-02 4.050628897744e-02
8.788331280195e-02 1.785541191468e-01 1.987334563329e-02
-1.074077003114e-01 -3.217819275237e-01 2.489933800233e-02
-9.946036091342e-02 -1.122824664446e-01 -5.332317468925e-04
-1.653864015923e-03 9.467378957463e-03 2.762873412342e-03
-1.363122339304e-01 -4.271526178605e-02 1.009672287996e-01
-1.399552404097e-02 9.237647057839e-02 3.702314128080e-02
4.090371085451e-02 2.534370687802e-02 -2.616453630416e-02
-1.207187753966e-02 4.098101061566e-05 -7.366688077027e-03
-9.363001887116e-02 -3.031434985576e-03 9.911725363484e-02
1.866517621059e-01 3.022670883796e-03 -7.209935053806e-03
9.847443338388e-02 8.820446889392e-03 2.872256406374e-02
1.995202059592e-01 -5.593679836938e-01 1.178946403884e-01
1.565122788915e-01 -3.712147784559e-01 2.652347662188e-02
1.890491789246e-02 5.318963780535e-02 -9.855692015082e-02
Mode 20
1.207187753966e-02 -4.098101061566e-05 7.366688077027e-03
1.111008012017e-01 -4.095946002960e-02 2.792470852246e-01
1.383157850779e-01 2.061541640104e-01 -8.318909751215e-03
-1.105500422504e-01 -3.777878970684e-02 -1.176921883845e-01
-1.606402900484e-01 4.952879895526e-02 -1.572946130267e-01
-1.118337170269e-01 1.411176206232e-02 -1.152999475605e-01
3.328230139708e-03 -1.494178662851e-01 -1.013075718737e-01
6.684647224638e-02 -9.088124359091e-02 -8.289842405971e-02
1.195096867775e-02 5.150843937526e-03 6.189218976894e-02
-8.517107926401e-02 1.132162655870e-01 -7.699327544369e-02
-5.183705591431e-02 2.948233185367e-02 8.510999790041e-02
4.196980134190e-03 -1.176469795370e-02 6.631533745034e-03
2.414375507932e-02 -8.196202123133e-05 1.473337615405e-02
2.815337596652e-01 -2.351309013823e-03 -2.577464131947e-01
-1.949248135124e-01 1.531490007545e-02 -6.057863412818e-02
-2.374823883828e-01 -5.614278451000e-04 -3.165122441168e-02
-2.236951405037e-01 -4.015191129236e-01 -3.143928848941e-01
-1.738227353064e-01 -7.769973846923e-02 -1.635494033386e-01
4.969054701476e-03 2.959651078374e-02 1.549172522504e-01
Mode 21
4.929767112289e-02 1.814310970625e-03 -1.290146881409e-02
2.071138685871e-02 -4.954702986227e-03 -6.818311573041e-03
-1.004910239855e-01 1.622240691249e-02 1.376168144243e-01
-2.053073996209e-01 -8.597310929299e-03 1.599217243082e-01
2.511848862830e-02 1.638208604976e-02 -2.582647648939e-01
-3.467795635880e-03 9.613072092911e-03 -2.521816076528e-01
8.397661726101e-02 -2.303240187996e-02 -1.241669691063e-01
-6.161509771323e-02 -2.038900389179e-02 3.298284787720e-02
4.442529184861e-03 6.850975978084e-03 -2.081653339510e-02
3.405911146440e-01 -1.793060035138e-02 4.462915932399e-01
-1.504640942485e-01 6.933884679839e-02 -3.811404815346e-02
-3.290790458713e-02 -1.881181488308e-02 -2.762581105577e-02
1.207187753966e-02 -4.098101061566e-05 7.366688077027e-03
1.715810977619e-02 -4.635619003082e-03 2.615550239178e-02
8.462405163953e-02 -5.478692022451e-03 -2.958685152725e-03
7.344142620221e-02 1.732348949394e-03 1.831907339966e-03
-7.502816671445e-02 -5.023591993581e-02 3.805878696801e-01
3.196488053507e-01 6.674042928648e-03 -2.658572895161e-01
2.576219167997e-02 4.936472079213e-03 -2.186594171840e-01
Mode 22
-5.882643254429e-02 -4.070648956243e-03 1.492918789444e-02
-6.036311902515e-02 -2.879441877498e-02 -1.184363766288e-01
-4.606264339519e-02 2.837022847407e-01 4.991238840545e-02
-9.437039735003e-02 -8.787778060898e-02 9.985851881155e-02
3.459558047206e-04 1.439069573538e-01 1.380825621699e-02
7.934446854861e-02 -1.934679732179e-01 5.894572630565e-02
1.947517064542e-01 1.638451701288e-01 6.185897718710e-02
1.139342019132e-01 -2.566079980063e-01 1.512327113874e-01
3.664579125811e-04 1.342384898364e-02 -8.197356883205e-02
1.050059951629e-01 1.884043132016e-01 -1.846010719007e-01
-2.920202255429e-02 -6.780786070033e-02 3.390185696954e-02
-2.972108541720e-02 -3.255474784986e-02 2.137394381146e-02
-1.207187753966e-02 4.098101061566e-05 -7.366688077027e-03
-1.784996195614e-01 -1.616841689490e-02 1.295240059277e-01
6.734503300143e-02 4.348751928773e-03 2.541131414741e-02
3.100849152054e-02 9.663519908761e-03 5.783675160824e-02
-3.946344148919e-02 -5.991389944156e-01 1.835077713792e-01
3.937448702735e-02 5.861858471540e-02 3.675771659967e-03
-2.220518327060e-02 2.374376776570e-02 2.672885394629e-01
Mode 23
3.722579358323e-02 1.855291981241e-03 -2.026815689111e-02
1.182632848899e-02 -1.865665494240e-02 3.481475521716e-02
3.971671150522e-02 1.735262182411e-01 -6.411890836673e-02
1.785275843229e-01 -5.631604381913e-02 -6.209995848936e-02
1.422803363749e-02 1.147209593797e-01 1.945164891155e-01
-1.657709995159e-01 -2.161367679024e-01 -8.249165582185e-02
-2.191692336574e-01 3.923326764370e-01 -1.001993913045e-01
-1.570143126618e-01 -2.552416386542e-01 -2.328050934075e-01
-2.784933842085e-03 1.268096889252e-02 9.965659622645e-02
6.678522423446e-02 -2.016590162428e-01 1.880781087526e-01
5.995750237045e-02 8.570590211897e-04 -1.118229107085e-01
-8.393960268380e-03 2.352939590739e-02 -1.326306749007e-02
1.461499365793e-02 -2.338300006849e-03 1.676109523440e-02
7.521619908005e-02 -1.292685495621e-02 -5.545646776429e-02
2.261079992531e-02 4.193591988090e-03 -3.702925212552e-02
-5.086232236533e-03 4.594637992467e-03 -1.878881431475e-02
7.249277156154e-02 -3.916952111742e-01 -2.431453466850e-01
-2.380863969663e-04 3.938297372435e-02 1.906539396275e-01
5.419960232068e-02 8.938177169824e-02 -2.376411201715e-01
Mode 24
-3.976890970150e-02 4.420270149922e-04 1.087374973374e-02
-2.681151138635e-02 -2.142821786246e-02 -5.120521786321e-02
3.720156014852e-02 1.033390765233e-01 -6.089268085765e-03
3.179733686883e-02 -1.084577035520e-01 2.873770882083e-02
-9.102642658829e-03 -1.048020866020e-01 1.365051813687e-01
-1.037095392439e-01 7.345047676525e-02 -6.040992412492e-02
2.821236369790e-02 -6.465348268291e-02 -8.731546089639e-02
1.828917960235e-02 -7.849208938135e-03 -7.073822042233e-02
3.432368220609e-03 4.872740964996e-03 2.155168772709e-02
9.513874059047e-02 1.002396655183e-01 -3.317573654992e-02
-3.391806555139e-02 -2.079004989617e-02 1.474241006643e-02
-7.874897405471e-03 -1.172371694308e-02 -7.351543319933e-04
2.543116118266e-03 -2.297318996233e-03 9.394407157376e-03
-9.059580465155e-02 3.190259388175e-02 5.361552651195e-02
1.461499365793e-02 -2.338300006849e-03 1.676109523440e-02
-6.985645303128e-03 -4.553656981851e-03 1.142212623773e-02
-2.278789662200e-02 6.481942521504e-01 -2.692439872442e-02
9.655425989777e-02 6.323823580476e-01 1.710842720001e-01
8.764149507813e-03 1.889377690431e-02 1.289243490171e-02
Mode 25
3.976890970150e-02 -4.420270149922e-04 -1.087374973374e-02
2.898443826518e-02 -2.329227394548e-02 6.097025760894e-02
-3.446136184901e-02 1.159468474964e-01 1.639338571371e-02
-3.542678727069e-02 -1.179982804289e-01 -5.119910701849e-02
4.189517480484e-03 -6.976334560982e-02 -1.565743387424e-01
1.165217952624e-01 1.135488784754e-02 6.703534702524e-02
-3.317395574567e-02 9.305561955530e-02 9.560408113341e-02
-2.233728611307e-02 -5.806237877034e-02 7.700523242373e-02
1.899413066595e-03 9.148294974317e-03 -3.021094055248e-02
-1.099992832991e-01 -1.165170394433e-01 4.386270845565e-02
4.344682697278e-02 2.304638788178e-02 -1.677012914678e-02
7.874897405471e-03 1.172371694308e-02 7.351543319933e-04
-1.207187753966e-02 4.098101061566e-05 -7.366688077027e-03
9.464391116227e-02 3.400899382673e-02 -5.988253851334e-02
6.096393200785e-03 -2.616402979378e-03 -2.357940680744e-02
-1.296112964200e-02 -7.129078950614e-03 -1.952396864675e-02
2.589776753764e-02 6.179690402057e-01 6.959576843367e-02
-9.764136911632e-02 6.455456322622e-01 -1.350444360359e-01
-3.307728031847e-03 1.893475791493e-02 5.525746824685e-03
Mode 26
-3.976890970150e-02 4.420270149922e-04 1.087374973374e-02
-8.518600457142e-03 -2.781029725296e-04 -4.034050204185e-02
3.786949663490e-02 -9.590321989310e-03 1.933719081874e-02
-4.776471596888e-02 -6.089864979947e-03 6.466409709366e-02
1.905752284279e-02 4.512675971235e-03 -4.055438160698e-03
-3.100849152054e-02 -9.663519908761e-03 -5.783675160824e-02
-2.300895392631e-02 2.586769591424e-02 -3.002416272447e-02
7.025460703228e-02 1.547528191618e-02 -4.716784752726e-02
3.189401229603e-02 -1.216574395807e-02 -1.160890406573e-02
-1.026434487565e-01 -6.954020964973e-02 3.206994962957e-02
1.574979481094e-02 2.344743388616e-02 1.470308663987e-03
9.528761421394e-03 2.256337985618e-03 -2.027719080349e-03
0.000000000000e+00 0.000000000000e+00 0.000000000000e+00
-9.261985790691e-02 -1.053199972488e-03 5.674903251265e-02
5.086232236533e-03 -4.594637992467e-03 1.878881431475e-02
2.414375507932e-02 -8.196202123133e-05 1.473337615405e-02
-3.569283842922e-02 -6.130845990562e-03 7.203078517069e-02
1.849978980900e-01 1.249004984126e-02 -4.447061641463e-03
-4.918019489652e-02 4.172622133984e-02 9.496000373224e-01
Mode 27
0.000000000000e+00 0.000000000000e+00 0.000000000000e+00
-1.653864015923e-03 9.467378957463e-03 2.762873412342e-03
-6.221033389547e-03 -2.119109590054e-02 -3.498027744336e-03
2.764431734225e-03 1.178021394776e-01 -3.874771177410e-03
-3.653683836568e-03 -1.249721994389e-01 -8.282509392309e-03
6.221033389547e-03 2.119109590054e-02 3.498027744336e-03
-1.653864015923e-03 9.467378957463e-03 2.762873412342e-03
-9.528761421394e-03 -2.256337985618e-03 2.027719080349e-03
0.000000000000e+00 0.000000000000e+00 0.000000000000e+00
0.000000000000e+00 0.000000000000e+00 0.000000000000e+00
0.000000000000e+00 0.000000000000e+00 0.000000000000e+00
0.000000000000e+00 0.000000000000e+00 0.000000000000e+00
0.000000000000e+00 0.000000000000e+00 0.000000000000e+00
3.307728031847e-03 -1.893475791493e-02 -5.525746824685e-03
9.528761421394e-03 2.256337985618e-03 -2.027719080349e-03
0.000000000000e+00 0.000000000000e+00 0.000000000000e+00
6.394398759392e-03 -6.601960720661e-01 -1.415125764942e-02
-8.442685449462e-03 7.287240627539e-01 3.146365245546e-02
-6.985645303128e-03 -4.553656981851e-03 1.142212623773e-02
Mode 28
1.514462904512e-01 5.123848928731e-03 -7.167822040708e-02
-6.250061848872e-02 1.440259975044e-03 1.024285035512e-01
-1.468828524044e-01 -3.464697898788e-03 -3.663814679933e-03
7.965872826491e-02 -6.075878978126e-03 -7.627300115939e-02
2.543116118266e-03 -2.297318996233e-03 9.394407157376e-03
-1.010160964252e-03 -1.978235013088e-03 4.236822112220e-02
-8.664810489489e-02 -2.747710183179e-02 6.092191153423e-03
-1.321432185577e-01 1.800450097428e-02 4.017471510625e-02
2.680778005950e-02 -7.571105965606e-03 -3.039771838048e-02
1.590514053713e-01 9.971567648213e-02 -2.931611012961e-02
-1.333131888144e-02 -4.955225176231e-02 -1.915333605839e-02
-9.528761421394e-03 -2.256337985618e-03 2.027719080349e-03
0.000000000000e+00 0.000000000000e+00 0.000000000000e+00
1.712684252076e-01 -7.000914018726e-03 -9.065381254984e-02
1.038024833442e-01 -6.157840999357e-03 -6.153962500534e-02
1.228600061870e-01 -1.645165028122e-03 -6.559506316604e-02
1.470074925932e-01 2.727219677871e-02 3.074124923171e-02
-2.637711055794e-01 -2.824343472997e-02 1.127440712688e-02
-4.982762927505e-02 2.417251148233e-02 8.283917533688e-01
Mode 29
-1.021486193283e-01 -3.309537958106e-03 5.877675159300e-02
1.116773807497e-01 5.565875943723e-03 -6.080447067334e-02
-2.870719312609e-02 -1.577189008711e-03 6.060865893296e-02
3.271572448436e-01 4.973910888089e-03 -1.831485663520e-01
-5.781627158004e-02 -2.092413943155e-03 -2.743903322776e-02
-4.301450622429e-01 8.326292360248e-03 -2.860173041681e-01
7.433067830456e-02 8.902408910623e-03 1.398918790968e-02
-1.999309764965e-02 -6.463213272074e-03 5.892864353781e-01
2.020321928505e-03 3.956470026176e-03 -8.473644224439e-02
-7.660028061059e-02 -6.047387669664e-02 1.659238523115e-02
6.221033389547e-03 2.119109590054e-02 3.498027744336e-03
9.528761421394e-03 2.256337985618e-03 -2.027719080349e-03
1.207187753966e-02 -4.098101061566e-05 7.366688077027e-03
-1.207187753966e-02 4.098101061566e-05 -7.366688077027e-03
-8.284554743485e-02 1.981881194491e-02 2.727324629216e-02
-8.486960069020e-02 -1.313698190933e-02 3.040675229286e-02
3.830741033571e-01 -2.081970143073e-03 -1.254985925718e-01
-9.407852559485e-03 -7.448162933759e-03 -5.249778261157e-02
-2.455490506716e-04 -1.861567393178e-02 2.744806714014e-02
Mode 30
2.180229802122e-01 -2.889284051867e-03 -1.129496885213e-01
-2.396236191733e-01 6.739270768653e-04 1.076107195246e-01
-7.142110427371e-02 2.224121076782e-03 -8.656834958436e-02
-5.947013559596e-02 7.374965014308e-03 -2.467615981542e-02
4.372407211187e-02 -1.823075072405e-03 1.048087873951e-01
-4.727734919439e-02 2.142159055551e-03 -7.183497343030e-02
1.617433951130e-01 1.974207182372e-02 -7.023157225799e-03
1.103007618729e-01 -9.836208053004e-03 6.353731928090e-02
-9.528761421394e-03 -2.256337985618e-03 2.027719080349e-03
-1.147153262962e-01 -6.949922863911e-02 2.470326155254e-02
-4.072339945428e-03 3.557219683362e-02 2.044590080675e-02
0.000000000000e+00 0.000000000000e+00 0.000000000000e+00
0.000000000000e+00 0.000000000000e+00 0.000000000000e+00
1.453498972504e-01 7.740251908109e-03 -4.809881359964e-02
1.375959087069e-01 -9.175289983112e-03 -1.033594696235e-01
1.049372844972e-01 1.962789289365e-02 -7.683041157575e-02
-2.494687844759e-01 8.773541275281e-03 -3.241733341064e-01
7.054615198454e-01 -2.869373446551e-03 1.063757994728e-01
1.013703705779e-02 5.296537072974e-03 -1.930522912962e-01
Mode 31
-5.231374533155e-03 1.112702474827e-01 4.991557618251e-02
2.898070693833e-02 -5.229159777354e-02 -2.063267863475e-02
0.000000000000e+00 0.000000000000e+00 0.000000000000e+00
-3.875874873725e-02 2.420262028080e-03 -3.149447138846e-02
2.922998731585e-02 -4.676600013698e-03 3.352219046881e-02
5.184078724116e-02 -4.830080256079e-04 -3.507061656712e-03
-3.112940038245e-02 -4.471694960620e-03 -3.311249916329e-03
-4.332218678402e-02 7.611109981375e-04 4.384756369856e-02
-2.543116118266e-03 2.297318996233e-03 -9.394407157376e-03
1.994677494513e-02 1.168273593246e-02 8.101842409020e-03
0.000000000000e+00 0.000000000000e+00 0.000000000000e+00
0.000000000000e+00 0.000000000000e+00 0.000000000000e+00
0.000000000000e+00 0.000000000000e+00 0.000000000000e+00
1.085669932108e-01 -2.561432208877e-01 -7.073795571293e-02
-5.513770250107e-01 -1.247595072789e-01 2.784213383236e-01
3.303608347946e-01 -1.682514542769e-01 -3.115335727775e-01
-2.468047594957e-01 1.284397330906e-03 -3.693044286409e-01
2.279536269614e-01 -1.694910140518e-03 3.367894349203e-02
-7.995806267380e-03 -6.531891994939e-03 5.379034735992e-02
Mode 32
1.826494616764e-02 9.363457560396e-02 -5.655933161698e-02
-4.623549214172e-02 -3.936474281733e-02 3.482378912954e-02
0.000000000000e+00 0.000000000000e+00 0.000000000000e+00
5.083062627691e-02 -2.461243038696e-03 3.886115946548e-02
-3.177310343412e-02 6.973919009931e-03 -4.291659762618e-02
-7.344142620221e-02 -1.732348949394e-03 -1.831907339966e-03
4.320127792211e-02 4.430713950004e-03 1.067793799336e-02
6.149045752446e-02 -3.418494988132e-03 -6.006028242898e-02
2.543116118266e-03 -2.297318996233e-03 9.394407157376e-03
-2.947553636652e-02 -1.393907391808e-02 -6.074123328671e-03
-1.653864015923e-03 9.467378957463e-03 2.762873412342e-03
0.000000000000e+00 0.000000000000e+00 0.000000000000e+00
0.000000000000e+00 0.000000000000e+00 0.000000000000e+00
-1.445330871406e-01 -1.983459360829e-01 8.642381825057e-02
-1.956017998144e-01 -1.565017193199e-01 2.382165984126e-01
4.768529958517e-01 -7.672682081967e-02 -2.117173004602e-01
3.446671859163e-01 -2.450347335693e-02 5.074486286768e-01
-3.160100468216e-01 2.300861197973e-03 -5.227194606640e-02
8.116715129289e-03 1.340067046798e-03 -1.083158490518e-01
Mode 33
-5.579594965153e-02 1.864056083021e-03 -1.121754754722e-01
2.059047799680e-02 2.371219619139e-04 4.770719011887e-02
2.567671023333e-02 -4.357516030553e-03 6.649600443363e-02
3.553277082519e-03 -3.190839831452e-04 -3.297381396482e-02
2.543116118266e-03 -2.297318996233e-03 9.394407157376e-03
5.184078724116e-02 -4.830080256079e-04 -3.507061656712e-03
-1.532955154014e-03 4.275554009321e-03 -5.176262827957e-02
-1.562515462218e-02 3.600649937609e-04 2.560712588779e-02
0.000000000000e+00 0.000000000000e+00 0.000000000000e+00
-6.985645303128e-03 -4.553656981851e-03 1.142212623773e-02
-1.653864015923e-03 9.467378957463e-03 2.762873412342e-03
0.000000000000e+00 0.000000000000e+00 0.000000000000e+00
0.000000000000e+00 0.000000000000e+00 0.000000000000e+00
-5.522867792209e-01 -1.446458869931e-03 3.620458828030e-01
3.495858878951e-01 -9.641844482754e-02 1.053242160267e-01
3.589415422583e-01 8.499796336235e-02 1.045768400052e-01
-2.137759460466e-01 1.490438726584e-02 -3.962041192770e-01
-1.857625100036e-01 4.147389077433e-03 1.936721562352e-02
-1.653864015923e-03 9.467378957463e-03 2.762873412342e-03
Mode 34
4.384498097378e-02 -7.014900020547e-03 5.028328570321e-02
-2.922998731585e-02 4.676600013698e-03 -3.352219046881e-02
-1.562515462218e-02 3.600649937609e-04 2.560712588779e-02
5.086232236533e-03 -4.594637992467e-03 1.878881431475e-02
-4.178923163000e-02 -3.514443011184e-03 9.561019197813e-02
1.237492582894e-01 5.524894933107e-03 -5.343778259632e-02
1.111545865599e-01 1.181966496613e-02 -1.549353200751e-01
-1.308203850391e-02 -1.937254002472e-03 3.500153304517e-02
0.000000000000e+00 0.000000000000e+00 0.000000000000e+00
-6.109603485032e-02 -5.564211674226e-02 4.551076103527e-02
-1.614421748509e-02 3.561317784423e-02 1.307921272972e-02
0.000000000000e+00 0.000000000000e+00 0.000000000000e+00
0.000000000000e+00 0.000000000000e+00 0.000000000000e+00
2.319942708185e-01 6.218029911834e-03 -1.357939409968e-01
-1.592282437563e-01 5.044506989408e-02 -5.100648305517e-02
-1.694973836566e-01 -3.665761371494e-02 -4.823749879811e-02
-5.680611061578e-02 -1.141789300669e-04 -6.980725434996e-02
-8.660346863901e-01 -5.572777542065e-03 1.159864911084e-01
2.422207256357e-03 2.894505951908e-03 6.391990884929e-02
Mode 35
-1.383642519473e-01 -3.186594926259e-03 3.667668736191e-02
2.174147045758e-01 -5.929483139223e-03 7.807488369457e-02
-3.426969180192e-01 4.680142215437e-03 -7.639972937783e-02
-1.272170539252e-01 4.088177159803e-03 -1.987438250565e-01
1.152660852475e-01 -9.239021097329e-03 1.368516352876e-01
-2.208800573554e-02 -1.044738101050e-02 1.311601015273e-01
7.849223102348e-02 1.162352401483e-02 -2.100091982710e-01
1.218498452228e-01 -3.623400041210e-03 -2.322684204384e-02
0.000000000000e+00 0.000000000000e+00 0.000000000000e+00
-3.924984683859e-02 -3.481108583548e-02 2.340166289181e-02
-1.449035346916e-02 2.614579888677e-02 1.031633931738e-02
0.000000000000e+00 0.000000000000e+00 0.000000000000e+00
0.000000000000e+00 0.000000000000e+00 0.000000000000e+00
1.093760823553e-01 -2.520454956326e-03 -1.792498812145e-01
3.029280083177e-01 -4.238115200445e-03 8.727347911157e-02
3.141106337550e-01 -1.144915617229e-02 8.248288661887e-02
2.705820566624e-01 -1.479020833578e-02 4.660113736270e-01
2.725669511757e-01 3.652074748306e-03 1.506450114569e-01
-1.778504204686e-03 -1.434011992246e-02 -2.431456113944e-02
Mode 36
1.026714135181e-01 -2.944251064304e-03 3.535409780877e-02
-1.258050076331e-01 5.004448098623e-03 -9.245569508502e-02
-4.352857709257e-02 -3.341052163487e-03 3.835284870081e-01
1.764547655068e-02 3.596405032415e-03 -1.103435681322e-01
2.224655093971e-01 3.961691926217e-03 -1.337662219164e-01
-1.908133148248e-01 -5.743785988007e-03 2.312083212345e-01
-1.402990924292e-01 2.150923157331e-03 -1.637422920113e-01
2.557715679852e-01 -7.287781093035e-03 -3.908699601065e-02
0.000000000000e+00 0.000000000000e+00 0.000000000000e+00
7.874897405471e-03 1.172371694308e-02 7.351543319933e-04
1.653864015923e-03 -9.467378957463e-03 -2.762873412342e-03
0.000000000000e+00 0.000000000000e+00 0.000000000000e+00
0.000000000000e+00 0.000000000000e+00 0.000000000000e+00
1.071139427029e-01 3.906724913780e-03 1.453756441367e-02
-2.669858895109e-01 5.798395895085e-02 -1.051493951787e-01
-2.714041852611e-01 -5.035080156933e-02 -9.851175058894e-02
-1.687998952467e-01 4.675897310243e-03 -4.428145563879e-01
-2.784177953258e-01 1.758000216285e-02 -1.545136717896e-01
1.356940527840e-02 1.016927803797e-02 -1.715006035691e-01
Mode 37
1.053892238565e-02 4.234572998706e-03 -4.439594020255e-02
-5.285094820541e-02 -1.495226987480e-03 4.587528277891e-02
1.405054827377e-01 1.951240004293e-03 -1.759386312982e-01
-1.942811104607e-01 3.869286104904e-03 -2.097328641832e-02
1.499487627125e-01 -5.086410119854e-03 1.071890712391e-01
7.303954087436e-02 2.794313023662e-03 -1.468244437537e-01
-3.792790085507e-01 -8.620763736355e-03 -1.652622477686e-02
2.505998543020e-01 -1.198713121033e-02 2.272796112922e-01
-1.207187753966e-02 4.098101061566e-05 -7.366688077027e-03
7.546547945757e-02 3.468814280363e-02 -1.301598660732e-03
1.194723735090e-02 -2.384847989054e-02 -1.971074647475e-02
0.000000000000e+00 0.000000000000e+00 0.000000000000e+00
0.000000000000e+00 0.000000000000e+00 0.000000000000e+00
-1.296112964200e-02 -7.129078950614e-03 -1.952396864675e-02
1.859438950301e-02 -1.052031326064e-01 1.182647435579e-01
1.257043829471e-02 9.518901450907e-02 1.156764262841e-01
8.138717843823e-02 -1.551556022334e-02 4.638269015234e-01
-4.937413231425e-01 -1.505670787562e-03 1.439348421229e-01
1.344476508964e-02 -1.363822084195e-02 -1.985780381209e-01
Mode 38
8.563421260378e-02 -3.500457009363e-03 -4.532690627492e-02
9.528761421394e-03 2.256337985618e-03 -2.027719080349e-03
6.391266478082e-02 -5.239890362236e-04 3.859626420315e-03
-1.703720091428e-02 -5.562059450591e-04 -8.068100408369e-02
-6.746594186334e-02 8.430730193688e-04 2.911418754450e-02
3.774858777300e-02 -4.398497041168e-03 7.386269251065e-02
8.116715129289e-03 1.340067046798e-03 -1.083158490518e-01
-4.332218678402e-02 7.611109981375e-04 4.384756369856e-02
0.000000000000e+00 0.000000000000e+00 0.000000000000e+00
-5.331781287204e-03 -1.402103593931e-02 8.659252825383e-03
-1.653864015923e-03 9.467378957463e-03 2.762873412342e-03
0.000000000000e+00 0.000000000000e+00 0.000000000000e+00
0.000000000000e+00 0.000000000000e+00 0.000000000000e+00
-3.526738874729e-01 8.705290964478e-03 3.743599163959e-01
-4.533082082815e-01 -1.438764201433e-01 7.688461505001e-02
-4.361018899475e-01 1.507474895318e-01 9.105128216592e-02
2.132531518569e-01 -8.650598243434e-03 3.020732698753e-01
3.005058010613e-01 -7.132621152353e-03 2.335357026228e-02
-1.010160964252e-03 -1.978235013088e-03 4.236822112220e-02
Mode 39
1.283674776490e-03 -5.189055176916e-02 -2.392240823987e-03
1.653864015923e-03 -9.467378957463e-03 -2.762873412342e-03
0.000000000000e+00 0.000000000000e+00 0.000000000000e+00
0.000000000000e+00 0.000000000000e+00 0.000000000000e+00
0.000000000000e+00 0.000000000000e+00 0.000000000000e+00
0.000000000000e+00 0.000000000000e+00 0.000000000000e+00
0.000000000000e+00 0.000000000000e+00 0.000000000000e+00
0.000000000000e+00 0.000000000000e+00 0.000000000000e+00
0.000000000000e+00 0.000000000000e+00 0.000000000000e+00
0.000000000000e+00 0.000000000000e+00 0.000000000000e+00
0.000000000000e+00 0.000000000000e+00 0.000000000000e+00
0.000000000000e+00 0.000000000000e+00 0.000000000000e+00
0.000000000000e+00 0.000000000000e+00 0.000000000000e+00
3.504551901436e-03 7.048755828634e-01 1.175290598071e-02
-4.427322713186e-01 7.261971004940e-02 -2.243089691595e-01
4.524823483560e-01 4.973608641009e-02 2.090120717443e-01
-4.567169373624e-03 -3.065847485801e-02 -6.260901156678e-03
-9.528761421394e-03 -2.256337985618e-03 2.027719080349e-03
0.000000000000e+00 0.000000000000e+00 0.000000000000e+00
Mode 40
-2.059047799680e-02 -2.371219619139e-04 -4.770719011887e-02
-2.668687119759e-02 2.379281017465e-03 -2.412778331143e-02
2.668687119759e-02 -2.379281017465e-03 2.412778331143e-02
9.528761421394e-03 2.256337985618e-03 -2.027719080349e-03
-1.207187753966e-02 4.098101061566e-05 -7.366688077027e-03
-4.442529184861e-03 -6.850975978084e-03 2.081653339510e-02
6.985645303128e-03 4.553656981851e-03 -1.142212623773e-02
-9.528761421394e-03 -2.256337985618e-03 2.027719080349e-03
0.000000000000e+00 0.000000000000e+00 0.000000000000e+00
0.000000000000e+00 0.000000000000e+00 0.000000000000e+00
0.000000000000e+00 0.000000000000e+00 0.000000000000e+00
0.000000000000e+00 0.000000000000e+00 0.000000000000e+00
0.000000000000e+00 0.000000000000e+00 0.000000000000e+00
2.965152112357e-01 8.734239962967e-03 -3.229588867923e-01
2.888244434919e-02 -3.753309276194e-01 5.071414981845e-01
4.813679106157e-02 3.529920891302e-01 5.203647128292e-01
-5.975484338875e-03 -2.575421968763e-03 -3.094609488447e-02
3.976890970150e-02 -4.420270149922e-04 -1.087374973374e-02
2.543116118266e-03 -2.297318996233e-03 9.394407157376e-03
Mode 41
6.492282574507e-02 1.454245976864e-03 -3.850859470188e-02
8.551330374187e-02 1.691367938778e-03 9.198595416993e-03
-1.545122007592e-01 3.427259089912e-03 -3.184703615206e-02
-2.261079992531e-02 -4.193591988090e-03 3.702925212552e-02
1.182965681402e-01 -3.304316058065e-03 9.746971920980e-03
-5.325283353326e-02 -4.332629132121e-04 -1.027810683148e-01
3.318514972622e-02 -6.057648071111e-03 1.492047275977e-01
3.734670244514e-02 -3.336532966900e-03 -7.479365858303e-02
0.000000000000e+00 0.000000000000e+00 0.000000000000e+00
-5.086232236533e-03 4.594637992467e-03 -1.878881431475e-02
1.118262543732e-02 -7.211040971845e-03 -4.790592492691e-03
0.000000000000e+00 0.000000000000e+00 0.000000000000e+00
0.000000000000e+00 0.000000000000e+00 0.000000000000e+00
-2.783469404952e-01 -1.139162395296e-02 3.067461680619e-01
-4.284927853889e-01 -2.278884568491e-01 1.986473863523e-01
-4.297524850424e-01 2.247454081403e-01 2.032296807057e-01
-1.669859636267e-01 4.530204174795e-03 -1.878700753228e-01
-3.351884785263e-01 2.980010174879e-03 6.308993786215e-03
-8.892521023428e-04 -7.170059961229e-03 -1.215728056972e-02
Mode 42
-6.985645303128e-03 -4.553656981851e-03 1.142212623773e-02
-3.964800083959e-02 -4.749797933149e-03 -4.365175195818e-02
-8.202196575928e-03 -1.063405515656e-02 3.934712706695e-01
-9.039314566986e-02 7.005433215312e-03 -3.676683330413e-01
-1.293228573004e-01 -9.162280976138e-03 1.711480388055e-01
1.676797207098e-01 7.803983022326e-03 -2.883099185108e-01
-1.724359122283e-02 -4.658369106683e-03 2.589999192259e-01
4.279939259426e-02 5.492678024272e-03 -1.379784131003e-01
0.000000000000e+00 0.000000000000e+00 0.000000000000e+00
2.788665168938e-03 1.631835493555e-02 -1.805365998276e-02
1.118262543732e-02 -7.211040971845e-03 -4.790592492691e-03
0.000000000000e+00 0.000000000000e+00 0.000000000000e+00
0.000000000000e+00 0.000000000000e+00 0.000000000000e+00
1.057018964108e-01 2.990453974960e-03 -9.175056555782e-02
7.292236333931e-02 3.698546179987e-02 -1.069600581811e-02
6.798500472625e-02 -3.609618586984e-02 -1.658627438643e-02
4.124995856922e-01 -1.192269739266e-02 3.963608723003e-01
2.213698669862e-01 -7.310531196636e-03 1.937574208234e-01
-3.186819169938e-03 1.374293296678e-02 -4.899975486723e-02
Mode 43
3.278326439837e-02 -4.995683996843e-03 5.483765039866e-04
4.231202581977e-02 -2.739346011225e-03 -1.479342576363e-03
-2.928764527065e-01 2.406641636532e-04 4.829651209853e-03
2.801962995305e-01 -3.239882240394e-03 1.788282329290e-01
-4.146053890674e-01 -1.327760743278e-03 -2.646900843822e-02
2.083733099289e-01 4.620291065648e-05 -5.639646774904e-02
-2.252896019813e-01 -5.794233803857e-03 -7.881003802657e-02
3.472603560659e-01 -3.020991185494e-03 1.057694290812e-03
-9.528761421394e-03 -2.256337985618e-03 2.027719080349e-03
2.947553636652e-02 1.393907391808e-02 6.074123328671e-03
-8.892521023428e-04 -7.170059961229e-03 -1.215728056972e-02
0.000000000000e+00 0.000000000000e+00 0.000000000000e+00
0.000000000000e+00 0.000000000000e+00 0.000000000000e+00
-3.569283842922e-02 -6.130845990562e-03 7.203078517069e-02
-1.319943449343e-01 -5.967178468789e-02 5.307326085268e-02
-1.292299132000e-01 5.813035478975e-02 4.919848967527e-02
-5.316735208663e-02 8.860725196553e-03 -3.879364899324e-01
4.312407046538e-01 2.945930762605e-03 -4.150633857177e-02
8.881327042870e-03 -1.529737187189e-02 -1.232360030339e-01
Mode 44
0.000000000000e+00 0.000000000000e+00 0.000000000000e+00
0.000000000000e+00 0.000000000000e+00 0.000000000000e+00
0.000000000000e+00 0.000000000000e+00 0.000000000000e+00
0.000000000000e+00 0.000000000000e+00 0.000000000000e+00
-9.528761421394e-03 -2.256337985618e-03 2.027719080349e-03
9.528761421394e-03 2.256337985618e-03 -2.027719080349e-03
5.450481222134e-02 -7.972151969982e-03 -4.863815619125e-02
2.543116118266e-03 -2.297318996233e-03 9.394407157376e-03
0.000000000000e+00 0.000000000000e+00 0.000000000000e+00
-3.905399110926e-01 5.495220345442e-01 4.529946041557e-01
2.356407503130e-01 -4.290355160677e-01 -3.070862464267e-01
7.874897405471e-03 1.172371694308e-02 7.351543319933e-04
0.000000000000e+00 0.000000000000e+00 0.000000000000e+00
0.000000000000e+00 0.000000000000e+00 0.000000000000e+00
0.000000000000e+00 0.000000000000e+00 0.000000000000e+00
0.000000000000e+00 0.000000000000e+00 0.000000000000e+00
0.000000000000e+00 0.000000000000e+00 0.000000000000e+00
0.000000000000e+00 0.000000000000e+00 0.000000000000e+00
-2.543116118266e-03 2.297318996233e-03 -9.394407157376e-03
Mode 45
0.000000000000e+00 0.000000000000e+00 0.000000000000e+00
0.000000000000e+00 0.000000000000e+00 0.000000000000e+00
0.000000000000e+00 0.000000000000e+00 0.000000000000e+00
0.000000000000e+00 0.000000000000e+00 0.000000000000e+00
0.000000000000e+00 0.000000000000e+00 0.000000000000e+00
0.000000000000e+00 0.000000000000e+00 0.000000000000e+00
0.000000000000e+00 0.000000000000e+00 0.000000000000e+00
0.000000000000e+00 0.000000000000e+00 0.000000000000e+00
3.278326439837e-02 -4.995683996843e-03 5.483765039866e-04
0.000000000000e+00 0.000000000000e+00 0.000000000000e+00
0.000000000000e+00 0.000000000000e+00 0.000000000000e+00
0.000000000000e+00 0.000000000000e+00 0.000000000000e+00
0.000000000000e+00 0.000000000000e+00 0.000000000000e+00
0.000000000000e+00 0.000000000000e+00 0.000000000000e+00
0.000000000000e+00 0.000000000000e+00 0.000000000000e+00
0.000000000000e+00 0.000000000000e+00 0.000000000000e+00
0.000000000000e+00 0.000000000000e+00 0.000000000000e+00
0.000000000000e+00 0.000000000000e+00 0.000000000000e+00
-9.607904565987e-01 2.503560714873e-01 -9.382716013168e-02
Mode 46
2.426466394123e-02 -5.273786969373e-03 -3.979212553786e-02
0.000000000000e+00 0.000000000000e+00 0.000000000000e+00
0.000000000000e+00 0.000000000000e+00 0.000000000000e+00
0.000000000000e+00 0.000000000000e+00 0.000000000000e+00
0.000000000000e+00 0.000000000000e+00 0.000000000000e+00
0.000000000000e+00 0.000000000000e+00 0.000000000000e+00
0.000000000000e+00 0.000000000000e+00 0.000000000000e+00
0.000000000000e+00 0.000000000000e+00 0.000000000000e+00
0.000000000000e+00 0.000000000000e+00 0.000000000000e+00
0.000000000000e+00 0.000000000000e+00 0.000000000000e+00
0.000000000000e+00 0.000000000000e+00 0.000000000000e+00
0.000000000000e+00 0.000000000000e+00 0.000000000000e+00
0.000000000000e+00 0.000000000000e+00 0.000000000000e+00
-2.298884674433e-01 7.032428224107e-03 -2.340979228653e-01
-6.895626526003e-02 5.508585593892e-01 3.875562940129e-01
-6.804226309966e-02 -5.479093607163e-01 3.527968011076e-01
1.905752284279e-02 4.512675971235e-03 -4.055438160698e-03
0.000000000000e+00 0.000000000000e+00 0.000000000000e+00
0.000000000000e+00 0.000000000000e+00 0.000000000000e+00
Mode 47
9.134855370560e-04 -9.431372458086e-02 -2.021608235631e-03
0.000000000000e+00 0.000000000000e+00 0.000000000000e+00
0.000000000000e+00 0.000000000000e+00 0.000000000000e+00
0.000000000000e+00 0.000000000000e+00 0.000000000000e+00
0.000000000000e+00 0.000000000000e+00 0.000000000000e+00
0.000000000000e+00 0.000000000000e+00 0.000000000000e+00
0.000000000000e+00 0.000000000000e+00 0.000000000000e+00
0.000000000000e+00 0.000000000000e+00 0.000000000000e+00
0.000000000000e+00 0.000000000000e+00 0.000000000000e+00
0.000000000000e+00 0.000000000000e+00 0.000000000000e+00
0.000000000000e+00 0.000000000000e+00 0.000000000000e+00
0.000000000000e+00 0.000000000000e+00 0.000000000000e+00
0.000000000000e+00 0.000000000000e+00 0.000000000000e+00
5.850844150113e-03 -2.123207691116e-02 3.868660332691e-03
-6.552389703942e-02 5.557313003542e-01 4.091079817400e-01
7.107647731927e-02 5.828433895836e-01 -3.982985282305e-01
0.000000000000e+00 0.000000000000e+00 0.000000000000e+00
0.000000000000e+00 0.000000000000e+00 0.000000000000e+00
0.000000000000e+00 0.000000000000e+00 0.000000000000e+00
Mode 48
-4.982046531266e-02 4.439478051784e-03 -8.122938058768e-02
0.000000000000e+00 0.000000000000e+00 0.000000000000e+00
0.000000000000e+00 0.000000000000e+00 0.000000000000e+00
0.000000000000e+00 0.000000000000e+00 0.000000000000e+00
0.000000000000e+00 0.000000000000e+00 0.000000000000e+00
0.000000000000e+00 0.000000000000e+00 0.000000000000e+00
0.000000000000e+00 0.000000000000e+00 0.000000000000e+00
0.000000000000e+00 0.000000000000e+00 0.000000000000e+00
0.000000000000e+00 0.000000000000e+00 0.000000000000e+00
0.000000000000e+00 0.000000000000e+00 0.000000000000e+00
0.000000000000e+00 0.000000000000e+00 0.000000000000e+00
0.000000000000e+00 0.000000000000e+00 0.000000000000e+00
0.000000000000e+00 0.000000000000e+00 0.000000000000e+00
6.534497697109e-01 -2.097434164047e-02 6.801937043648e-01
-2.900120904619e-02 1.827747061437e-01 1.164145036838e-01
-2.534726689797e-02 -1.944801921798e-01 1.083280707413e-01
1.816827074045e-02 -2.657383989994e-03 -1.621271873042e-02
0.000000000000e+00 0.000000000000e+00 0.000000000000e+00
0.000000000000e+00 0.000000000000e+00 0.000000000000e+00
Mode 49
0.000000000000e+00 0.000000000000e+00 0.000000000000e+00
0.000000000000e+00 0.000000000000e+00 0.000000000000e+00
0.000000000000e+00 0.000000000000e+00 0.000000000000e+00
-3.468267746497e-02 -4.152610977474e-03 2.966256404849e-02
4.563438046771e-03 1.659151029943e-03 -7.534203508702e-02
0.000000000000e+00 0.000000000000e+00 0.000000000000e+00
0.000000000000e+00 0.000000000000e+00 0.000000000000e+00
0.000000000000e+00 0.000000000000e+00 0.000000000000e+00
0.000000000000e+00 0.000000000000e+00 0.000000000000e+00
0.000000000000e+00 0.000000000000e+00 0.000000000000e+00
0.000000000000e+00 0.000000000000e+00 0.000000000000e+00
0.000000000000e+00 0.000000000000e+00 0.000000000000e+00
0.000000000000e+00 0.000000000000e+00 0.000000000000e+00
-1.207187753966e-02 4.098101061566e-05 -7.366688077027e-03
1.653864015923e-03 -9.467378957463e-03 -2.762873412342e-03
-4.196980134190e-03 1.176469795370e-02 -6.631533745034e-03
4.354022573727e-01 5.667045866816e-03 -2.655047247525e-01
1.092618109740e-02 -3.509300530114e-02 8.506756723602e-01
0.000000000000e+00 0.000000000000e+00 0.000000000000e+00
Mode 50
0.000000000000e+00 0.000000000000e+00 0.000000000000e+00
0.000000000000e+00 0.000000000000e+00 0.000000000000e+00
0.000000000000e+00 0.000000000000e+00 0.000000000000e+00
6.492282574507e-02 1.454245976864e-03 -3.850859470188e-02
-1.532955154014e-03 4.275554009321e-03 -5.176262827957e-02
0.000000000000e+00 0.000000000000e+00 0.000000000000e+00
0.000000000000e+00 0.000000000000e+00 0.000000000000e+00
0.000000000000e+00 0.000000000000e+00 0.000000000000e+00
0.000000000000e+00 0.000000000000e+00 0.000000000000e+00
0.000000000000e+00 0.000000000000e+00 0.000000000000e+00
0.000000000000e+00 0.000000000000e+00 0.000000000000e+00
0.000000000000e+00 0.000000000000e+00 0.000000000000e+00
0.000000000000e+00 0.000000000000e+00 0.000000000000e+00
1.207187753966e-02 -4.098101061566e-05 7.366688077027e-03
8.892521023428e-04 7.170059961229e-03 1.215728056972e-02
4.196980134190e-03 -1.176469795370e-02 6.631533745034e-03
-7.323193539362e-01 -1.333932175552e-02 4.398072604511e-01
9.478707390027e-03 -2.152346318205e-02 5.137576224630e-01
0.000000000000e+00 0.000000000000e+00 0.000000000000e+00
--
Dipole derivatives 
Mode 0
-2.623917305377e-03 -4.409648426968e-03 1.952697356084e-02
Mode 1
-9.448340016299e-03 -1.987546223230e-02 -3.690776028525e-03
Mode 2
1.245470767896e-03 2.357990788973e-02 4.326510906208e-03
Mode 3
8.808785620969e-03 -1.179657218057e-03 2.531565745839e-02
Mode 4
-8.074868842523e-03 -2.971850281359e-02 2.260595187872e-03
Mode 5
5.620885110105e-03 1.329868698231e-02 5.253525265132e-03
Mode 6
3.088549844452e-02 6.988816872821e-03 -7.763640327194e-04
Mode 7
7.725524977153e-02 1.070165420043e-01 4.789615075554e-02
Mode 8
-9.297051535386e-02 -3.504384951589e-02 -6.420498939418e-02
Mode 9
1.092411623067e-02 2.988180663643e-02 1.970474441375e-02
Mode 10
1.916051849402e-02 -7.369697745825e-03 -8.102073116528e-03
Mode 11
-3.600678953985e-02 2.065774481209e-02 -2.678428498085e-02
Mode 12
2.585206522160e-02 -3.498364501439e-03 -4.025708811882e-02
Mode 13
-2.538441685722e-02 -1.612256932193e-02 -1.056028685859e-02
Mode 14
-2.254235288312e-02 -6.001783939163e-03 1.816629645152e-02
Mode 15
2.405280628182e-02 -2.838160406483e-02 -8.572831775242e-03
Mode 16
-1.197158343012e-01 -8.770022537833e-02 -1.373829365300e-02
Mode 17
1.258760442910e-02 3.630205298174e-03 6.880574589746e-02
Mode 18
-5.881419488968e-02 -3.776413380549e-02 -6.879223437354e-02
Mode 19
-1.115798623130e-01 -5.938869001241e-02 2.508481974304e-02
Mode 20
-3.674558465128e-03 6.745322727192e-02 -1.508402976507e-01
Mode 21
9.463757050748e-02 1.825690066912e-02 4.560057937124e-02
Mode 22
2.052135941423e-01 4.722865507895e-02 1.194534725732e-01
Mode 23
-1.021579051611e-01 -3.744577636897e-02 -1.043016814982e-01
Mode 24
2.433797926346e-01 1.905393556157e-01 -2.335736314202e-02
Mode 25
-1.437715824780e-01 1.698771398916e-02 6.606887189572e-02
Mode 26
-2.163172388662e-01 -5.566563447288e-02 1.959766311469e-02
Mode 27
-4.971585096596e-03 -1.140478533753e-02 5.309672791114e-03
Mode 28
2.930255218549e-01 2.496313801760e-02 6.722619974694e-02
Mode 29
-2.241542836152e-01 7.922998274329e-02 9.144210480243e-03
Mode 30
1.035742215024e-01 -1.554736503326e-01 -2.138697634390e-02
Mode 31
2.874049664153e-02 3.263037914527e-02 4.360002755660e-02
Mode 32
-1.281140730190e-02 -6.525779471130e-03 -5.375140510936e-02
Mode 33
-7.713464165660e-03 -1.114575890553e-02 1.089005855668e-03
Mode 34
-1.142600850199e-01 -7.272697914383e-02 9.548072564733e-02
Mode 35
-4.171929084816e-01 1.940667712919e-01 -2.940025272033e-01
Mode 36
1.699932827669e-01 -6.674302620557e-02 1.913947030945e-02
Mode 37
1.214339990353e-01 -7.031430863043e-03 1.445008101270e-01
Mode 38
1.536990004299e-01 -1.361199606697e-01 2.336976583785e-01
Mode 39
4.013930698114e-02 8.021712069652e-02 9.686855623735e-03
Mode 40
1.711343960784e-01 -1.044547220871e-01 1.438077823825e-01
Mode 41
-1.652691820761e-01 1.217427682845e-01 -2.514503413710e-01
Mode 42
1.728187202805e-01 -7.888842378861e-02 9.488050659710e-03
Mode 43
-8.973295020694e-02 5.912265356604e-02 -3.122163324443e-03
Mode 44
2.504447897169e-02 4.655126380409e-01 1.930246728304e-01
Mode 45
-6.456170697778e-02 4.720459373281e-02 -4.396355377893e-03
Mode 46
2.132357748153e-01 -1.152748981767e-01 1.759689933949e-02
Mode 47
-7.620712372546e-02 -1.462730781892e-01 -1.774807134051e-02
Mode 48
-4.392833219462e-02 3.286831556420e-02 -9.760748557989e-02
Mode 49
-2.877457887198e-02 1.643862679984e-02 -4.705663435964e-03
Mode 50
3.697058462895e-02 -2.167544066538e-02 1.752307445270e-02
--
Polarizability derivatives 
Mode 0
3.497991073085e-01 -2.936527973088e-01 7.393073072491e-01
-2.936527973088e-01 -6.711495975303e-01 8.398046495296e-01
7.393073072491e-01 8.398046495296e-01 6.891761391713e-01
Mode 1
8.990094955468e-01 3.979149435801e-01 -9.709311230776e-02
3.979149435801e-01 -8.214520069447e-01 -4.230268661008e-01
-9.709311230776e-02 -4.230268661008e-01 -1.356421770247e-01
Mode 2
4.878330485512e-01 3.082587829010e-01 -2.336026657136e-01
3.082587829010e-01 -4.588245981337e-01 -5.215063747933e-01
-2.336026657136e-01 -5.215063747933e-01 -2.095898181884e-02
Mode 3
-2.243307115024e-03 2.857421594777e-01 -3.076914229136e-01
2.857421594777e-01 -2.292858781209e-01 -6.256368443407e-02
-3.076914229136e-01 -6.256368443407e-02 5.275503753768e-01
Mode 4
-4.501392411815e-01 -2.890635364073e-02 -7.750224894766e-02
-2.890635364073e-02 2.867922509127e-01 -1.847813640047e-01
-7.750224894766e-02 -1.847813640047e-01 -3.619591287975e-02
Mode 5
-1.180961409756e+00 -5.726208904779e-01 -8.723564741940e-02
-5.726208904779e-01 5.065939691294e-01 4.853877976497e-01
-8.723564741940e-02 4.853877976497e-01 3.180362573555e-01
Mode 6
4.980570009796e-01 1.138873055729e-01 -3.349065995788e-02
1.138873055729e-01 -1.833939842226e-01 -1.894163931111e-01
-3.349065995788e-02 -1.894163931111e-01 -4.025771693983e-01
Mode 7
-1.142574184385e+00 -8.119002900375e-02 2.220017304864e-01
-8.119002900375e-02 1.444030406374e+00 -1.192235954944e+00
2.220017304864e-01 -1.192235954944e+00 -2.536148068524e-01
Mode 8
4.044589180301e-01 2.894142159312e-02 7.551131102474e-01
2.894142159312e-02 -7.853875583314e-01 3.053287867467e-01
7.551131102474e-01 3.053287867467e-01 1.383066033549e+00
Mode 9
2.003098718965e-02 8.967654578793e-02 3.198505081966e-01
8.967654578793e-02 -7.425578430060e-02 6.080795718532e-02
3.198505081966e-01 6.080795718532e-02 -8.444644918228e-02
Mode 10
3.032515367282e-02 1.234352707081e-01 6.867607426282e-01
1.234352707081e-01 7.733587018808e-03 -5.811918347272e-01
6.867607426282e-01 -5.811918347272e-01 1.172140174498e+00
Mode 11
1.667289311783e+00 -1.092914021914e+00 6.137182936640e-01
-1.092914021914e+00 7.041451993934e-01 -4.405309721506e-01
6.137182936640e-01 -4.405309721506e-01 7.511708833199e-01
Mode 12
-3.552046082110e-01 -1.196263515465e-01 4.769727843184e-02
-1.196263515465e-01 3.831083213182e-02 -3.086069062040e-01
4.769727843184e-02 -3.086069062040e-01 -4.294045905880e-01
Mode 13
4.049143629241e-01 -4.872310829490e-02 2.751427491134e-01
-4.872310829490e-02 -2.273593003962e-01 3.671702555004e-01
2.751427491134e-01 3.671702555004e-01 -3.908085322422e-03
Mode 14
1.706588254394e-01 -5.184698605762e-01 2.269819824362e-01
-5.184698605762e-01 -1.995430776197e-01 -1.874448150821e-01
2.269819824362e-01 -1.874448150821e-01 -7.271515813302e-01
Mode 15
-6.840834717574e-01 1.017750151456e+00 1.038847648094e+00
1.017750151456e+00 2.042835897490e-01 1.907454342993e-01
1.038847648094e+00 1.907454342993e-01 -1.561954551549e+00
Mode 16
2.584142980151e+00 5.063327876435e-01 -3.346984012428e-02
5.063327876435e-01 1.395578110471e+00 3.227243217258e-01
-3.346984012428e-02 3.227243217258e-01 1.038110205079e+00
Mode 17
2.065346536118e-01 -1.582727920860e-01 -3.492423231375e-01
-1.582727920860e-01 -1.105185382639e-01 -1.037133639825e-01
-3.492423231375e-01 -1.037133639825e-01 -5.288860859807e-01
Mode 18
1.991847826775e+00 -1.630885839731e-01 3.527761569999e-02
-1.630885839731e-01 8.257743786452e-01 -7.396829501119e-03
3.527761569999e-02 -7.396829501119e-03 4.827067944490e-01
Mode 19
-3.805695532533e-02 3.898882007641e-01 -1.845755532578e-01
3.898882007641e-01 -2.375156273673e-01 -7.012624632436e-01
-1.845755532578e-01 -7.012624632436e-01 5.483104891471e-01
Mode 20
-9.319158003494e-01 -7.553645903733e-02 2.032905195421e-01
-7.553645903733e-02 -8.324961320428e-02 -2.650187201171e-01
2.032905195421e-01 -2.650187201171e-01 -1.831078177319e+00
Mode 21
-4.636158766906e-01 1.569906553693e-01 -9.635544166381e-01
1.569906553693e-01 -3.241798283340e-01 9.896258340597e-02
-9.635544166381e-01 9.896258340597e-02 2.442641957106e-01
Mode 22
-5.516081570946e-01 -8.996484342613e-01 2.923981395570e-02
-8.996484342613e-01 6.559137391571e-01 -1.052458349608e-01
2.923981395570e-02 -1.052458349608e-01 -3.887503849578e-01
Mode 23
8.139896806882e-02 5.243293563239e-01 -7.375109281859e-01
5.243293563239e-01 1.757511324814e-01 5.772421185351e-02
-7.375109281859e-01 5.772421185351e-02 1.382372210973e+00
Mode 24
-1.187738623788e+00 -5.746164195183e-01 -5.687648422599e-01
-5.746164195183e-01 5.450936102532e-01 -6.001890986941e-02
-5.687648422599e-01 -6.001890986941e-02 1.791782705397e+00
Mode 25
3.542584639777e-01 -1.461186968181e-02 3.386615527304e-01
-1.461186968181e-02 2.800002638232e-01 1.981991030871e-01
3.386615527304e-01 1.981991030871e-01 -1.896003791797e+00
Mode 26
2.679822383386e+00 -7.117981965466e-01 -7.836500008316e-01
-7.117981965466e-01 2.560195657164e-01 9.472057331510e-01
-7.836500008316e-01 9.472057331510e-01 -1.614010871423e+00
Mode 27
1.968625685343e-01 1.626987199878e-01 9.895878883649e-02
1.626987199878e-01 -4.189659594095e-01 3.790721753709e-01
9.895878883649e-02 3.790721753709e-01 1.015560053191e-01
Mode 28
-2.224162766595e+00 5.819591509957e-01 -9.582534594348e-01
5.819591509957e-01 -1.904653833594e-02 8.561185868450e-01
-9.582534594348e-01 8.561185868450e-01 -2.019760978480e+00
Mode 29
-2.086029234968e+00 8.521787933219e-01 -4.180539881990e-01
8.521787933219e-01 -9.266138355178e-01 3.842219418559e-01
-4.180539881990e-01 3.842219418559e-01 -2.868048678581e+00
Mode 30
5.575302747606e-01 2.210216668489e-01 5.479803127412e-01
2.210216668489e-01 2.289456624064e-01 -4.551015500593e-01
5.479803127412e-01 -4.551015500593e-01 1.883026090649e+00
Mode 31
-1.227218020056e+00 -4.845715569558e-01 -1.174111588455e-02
-4.845715569558e-01 7.150970226868e-01 3.357192390293e-01
-1.174111588455e-02 3.357192390293e-01 -1.473924876285e-01
Mode 32
-2.651771790008e-01 -4.962246820715e-01 -5.059803694235e-02
-4.962246820715e-01 4.633284007105e-01 1.886571405436e-01
-5.059803694235e-02 1.886571405436e-01 4.489456796264e-01
Mode 33
1.481521724205e-01 -2.773343443763e-01 1.453622796293e+00
-2.773343443763e-01 1.205835743820e-01 -7.164285992841e-01
1.453622796293e+00 -7.164285992841e-01 -9.192583885220e-02
Mode 34
3.167688317826e+00 -1.109249219108e+00 -7.480538189554e-01
-1.109249219108e+00 5.928292761014e-01 2.640310346258e-02
-7.480538189554e-01 2.640310346258e-02 2.049833050101e+00
Mode 35
1.007818486616e+00 -6.257056129693e-01 1.325645994684e+00
-6.257056129693e-01 4.248978176316e-02 -6.225590583791e-01
1.325645994684e+00 -6.225590583791e-01 2.501612232420e+00
Mode 36
-1.901894384284e+00 7.069282732301e-01 2.692173584207e+00
7.069282732301e-01 -2.053568504566e-01 -4.998146953349e-01
2.692173584207e+00 -4.998146953349e-01 -2.055967266102e+00
Mode 37
-1.222465111890e+00 3.341076452293e-01 5.727232205809e-01
3.341076452293e-01 -1.828421466043e-01 -1.076459632928e-01
5.727232205809e-01 -1.076459632928e-01 -2.029802470340e+00
Mode 38
1.835542518741e+00 -1.112796716790e+00 6.196627624565e-01
-1.112796716790e+00 2.929642688646e-01 -3.066883250065e-01
6.196627624565e-01 -3.066883250065e-01 -9.057365907507e-01
Mode 39
-2.708102037453e+00 -1.783459527178e+00 -1.145637260592e+00
-1.783459527178e+00 2.971563245117e+00 -1.500679416406e+00
-1.145637260592e+00 -1.500679416406e+00 -3.205469396520e-01
Mode 40
-1.045438825032e-01 -4.328525428847e-01 -1.862584559462e+00
-4.328525428847e-01 -1.148296819675e+00 8.148050602674e-01
-1.862584559462e+00 8.148050602674e-01 2.003913965646e-01
Mode 41
1.645769178954e+00 -9.354678874467e-01 -1.683527781806e+00
-9.354678874467e-01 -7.582756762961e-02 7.807194289981e-01
-1.683527781806e+00 7.807194289981e-01 8.561208423523e-01
Mode 42
-2.834371784821e+00 1.581415230107e+00 -3.231484245843e+00
1.581415230107e+00 -8.413957918470e-01 1.255065677413e+00
-3.231484245843e+00 1.255065677413e+00 3.575193931191e+00
Mode 43
-3.691655405336e-01 -6.127073701344e-01 2.713687151311e+00
-6.127073701344e-01 4.743743323486e-01 -1.583219637285e+00
2.713687151311e+00 -1.583219637285e+00 6.671663319923e-01
Mode 44
1.354165945415e+00 -1.722129814453e+00 -4.626650053889e-01
-1.722129814453e+00 3.025776371546e+00 7.633702548332e-01
-4.626650053889e-01 7.633702548332e-01 2.017246668870e+00
Mode 45
3.303331168166e+00 -3.022696020358e+00 1.996641848949e+00
-3.022696020358e+00 3.064403132636e+00 -3.374688645312e+00
1.996641848949e+00 -3.374688645312e+00 6.454788424656e+00
Mode 46
7.982887818877e+00 -4.305493809963e-01 1.360209044676e+00
-4.305493809963e-01 7.809868925160e+00 -1.898811542623e-01
1.360209044676e+00 -1.898811542623e-01 3.803197011728e+00
Mode 47
-5.208446074639e+00 -3.676993422495e+00 3.083277179119e-01
-3.676993422495e+00 4.428163196355e+00 1.987749855435e+00
3.083277179119e-01 1.987749855435e+00 3.109352119107e-01
Mode 48
-9.966081960962e-01 2.287878224484e+00 -4.752328134477e+00
2.287878224484e+00 8.136440456593e-01 3.494740752148e+00
-4.752328134477e+00 3.494740752148e+00 -7.608704579629e+00
Mode 49
-2.195341847078e+00 1.510143195040e+00 -2.127245482044e+00
1.510143195040e+00 -7.484351085163e-01 1.395720368682e-01
-2.127245482044e+00 1.395720368682e-01 6.077053855348e+00
Mode 50
8.371610688230e+00 -3.445914314480e+00 -3.359662766694e+00
-3.445914314480e+00 2.107724712772e+00 9.886235883029e-01
-3.359662766694e+00 9.886235883029e-01 5.121971837058e+00
--
