Number of atoms 
16
--
Anisotropy 
82.646
--
Frequencies 
83.930100000000
99.050800000000
108.997400000000
137.708300000000
152.183300000000
210.395400000000
217.407500000000
278.888000000000
335.288300000000
350.059200000000
378.844000000000
507.432000000000
512.643200000000
583.298000000000
590.389100000000
714.437000000000
735.099000000000
845.095000000000
872.628400000000
892.597100000000
919.439300000000
947.996700000000
1011.341000000000
1047.586000000000
1125.806500000000
1205.078800000000
1250.648500000000
1301.379100000000
1345.495800000000
1399.707500000000
1430.234100000000
1451.037900000000
1464.363200000000
1511.475000000000
1622.664000000000
1653.013500000000
2686.996700000000
3038.203500000000
3107.479500000000
3141.006800000000
3182.909000000000
3205.251700000000
--
Displacements 
Mode 0
-1.997965119397e-03 -6.072234340267e-02 -2.967346806518e-03
4.317678281934e-03 4.100011967479e-02 5.897803887454e-04
1.997965119397e-03 6.072234340267e-02 2.967346806518e-03
-1.159856581269e-03 9.861111863941e-03 1.188783208886e-03
-1.159856581269e-03 9.861111863941e-03 1.188783208886e-03
1.159856581269e-03 -9.861111863941e-03 -1.188783208886e-03
-1.159856581269e-03 9.861111863941e-03 1.188783208886e-03
-1.159856581269e-03 9.861111863941e-03 1.188783208886e-03
0.000000000000e+00 0.000000000000e+00 0.000000000000e+00
-5.477534863203e-03 -3.113900781084e-02 5.990028201408e-04
-4.245676000066e-04 9.537697049608e-01 -4.813485367647e-03
-2.965061055203e-04 1.220263712162e-01 -3.078443103791e-03
-3.776075849326e-03 1.516097068080e-01 4.879065228679e-04
-5.838937701625e-02 -7.107142901561e-02 1.119800546050e-01
6.100559628431e-02 -7.067716592844e-02 -1.112791779190e-01
-4.317678281934e-03 -4.100011967479e-02 -5.897803887454e-04
Mode 1
0.000000000000e+00 0.000000000000e+00 0.000000000000e+00
1.159856581269e-03 -9.861111863941e-03 -1.188783208886e-03
-2.319713162537e-03 1.972222372788e-02 2.377566417773e-03
-2.319713162537e-03 1.972222372788e-02 2.377566417773e-03
-1.159856581269e-03 9.861111863941e-03 1.188783208886e-03
1.159856581269e-03 -9.861111863941e-03 -1.188783208886e-03
1.159856581269e-03 -9.861111863941e-03 -1.188783208886e-03
2.319713162537e-03 -1.972222372788e-02 -2.377566417773e-03
-1.159856581269e-03 9.861111863941e-03 1.188783208886e-03
3.479569743806e-03 -2.958333559182e-02 -3.566349626659e-03
-1.404952908356e-03 -3.047750858350e-01 3.189539401064e-03
4.317678281934e-03 4.100011967479e-02 5.897803887454e-04
-2.692870984111e-03 5.368293597735e-01 2.643280346094e-03
-2.109786305883e-01 -2.790370149945e-01 4.264110243627e-01
2.214435076605e-01 -2.879573647817e-01 -4.236075176186e-01
1.159856581269e-03 -9.861111863941e-03 -1.188783208886e-03
Mode 2
-3.479569743806e-03 2.958333559182e-02 3.566349626659e-03
-1.159856581269e-03 9.861111863941e-03 1.188783208886e-03
5.774040968723e-03 -9.088736340532e-02 2.479440283650e-03
-4.317678281934e-03 -4.100011967479e-02 -5.897803887454e-04
2.912725373578e-03 -2.637749661602e-01 3.779319789809e-03
-3.776075849326e-03 1.516097068080e-01 4.879065228679e-04
2.023207057017e-03 1.023041474883e-01 -5.456009521563e-03
3.157821700665e-03 5.086123153873e-02 1.778563597632e-03
-8.381085381279e-04 -7.058345526661e-02 -4.156130015404e-03
-2.074616835450e-03 3.343584214268e-01 3.768102255949e-04
-9.147602541814e-04 3.244973095629e-01 -8.119729832914e-04
6.182541486611e-04 -2.024709383467e-01 -2.266470120500e-03
-1.997965119397e-03 -6.072234340267e-02 -2.967346806518e-03
1.428646063475e-02 -4.787598698699e-01 2.840508476394e-01
-1.386189303475e-02 -4.750098350908e-01 -2.792373622717e-01
4.317678281934e-03 4.100011967479e-02 5.897803887454e-04
Mode 3
-4.021172176414e-03 -1.630264908910e-01 2.488662715046e-03
5.416024326076e-04 1.926098264828e-01 1.077686911613e-03
-3.776075849326e-03 1.516097068080e-01 4.879065228679e-04
8.633504757485e-04 1.121652593522e-01 -4.267226312677e-03
-8.633504757485e-04 -1.121652593522e-01 4.267226312677e-03
2.023207057017e-03 1.023041474883e-01 -5.456009521563e-03
6.019137295811e-03 2.237488342936e-01 4.786840914724e-04
-2.074616835450e-03 3.343584214268e-01 3.768102255949e-04
-4.317678281934e-03 -4.100011967479e-02 -5.897803887454e-04
1.456362686789e-03 -1.318874830801e-01 1.889659894905e-03
-1.650049235444e-03 -6.194112835339e-01 5.190295593242e-03
4.317678281934e-03 4.100011967479e-02 5.897803887454e-04
4.072581954847e-03 -2.736360780242e-01 2.590536580923e-03
1.627274064391e-01 -1.219036181237e-01 -7.700589715015e-03
-1.664268305723e-01 -1.215674398978e-01 4.844339205770e-03
1.083204865215e-03 3.852196529656e-01 2.155373823227e-03
Mode 4
-3.056761712820e-01 -1.449939497187e-03 1.343874100720e-01
6.359892050182e-02 3.854886742139e-03 1.141942080808e-01
9.666699108519e-02 3.517189205806e-03 6.513925248747e-02
1.332830341761e-01 -2.840274822734e-03 6.948068537184e-02
1.846375458919e-01 2.652413119663e-03 -1.009660099558e-02
1.664626683494e-01 2.367361754546e-03 1.427745623153e-01
1.438837908726e-01 -2.881339313352e-03 1.642837563726e-01
1.248097250774e-01 3.868428112545e-03 1.738032444750e-01
-7.419967719834e-02 -3.813822251521e-03 -2.089972790816e-01
2.431995662126e-01 1.650902191261e-03 1.394677221293e-01
-3.435580148667e-01 5.122028595833e-03 4.635101457832e-01
7.054014110093e-02 4.288254630114e-03 3.325205806696e-02
1.366762822677e-01 3.612859557447e-03 -6.485785311977e-02
2.259182572455e-01 -1.567694279023e-03 -1.893365727484e-02
2.302106935898e-01 -2.149378689855e-03 -9.920520558010e-03
1.061510520266e-01 -4.680998406873e-03 2.265172011296e-01
Mode 5
1.928501866621e-01 -1.229996742689e-03 3.012129831853e-02
-7.710912978166e-02 -2.002581477402e-03 2.549846606646e-02
-7.054014110093e-02 -4.288254630114e-03 -3.325205806696e-02
6.568988680728e-03 -2.285673152712e-03 -5.875052413342e-02
1.395857348510e-01 1.801618783328e-03 -2.993535982678e-01
4.404105919828e-02 2.340279013736e-03 2.355648952691e-02
-1.589832520612e-02 -1.989040106997e-03 8.510750246067e-02
-4.668984345308e-02 -3.355331312543e-03 6.639879720379e-02
-1.316393820866e-01 1.243538113094e-03 2.948773807569e-02
1.975148549248e-01 9.073598871655e-04 1.694280915490e-02
2.241630415661e-01 -5.516291682996e-03 -2.402509132592e-01
-9.200232282249e-02 -1.379832575951e-03 -7.831774165110e-02
-1.717536505459e-02 6.428011329178e-03 -4.906767647908e-01
2.844746578889e-01 1.532068478423e-03 -3.239935520734e-01
2.844746578889e-01 1.532068478423e-03 -3.239935520734e-01
-6.613614116675e-02 6.753950726670e-04 9.810991118673e-02
Mode 6
1.159856581269e-03 -9.861111863941e-03 -1.188783208886e-03
4.317678281934e-03 4.100011967479e-02 5.897803887454e-04
-5.232438536115e-03 2.834971898881e-01 -1.401753372037e-03
-2.965061055203e-04 1.220263712162e-01 -3.078443103791e-03
-2.861315595145e-03 -1.728876027549e-01 1.299879506159e-03
-3.479569743806e-03 2.958333559182e-02 3.566349626659e-03
-8.633504757485e-04 -1.121652593522e-01 4.267226312677e-03
-6.019137295811e-03 -2.237488342936e-01 -4.786840914724e-04
-2.319713162537e-03 1.972222372788e-02 2.377566417773e-03
-2.319713162537e-03 1.972222372788e-02 2.377566417773e-03
-5.416024326076e-04 -1.926098264828e-01 -1.077686911613e-03
-5.140977843286e-05 4.366625689151e-01 -5.079199295969e-03
-5.400883147149e-03 -4.262197726403e-01 -2.745154211972e-03
2.530355932968e-01 -2.020906570094e-01 -1.150455885528e-02
-2.517990849995e-01 -2.028512196841e-01 6.971618614283e-03
5.140977843286e-05 -4.366625689151e-01 5.079199295969e-03
Mode 7
2.015884007899e-03 1.122304331047e-03 7.677679756707e-02
-6.423182074871e-02 -3.747634709900e-03 5.253787621694e-02
-9.692765941371e-02 -6.908961328792e-04 7.940120592985e-02
-2.914786615744e-02 -2.963027915186e-03 8.025971819064e-02
1.477983756212e-01 -2.080791079024e-03 -2.591356989537e-01
-4.239740710876e-02 -3.937015723376e-03 7.541193392062e-02
8.957104607009e-03 1.555672219022e-03 -4.165352446800e-03
-5.919492056764e-02 1.108762960642e-03 1.716776117286e-02
7.864121828131e-02 -5.139489345852e-03 -4.887887515580e-02
-3.006392711009e-01 3.406458173355e-03 9.901729502791e-02
8.584872688627e-03 -1.163368821665e-03 1.802627343365e-02
-9.692765941371e-02 -6.908961328792e-04 7.940120592985e-02
-7.446596520420e-02 3.113744507253e-03 -5.190810385878e-01
3.729290082039e-01 8.931667546581e-03 -2.990721989001e-01
3.752487213664e-01 -1.079055618130e-02 -3.014497653179e-01
-6.852425709303e-02 -3.165950299067e-03 4.352473950011e-02
Mode 8
-8.506110222338e-02 -9.464646879766e-04 -1.592598916650e-01
2.722358687802e-01 -9.314040071667e-04 -6.314082859817e-02
2.387955662784e-01 -3.312747511520e-03 8.105752875644e-03
1.469048070458e-01 8.527540261422e-04 5.213684376141e-02
2.410721186149e-01 -5.016736253400e-03 -5.965790797460e-02
5.023781596063e-02 -2.664435179664e-03 -1.300240872606e-02
4.202517519038e-02 1.217974682688e-03 -5.322030804016e-02
2.324872459262e-01 -3.853367431735e-03 -7.768418140826e-02
-1.117092888647e-01 5.477186882185e-03 9.793383074916e-02
-2.255460253271e-01 4.286735319710e-03 -3.257968605617e-03
-1.240596415632e-01 -2.531619717018e-03 2.364377216876e-01
2.984742823543e-01 3.842864682139e-03 9.109519835920e-02
1.365647186778e-01 -1.932474556167e-03 -1.872066856566e-01
3.625945395132e-01 2.045165278425e-03 -8.379151039460e-02
3.547972914874e-01 -9.371618804538e-03 -8.081494115669e-02
2.842139895604e-01 4.358361551350e-03 -1.794530936561e-01
Mode 9
1.997965119397e-03 6.072234340267e-02 2.967346806518e-03
-2.450963270874e-04 -3.146361976989e-01 2.000756192178e-03
4.935932430595e-03 -1.614708186719e-01 -1.676689731754e-03
-5.232438536115e-03 2.834971898881e-01 -1.401753372037e-03
1.159856581269e-03 -9.861111863941e-03 -1.188783208886e-03
-7.665171605347e-05 3.950807648295e-01 3.344157032113e-03
-5.232438536115e-03 2.834971898881e-01 -1.401753372037e-03
-2.861315595145e-03 -1.728876027549e-01 1.299879506159e-03
1.159856581269e-03 -9.861111863941e-03 -1.188783208886e-03
2.937967311199e-03 -2.221931620746e-01 -4.644036538272e-03
-5.232438536115e-03 2.834971898881e-01 -1.401753372037e-03
3.234473416719e-03 -3.442195332908e-01 -1.565593434481e-03
2.616219268058e-03 -1.417485949441e-01 7.008766860184e-04
2.119169294083e-01 -1.091616073258e-01 1.028346173047e-01
-2.058463823341e-01 -1.037521272957e-01 -9.727673391724e-02
4.394329997988e-03 -3.540806451547e-01 -2.754376643367e-03
Mode 10
1.753635761830e-02 4.493577083205e-03 -4.407632969367e-01
-8.076866587907e-02 -1.528149098809e-03 -1.502467549481e-01
-1.736645572770e-01 2.556343040588e-05 8.270804611585e-02
-1.436175028668e-01 -4.046227445422e-03 1.458000031336e-01
-8.140156612597e-02 -1.420897066569e-03 1.648532934963e-02
-5.930468756492e-03 -1.922852565375e-03 3.466426577592e-01
8.076866587907e-02 1.528149098809e-03 1.502467549481e-01
4.176450686187e-02 4.044267755615e-03 9.132015037715e-02
3.269583866499e-02 -3.056738577021e-03 -2.686332971291e-02
8.644408598438e-02 2.176021051263e-03 4.027687735298e-01
1.324392127398e-02 5.075261494037e-03 -4.497764336535e-01
-8.393878679090e-02 3.109384748237e-03 2.287894486172e-01
-1.336552660945e-01 1.212337820472e-04 -4.728905949139e-02
-1.791420921402e-02 -3.111344438044e-03 8.330704893599e-03
-1.791420921402e-02 -3.111344438044e-03 8.330704893599e-03
-5.351950046232e-02 1.756634913096e-03 2.696897797545e-01
Mode 11
-1.552609328774e-02 7.300009336903e-04 6.291587658022e-02
1.994191753429e-01 -3.515669895401e-03 -2.862922581489e-02
1.164855207172e-01 2.205503861283e-03 1.123651262408e-02
-2.243861687459e-01 -5.574376544231e-03 -4.446751814503e-03
-2.510399750645e-01 4.950548711778e-03 -2.018772473239e-01
-1.409687186120e-01 -3.031175146615e-03 5.584471640294e-02
-7.169999768220e-02 5.572857233827e-03 -3.206327485808e-02
1.865418663099e-01 -1.770616662904e-03 -5.566863596537e-02
1.324954095132e-02 9.739878081894e-04 4.847784270027e-03
8.341745013387e-02 2.543201397617e-03 6.029146821744e-02
-4.530685969208e-02 -2.125774949256e-03 3.099076790686e-01
2.362583456135e-01 1.217534303286e-03 2.204098721432e-01
-3.851790366672e-01 -3.192592660475e-03 -3.493235134717e-01
-1.373148021919e-01 5.956661606401e-04 -2.230342805060e-01
-1.373148021919e-01 5.956661606401e-04 -2.230342805060e-01
2.444653667064e-01 1.436398126782e-03 -1.939964464662e-01
Mode 12
-1.159856581269e-03 9.861111863941e-03 1.188783208886e-03
0.000000000000e+00 0.000000000000e+00 0.000000000000e+00
-2.965061055203e-04 1.220263712162e-01 -3.078443103791e-03
-2.450963270874e-04 -3.146361976989e-01 2.000756192178e-03
0.000000000000e+00 0.000000000000e+00 0.000000000000e+00
0.000000000000e+00 0.000000000000e+00 0.000000000000e+00
4.562774609022e-03 3.556363173737e-01 -1.410975803432e-03
1.456362686789e-03 -1.318874830801e-01 1.889659894905e-03
1.159856581269e-03 -9.861111863941e-03 -1.188783208886e-03
0.000000000000e+00 0.000000000000e+00 0.000000000000e+00
2.616219268058e-03 -1.417485949441e-01 7.008766860184e-04
-5.140977843286e-05 4.366625689151e-01 -5.079199295969e-03
1.701459013876e-03 1.827487146188e-01 -1.110962972730e-04
-2.902290765973e-01 1.350383726984e-01 -1.415334624618e-01
2.861564946425e-01 1.385977053258e-01 1.389429258809e-01
-7.866987596950e-04 -5.072460241817e-01 9.230692805644e-04
Mode 13
-2.612684998426e-02 7.710654243083e-04 -3.188719442051e-02
2.612684998426e-02 -7.710654243083e-04 3.188719442051e-02
-6.676904141365e-02 7.826471049067e-04 2.648419954845e-01
-2.978076640434e-02 -2.855775882946e-03 2.469918024884e-01
1.644467843415e-01 1.245057423499e-03 6.599776474827e-02
-1.472770389642e-01 -3.571795066829e-03 -2.994521788096e-02
-1.524686635613e-01 4.044708135018e-03 -1.823100298062e-01
-1.287299295033e-01 -5.677026610250e-04 -2.050080070723e-01
1.324954095132e-02 9.739878081894e-04 4.847784270027e-03
1.779569936213e-01 -6.072478412385e-04 -7.369490939902e-02
-4.933862770788e-02 -4.370383611350e-03 1.563540839345e-01
-2.347244605213e-02 -2.315155962732e-03 3.327817367723e-01
-8.278454988697e-02 -2.650453429856e-03 -2.270235525152e-01
4.074916261381e-01 1.536886048715e-02 1.773055990826e-02
4.109711958819e-01 -1.421447510467e-02 1.416421028160e-02
-6.651399276247e-02 2.057627717828e-03 -3.343226808563e-01
Mode 14
2.319713162537e-03 -1.972222372788e-02 -2.377566417773e-03
-7.665171605347e-05 3.950807648295e-01 3.344157032113e-03
2.616219268058e-03 -1.417485949441e-01 7.008766860184e-04
-1.997965119397e-03 -6.072234340267e-02 -2.967346806518e-03
-1.159856581269e-03 9.861111863941e-03 1.188783208886e-03
-6.182541486611e-04 2.024709383467e-01 2.266470120500e-03
5.774040968723e-03 -9.088736340532e-02 2.479440283650e-03
2.965061055203e-04 -1.220263712162e-01 3.078443103791e-03
-1.159856581269e-03 9.861111863941e-03 1.188783208886e-03
-3.157821700665e-03 -5.086123153873e-02 -1.778563597632e-03
4.614184387454e-03 -8.102625154138e-02 3.668223492536e-03
-1.650049235444e-03 -6.194112835339e-01 5.190295593242e-03
8.633504757485e-04 1.121652593522e-01 -4.267226312677e-03
-1.215403397868e-01 5.253813753980e-02 -4.967584834055e-02
1.266961266069e-01 5.904543740160e-02 5.442175874470e-02
-3.944520460360e-03 -5.581072557204e-01 -8.554943170673e-04
Mode 15
9.217772935525e-03 -1.270620853905e-03 -1.487058108641e-01
4.113160661497e-02 4.151519787855e-03 2.580522346749e-01
7.610399761637e-02 -6.092075310454e-04 1.634252441118e-01
-6.613614116675e-02 6.753950726670e-04 9.810991118673e-02
-7.054014110093e-02 -4.288254630114e-03 -3.325205806696e-02
-8.267298629710e-02 2.894880683758e-03 -1.046747199783e-01
-1.500749279576e-01 3.784779820904e-03 3.268993598039e-01
7.319454503306e-02 1.202033243074e-03 3.979209892598e-01
3.269583866499e-02 -3.056738577021e-03 -2.686332971291e-02
-3.419038601586e-02 -3.718151899880e-03 -3.389943846888e-01
7.444638367641e-04 5.438082081374e-03 -4.438325176091e-02
1.018586156823e-01 -4.099313996041e-03 2.175040644127e-01
-2.752625046307e-01 1.298584353520e-03 -2.793364767142e-01
1.448457622118e-01 1.774868468110e-02 -9.002604823813e-02
1.436606636929e-01 -1.397200754058e-02 -8.041390870117e-02
9.110875424708e-02 4.313377681118e-03 3.895902843662e-01
Mode 16
0.000000000000e+00 0.000000000000e+00 0.000000000000e+00
2.616219268058e-03 -1.417485949441e-01 7.008766860184e-04
-2.965061055203e-04 1.220263712162e-01 -3.078443103791e-03
-4.859280714542e-03 -2.336099461576e-01 -1.667467300359e-03
-4.317678281934e-03 -4.100011967479e-02 -5.897803887454e-04
-7.665171605347e-05 3.950807648295e-01 3.344157032113e-03
-2.539567552004e-03 -2.533321698854e-01 -4.045033718131e-03
-5.774040968723e-03 9.088736340532e-02 -2.479440283650e-03
0.000000000000e+00 0.000000000000e+00 0.000000000000e+00
-4.317678281934e-03 -4.100011967479e-02 -5.897803887454e-04
-2.319713162537e-03 1.972222372788e-02 2.377566417773e-03
-5.140977843286e-05 4.366625689151e-01 -5.079199295969e-03
-2.616219268058e-03 1.417485949441e-01 -7.008766860184e-04
-2.723401093209e-01 9.656791305079e-02 -1.414408110273e-01
2.728817117536e-01 9.604191343199e-02 1.425184979389e-01
-3.731578215737e-04 5.171071360457e-01 2.657139283219e-04
Mode 17
3.722319183820e-04 2.719041040687e-03 -2.219162588045e-02
1.881339746677e-02 -3.923474352970e-03 1.350209703148e-01
3.040325191924e-01 3.046676206827e-03 -2.333558335195e-01
3.021016173179e-03 3.734093339495e-03 -1.121469126112e-01
1.558619116528e-01 2.408426245164e-03 4.797149131461e-02
-2.107643958762e-01 -1.881347695355e-03 -2.179059342493e-02
-3.995828145225e-01 1.593257709428e-03 1.016417033907e-01
-1.628031322519e-01 -2.841794133139e-03 3.297065869926e-02
2.803117040230e-02 -5.194095206875e-03 -1.368484054929e-02
2.120151339305e-02 -8.212898123609e-05 1.896061420015e-01
2.813711431482e-02 4.452512592586e-03 -3.459602259359e-01
2.232638533134e-01 1.518527108018e-03 -3.836025884677e-01
2.081156116214e-01 8.662953965474e-04 1.117458801556e-01
1.422401387831e-01 -1.284602603712e-03 6.531533292504e-02
1.367878458575e-01 9.158193671061e-03 5.749097941710e-02
-1.388806087556e-02 3.234537909898e-03 -2.927399178958e-01
Mode 18
1.159856581269e-03 -9.861111863941e-03 -1.188783208886e-03
-3.217480431408e-04 8.044456713055e-02 5.344913224290e-03
-4.317678281934e-03 -4.100011967479e-02 -5.897803887454e-04
-1.159856581269e-03 9.861111863941e-03 1.188783208886e-03
-1.159856581269e-03 9.861111863941e-03 1.188783208886e-03
-1.159856581269e-03 9.861111863941e-03 1.188783208886e-03
3.157821700665e-03 5.086123153873e-02 1.778563597632e-03
-2.861315595145e-03 -1.728876027549e-01 1.299879506159e-03
0.000000000000e+00 0.000000000000e+00 0.000000000000e+00
0.000000000000e+00 0.000000000000e+00 0.000000000000e+00
0.000000000000e+00 0.000000000000e+00 0.000000000000e+00
-1.778110729930e-03 2.123320502107e-01 3.455253329386e-03
2.319713162537e-03 -1.972222372788e-02 -2.377566417773e-03
1.870183387690e-02 -9.468808466584e-03 1.267213777797e-02
-2.533922532138e-02 -1.180908748032e-02 -1.088435174894e-02
-4.245676000066e-04 9.537697049608e-01 -4.813485367647e-03
Mode 19
0.000000000000e+00 0.000000000000e+00 0.000000000000e+00
4.317678281934e-03 4.100011967479e-02 5.897803887454e-04
4.935932430595e-03 -1.614708186719e-01 -1.676689731754e-03
-1.159856581269e-03 9.861111863941e-03 1.188783208886e-03
-3.479569743806e-03 2.958333559182e-02 3.566349626659e-03
-2.319713162537e-03 1.972222372788e-02 2.377566417773e-03
2.319713162537e-03 -1.972222372788e-02 -2.377566417773e-03
4.317678281934e-03 4.100011967479e-02 5.897803887454e-04
0.000000000000e+00 0.000000000000e+00 0.000000000000e+00
0.000000000000e+00 0.000000000000e+00 0.000000000000e+00
-4.317678281934e-03 -4.100011967479e-02 -5.897803887454e-04
-4.498095376272e-04 9.121879008752e-01 3.609870960435e-03
-2.023207057017e-03 -1.023041474883e-01 5.456009521563e-03
1.297529805571e-01 -5.642054740215e-02 8.989374765466e-02
-1.349087673771e-01 -5.516302753925e-02 -9.463965805881e-02
-3.699424133273e-03 -2.434710580215e-01 -2.856250509245e-03
Mode 20
-2.448319789475e-02 -8.256712853316e-04 6.708122902702e-02
-2.941415416330e-02 3.964538843588e-03 -2.298240413156e-01
-1.142089683808e-01 -3.909492603163e-03 -7.900017347432e-02
-9.894354342160e-02 -1.813200463926e-03 2.624408362776e-03
1.134645045441e-01 -1.528589478211e-03 1.233834252352e-01
-1.137251728726e-01 4.354882551138e-03 2.115703318209e-02
-6.423182074871e-02 -3.747634709900e-03 5.253787621694e-02
2.325988095161e-01 1.691966681879e-03 4.466465112861e-02
0.000000000000e+00 0.000000000000e+00 0.000000000000e+00
1.086142502504e-02 -2.867357563545e-03 -4.973738741659e-02
6.676342173631e-02 3.318626580941e-03 -7.194662134080e-01
-5.453025230494e-02 3.246119590496e-03 3.989272009231e-03
-2.146218172157e-02 2.908422054163e-03 -4.506568358413e-02
3.198933032498e-01 1.895267761398e-02 7.077478751086e-02
3.245327295749e-01 -2.049176984179e-02 6.601965467531e-02
2.322265775977e-01 -1.027074358808e-03 6.685627700906e-02
Mode 21
-2.803117040230e-02 5.194095206875e-03 1.368484054929e-02
-2.276552336415e-03 1.703988741880e-03 6.776366085025e-02
8.924197497783e-02 -5.180553836470e-03 4.592419584493e-02
2.612684998426e-02 -7.710654243083e-04 3.188719442051e-02
-6.195526841230e-02 -5.451623451779e-03 -1.522578463331e-02
3.545618650965e-02 3.503647835401e-03 5.530216093255e-03
6.852425709303e-02 3.165950299067e-03 -4.352473950011e-02
-3.508395459127e-02 -7.846067947136e-04 -2.772184197371e-02
0.000000000000e+00 0.000000000000e+00 0.000000000000e+00
0.000000000000e+00 0.000000000000e+00 0.000000000000e+00
7.862997892663e-02 3.063058025844e-03 -9.581273110028e-01
1.142089683808e-01 3.909492603163e-03 7.900017347432e-02
-1.360433820208e-01 -3.720111589687e-03 -1.018742311780e-01
-9.372497351514e-03 1.374352172629e-02 -3.902911610522e-02
-7.052784188976e-03 -5.978702001589e-03 -4.140668252299e-02
-1.679751345887e-02 5.045778684017e-03 -5.824417274776e-02
Mode 22
8.957104607009e-03 1.555672219022e-03 -4.165352446800e-03
-8.584872688627e-03 1.163368821665e-03 -1.802627343365e-02
5.717903655974e-02 -2.231067291689e-03 -9.394455873993e-02
-2.687131382103e-02 -4.667016657066e-03 1.249605734040e-02
-7.546547769214e-02 -3.599318187042e-03 1.244668895140e-01
3.545618650965e-02 3.503647835401e-03 5.530216093255e-03
5.919492056764e-02 -1.108762960642e-03 -1.716776117286e-02
-6.348735691195e-02 1.690447371474e-03 8.154624456030e-03
0.000000000000e+00 0.000000000000e+00 0.000000000000e+00
0.000000000000e+00 0.000000000000e+00 0.000000000000e+00
-2.045142987895e-02 1.418937376763e-03 2.206348241612e-01
2.713198214954e-02 1.840723584139e-03 -1.570365157577e-01
-5.274191754504e-01 -1.907990056763e-03 -4.146388463967e-01
4.296803528079e-01 7.749855958598e-02 -5.539645902906e-02
4.334564286572e-01 -7.411114722201e-02 -5.588436555193e-02
-1.393250665225e-01 -4.627911856255e-03 1.548131398505e-01
Mode 23
0.000000000000e+00 0.000000000000e+00 0.000000000000e+00
0.000000000000e+00 0.000000000000e+00 0.000000000000e+00
-3.157821700665e-03 -5.086123153873e-02 -1.778563597632e-03
-2.616219268058e-03 1.417485949441e-01 -7.008766860184e-04
3.776075849326e-03 -1.516097068080e-01 -4.879065228679e-04
3.479569743806e-03 -2.958333559182e-02 -3.566349626659e-03
0.000000000000e+00 0.000000000000e+00 0.000000000000e+00
0.000000000000e+00 0.000000000000e+00 0.000000000000e+00
0.000000000000e+00 0.000000000000e+00 0.000000000000e+00
0.000000000000e+00 0.000000000000e+00 0.000000000000e+00
0.000000000000e+00 0.000000000000e+00 0.000000000000e+00
-1.778110729930e-03 2.123320502107e-01 3.455253329386e-03
-2.074616835450e-03 3.343584214268e-01 3.768102255949e-04
-4.808890325753e-01 1.706008506712e-01 -3.701906104955e-01
4.866116637656e-01 1.751743548386e-01 3.675908514832e-01
3.479569743806e-03 -2.958333559182e-02 -3.566349626659e-03
Mode 24
3.722319183820e-04 2.719041040687e-03 -2.219162588045e-02
1.298887262281e-02 3.800280881116e-03 1.493882426873e-01
-1.211501889799e-01 -4.342860491138e-03 1.941976539548e-03
6.348735691195e-02 -1.690447371474e-03 -8.154624456030e-03
-4.165294327200e-02 1.501066357999e-03 3.102868215971e-02
3.736050692769e-02 -9.193819471661e-04 -4.004181887654e-02
-4.404105919828e-02 -2.340279013736e-03 -2.355648952691e-02
1.079006480286e-01 3.368872682948e-03 -6.789760809575e-03
0.000000000000e+00 0.000000000000e+00 0.000000000000e+00
-5.036900181078e-03 -4.856397670542e-03 3.537011504408e-02
1.904320418033e-03 -4.423029782567e-03 -4.557203496979e-02
-4.394486206437e-01 -2.772766142906e-03 -4.898746998798e-01
-1.898291704890e-01 4.964090082184e-03 -1.422682109297e-01
6.504468734922e-02 3.274928589089e-02 -3.995838987345e-02
6.849901515541e-02 -3.841585378655e-02 -3.510138317203e-02
3.769983173684e-01 -2.740685091479e-03 -5.347567272570e-01
Mode 25
-3.722319183820e-04 -2.719041040687e-03 2.219162588045e-02
-1.616461321197e-02 4.938526651778e-03 -2.249762570455e-01
-2.914786615744e-02 -2.963027915186e-03 8.025971819064e-02
2.286786050902e-01 4.992692133399e-03 1.345988853133e-02
-1.079006480286e-01 -3.368872682948e-03 6.789760809575e-03
1.611594801624e-01 4.438530842779e-03 -1.319390821468e-01
-1.942275507458e-01 -4.100833306445e-03 1.809940377401e-01
-4.404105919828e-02 -2.340279013736e-03 -2.355648952691e-02
8.957104607009e-03 1.555672219022e-03 -4.165352446800e-03
-1.552609328774e-02 7.300009336903e-04 6.291587658022e-02
0.000000000000e+00 0.000000000000e+00 0.000000000000e+00
2.805656928177e-01 -3.369753441753e-03 5.540501211763e-01
-3.083305752141e-01 1.636281889853e-03 -2.302815211208e-01
-4.055416640536e-02 6.925822855168e-02 -1.093556462422e-01
-3.909780371857e-02 -6.262925452843e-02 -1.074659863473e-01
1.204001054658e-01 3.006052095611e-03 -4.121829427022e-01
Mode 26
0.000000000000e+00 0.000000000000e+00 0.000000000000e+00
3.736050692769e-02 -9.193819471661e-04 -4.004181887654e-02
-7.444638367641e-04 -5.438082081374e-03 4.438325176091e-02
1.099165320365e-01 4.491177013995e-03 6.998703675750e-02
-2.183441363995e-02 1.893810134758e-04 -2.287405770368e-02
-4.568471128780e-02 -7.435423040956e-04 -1.225249129744e-01
-7.408811360848e-02 1.731511862092e-03 -8.664844654470e-02
6.158303649392e-02 2.732582411092e-03 3.741741051376e-02
0.000000000000e+00 0.000000000000e+00 0.000000000000e+00
6.680552270594e-03 3.259660960902e-03 6.359830840345e-02
1.123365694342e-02 -1.483165228577e-04 -7.192901329705e-02
-2.550717430803e-01 2.705940049684e-03 -3.554308424580e-01
-1.005871955111e-01 -2.164637542863e-04 -9.634401508475e-02
-1.262302499871e-01 8.818976824323e-03 -2.807400284885e-02
-1.239105368246e-01 -1.090324690356e-02 -3.045156926662e-02
-2.945859993998e-01 2.672097480648e-03 7.839719056527e-01
Mode 27
-4.664668262696e-03 -2.137356629855e-03 1.317848916363e-02
-1.271420171135e-03 4.315777750327e-03 -1.211600493280e-01
9.894354342160e-02 1.813200463926e-03 -2.624408362776e-03
8.076866587907e-02 1.528149098809e-03 1.502467549481e-01
-2.575461806588e-02 3.490106464995e-03 -5.407882030096e-02
-3.370097083027e-02 4.449495685732e-04 2.157870398911e-01
-1.351020927984e-02 1.852305264737e-03 1.396926741473e-01
-4.605694320618e-02 -3.462583344783e-03 -1.003332870940e-01
0.000000000000e+00 0.000000000000e+00 0.000000000000e+00
-5.936088433830e-03 2.178421120473e-03 -1.079815601644e-01
-3.722319183820e-04 -2.719041040687e-03 2.219162588045e-02
-3.765997836559e-01 -2.546877962928e-04 -7.859214579616e-01
-3.041928632858e-02 1.352749835141e-03 -4.090033113733e-02
-1.624561422712e-01 -4.170455717807e-02 1.920238914689e-02
-1.627778903143e-01 3.874000995248e-02 2.454730237118e-02
-4.064781110672e-02 4.112855366446e-03 -1.578950280185e-01
Mode 28
4.664668262696e-03 2.137356629855e-03 -1.317848916363e-02
-4.066355987115e-01 -4.385444292160e-03 6.023502086770e-02
1.727709887016e-01 2.907981674761e-03 2.285644965992e-01
1.965041030822e-01 2.396844564566e-03 -2.487576985904e-01
-2.276552336415e-03 1.703988741880e-03 6.776366085025e-02
-3.681583960286e-01 2.852296882735e-03 -4.638167565020e-02
1.929617502520e-01 4.315337370925e-03 1.524701308554e-01
2.093814121151e-01 6.517913320680e-04 -2.217182884399e-01
0.000000000000e+00 0.000000000000e+00 0.000000000000e+00
3.920204425932e-03 -3.300725451520e-03 3.120476259728e-02
-3.444543466704e-02 -4.993132512801e-03 2.601702916520e-01
8.733765455980e-02 -7.575240539031e-04 9.149623081472e-02
-2.144239319736e-01 -1.406915316762e-03 -1.975358144395e-01
7.371259441852e-03 1.874978602571e-01 -2.022132956391e-01
5.128197995368e-03 -1.878606808445e-01 -2.031798862535e-01
5.464181589481e-02 2.299214523118e-03 1.183595605276e-01
Mode 29
0.000000000000e+00 0.000000000000e+00 0.000000000000e+00
0.000000000000e+00 0.000000000000e+00 0.000000000000e+00
-3.920204425932e-03 3.300725451520e-03 -3.120476259728e-02
-3.698827500931e-02 3.638422987853e-03 1.785019299608e-02
1.243259295691e-01 -4.395947041756e-03 7.364603781864e-02
4.292436344314e-03 -5.816844108326e-04 9.013136716827e-03
1.362177286970e-02 3.693028848876e-03 -1.734384161043e-02
-9.329336525391e-03 -4.274713259709e-03 2.635697832725e-02
0.000000000000e+00 0.000000000000e+00 0.000000000000e+00
-4.292436344314e-03 5.816844108326e-04 -9.013136716827e-03
4.292436344314e-03 -5.816844108326e-04 9.013136716827e-03
5.262593188691e-02 1.176910192070e-03 4.158276296056e-02
-2.897834657532e-01 4.640374295658e-03 -4.053443103122e-01
-5.005455147423e-01 2.606214783006e-01 -2.107857507514e-01
-5.001723569207e-01 -2.564856577451e-01 -2.110514646798e-01
4.239740710876e-02 3.937015723376e-03 -7.541193392062e-02
Mode 30
-8.957104607009e-03 -1.555672219022e-03 4.165352446800e-03
1.749359774481e-01 -4.341341180733e-03 3.845200321213e-02
-6.576390924837e-02 3.394436113354e-03 7.591828530628e-02
-4.064781110672e-02 4.112855366446e-03 -1.578950280185e-01
2.015884007899e-03 1.122304331047e-03 7.677679756707e-02
4.796126362421e-02 -9.604464377841e-04 5.476125212419e-02
-3.963705926410e-02 2.623370689046e-03 1.078054797268e-01
-3.206293841809e-02 2.949486544781e-03 -1.398687545849e-01
0.000000000000e+00 0.000000000000e+00 0.000000000000e+00
-8.584872688627e-03 1.163368821665e-03 -1.802627343365e-02
1.351020927984e-02 -1.852305264737e-03 -1.396926741473e-01
-1.866534298998e-01 -3.774717450710e-03 -6.668019657149e-02
1.505643431432e-01 3.783216475493e-04 2.278820647760e-01
1.105282406046e-01 3.259476894395e-01 -4.088295632387e-01
1.135176176943e-01 -3.329080415502e-01 -4.083944004810e-01
-2.712251169376e-01 -5.580806702336e-04 3.288413363435e-01
Mode 31
0.000000000000e+00 0.000000000000e+00 0.000000000000e+00
0.000000000000e+00 0.000000000000e+00 0.000000000000e+00
0.000000000000e+00 0.000000000000e+00 0.000000000000e+00
2.319713162537e-03 -1.972222372788e-02 -2.377566417773e-03
-3.157821700665e-03 -5.086123153873e-02 -1.778563597632e-03
0.000000000000e+00 0.000000000000e+00 0.000000000000e+00
0.000000000000e+00 0.000000000000e+00 0.000000000000e+00
0.000000000000e+00 0.000000000000e+00 0.000000000000e+00
0.000000000000e+00 0.000000000000e+00 0.000000000000e+00
0.000000000000e+00 0.000000000000e+00 0.000000000000e+00
0.000000000000e+00 0.000000000000e+00 0.000000000000e+00
0.000000000000e+00 0.000000000000e+00 0.000000000000e+00
1.684446110339e-04 7.097169625284e-01 1.343400839935e-03
4.595474408645e-01 4.431786549692e-02 -1.716160726525e-01
-4.610290454889e-01 4.598781349757e-02 1.781497690857e-01
0.000000000000e+00 0.000000000000e+00 0.000000000000e+00
Mode 32
0.000000000000e+00 0.000000000000e+00 0.000000000000e+00
7.207222960058e-02 -2.853816193140e-03 9.871648977623e-03
-1.981852963205e-02 1.311685344523e-03 5.390273986339e-02
-6.513100900147e-02 3.287184081114e-03 -9.081379899150e-02
7.244446151896e-02 -1.347751524525e-04 -1.231997690283e-02
1.552609328774e-02 -7.300009336903e-04 -6.291587658022e-02
2.814273399216e-02 3.512389067388e-04 1.086639919876e-01
-1.955786130353e-02 -1.514607728404e-03 -9.063771855393e-02
0.000000000000e+00 0.000000000000e+00 0.000000000000e+00
-4.664668262696e-03 -2.137356629855e-03 1.317848916363e-02
6.568988680728e-03 -2.285673152712e-03 -5.875052413342e-02
-1.099165320365e-01 -4.491177013995e-03 -6.998703675750e-02
-2.722414884575e-01 5.032677693014e-03 -3.914833893253e-01
-1.170972292854e-01 -3.236620162868e-01 4.675800873721e-01
-1.146343134494e-01 3.247509184282e-01 4.749692781223e-01
-1.148418686277e-01 -3.802240570923e-03 8.773191082345e-02
Mode 33
0.000000000000e+00 0.000000000000e+00 0.000000000000e+00
3.571685483817e-02 6.773547624739e-04 -1.390102423241e-01
9.125785898573e-02 -4.058249505423e-03 1.227009934120e-01
-1.732923253586e-01 2.744604471093e-03 6.051642023540e-02
2.220664555833e-02 2.529660027211e-03 6.824318232275e-04
-4.542404295928e-02 -3.569835377022e-03 -2.670653713918e-01
1.640745524231e-01 -1.473983617188e-03 8.818939062872e-02
-1.062569959391e-01 -4.965609392588e-03 1.057581842571e-01
0.000000000000e+00 0.000000000000e+00 0.000000000000e+00
2.015884007899e-03 1.122304331047e-03 7.677679756707e-02
-4.292436344314e-03 5.816844108326e-04 -9.013136716827e-03
-2.917993497611e-01 3.518069964611e-03 -4.821211078793e-01
2.577205273351e-01 -1.690887750877e-03 2.654755557273e-01
5.758383346486e-02 1.432516209919e-01 -2.067923480371e-01
5.385916739397e-02 -1.418012411153e-01 -2.012252422183e-01
1.351817349168e-01 -3.162030919453e-03 -4.307155675215e-01
Mode 34
-8.957104607009e-03 -1.555672219022e-03 4.165352446800e-03
3.056761712820e-01 1.449939497187e-03 -1.343874100720e-01
-1.382083707673e-01 3.529211265807e-03 8.823826220911e-02
3.012721713478e-01 -3.513710205594e-03 -2.657493793257e-01
-3.698827500931e-02 3.638422987853e-03 1.785019299608e-02
-3.605786555053e-01 -9.228609473776e-04 1.605683079617e-01
1.389528346041e-01 1.908870815568e-03 -1.326215139700e-01
-2.252797373213e-01 -2.640831439065e-03 3.068257909006e-01
0.000000000000e+00 0.000000000000e+00 0.000000000000e+00
1.362177286970e-02 3.693028848876e-03 -1.734384161043e-02
8.845541017143e-03 -3.989661894592e-03 -1.265141849837e-01
-1.342881663414e-01 2.284858142869e-04 1.194430248064e-01
-2.101314956293e-01 -1.988599727595e-03 -1.885226777227e-01
6.392066854496e-02 -7.658968038841e-02 1.088492948565e-01
6.014459269563e-02 7.502002641958e-02 1.093372013794e-01
1.161076691215e-01 3.587736506444e-03 -4.211960794190e-01
Mode 35
0.000000000000e+00 0.000000000000e+00 0.000000000000e+00
1.754197729564e-01 3.923033973568e-03 1.386092098685e-01
-2.180834680710e-01 -9.324829381690e-04 -3.732810354541e-01
1.525802271511e-01 1.500625978596e-03 3.046588623431e-01
-3.937639093559e-02 -2.029223838810e-04 -3.673497869053e-02
-2.689541842785e-01 1.839204273734e-03 -1.935465424303e-01
2.253969205885e-01 4.084891866831e-03 2.701472595598e-01
-3.015861800006e-02 -1.473543237786e-03 -1.854407895547e-01
0.000000000000e+00 0.000000000000e+00 0.000000000000e+00
1.287730903294e-02 -1.745053232498e-03 2.703941015048e-02
6.568988680728e-03 -2.285673152712e-03 -5.875052413342e-02
3.015009182048e-01 3.475684335786e-03 4.335725036716e-01
9.125785898573e-02 -4.058249505423e-03 1.227009934120e-01
-3.043720521708e-02 6.095278890676e-02 -1.147097818979e-01
-3.443313545587e-02 -6.049189789857e-02 -1.206444755109e-01
-1.643352207516e-01 4.300276690115e-03 5.635106778860e-02
Mode 36
3.545618650965e-02 3.503647835401e-03 5.530216093255e-03
0.000000000000e+00 0.000000000000e+00 0.000000000000e+00
0.000000000000e+00 0.000000000000e+00 0.000000000000e+00
0.000000000000e+00 0.000000000000e+00 0.000000000000e+00
0.000000000000e+00 0.000000000000e+00 0.000000000000e+00
0.000000000000e+00 0.000000000000e+00 0.000000000000e+00
0.000000000000e+00 0.000000000000e+00 0.000000000000e+00
0.000000000000e+00 0.000000000000e+00 0.000000000000e+00
0.000000000000e+00 0.000000000000e+00 0.000000000000e+00
0.000000000000e+00 0.000000000000e+00 0.000000000000e+00
-9.914944790501e-01 -1.236073984308e-03 -1.159188083718e-01
0.000000000000e+00 0.000000000000e+00 0.000000000000e+00
0.000000000000e+00 0.000000000000e+00 0.000000000000e+00
0.000000000000e+00 0.000000000000e+00 0.000000000000e+00
0.000000000000e+00 0.000000000000e+00 0.000000000000e+00
0.000000000000e+00 0.000000000000e+00 0.000000000000e+00
Mode 37
0.000000000000e+00 0.000000000000e+00 0.000000000000e+00
0.000000000000e+00 0.000000000000e+00 0.000000000000e+00
0.000000000000e+00 0.000000000000e+00 0.000000000000e+00
0.000000000000e+00 0.000000000000e+00 0.000000000000e+00
-3.937639093559e-02 -2.029223838810e-04 -3.673497869053e-02
0.000000000000e+00 0.000000000000e+00 0.000000000000e+00
0.000000000000e+00 0.000000000000e+00 0.000000000000e+00
0.000000000000e+00 0.000000000000e+00 0.000000000000e+00
0.000000000000e+00 0.000000000000e+00 0.000000000000e+00
0.000000000000e+00 0.000000000000e+00 0.000000000000e+00
0.000000000000e+00 0.000000000000e+00 0.000000000000e+00
-8.957104607009e-03 -1.555672219022e-03 4.165352446800e-03
3.565468874895e-01 -1.321747714717e-03 -3.141219030958e-01
4.356195746418e-02 5.098008072599e-01 3.560975888419e-01
4.198855994479e-02 -5.046912411035e-01 3.579437274030e-01
0.000000000000e+00 0.000000000000e+00 0.000000000000e+00
Mode 38
0.000000000000e+00 0.000000000000e+00 0.000000000000e+00
0.000000000000e+00 0.000000000000e+00 0.000000000000e+00
0.000000000000e+00 0.000000000000e+00 0.000000000000e+00
0.000000000000e+00 0.000000000000e+00 0.000000000000e+00
5.774040968723e-03 -9.088736340532e-02 2.479440283650e-03
0.000000000000e+00 0.000000000000e+00 0.000000000000e+00
0.000000000000e+00 0.000000000000e+00 0.000000000000e+00
0.000000000000e+00 0.000000000000e+00 0.000000000000e+00
0.000000000000e+00 0.000000000000e+00 0.000000000000e+00
0.000000000000e+00 0.000000000000e+00 0.000000000000e+00
0.000000000000e+00 0.000000000000e+00 0.000000000000e+00
0.000000000000e+00 0.000000000000e+00 0.000000000000e+00
1.159856581269e-03 -9.861111863941e-03 -1.188783208886e-03
5.340033143544e-02 5.639216997596e-01 4.214744608430e-01
-5.992068804731e-02 5.611799357371e-01 -4.234224732700e-01
0.000000000000e+00 0.000000000000e+00 0.000000000000e+00
Mode 39
0.000000000000e+00 0.000000000000e+00 0.000000000000e+00
0.000000000000e+00 0.000000000000e+00 0.000000000000e+00
0.000000000000e+00 0.000000000000e+00 0.000000000000e+00
0.000000000000e+00 0.000000000000e+00 0.000000000000e+00
5.251436829704e-02 -4.368423921543e-03 -8.076606957630e-02
0.000000000000e+00 0.000000000000e+00 0.000000000000e+00
0.000000000000e+00 0.000000000000e+00 0.000000000000e+00
0.000000000000e+00 0.000000000000e+00 0.000000000000e+00
0.000000000000e+00 0.000000000000e+00 0.000000000000e+00
0.000000000000e+00 0.000000000000e+00 0.000000000000e+00
0.000000000000e+00 0.000000000000e+00 0.000000000000e+00
3.698827500931e-02 -3.638422987853e-03 -1.785019299608e-02
-6.710685997886e-01 3.861470112122e-03 5.750234981515e-01
3.620299723349e-02 2.668041816170e-01 1.774961173180e-01
3.423119995491e-02 -2.721625347864e-01 1.880313261356e-01
0.000000000000e+00 0.000000000000e+00 0.000000000000e+00
Mode 40
0.000000000000e+00 0.000000000000e+00 0.000000000000e+00
0.000000000000e+00 0.000000000000e+00 0.000000000000e+00
7.748136170004e-02 4.721622518089e-03 -4.769009194691e-02
0.000000000000e+00 0.000000000000e+00 0.000000000000e+00
0.000000000000e+00 0.000000000000e+00 0.000000000000e+00
0.000000000000e+00 0.000000000000e+00 0.000000000000e+00
0.000000000000e+00 0.000000000000e+00 0.000000000000e+00
0.000000000000e+00 0.000000000000e+00 0.000000000000e+00
0.000000000000e+00 0.000000000000e+00 0.000000000000e+00
0.000000000000e+00 0.000000000000e+00 0.000000000000e+00
0.000000000000e+00 0.000000000000e+00 0.000000000000e+00
-8.358876160484e-01 -1.026283520644e-04 5.312173592837e-01
-3.269583866499e-02 3.056738577021e-03 2.686332971291e-02
-1.159856581269e-03 9.861111863941e-03 1.188783208886e-03
1.159856581269e-03 -9.861111863941e-03 -1.188783208886e-03
-1.324954095132e-02 -9.739878081894e-04 -4.847784270027e-03
Mode 41
0.000000000000e+00 0.000000000000e+00 0.000000000000e+00
0.000000000000e+00 0.000000000000e+00 0.000000000000e+00
0.000000000000e+00 0.000000000000e+00 0.000000000000e+00
0.000000000000e+00 0.000000000000e+00 0.000000000000e+00
0.000000000000e+00 0.000000000000e+00 0.000000000000e+00
0.000000000000e+00 0.000000000000e+00 0.000000000000e+00
0.000000000000e+00 0.000000000000e+00 0.000000000000e+00
7.483257744524e-02 3.706570219282e-03 4.226519478379e-02
0.000000000000e+00 0.000000000000e+00 0.000000000000e+00
0.000000000000e+00 0.000000000000e+00 0.000000000000e+00
0.000000000000e+00 0.000000000000e+00 0.000000000000e+00
8.957104607009e-03 1.555672219022e-03 -4.165352446800e-03
0.000000000000e+00 0.000000000000e+00 0.000000000000e+00
0.000000000000e+00 0.000000000000e+00 0.000000000000e+00
0.000000000000e+00 0.000000000000e+00 0.000000000000e+00
-8.959498033974e-01 -1.774734214715e-03 -4.388288961665e-01
--
Dipole derivatives 
Mode 0
-1.160658690543e-01 4.649529823362e-02 -3.739273191590e-03
Mode 1
4.599332369507e-02 -1.842656374462e-02 2.329326630225e-03
Mode 2
1.554774280198e-02 -8.652581823460e-03 -9.037963381577e-04
Mode 3
3.412778231523e-02 -1.776553413385e-02 -2.339830116159e-03
Mode 4
2.072897666249e-03 7.134510769641e-03 8.864615830785e-03
Mode 5
-1.177961387279e-02 -2.917248848197e-02 -1.646064061251e-02
Mode 6
3.356641798093e-02 -1.223497470378e-02 1.473432918739e-03
Mode 7
7.540626880354e-04 -3.334918477968e-03 -3.235364165837e-02
Mode 8
1.709496215665e-02 3.756828422007e-02 -3.567877361513e-02
Mode 9
-6.530209589933e-03 4.948666869288e-03 2.652528467842e-03
Mode 10
-8.598595305470e-03 -2.078888879677e-02 -1.722686840111e-03
Mode 11
-1.375671065347e-02 -3.039809317847e-02 3.162924918150e-02
Mode 12
1.016815110560e-02 -4.371110010786e-03 -9.379067021578e-04
Mode 13
7.117089294416e-03 1.889264688048e-02 3.198327694410e-02
Mode 14
4.255896041580e-02 -1.413000300163e-02 6.964927145559e-04
Mode 15
4.481068073050e-02 1.292952375163e-01 1.772806979141e-01
Mode 16
-7.922564452237e-02 3.504488837482e-02 -2.907308341096e-03
Mode 17
-2.581457952708e-02 -4.866315502024e-02 1.200630258507e-01
Mode 18
-1.027461186759e-01 4.779782071497e-02 -4.584696751592e-03
Mode 19
-5.375463835518e-02 2.528556713282e-02 -3.538348087948e-03
Mode 20
-4.800112140311e-02 -1.069824064996e-01 5.840763711453e-02
Mode 21
-6.791525810103e-03 -1.512249119401e-02 4.808651972749e-03
Mode 22
-1.772665158091e-02 -4.833151785874e-02 -4.712799605218e-02
Mode 23
-4.689891282299e-02 1.668696243876e-02 -2.892837351091e-03
Mode 24
4.669483375651e-03 1.648338553750e-02 4.689145289578e-02
Mode 25
-5.607575289974e-02 -1.322695525210e-01 1.576284131417e-02
Mode 26
-6.293807908812e-02 -1.515848247306e-01 8.671287215530e-04
Mode 27
5.404540702427e-02 1.406999674988e-01 8.417139715217e-02
Mode 28
6.494286832742e-03 4.660939688728e-03 -9.338841056601e-02
Mode 29
-2.666176161103e-03 -8.814559253859e-03 -1.855563071977e-02
Mode 30
1.810243924190e-02 5.139444509048e-02 9.319898467604e-02
Mode 31
-7.839340744314e-02 3.325426246300e-02 -3.979439533988e-03
Mode 32
-1.465508775203e-02 -2.604909918642e-02 8.473619577888e-02
Mode 33
-1.399515556057e-01 -3.611718001637e-01 -2.211148945154e-01
Mode 34
5.972490398308e-04 -1.525184177786e-02 -1.449024464782e-01
Mode 35
3.319259811368e-02 7.987861375997e-02 1.059467040292e-04
Mode 36
1.140811561295e-02 2.422158586004e-02 -2.332311249642e-02
Mode 37
-4.434946959034e-02 -9.952538493569e-02 7.246987703330e-02
Mode 38
7.616899671587e-02 -3.156219673013e-02 3.491913162252e-03
Mode 39
-2.303135717892e-03 -1.505207607455e-02 -8.994238221029e-02
Mode 40
4.836090944006e-03 4.873103414381e-03 -4.692106107805e-02
Mode 41
2.886549051564e-03 8.292941314934e-03 1.903896715545e-02
--
Polarizability derivatives 
Mode 0
1.272509618214e+00 1.210121994484e+00 -6.751430373693e-01
1.210121994484e+00 -1.188915382937e+00 3.950144184806e-01
-6.751430373693e-01 3.950144184806e-01 -6.980203376415e-02
Mode 1
-2.429984013118e-01 -2.638435631910e-01 2.470290004285e-01
-2.638435631910e-01 2.595247790793e-01 -1.675595430559e-01
2.470290004285e-01 -1.675595430559e-01 3.568804514314e-02
Mode 2
4.857298483718e-01 4.404827770244e-01 -5.151625711768e-01
4.404827770244e-01 -4.850374087208e-01 2.718882878947e-01
-5.151625711768e-01 2.718882878947e-01 -1.085992614593e-01
Mode 3
-3.155998312038e-01 -3.218269193684e-01 -9.351968458620e-02
-3.218269193684e-01 2.446456593642e-01 2.751492580404e-03
-9.351968458620e-02 2.751492580404e-03 -2.322350528978e-03
Mode 4
8.607207044007e-02 1.438113659727e-01 -4.201821021568e-01
1.438113659727e-01 1.706696903982e-01 -1.104135377820e+00
-4.201821021568e-01 -1.104135377820e+00 -6.042052871209e-01
Mode 5
-5.205430186522e-02 -2.045515632676e-01 -1.083468736880e-01
-2.045515632676e-01 -4.333869726061e-01 -1.004877995064e-01
-1.083468736880e-01 -1.004877995064e-01 1.366719089265e+00
Mode 6
-6.091269366236e-01 -4.948261134238e-01 9.487658426656e-01
-4.948261134238e-01 5.219431279950e-01 -4.185957725745e-01
9.487658426656e-01 -4.185957725745e-01 1.492671958035e-01
Mode 7
-9.847517267167e-02 -1.767416688122e-01 -7.467360903438e-02
-1.767416688122e-01 -4.879926887383e-01 -2.962752574648e-01
-7.467360903438e-02 -2.962752574648e-01 -6.813021848992e-01
Mode 8
2.176504305446e-01 1.931010630388e-01 -1.068809014975e-01
1.931010630388e-01 6.046883400038e-01 -2.966306272865e-02
-1.068809014975e-01 -2.966306272865e-02 1.904895242261e+00
Mode 9
-5.228319886509e-01 -5.561723498504e-01 -4.025658606926e-01
-5.561723498504e-01 5.852382356576e-01 1.333469676131e-01
-4.025658606926e-01 1.333469676131e-01 -1.166192229327e-02
Mode 10
2.871411723102e-01 5.590235731678e-01 3.694600936155e-01
5.590235731678e-01 1.468506265913e+00 8.903977744043e-01
3.694600936155e-01 8.903977744043e-01 2.294236465818e-01
Mode 11
-3.175657128174e-01 -5.605231110133e-01 2.582089556890e-01
-5.605231110133e-01 -1.421205521139e+00 5.497898043431e-01
2.582089556890e-01 5.497898043431e-01 -8.856251844965e-01
Mode 12
6.154178145521e-02 9.369415085244e-02 2.311248686920e-01
9.369415085244e-02 -1.317258755589e-01 -1.000092666311e-01
2.311248686920e-01 -1.000092666311e-01 -8.153183941037e-03
Mode 13
2.503071453526e-01 4.567555313105e-01 -2.998114939558e-01
4.567555313105e-01 1.042583755353e+00 -7.748316497292e-01
-2.998114939558e-01 -7.748316497292e-01 -5.680826329824e-01
Mode 14
-9.607820960470e-02 -1.088372478918e-01 -2.020716206191e-01
-1.088372478918e-01 6.235830473057e-02 8.597261307170e-02
-2.020716206191e-01 8.597261307170e-02 -8.542384469609e-03
Mode 15
-4.210202243007e-01 -8.610187505282e-01 -1.779028522841e-01
-8.610187505282e-01 -2.209400750839e+00 -6.059791216645e-01
-1.779028522841e-01 -6.059791216645e-01 -1.562851238400e+00
Mode 16
-1.093082093341e-01 -1.379190011458e-01 -2.478422823317e-01
-1.379190011458e-01 1.672100049500e-01 1.136434214014e-01
-2.478422823317e-01 1.136434214014e-01 1.850040440296e-02
Mode 17
5.148424715532e-01 8.532208993272e-01 -5.780793516044e-02
8.532208993272e-01 2.271888427507e+00 7.757012392171e-02
-5.780793516044e-02 7.757012392171e-02 2.651073447991e+00
Mode 18
4.373687915761e-01 4.055591660023e-01 -1.789502787394e-01
4.055591660023e-01 -4.692577521217e-01 4.164149672600e-02
-1.789502787394e-01 4.164149672600e-02 -2.467740625702e-02
Mode 19
-2.649214662545e-01 -1.537790409791e-01 6.667636540333e-01
-1.537790409791e-01 1.889261375283e-01 -3.126838058162e-01
6.667636540333e-01 -3.126838058162e-01 2.271967842438e-02
Mode 20
3.173002996013e-01 3.279064261147e-01 7.819595969245e-02
3.279064261147e-01 9.894559658457e-01 -4.740087717543e-03
7.819595969245e-02 -4.740087717543e-03 -1.745479010434e+00
Mode 21
4.210433552562e-01 1.271218353023e+00 -8.779472474297e-02
1.271218353023e+00 3.032339924794e+00 -2.664389458038e-01
-8.779472474297e-02 -2.664389458038e-01 -7.127232368709e-01
Mode 22
2.355442538093e-01 3.122460143472e-01 -5.394934914307e-02
3.122460143472e-01 9.239539526982e-01 5.978644864721e-02
-5.394934914307e-02 5.978644864721e-02 1.616647295729e+00
Mode 23
1.538869751424e-01 1.764781832832e-01 1.522504033080e-01
1.764781832832e-01 -2.982876229444e-01 -4.274729937827e-02
1.522504033080e-01 -4.274729937827e-02 -6.543211264100e-02
Mode 24
-5.488850958246e-01 -8.254231821822e-01 4.791854479964e-02
-8.254231821822e-01 -2.370177368226e+00 -1.673590909332e-01
4.791854479963e-02 -1.673590909332e-01 -2.519781249356e+00
Mode 25
4.005450002220e-01 5.737115114185e-01 8.973603658785e-02
5.737115114185e-01 1.697686157445e+00 3.166489478423e-01
8.973603658785e-02 3.166489478423e-01 8.774881393611e-01
Mode 26
-3.945421496212e-02 5.146721439935e-02 3.284760580624e-01
5.146721439935e-02 1.449783842300e-01 6.893082543524e-01
3.284760580624e-01 6.893082543524e-01 -1.286751454313e+00
Mode 27
5.215432786928e-01 7.010760324079e-01 -5.410591554215e-02
7.010760324079e-01 1.865016491094e+00 1.037958251021e-01
-5.410591554215e-02 1.037958251021e-01 2.392171886574e+00
Mode 28
-2.697878597126e-01 -7.900442640873e-01 -2.071506319882e-02
-7.900442640873e-01 -1.839402376770e+00 -7.190827517196e-02
-2.071506319882e-02 -7.190827517196e-02 -8.544694916538e-02
Mode 29
-2.221322180938e-01 -1.728952638910e+00 6.988726975787e-01
-1.728952638910e+00 -3.312025610042e+00 1.515943064420e+00
6.988726975787e-01 1.515943064420e+00 -4.579534428926e-01
Mode 30
2.262925347645e-01 -1.440384733758e+00 -2.569953130856e-01
-1.440384733758e+00 -2.764106880849e+00 -6.294709736613e-01
-2.569953130856e-01 -6.294709736613e-01 5.193555238386e-01
Mode 31
-1.476502511240e+00 -1.190889188359e+00 2.466837478394e+00
-1.190889188359e+00 1.348177287374e+00 -1.113135670311e+00
2.466837478394e+00 -1.113135670311e+00 2.333758015375e-01
Mode 32
-8.474660859580e-01 8.398635232070e-01 2.945532086095e-01
8.398635232070e-01 9.326837873585e-01 7.048841523691e-01
2.945532086095e-01 7.048841523691e-01 -9.411956640586e-01
Mode 33
1.181483129017e-01 -3.556898853315e-01 4.549985986175e-01
-3.556898853315e-01 -4.962587616758e-01 9.501521041402e-01
4.549985986175e-01 9.501521041402e-01 -8.277242563267e-01
Mode 34
5.582690181512e-01 1.695564215209e+00 5.312441451050e-01
1.695564215209e+00 4.057095085747e+00 1.013759427328e+00
5.312441451050e-01 1.013759427328e+00 -2.486057148190e+00
Mode 35
3.461340711281e-02 -3.694356864692e-01 -1.536893642588e+00
-3.694356864692e-01 -1.174668130623e+00 -3.769610400147e+00
-1.536893642588e+00 -3.769610400147e+00 -4.688079538543e-01
Mode 36
1.249073769226e+00 3.302062010099e+00 -1.458531995246e+00
3.302062010099e+00 7.421866117592e+00 -3.170278383487e+00
-1.458531995246e+00 -3.170278383487e+00 3.433979488546e+00
Mode 37
7.156911083146e+00 1.596115670625e+00 -8.083443220232e-01
1.596115670625e+00 1.012943721164e+01 -2.106628395374e+00
-8.083443220232e-01 -2.106628395374e+00 5.110523700955e+00
Mode 38
-5.541552622736e+00 -5.525906615383e+00 4.627252217906e-02
-5.525906615383e+00 5.467750985713e+00 -3.726127218150e-01
4.627252217906e-02 -3.726127218150e-01 1.245253741808e-02
Mode 39
3.426768326158e+00 3.877873011764e-01 7.131341251771e-01
3.877873011764e-01 4.245931259011e+00 5.067464029646e-01
7.131341251771e-01 5.067464029646e-01 -7.087978945386e+00
Mode 40
-3.176011611284e-01 -8.571436971160e-02 5.113558681524e-01
-8.571436971160e-02 -4.102301015937e-01 2.291512014163e-01
5.113558681524e-01 2.291512014163e-01 -8.849195904165e+00
Mode 41
1.216270592353e+00 1.891220787008e+00 -1.148820794432e+00
1.891220787008e+00 4.637276061128e+00 -2.569311878406e+00
-1.148820794432e+00 -2.569311878406e+00 2.093498319859e+00
--
