Number of atoms 
20
--
Anisotropy 
113.116
--
Frequencies 
41.684600000000
69.563200000000
90.430900000000
98.680200000000
105.804300000000
147.246400000000
157.985500000000
182.172200000000
222.889000000000
227.435900000000
260.588200000000
293.566800000000
311.627800000000
335.499200000000
426.191900000000
488.248300000000
548.345800000000
560.033800000000
609.093000000000
645.894900000000
715.889400000000
827.789100000000
828.816600000000
848.164600000000
860.300900000000
887.311700000000
944.900100000000
998.532800000000
1034.705300000000
1100.431900000000
1137.383400000000
1147.463400000000
1174.589100000000
1217.062600000000
1298.271100000000
1312.202400000000
1335.989200000000
1385.208800000000
1420.195000000000
1439.939900000000
1455.189800000000
1471.992500000000
1477.194600000000
1504.785000000000
1603.101100000000
1618.153300000000
2686.035300000000
2999.569300000000
3045.884300000000
3048.106900000000
3135.332800000000
3139.354600000000
3210.470200000000
3221.921100000000
--
Displacements 
Mode 0
-2.608380614633e-03 -3.627577043571e-01 -2.104285430777e-04
1.277105675452e-03 -1.356362744860e-01 -1.081686027162e-03
3.112597436669e-03 5.455735057097e-02 3.715808912352e-03
2.581295982769e-03 4.574257769256e-02 -9.764717556229e-04
-4.389703112122e-03 8.107892391499e-02 -2.634122885190e-03
2.049994528868e-03 3.692780481414e-02 -5.668752423598e-03
-1.277105675452e-03 1.356362744860e-01 1.081686027162e-03
1.072513838255e-04 -7.663291012140e-02 -5.233123681556e-03
-5.693893419438e-03 -1.002999282635e-01 -2.739337156729e-03
-5.313014539007e-04 -8.814772878415e-03 -4.692280667975e-03
-3.858401658221e-03 8.989369679341e-02 2.058157782785e-03
2.554211350905e-03 -2.712725489719e-01 -2.163372054324e-03
-1.862576393081e-03 -5.072087517214e-01 -5.984395238214e-03
-1.459568869737e-01 -3.689227827671e-01 4.891387840186e-02
1.444912760188e-01 -3.698534126190e-01 -4.615976958925e-02
1.494393652167e-01 -1.251024369911e-01 -3.764646573738e-02
-1.501050026863e-01 -1.240945524304e-01 3.700040845226e-02
4.524039127811e-03 1.593032926281e-01 -1.412100497665e-03
1.942743145043e-03 1.135607149355e-01 -4.356287420420e-04
7.458042215516e-04 -1.444510473644e-01 -5.773966695137e-03
Mode 1
-1.915658513178e-03 2.034544117289e-01 1.622529040743e-03
2.688547366594e-03 -3.089033242884e-02 -6.209595437179e-03
-6.359530889029e-03 -3.494969176850e-01 -3.385394441849e-03
-6.656374695903e-04 -2.491969894215e-01 -6.460572851198e-04
2.446959967079e-03 -1.946396388505e-01 3.069751627232e-03
1.169854291627e-03 -5.900336436457e-02 4.151437654394e-03
-1.915658513178e-03 2.034544117289e-01 1.622529040743e-03
-2.581295982769e-03 -4.574257769256e-02 9.764717556229e-04
3.858401658221e-03 -8.989369679341e-02 -2.058157782785e-03
4.496954495947e-03 -1.577118340364e-01 -2.599000796366e-03
-1.169854291627e-03 5.900336436457e-02 -4.151437654394e-03
-2.049994528868e-03 -3.692780481414e-02 5.668752423598e-03
-7.187195896875e-04 4.614661740289e-01 6.960866993837e-03
2.250798815194e-01 1.775626589552e-01 3.247934726363e-03
-2.187203506303e-01 1.719342587298e-01 1.374597154861e-04
-2.190371493166e-01 9.853665608614e-03 -1.502106831560e-02
2.158173004961e-01 1.222189394181e-02 1.653838308480e-02
-3.885486290085e-03 -2.271214298711e-01 8.712574840840e-04
-2.608380614633e-03 -3.627577043571e-01 -2.104285430777e-04
-3.751150274396e-03 1.326078667201e-02 -3.174965898771e-03
Mode 2
3.219848820495e-03 -2.207555955042e-02 -1.517314769204e-03
-2.688547366594e-03 3.089033242884e-02 6.209595437179e-03
2.581295982769e-03 4.574257769256e-02 -9.764717556229e-04
-3.219848820495e-03 2.207555955042e-02 1.517314769204e-03
-3.219848820495e-03 2.207555955042e-02 1.517314769204e-03
-2.049994528868e-03 -3.692780481414e-02 5.668752423598e-03
-3.219848820495e-03 2.207555955042e-02 1.517314769204e-03
-2.581295982769e-03 -4.574257769256e-02 9.764717556229e-04
5.313014539007e-04 8.814772878415e-03 4.692280667975e-03
-3.751150274396e-03 1.326078667201e-02 -3.174965898771e-03
-5.313014539007e-04 -8.814772878415e-03 -4.692280667975e-03
-3.751150274396e-03 1.326078667201e-02 -3.174965898771e-03
-2.049994528868e-03 -3.692780481414e-02 5.668752423598e-03
-1.527822859419e-02 -3.574196291275e-02 2.625048224638e-02
2.019923316021e-02 -3.652218812383e-02 -1.892407869321e-02
1.580953004809e-02 4.455673579116e-02 -2.155820157840e-02
-2.019923316021e-02 3.652218812383e-02 1.892407869321e-02
-3.858401658221e-03 8.989369679341e-02 2.058157782785e-03
-5.882398698856e-03 -9.747123981356e-01 -1.066914371275e-03
-1.942743145043e-03 -1.135607149355e-01 4.356287420420e-04
Mode 3
-2.040229033255e-01 -2.197949115782e-03 -3.350668947215e-01
-2.338221943686e-02 4.129316835164e-03 -1.756024503151e-01
-8.509051546169e-02 2.275085947581e-03 -1.595080444349e-02
-4.029121493660e-02 -3.588533873737e-03 3.261503370487e-02
-3.127022131284e-02 -1.997075282026e-03 2.860393241084e-02
-3.555267304113e-02 2.448938511569e-03 2.073668584410e-02
-6.689810564071e-02 2.120576530030e-03 2.490274315944e-02
-3.555267304113e-02 2.448938511569e-03 2.073668584410e-02
-3.555267304113e-02 2.448938511569e-03 2.073668584410e-02
-4.029121493660e-02 -3.588533873737e-03 3.261503370487e-02
8.516572674843e-02 -3.943799248067e-03 4.038867953899e-02
-3.134543259957e-02 -3.283619815390e-04 4.166057315346e-03
-1.333688249636e-01 2.916453663998e-03 -5.231675169827e-01
-3.118187366434e-01 -1.081196603742e-02 -3.066792736207e-01
-3.209149415539e-01 -1.073471132864e-02 -3.271060474222e-01
6.637162663356e-02 9.560416573376e-03 -1.959678688279e-01
7.118537981576e-02 1.392917565820e-02 -1.834083415932e-01
-2.224922768908e-02 -4.056166903143e-04 2.459283111681e-02
-7.584388797773e-02 -1.139595362168e-03 5.335171954897e-02
-3.555267304113e-02 2.448938511569e-03 2.073668584410e-02
Mode 4
1.411441691142e-03 1.047459420571e-01 -5.127909410017e-03
-1.835491761217e-03 -1.901936250569e-01 -4.797494939514e-03
-6.385528377262e-04 6.781813724298e-02 5.408430135809e-04
-3.219848820495e-03 2.207555955042e-02 1.517314769204e-03
3.751150274396e-03 -1.326078667201e-02 3.174965898771e-03
0.000000000000e+00 0.000000000000e+00 0.000000000000e+00
-3.219848820495e-03 2.207555955042e-02 1.517314769204e-03
5.313014539007e-04 8.814772878415e-03 4.692280667975e-03
-3.751150274396e-03 1.326078667201e-02 -3.174965898771e-03
-3.219848820495e-03 2.207555955042e-02 1.517314769204e-03
0.000000000000e+00 0.000000000000e+00 0.000000000000e+00
3.751150274396e-03 -1.326078667201e-02 3.174965898771e-03
4.496954495947e-03 -1.577118340364e-01 -2.599000796366e-03
-1.040831648049e-01 3.378005683350e-01 -3.244340777982e-01
9.341518469934e-02 3.448268178885e-01 3.219752613673e-01
7.368195263675e-02 -3.921261547796e-01 2.594379474814e-01
-7.299031767892e-02 -3.863551459137e-01 -2.675857147740e-01
3.219848820495e-03 -2.207555955042e-02 -1.517314769204e-03
-5.693893419438e-03 -1.002999282635e-01 -2.739337156729e-03
5.313014539007e-04 8.814772878415e-03 4.692280667975e-03
Mode 5
-8.335101097328e-02 4.886212000031e-03 2.133746327519e-01
-2.187363041696e-01 3.178812406668e-03 8.273043206639e-02
-1.616913387535e-01 -2.673142391542e-03 -4.060499084899e-02
-1.659737904818e-01 1.772871402053e-03 -4.847223741573e-02
-9.907568484112e-02 -3.477051279771e-04 -7.337498057518e-02
-4.464887795163e-02 2.526193220345e-03 3.099120426302e-04
2.551211238116e-01 -3.487831241769e-03 -1.023336860522e-03
-6.682289435397e-02 4.518632295437e-04 4.934061825494e-02
-1.519134098157e-01 2.726949177124e-03 3.338981381145e-02
-1.792020245471e-01 2.958713303450e-03 -2.789050759295e-02
1.204175546426e-01 2.821154423097e-04 -7.809950668710e-02
-2.406846867118e-01 -3.901657485592e-03 2.050747635652e-01
-1.318310729328e-01 1.846139211051e-03 3.524445488008e-01
1.015398537154e-02 -2.943474933767e-03 1.961841801379e-01
5.871533643240e-03 1.502538859828e-03 1.883169335712e-01
-2.771447176405e-01 -1.923925350005e-03 9.892979326383e-02
-2.814271693688e-01 2.522088443590e-03 9.106254669708e-02
-8.592266206253e-02 1.351662711124e-04 -1.183945854935e-01
2.809006903616e-01 9.158904659816e-03 -2.621276723656e-01
-5.291293626128e-02 4.743367605588e-03 8.232691929113e-02
Mode 6
-2.049994528868e-03 -3.692780481414e-02 5.668752423598e-03
3.112597436669e-03 5.455735057097e-02 3.715808912352e-03
-1.915658513178e-03 2.034544117289e-01 1.622529040743e-03
-6.332446257164e-03 -3.248179102055e-02 -2.198494143148e-03
4.389703112122e-03 -8.107892391499e-02 2.634122885190e-03
1.915658513178e-03 -2.034544117289e-01 -1.622529040743e-03
1.942743145043e-03 1.135607149355e-01 -4.356287420420e-04
-2.608380614633e-03 -3.627577043571e-01 -2.104285430777e-04
-3.885486290085e-03 -2.271214298711e-01 8.712574840840e-04
1.277105675452e-03 -1.356362744860e-01 -1.081686027162e-03
0.000000000000e+00 0.000000000000e+00 0.000000000000e+00
-4.496954495947e-03 1.577118340364e-01 2.599000796366e-03
1.915658513178e-03 -2.034544117289e-01 -1.622529040743e-03
-1.298146047001e-01 6.469992468412e-03 -4.007876749636e-02
1.350844480494e-01 8.382252795309e-03 3.289270030356e-02
9.570541344715e-02 2.576069127937e-02 2.601654515339e-02
-1.021451110881e-01 1.839042782147e-02 -2.298191561498e-02
-6.385528377262e-04 6.781813724298e-02 5.408430135809e-04
5.854707176290e-04 6.428450262074e-01 7.066081265376e-03
6.114682058620e-04 -3.848332639075e-01 -1.727743312282e-03
Mode 7
1.120030737595e-01 5.836716428526e-03 -4.495824962960e-02
1.205679772161e-01 -3.055311158663e-03 -2.922375649610e-02
1.031325027092e-01 9.078312358419e-04 7.928601855430e-03
8.982905735716e-02 3.762386437725e-03 4.072456582714e-03
1.165111593480e-01 -3.615437266528e-03 3.622262222364e-02
1.080214671781e-01 3.607877020175e-03 4.492600418565e-02
-3.671241975711e-01 -2.348885186757e-03 4.598158649012e-02
1.525951338430e-01 2.750397100317e-03 2.017821704752e-02
1.170424608019e-01 5.199335611886e-03 4.091490289162e-02
8.494009288822e-02 1.062340653392e-03 -3.292494574750e-02
3.299882553988e-03 -3.248506869090e-03 -1.434522846742e-01
-5.981836896295e-02 -2.580531436106e-03 4.378528332581e-01
1.114717723056e-01 -2.978056449888e-03 -4.965053029757e-02
1.120030737595e-01 5.836716428526e-03 -4.495824962960e-02
1.029820801357e-01 4.245257836815e-03 -4.094714833556e-02
1.338714225681e-01 -5.909866360547e-03 -2.536761122339e-02
1.428924161919e-01 -4.318407768836e-03 -2.937871251742e-02
1.212497012435e-01 2.422035118778e-03 2.434427436287e-02
-4.141704226359e-01 -1.659874470316e-02 4.829982843529e-01
1.477813806608e-01 -1.618361984503e-03 7.618689812800e-03
Mode 8
-2.335536201499e-01 -1.583898345358e-03 -7.713752511526e-02
5.721111069771e-03 4.839965460801e-03 1.394411833802e-01
-1.630248275910e-02 -5.717911309726e-04 2.373476397835e-01
-3.938385704902e-02 -3.117327497755e-03 1.594966898503e-01
-7.493653009016e-02 -6.683889861859e-04 1.802333756944e-01
-5.253687982761e-02 -3.600198896845e-03 2.045162947686e-01
1.092296702127e-01 -2.595769805790e-03 2.695591607131e-01
-2.623083427044e-02 -2.634456098666e-03 1.144770849321e-01
4.540581326573e-02 1.282439756610e-03 7.769599391184e-02
1.819240982099e-02 -1.545094175505e-04 4.085354760293e-02
-2.330700815012e-02 2.460603534677e-03 -1.511645752196e-01
1.427419936184e-01 -9.809811678626e-04 -7.825446270841e-02
-1.238213523327e-01 -7.173080847696e-03 -3.561134926083e-01
-4.301159079172e-01 3.669244052111e-03 -4.343779926118e-02
-4.168124625651e-01 8.146888502273e-04 -3.958165398847e-02
8.645396351643e-02 8.679606607302e-03 1.230868661614e-01
9.020511379083e-02 -4.581180064707e-03 1.262618320602e-01
-5.696975412937e-02 4.183241497723e-03 1.477732980109e-01
1.262138769991e-01 3.453367602624e-03 8.577955178858e-02
-7.163664753617e-02 -3.916895855276e-03 3.678109102022e-02
Mode 9
-2.581295982769e-03 -4.574257769256e-02 9.764717556229e-04
1.942743145043e-03 1.135607149355e-01 -4.356287420420e-04
-1.915658513178e-03 2.034544117289e-01 1.622529040743e-03
1.072513838255e-04 -7.663291012140e-02 -5.233123681556e-03
8.016675196133e-05 -3.936480367859e-01 -6.420023980256e-03
-1.411441691142e-03 -1.047459420571e-01 5.127909410017e-03
2.581295982769e-03 4.574257769256e-02 -9.764717556229e-04
-1.915658513178e-03 2.034544117289e-01 1.622529040743e-03
5.162591965538e-03 9.148515538512e-02 -1.952943511246e-03
-3.751150274396e-03 1.326078667201e-02 -3.174965898771e-03
0.000000000000e+00 0.000000000000e+00 0.000000000000e+00
-2.581295982769e-03 -4.574257769256e-02 9.764717556229e-04
-3.354184836185e-03 -2.183066569927e-01 5.563538152059e-03
-1.583210673596e-01 -2.808612854294e-02 6.753444572804e-03
1.552084699229e-01 -2.647122202803e-02 -1.046925348516e-02
6.035115661589e-02 1.186634526922e-01 -1.663498993948e-02
-6.021682060020e-02 1.217187638509e-01 1.258876655662e-02
-3.274018084223e-03 -6.119546937786e-01 -8.564858281975e-04
3.219848820495e-03 -2.207555955042e-02 -1.517314769204e-03
-1.781322497489e-03 4.438366282720e-01 -2.423694342112e-03
Mode 10
0.000000000000e+00 0.000000000000e+00 0.000000000000e+00
-3.858401658221e-03 8.989369679341e-02 2.058157782785e-03
1.169854291627e-03 -5.900336436457e-02 4.151437654394e-03
-2.049994528868e-03 -3.692780481414e-02 5.668752423598e-03
2.049994528868e-03 3.692780481414e-02 -5.668752423598e-03
2.049994528868e-03 3.692780481414e-02 -5.668752423598e-03
3.751150274396e-03 -1.326078667201e-02 3.174965898771e-03
-3.219848820495e-03 2.207555955042e-02 1.517314769204e-03
3.219848820495e-03 -2.207555955042e-02 -1.517314769204e-03
6.385528377262e-04 -6.781813724298e-02 -5.408430135809e-04
0.000000000000e+00 0.000000000000e+00 0.000000000000e+00
0.000000000000e+00 0.000000000000e+00 0.000000000000e+00
2.527126719040e-03 -5.882876756364e-01 -3.350272353024e-03
-4.193298113722e-01 2.176188069831e-01 -2.334621257117e-01
4.175484888747e-01 2.262178212890e-01 2.310384313696e-01
-4.569552732012e-02 1.536520937867e-01 -9.166762164422e-02
4.519131049808e-02 1.545482599994e-01 8.816224127495e-02
-6.385528377262e-04 6.781813724298e-02 5.408430135809e-04
-2.581295982769e-03 -4.574257769256e-02 9.764717556229e-04
2.049994528868e-03 3.692780481414e-02 -5.668752423598e-03
Mode 11
0.000000000000e+00 0.000000000000e+00 0.000000000000e+00
-2.581295982769e-03 -4.574257769256e-02 9.764717556229e-04
1.304190307316e-03 1.813788521785e-01 1.052142715389e-04
1.277105675452e-03 -1.356362744860e-01 -1.081686027162e-03
-3.858401658221e-03 8.989369679341e-02 2.058157782785e-03
5.055340581712e-03 1.681180655065e-01 3.280180170310e-03
-2.581295982769e-03 -4.574257769256e-02 9.764717556229e-04
-1.915658513178e-03 2.034544117289e-01 1.622529040743e-03
-1.304190307316e-03 -1.813788521785e-01 -1.052142715389e-04
5.001171317984e-03 -4.659121878225e-01 9.063795729086e-04
-3.751150274396e-03 1.326078667201e-02 -3.174965898771e-03
-2.688547366594e-03 3.089033242884e-02 6.209595437179e-03
3.246933452359e-03 2.949395671141e-01 -3.304144705031e-04
2.179265527724e-01 -1.212744608677e-01 1.179004781076e-01
-2.090398951643e-01 -1.175162970837e-01 -1.178653560188e-01
1.052417549855e-01 -1.325885235737e-01 1.092906968782e-01
-1.111772358045e-01 -1.314607111116e-01 -1.027506869706e-01
-3.085512804805e-03 2.624577760935e-01 -2.528908613651e-03
2.554211350905e-03 -2.712725489719e-01 -2.163372054324e-03
-4.362618480258e-03 3.980940505795e-01 -1.447222586490e-03
Mode 12
3.217757920041e-02 2.468281658007e-03 9.827772373462e-02
-2.385930071923e-01 -9.465175287180e-04 -1.630106776365e-01
-1.808663177488e-01 -1.321126049486e-03 -2.327780696929e-01
-5.863404733105e-02 -9.659785521330e-05 -5.711426408905e-02
5.359466028865e-02 7.339786718533e-04 -2.875888843216e-02
9.479323311282e-02 4.793718921572e-03 6.550773400843e-02
-6.659726049377e-02 -4.554276671916e-03 1.226542435414e-01
7.682645715204e-02 -5.791156233718e-05 9.796781169199e-02
1.834283239446e-02 -3.491936018524e-03 8.972929779393e-02
-5.787711201695e-02 3.712035121742e-03 2.089164186541e-02
9.020993623759e-03 1.591458591711e-03 -4.011101294031e-03
1.386099644636e-01 1.276060247592e-04 -3.724595908416e-02
-1.044672469146e-01 -5.433821576151e-05 4.381627453007e-01
2.558028478390e-01 1.989515035672e-03 5.254469399845e-02
2.696375946449e-01 7.949732712203e-03 6.109311993914e-02
-3.283468532627e-01 -6.377617266930e-03 -1.426452591237e-01
-3.278155518088e-01 2.437155611484e-03 -1.379529784557e-01
8.899691075632e-02 1.622466761257e-03 -9.837132446725e-02
-8.312537711308e-02 -1.199279014290e-04 2.866882580384e-01
9.020511379083e-02 -4.581180064707e-03 1.262618320602e-01
Mode 13
-3.175863551506e-01 -2.175032622769e-03 8.266907677770e-02
-1.557445938236e-01 -2.839316832200e-03 1.721498178177e-01
-4.457366666489e-02 8.574799198580e-04 2.474778713813e-02
-1.811719853425e-02 -1.514203882936e-03 -1.641567250744e-02
7.110534608227e-02 -4.897877023139e-03 -4.147337168819e-02
8.907212204305e-02 -4.624653922937e-05 -7.393344937175e-02
-2.812076133232e-02 -1.908155550143e-03 -1.637241024544e-01
9.396108651198e-02 2.653799245104e-03 -3.693604704153e-02
8.501530417496e-02 -6.063726470942e-04 -8.487070652006e-03
3.127022131284e-02 1.997075282026e-03 -2.860393241084e-02
-4.207240441562e-03 2.777300493108e-03 1.657062852875e-02
1.304211174407e-01 6.760671095162e-04 6.920892325983e-02
-2.247582603863e-01 5.013700147813e-03 -1.544622516958e-01
-4.918242039420e-01 1.815013164528e-03 1.162138466105e-01
-4.923555053959e-01 -6.999759713887e-03 1.115215659425e-01
-1.865587249692e-01 5.647094064675e-03 1.810081558010e-01
-1.870900264231e-01 -3.167678813739e-03 1.763158751330e-01
7.584388797773e-02 1.139595362168e-03 -5.335171954897e-02
-4.525539069226e-02 -4.619866357583e-03 -2.882024372084e-02
1.120782850462e-01 4.168003128040e-03 -2.052037453410e-02
Mode 14
-1.295137595531e-01 -2.048607335344e-04 5.767273288563e-02
-1.720984064668e-02 -1.042997506954e-03 1.104659836380e-01
4.938741984709e-02 3.511279164962e-03 -1.218825990341e-02
5.840841347085e-02 5.102737756673e-03 -1.619936119744e-02
2.731631110591e-01 -3.049140583464e-04 -9.045539448583e-03
2.912803095934e-01 1.209289824590e-03 7.370133058853e-03
-2.623083427044e-02 -2.634456098666e-03 1.144770849321e-01
2.682741465902e-01 -3.004959842680e-03 -4.604294177880e-02
-2.728861473148e-02 2.317641263257e-04 -6.128032140440e-02
1.322823406532e-02 -1.185841901397e-03 -2.058172982278e-02
0.000000000000e+00 0.000000000000e+00 0.000000000000e+00
-2.428002476339e-01 1.830782964390e-03 -1.464400491077e-01
-6.359822308672e-02 -1.127930339060e-03 -1.185495415148e-01
-2.543641884975e-01 7.296464218724e-03 7.902924281499e-02
-2.554267914053e-01 -1.033308153811e-02 6.964468147904e-02
-4.381673135079e-02 4.666112896813e-03 1.027536930926e-01
-4.006558107639e-02 -8.594673775197e-03 1.059286589914e-01
3.265321374876e-01 5.435204514967e-03 -1.111180531672e-01
-5.981836896295e-02 -2.580531436106e-03 4.378528332581e-01
3.499895682112e-01 -3.628256206836e-04 8.892227224341e-02
Mode 15
8.922254461652e-02 -3.383673140202e-03 -2.505769918076e-02
1.789156467405e-02 6.520343784396e-03 -5.689795277906e-02
-7.990070584582e-02 -1.699721470032e-03 1.187980982687e-01
-1.217045360428e-02 -1.680378323594e-03 1.963391361592e-01
1.759021419932e-01 2.897935656399e-04 1.713427922672e-01
1.345531465955e-01 -4.325200831056e-04 2.820041963558e-02
-1.511816112720e-02 1.912142449920e-03 -2.576194575636e-01
1.889927061882e-03 -7.263005485231e-04 2.782011873864e-01
-1.458162423122e-01 -7.766518645070e-04 2.950203726691e-01
-1.011673643606e-01 -3.302845084852e-03 2.947104606265e-01
-1.504225734693e-04 3.337426600973e-03 -4.887575019099e-02
-3.638481964197e-02 3.090188351010e-04 -8.170709520587e-02
2.323179686339e-02 -7.918902341905e-04 1.267267001241e-01
1.965622877673e-01 -5.253142397469e-03 -3.369972585408e-02
2.018321311167e-01 9.599102866252e-03 -4.088579304688e-02
7.531258652383e-02 -7.675177516247e-03 -5.804400021695e-02
7.156143624943e-02 5.585609155763e-03 -6.121896611572e-02
1.668811483694e-01 -1.301665026071e-03 1.753538935612e-01
-5.780190073021e-02 2.043321821255e-03 4.532951696091e-02
1.472035717696e-01 3.043764012533e-03 5.317159429234e-01
Mode 16
-9.020993623759e-03 -1.591458591711e-03 4.011101294031e-03
1.535024917306e-01 3.221603476299e-03 1.470598731930e-01
1.475557468006e-01 3.387777916957e-03 -6.569493547369e-02
-5.127734690897e-02 -2.784978616439e-03 -2.660129274830e-01
-9.592622486060e-02 -2.587853960940e-04 -2.657030154404e-01
5.787711201695e-02 -3.712035121742e-03 -2.089164186541e-02
-3.127022131284e-02 -1.997075282026e-03 2.860393241084e-02
-7.004756562122e-02 2.031656798147e-03 2.172307780246e-01
-1.062067514030e-01 -2.665464268212e-03 2.088373081053e-01
-1.701058196367e-01 2.881458594675e-03 -7.463733791485e-03
1.330344535205e-02 -2.854555201884e-03 3.856145272715e-03
3.555267304113e-02 -2.448938511569e-03 -2.073668584410e-02
1.276238324912e-01 9.311612820575e-04 -3.358739202721e-01
-2.412111657189e-01 7.779335617813e-03 3.400963789671e-02
-2.379913168984e-01 -1.429622393261e-02 3.249232312751e-02
1.135921556744e-01 1.178526908195e-02 1.354914373748e-01
1.168120044949e-01 -1.029029046847e-02 1.339741226056e-01
-4.255719843215e-02 5.481333177219e-03 -3.677755291590e-01
-5.193036708697e-02 3.545860681083e-03 2.336464505321e-01
-2.166890806210e-03 -1.286426656388e-03 3.436475661062e-01
Mode 17
0.000000000000e+00 0.000000000000e+00 0.000000000000e+00
0.000000000000e+00 0.000000000000e+00 0.000000000000e+00
-2.049994528868e-03 -3.692780481414e-02 5.668752423598e-03
1.835491761217e-03 1.901936250569e-01 4.797494939514e-03
1.808407129353e-03 -1.268215016076e-01 3.610594640813e-03
-2.554211350905e-03 2.712725489719e-01 2.163372054324e-03
3.751150274396e-03 -1.326078667201e-02 3.174965898771e-03
-3.219848820495e-03 2.207555955042e-02 1.517314769204e-03
1.250021043588e-03 -4.526514011505e-01 -2.268586325862e-03
7.728888534158e-04 1.725640793001e-01 -4.587066396436e-03
0.000000000000e+00 0.000000000000e+00 0.000000000000e+00
2.049994528868e-03 3.692780481414e-02 -5.668752423598e-03
-5.313014539007e-04 -8.814772878415e-03 -4.692280667975e-03
-4.738541895462e-03 -6.037472385306e-03 1.187834786078e-02
8.489692169858e-03 -7.223314286703e-03 -8.703381962005e-03
-4.036642622333e-02 -1.919820573250e-03 8.177158609376e-03
4.036642622333e-02 1.919820573250e-03 -8.177158609376e-03
-1.996912408771e-03 -7.475909682645e-01 -1.938171855359e-03
5.666808787574e-03 -2.167151984010e-01 1.552436858028e-03
-4.496954495947e-03 1.577118340364e-01 2.599000796366e-03
Mode 18
0.000000000000e+00 0.000000000000e+00 0.000000000000e+00
3.219848820495e-03 -2.207555955042e-02 -1.517314769204e-03
3.858401658221e-03 -8.989369679341e-02 -2.058157782785e-03
5.583860857648e-04 3.258298995429e-01 5.879180966676e-03
-3.858401658221e-03 8.989369679341e-02 2.058157782785e-03
4.362618480258e-03 -3.980940505795e-01 1.447222586490e-03
-3.219848820495e-03 2.207555955042e-02 1.517314769204e-03
5.055340581712e-03 1.681180655065e-01 3.280180170310e-03
1.277105675452e-03 -1.356362744860e-01 -1.081686027162e-03
4.389703112122e-03 -8.107892391499e-02 2.634122885190e-03
0.000000000000e+00 0.000000000000e+00 0.000000000000e+00
0.000000000000e+00 0.000000000000e+00 0.000000000000e+00
5.313014539007e-04 8.814772878415e-03 4.692280667975e-03
1.849807741468e-02 1.366640336232e-02 -2.776779701558e-02
-1.697938433972e-02 1.444662857341e-02 1.740676392401e-02
-2.622601182368e-02 1.786130988315e-02 -5.189576006845e-02
2.827600635255e-02 1.906649493099e-02 4.622700764485e-02
-3.858401658221e-03 8.989369679341e-02 2.058157782785e-03
-3.219848820495e-03 2.207555955042e-02 1.517314769204e-03
8.270581171441e-04 8.065943326291e-01 -2.213265799035e-03
Mode 19
1.071141092906e-01 3.136670644193e-03 -8.195565195981e-02
3.555267304113e-02 -2.448938511569e-03 -2.073668584410e-02
-1.324375856734e-01 -5.299920366877e-03 3.233143930373e-01
-3.045837549454e-01 1.645265377294e-03 -1.122627833157e-02
-4.119857282417e-02 -4.059740249719e-03 -9.426662244059e-02
1.435741402193e-01 1.158938508606e-03 2.418931834155e-02
-4.282451728296e-03 4.446013793595e-03 -7.867246566746e-03
2.054328588176e-01 -3.242572047845e-04 -8.658657733910e-02
-4.540581326573e-02 -1.282439756610e-03 -7.769599391184e-02
-1.940945518141e-01 -1.352841480894e-04 -2.121963398701e-01
4.813753182197e-03 4.368759084820e-03 1.255952723472e-02
5.848362475758e-02 3.434024456186e-03 8.238513898060e-03
1.481731598026e-02 4.762710752026e-03 1.598679571816e-01
2.899168615386e-01 -9.745402730293e-03 -9.976592865909e-02
2.957180063419e-01 1.392161541184e-02 -1.022597151839e-01
2.236252686386e-01 -4.787666223350e-04 -4.573302973617e-02
2.241565700925e-01 8.336006256080e-03 -4.104074906820e-02
1.135634518251e-01 -2.291649301371e-05 -4.177359714992e-01
-2.126665851477e-02 -1.603123614819e-03 1.759123623578e-01
2.236252686386e-01 -4.787666223350e-04 -4.573302973617e-02
Mode 20
0.000000000000e+00 0.000000000000e+00 0.000000000000e+00
0.000000000000e+00 0.000000000000e+00 0.000000000000e+00
2.049994528868e-03 3.692780481414e-02 -5.668752423598e-03
2.554211350905e-03 -2.712725489719e-01 -2.163372054324e-03
2.581295982769e-03 4.574257769256e-02 -9.764717556229e-04
3.858401658221e-03 -8.989369679341e-02 -2.058157782785e-03
0.000000000000e+00 0.000000000000e+00 0.000000000000e+00
-3.858401658221e-03 8.989369679341e-02 2.058157782785e-03
-1.304190307316e-03 -1.813788521785e-01 -1.052142715389e-04
6.656374695903e-04 2.491969894215e-01 6.460572851198e-04
0.000000000000e+00 0.000000000000e+00 0.000000000000e+00
0.000000000000e+00 0.000000000000e+00 0.000000000000e+00
-3.751150274396e-03 1.326078667201e-02 -3.174965898771e-03
9.477083790925e-03 1.207494477061e-02 -2.375669572155e-02
-1.269693261142e-02 1.000061477981e-02 2.527401049076e-02
4.510496811879e-02 7.957292958557e-03 -2.005550647015e-02
-4.832481693929e-02 1.411826659187e-02 2.157282123936e-02
4.578208391540e-03 7.933335459571e-01 9.617000997364e-04
-3.219848820495e-03 2.207555955042e-02 1.517314769204e-03
5.189676597402e-03 4.085002820496e-01 -7.660432125452e-04
Mode 21
5.848362475758e-02 3.434024456186e-03 8.238513898060e-03
7.675124586530e-02 1.610801738149e-03 7.352993659649e-02
-3.149585517304e-02 3.009064619434e-03 -4.470969287565e-02
-1.736026322015e-02 2.294429094019e-03 6.159023344703e-02
3.184937130381e-01 2.646238998750e-03 4.421257936776e-02
-6.929314104283e-03 1.363681365163e-03 -3.640743399076e-01
5.645899783036e-03 6.508678761288e-03 1.150033082847e-01
-1.272716574602e-01 -5.871473776331e-04 -2.615369581250e-01
-4.533477047806e-01 4.461134286301e-03 -1.701644993853e-01
-2.357957222428e-01 -1.201611701259e-03 2.420721658954e-01
-4.282451728296e-03 4.446013793595e-03 -7.867246566746e-03
1.304211174407e-01 6.760671095162e-04 6.920892325983e-02
1.682158925748e-01 -2.155158046152e-03 -2.707374535949e-01
-1.243191274905e-01 1.631609783067e-02 2.604879059733e-02
-1.131408879540e-01 -2.179754888487e-02 1.113581319815e-02
1.406038066616e-02 9.540777750713e-04 8.186205122718e-02
2.675731327758e-02 -9.046537004740e-03 5.658804073643e-02
2.556476028188e-01 -1.516882434517e-02 1.700417888080e-01
3.930864576229e-02 4.786040798242e-03 -1.839345649458e-01
4.525539069226e-02 4.619866357583e-03 2.882024372084e-02
Mode 22
2.049994528868e-03 3.692780481414e-02 -5.668752423598e-03
3.112597436669e-03 5.455735057097e-02 3.715808912352e-03
0.000000000000e+00 0.000000000000e+00 0.000000000000e+00
6.385528377262e-04 -6.781813724298e-02 -5.408430135809e-04
1.942743145043e-03 1.135607149355e-01 -4.356287420420e-04
-2.581295982769e-03 -4.574257769256e-02 9.764717556229e-04
0.000000000000e+00 0.000000000000e+00 0.000000000000e+00
-3.751150274396e-03 1.326078667201e-02 -3.174965898771e-03
3.751150274396e-03 -1.326078667201e-02 3.174965898771e-03
-3.219848820495e-03 2.207555955042e-02 1.517314769204e-03
0.000000000000e+00 0.000000000000e+00 0.000000000000e+00
0.000000000000e+00 0.000000000000e+00 0.000000000000e+00
4.496954495947e-03 -1.577118340364e-01 -2.599000796366e-03
-1.991963998332e-01 -1.547764507792e-01 3.133130137382e-01
1.997006166553e-01 -1.534239030069e-01 -3.098076333689e-01
-1.117982158854e-01 -2.000940686350e-01 3.672376922675e-01
1.161608343656e-01 -1.979999819445e-01 -3.657904696810e-01
-1.331274939181e-03 -4.983939788430e-01 -1.292114570240e-03
0.000000000000e+00 0.000000000000e+00 0.000000000000e+00
-5.313014539007e-04 -8.814772878415e-03 -4.692280667975e-03
Mode 23
-2.049994528868e-03 -3.692780481414e-02 5.668752423598e-03
-2.049994528868e-03 -3.692780481414e-02 5.668752423598e-03
2.049994528868e-03 3.692780481414e-02 -5.668752423598e-03
4.389703112122e-03 -8.107892391499e-02 2.634122885190e-03
-1.808407129353e-03 1.268215016076e-01 -3.610594640813e-03
1.169854291627e-03 -5.900336436457e-02 4.151437654394e-03
0.000000000000e+00 0.000000000000e+00 0.000000000000e+00
2.049994528868e-03 3.692780481414e-02 -5.668752423598e-03
3.219848820495e-03 -2.207555955042e-02 -1.517314769204e-03
-3.219848820495e-03 2.207555955042e-02 1.517314769204e-03
0.000000000000e+00 0.000000000000e+00 0.000000000000e+00
0.000000000000e+00 0.000000000000e+00 0.000000000000e+00
-1.277105675452e-03 1.356362744860e-01 1.081686027162e-03
1.759597805231e-01 1.350725750315e-01 -2.736668688618e-01
-1.790452933279e-01 1.273852010620e-01 2.711379602482e-01
8.764941624089e-02 1.594232205295e-01 -2.881003585361e-01
-8.762233160902e-02 1.575919061350e-01 2.892872588348e-01
-2.104163792596e-03 -6.709580581431e-01 3.294951826196e-03
0.000000000000e+00 0.000000000000e+00 0.000000000000e+00
-5.055340581712e-03 -1.681180655065e-01 -3.280180170310e-03
Mode 24
5.313014539007e-04 8.814772878415e-03 4.692280667975e-03
0.000000000000e+00 0.000000000000e+00 0.000000000000e+00
-5.313014539007e-04 -8.814772878415e-03 -4.692280667975e-03
-3.219848820495e-03 2.207555955042e-02 1.517314769204e-03
-2.049994528868e-03 -3.692780481414e-02 5.668752423598e-03
-3.112597436669e-03 -5.455735057097e-02 -3.715808912352e-03
0.000000000000e+00 0.000000000000e+00 0.000000000000e+00
7.728888534158e-04 1.725640793001e-01 -4.587066396436e-03
1.169854291627e-03 -5.900336436457e-02 4.151437654394e-03
0.000000000000e+00 0.000000000000e+00 0.000000000000e+00
0.000000000000e+00 0.000000000000e+00 0.000000000000e+00
0.000000000000e+00 0.000000000000e+00 0.000000000000e+00
3.219848820495e-03 -2.207555955042e-02 -1.517314769204e-03
-2.323661931015e-02 -1.970387574763e-02 3.964614487636e-02
3.020761840504e-02 -1.563247047480e-02 -3.798849374679e-02
-1.421562568639e-02 -1.811241715592e-02 3.563504358233e-02
2.065532332738e-02 -2.603870194493e-02 -3.866967312074e-02
1.304190307316e-03 1.813788521785e-01 1.052142715389e-04
3.112597436669e-03 5.455735057097e-02 3.715808912352e-03
4.201197832704e-03 -9.554913937871e-01 4.306545670644e-03
Mode 25
1.434989289325e-01 2.827651809092e-03 -2.485567539463e-04
6.780546352828e-02 -1.649370154049e-03 1.019789129860e-01
-6.848718755565e-02 -3.827976123393e-03 -1.555469438450e-01
-8.914733332979e-02 1.714959839716e-03 4.949557427626e-02
-4.374152006405e-02 2.997399596326e-03 1.271915681881e-01
-7.507122995549e-03 6.025807362198e-03 1.600229132030e-01
-4.888964468932e-03 -2.700045784333e-03 -3.699740233022e-02
1.205679772161e-01 -3.055311158663e-03 -2.922375649610e-02
-9.096204910493e-03 7.725470877525e-05 -2.042677380147e-02
-7.186228139637e-02 1.089244046184e-03 -3.653253426627e-02
0.000000000000e+00 0.000000000000e+00 0.000000000000e+00
9.020993623759e-03 1.591458591711e-03 -4.011101294031e-03
3.898760228647e-01 -2.389108194771e-04 -6.191095458130e-01
-2.705818150764e-01 4.604749175091e-02 8.069067692960e-03
-2.714619553136e-01 -4.988367742781e-02 1.788925777095e-02
-1.330392759673e-01 8.049786037015e-03 1.278113922734e-01
-1.292881256929e-01 -5.211000634994e-03 1.309863581721e-01
-3.525182789420e-02 -4.225914690377e-03 1.184881862261e-01
2.524826509613e-02 3.831963023170e-03 -2.657966161730e-01
7.997591713256e-02 3.100816954588e-05 -9.436022317322e-02
Mode 26
-4.036642622333e-02 -1.919820573250e-03 8.177158609376e-03
4.207240441562e-03 -2.777300493108e-03 -1.657062852875e-02
2.713819215801e-02 3.105662474647e-03 1.240457121341e-02
4.207240441562e-03 -2.777300493108e-03 -1.657062852875e-02
1.322823406532e-02 -1.185841901397e-03 -2.058172982278e-02
-4.207240441562e-03 2.777300493108e-03 1.657062852875e-02
-3.555267304113e-02 2.448938511569e-03 2.073668584410e-02
5.848362475758e-02 3.434024456186e-03 8.238513898060e-03
7.521128673464e-05 -1.668713300487e-03 2.443787509550e-02
-1.751068579362e-02 5.631855694992e-03 1.271448325604e-02
0.000000000000e+00 0.000000000000e+00 0.000000000000e+00
0.000000000000e+00 0.000000000000e+00 0.000000000000e+00
-8.410794628738e-02 1.077579023076e-03 1.353687267975e-01
3.991033605616e-02 -8.563665605651e-03 1.156843581815e-02
4.571148085943e-02 1.510335253648e-02 9.074649293320e-03
5.359466028865e-02 7.339786718533e-04 -2.875888843216e-02
5.359466028865e-02 7.339786718533e-04 -2.875888843216e-02
4.442324409142e-02 2.479946681115e-03 -7.362353732912e-02
8.272061683003e-02 -3.344691171101e-03 -9.621050423900e-01
9.426193165892e-02 -4.021053956843e-03 6.081545334046e-02
Mode 27
-1.698801857764e-01 -2.124681306785e-03 6.584989149501e-02
1.161351029143e-01 4.728129235905e-03 -8.596675325384e-02
1.246247950842e-01 -2.495185050799e-03 -9.467013521585e-02
0.000000000000e+00 0.000000000000e+00 0.000000000000e+00
-1.161351029143e-01 -4.728129235905e-03 8.596675325384e-02
-1.224566489101e-02 -1.166502310782e-05 1.719012610637e-01
1.315302277859e-02 4.828713990895e-04 -4.501960491828e-02
1.294385482664e-01 1.873574034021e-03 -8.211060798113e-02
-1.707875436640e-01 -2.595887682767e-03 -6.103176465045e-02
-1.024507786818e-01 4.569515041599e-03 4.563942900354e-02
0.000000000000e+00 0.000000000000e+00 0.000000000000e+00
2.713819215801e-02 3.105662474647e-03 1.240457121341e-02
-3.503417432422e-01 1.881171625918e-05 5.084886061537e-01
6.522416754551e-02 -4.739194784661e-02 1.029553847416e-01
7.091806096495e-02 5.290798041693e-02 1.056947218984e-01
2.818080482492e-01 9.630111035798e-03 -1.352460162201e-01
2.850278970697e-01 -1.244544851463e-02 -1.367633309893e-01
-1.155285901737e-01 2.417930342023e-03 1.150969090173e-01
-2.869857022359e-02 2.753970446893e-03 3.603731506562e-01
1.113213497321e-01 3.593701510849e-04 -9.852628048856e-02
Mode 28
-9.335457377135e-02 4.492260332824e-03 6.606620280501e-02
1.247752176577e-01 -5.832611651772e-03 -4.579438502485e-02
2.638125684391e-02 -7.029705023075e-04 -6.560133474106e-02
-7.599431055120e-02 2.197831238805e-03 4.475969357976e-03
3.152690417709e-01 4.226032567354e-03 2.121027391375e-01
-1.743547450688e-02 3.963142394505e-03 3.715235835153e-02
-4.282451728296e-03 4.446013793595e-03 -7.867246566746e-03
-2.541385546373e-01 2.290324317264e-03 1.523428681015e-01
4.464887795163e-02 -2.526193220345e-03 -3.099120426302e-04
-1.241221974797e-01 -4.982276457500e-04 -4.538649929902e-01
4.282451728296e-03 -4.446013793595e-03 7.867246566746e-03
9.020993623759e-03 1.591458591711e-03 -4.011101294031e-03
-1.550628697962e-01 2.638029445241e-03 2.257178486767e-01
-2.782473863214e-02 -2.907877473391e-02 1.004002429281e-01
-2.899459292377e-02 2.992458963066e-02 9.624880527374e-02
2.240061475190e-01 1.167343285705e-02 -8.991649925919e-02
2.182050027157e-01 -1.199358528508e-02 -8.742271273436e-02
3.375934807467e-01 2.962935957182e-03 2.119477831162e-01
1.713462935994e-02 2.711710807441e-03 -1.349038587335e-01
-3.309650117893e-01 2.348235879601e-03 5.437505640949e-02
Mode 29
4.840485067278e-02 4.708786089467e-03 -1.635077911444e-01
-2.591027303930e-01 1.258991833418e-03 9.090759067577e-02
2.063402167052e-01 1.469491711972e-04 4.029507880636e-02
6.682289435397e-02 -4.518632295437e-04 -4.934061825494e-02
9.777928937863e-03 5.400091568666e-03 7.399480466044e-02
7.569353141046e-04 3.808632976955e-03 7.800590595447e-02
4.207240441562e-03 -2.777300493108e-03 -1.657062852875e-02
1.811719853425e-02 1.514203882936e-03 1.641567250744e-02
-1.388355983238e-01 4.878533876700e-03 -3.606766620233e-02
-5.931577135842e-02 -5.573944132655e-03 -1.106822949480e-01
0.000000000000e+00 0.000000000000e+00 0.000000000000e+00
1.330344535205e-02 -2.854555201884e-03 3.856145272715e-03
-4.282451728296e-03 4.446013793595e-03 -7.867246566746e-03
2.852583533767e-01 3.044177565735e-03 -2.298225507033e-01
2.895408051050e-01 -1.401836227860e-03 -2.219553041366e-01
-3.767565263823e-01 -3.158216933822e-02 1.872353770212e-01
-3.779263806739e-01 2.742119502635e-02 1.830839393668e-01
-1.186028388675e-01 6.602973096538e-04 3.318628189780e-01
0.000000000000e+00 0.000000000000e+00 0.000000000000e+00
1.084727348985e-01 -6.404402782744e-03 1.915532547586e-01
Mode 30
5.946619393189e-02 2.236517531682e-03 1.595580451390e-01
-7.773381503961e-02 -4.132948136445e-04 -2.248494678374e-01
7.254400542374e-02 4.388102231258e-03 9.010056512524e-02
3.142064388631e-02 -1.340351318948e-03 2.027181778015e-02
-4.464887795163e-02 2.526193220345e-03 3.099120426302e-04
-9.096204910493e-03 7.725470877525e-05 -2.042677380147e-02
0.000000000000e+00 0.000000000000e+00 0.000000000000e+00
2.239965026255e-02 -2.931809910659e-03 2.428291907418e-02
-6.757982966808e-02 -3.356769747411e-03 -2.866528769953e-02
4.056817868092e-03 5.601261078648e-04 -6.544637871975e-02
0.000000000000e+00 0.000000000000e+00 0.000000000000e+00
1.330344535205e-02 -2.854555201884e-03 3.856145272715e-03
2.349635756420e-01 -9.383079752089e-04 -3.445159469454e-01
-4.514898178158e-01 7.869903055869e-02 1.377076867781e-01
-4.560138569436e-01 -8.060426206941e-02 1.391197872758e-01
-8.292844710224e-02 -1.693425337785e-02 -1.932255255492e-01
-8.087845257337e-02 1.999355143629e-02 -1.988942779727e-01
-6.261565391241e-02 -2.325437263565e-03 3.276998972619e-02
0.000000000000e+00 0.000000000000e+00 0.000000000000e+00
2.040229033255e-01 2.197949115782e-03 3.350668947215e-01
Mode 31
3.142064388631e-02 -1.340351318948e-03 2.027181778015e-02
-6.284128777261e-02 2.680702637895e-03 -4.054363556030e-02
5.855883604432e-02 1.765311155700e-03 3.267638899356e-02
-9.096204910493e-03 7.725470877525e-05 -2.042677380147e-02
8.012633970603e-02 -3.306418431427e-03 -4.548447298222e-02
1.428601452636e-02 -4.052062126388e-03 1.551756765137e-01
4.207240441562e-03 -2.777300493108e-03 -1.657062852875e-02
-6.757982966808e-02 -3.356769747411e-03 -2.866528769953e-02
-1.811719853425e-02 -1.514203882936e-03 -1.641567250744e-02
-1.307781149185e-02 -2.151584699576e-03 6.945748001378e-02
0.000000000000e+00 0.000000000000e+00 0.000000000000e+00
0.000000000000e+00 0.000000000000e+00 0.000000000000e+00
6.667247178050e-02 2.885563371429e-03 -9.821636844593e-02
-7.921415937169e-02 2.427339078923e-02 5.993284127180e-03
-8.232675680836e-02 -3.028395978174e-02 2.277475214828e-03
-4.097293896397e-02 -9.065880151178e-03 -2.095299715410e-02
-4.472408923836e-02 4.194906520831e-03 -2.412796305287e-02
3.459840802272e-01 6.095915377822e-03 -5.407937278159e-01
-7.521128673464e-05 1.668713300487e-03 -2.443787509550e-02
-4.114961117784e-01 2.190035238498e-03 -5.755572549598e-01
Mode 32
1.942743145043e-03 1.135607149355e-01 -4.356287420420e-04
-1.304190307316e-03 -1.813788521785e-01 -1.052142715389e-04
3.112597436669e-03 5.455735057097e-02 3.715808912352e-03
0.000000000000e+00 0.000000000000e+00 0.000000000000e+00
0.000000000000e+00 0.000000000000e+00 0.000000000000e+00
0.000000000000e+00 0.000000000000e+00 0.000000000000e+00
0.000000000000e+00 0.000000000000e+00 0.000000000000e+00
0.000000000000e+00 0.000000000000e+00 0.000000000000e+00
0.000000000000e+00 0.000000000000e+00 0.000000000000e+00
0.000000000000e+00 0.000000000000e+00 0.000000000000e+00
0.000000000000e+00 0.000000000000e+00 0.000000000000e+00
0.000000000000e+00 0.000000000000e+00 0.000000000000e+00
-6.656374695903e-04 -2.491969894215e-01 -6.460572851198e-04
-1.599246166148e-01 -9.552197914182e-02 3.254222925699e-01
1.623715765819e-01 -9.911765970871e-02 -3.223525409427e-01
-3.208989880146e-01 1.580207349945e-01 -4.096990197731e-01
3.209260726465e-01 1.589943916700e-01 4.108859200718e-01
-5.313014539007e-04 -8.814772878415e-03 -4.692280667975e-03
0.000000000000e+00 0.000000000000e+00 0.000000000000e+00
0.000000000000e+00 0.000000000000e+00 0.000000000000e+00
Mode 33
9.096204910493e-03 -7.725470877525e-05 2.042677380147e-02
-2.247486154928e-02 4.600523211145e-03 -4.872079416968e-02
4.525539069226e-02 4.619866357583e-03 2.882024372084e-02
-1.826762110772e-02 1.823222718037e-03 -6.529142269843e-02
1.390995809269e-02 4.291504376044e-03 3.298630103619e-02
1.728505193341e-02 -6.257157935322e-04 -8.602810854253e-02
4.282451728296e-03 -4.446013793595e-03 7.867246566746e-03
6.254044262568e-02 3.994150564051e-03 -5.720786482169e-02
8.179063290771e-02 9.734209215093e-04 1.594030891177e-01
-1.253817303983e-01 -1.313447926156e-03 1.666422926138e-02
0.000000000000e+00 0.000000000000e+00 0.000000000000e+00
-1.330344535205e-02 2.854555201884e-03 -3.856145272715e-03
2.224922768908e-02 4.056166903143e-04 -2.459283111681e-02
-6.162826229134e-02 1.697282179375e-02 1.771667596664e-02
-6.796070854851e-02 -1.550896922680e-02 1.551818182349e-02
-3.195194534021e-02 -7.474421559467e-03 -2.496409844813e-02
-2.668210199084e-02 7.377823704254e-03 -3.215016564093e-02
-2.735904973769e-01 1.629613454409e-03 5.820185427502e-01
4.282451728296e-03 -4.446013793595e-03 7.867246566746e-03
-2.777751117837e-01 -3.824045210756e-04 -6.498006163742e-01
Mode 34
4.389703112122e-03 -8.107892391499e-02 2.634122885190e-03
-3.751150274396e-03 1.326078667201e-02 -3.174965898771e-03
-2.688547366594e-03 3.089033242884e-02 6.209595437179e-03
0.000000000000e+00 0.000000000000e+00 0.000000000000e+00
0.000000000000e+00 0.000000000000e+00 0.000000000000e+00
0.000000000000e+00 0.000000000000e+00 0.000000000000e+00
0.000000000000e+00 0.000000000000e+00 0.000000000000e+00
0.000000000000e+00 0.000000000000e+00 0.000000000000e+00
0.000000000000e+00 0.000000000000e+00 0.000000000000e+00
0.000000000000e+00 0.000000000000e+00 0.000000000000e+00
0.000000000000e+00 0.000000000000e+00 0.000000000000e+00
0.000000000000e+00 0.000000000000e+00 0.000000000000e+00
1.942743145043e-03 1.135607149355e-01 -4.356287420420e-04
9.074606013825e-02 4.522512477735e-02 -2.017915772728e-01
-8.558346817271e-02 4.626003060777e-02 1.998386337616e-01
-6.528338186682e-01 4.619217050428e-03 1.291768866205e-01
6.533651201221e-01 4.195555827987e-03 -1.244846059525e-01
-6.970999094891e-03 3.533634622243e-02 -1.657651129567e-03
0.000000000000e+00 0.000000000000e+00 0.000000000000e+00
0.000000000000e+00 0.000000000000e+00 0.000000000000e+00
Mode 35
9.020993623759e-03 1.591458591711e-03 -4.011101294031e-03
-1.163607367745e-01 2.780106655551e-04 1.265312796735e-02
1.831084198418e-01 9.388394053878e-04 -8.643162131779e-02
-2.233996347784e-01 -4.527373279125e-03 1.190466550227e-01
-3.945906833576e-02 -1.448614197269e-03 1.350588147548e-01
-6.367343437345e-02 5.407829614267e-04 -1.429874166103e-01
4.282451728296e-03 -4.446013793595e-03 7.867246566746e-03
8.188847022919e-03 -5.484610847570e-04 -1.064548823440e-01
1.263642995726e-01 1.159410016514e-04 1.346553019796e-01
-1.322823406532e-02 1.185841901397e-03 2.058172982278e-02
0.000000000000e+00 0.000000000000e+00 0.000000000000e+00
-1.330344535205e-02 2.854555201884e-03 -3.856145272715e-03
1.796677596078e-02 4.851630483909e-03 -3.246007768356e-02
1.941025774902e-02 3.463337572013e-02 -6.725898587063e-02
2.433126231504e-02 -3.763077531645e-02 -5.993258231746e-02
2.146794863015e-01 -3.738938514533e-03 -1.728405334664e-02
2.242317813792e-01 6.667292955593e-03 -1.660287397270e-02
3.536416257962e-01 -3.267318585349e-03 -6.519408908279e-01
-3.906395294623e-03 -3.897552708838e-03 1.143221289107e-01
2.393499425064e-01 4.755150505673e-03 2.410165835909e-01
Mode 36
-2.239965026255e-02 2.931809910659e-03 -2.428291907418e-02
4.036642622333e-02 1.919820573250e-03 -8.177158609376e-03
4.036642622333e-02 1.919820573250e-03 -8.177158609376e-03
1.942449743876e-01 -3.202142452884e-03 2.610720900611e-01
1.195101967550e-01 -1.890909336720e-04 -2.049811628326e-01
-3.583288378076e-01 4.248713306414e-03 -3.134314009041e-02
9.020993623759e-03 1.591458591711e-03 -4.011101294031e-03
1.940193405274e-01 1.803997448576e-03 1.877584647746e-01
2.227179107510e-01 -9.499729983167e-04 -1.726146858816e-01
-4.075658350812e-01 -2.599992459521e-03 2.972087000400e-02
0.000000000000e+00 0.000000000000e+00 0.000000000000e+00
-4.282451728296e-03 4.446013793595e-03 -7.867246566746e-03
-5.772668944348e-02 3.746085207684e-04 6.976739205641e-02
3.365310108574e-02 -4.271416992669e-02 3.380781677050e-02
2.926339797361e-02 3.836475398831e-02 3.117369388531e-02
-2.782073205483e-01 -1.955347110683e-02 8.954523192788e-02
-2.846470181893e-01 2.459764799401e-02 9.257986146628e-02
1.548372359360e-01 2.368110456218e-03 -2.990314739631e-01
-2.524826509613e-02 -3.831963023170e-03 2.657966161730e-01
8.975384607042e-02 5.431099738212e-03 -2.036541851278e-02
Mode 37
5.765147815674e-02 1.294104779718e-03 -9.420526715190e-02
6.689810564071e-02 -2.120576530030e-03 -2.490274315944e-02
9.096204910493e-03 -7.725470877525e-05 2.042677380147e-02
-1.811719853425e-02 -1.514203882936e-03 -1.641567250744e-02
-8.414480883123e-03 5.554600986217e-03 3.314125705750e-02
4.738541895462e-03 6.037472385306e-03 -1.187834786078e-02
0.000000000000e+00 0.000000000000e+00 0.000000000000e+00
-4.888964468932e-03 -2.700045784333e-03 -3.699740233022e-02
4.888964468932e-03 2.700045784333e-03 3.699740233022e-02
9.020993623759e-03 1.591458591711e-03 -4.011101294031e-03
0.000000000000e+00 0.000000000000e+00 0.000000000000e+00
0.000000000000e+00 0.000000000000e+00 0.000000000000e+00
-1.845183753339e-01 1.583366915179e-03 5.080850933784e-01
-3.173766748297e-01 -1.759366188474e-01 2.385756744151e-01
-3.158308971228e-01 1.691915397528e-01 2.294015416222e-01
-3.684924680726e-01 -3.379934372346e-02 1.052183697727e-01
-3.691310209103e-01 3.401879351952e-02 1.057592127863e-01
7.508695266363e-02 -2.669037614787e-03 -1.313576255034e-01
4.282451728296e-03 -4.446013793595e-03 7.867246566746e-03
4.051684879680e-02 -1.417606027723e-03 4.069859158162e-02
Mode 38
-1.071893205773e-01 -1.467957343707e-03 5.751777686432e-02
1.162103142011e-01 3.059415935418e-03 -6.152887815835e-02
-8.414480883123e-03 5.554600986217e-03 3.314125705750e-02
3.119501002610e-02 3.665788582512e-03 -5.304180750634e-02
-8.339269596389e-03 3.885887685730e-03 5.757913215300e-02
-2.232443897581e-02 1.263096610172e-03 1.549560213151e-04
0.000000000000e+00 0.000000000000e+00 0.000000000000e+00
-2.256338602039e-04 5.006139901460e-03 -7.331362528649e-02
2.256338602039e-04 -5.006139901460e-03 7.331362528649e-02
-4.813753182197e-03 -4.368759084820e-03 -1.255952723472e-02
0.000000000000e+00 0.000000000000e+00 0.000000000000e+00
0.000000000000e+00 0.000000000000e+00 0.000000000000e+00
8.703177240770e-02 4.017480610267e-03 -4.010103869492e-01
3.623856556756e-01 -3.688587198549e-03 -3.410323862934e-02
3.629169571295e-01 5.126185679866e-03 -2.941095796137e-02
-4.702567002803e-01 -3.256716422599e-03 3.805298463469e-02
-4.697253988264e-01 5.558056455815e-03 4.274526530266e-02
1.417594244441e-01 2.165257566422e-04 -2.295739939494e-01
-4.132029154827e-03 1.108587192622e-03 4.100850362425e-02
9.005469121736e-02 -1.243753463734e-03 7.738608186921e-02
Mode 39
3.562788432787e-02 -4.117651812056e-03 3.701189251400e-03
-4.457366666489e-02 8.574799198580e-04 2.474778713813e-02
-5.351944900192e-02 -2.402691972340e-03 5.319676352766e-02
1.141351829017e-02 -2.128254653360e-03 -2.743450421137e-01
1.303459061540e-01 2.344780410003e-03 4.477104816433e-02
-1.691232504623e-01 1.683951670170e-03 1.438557974495e-01
4.207240441562e-03 -2.777300493108e-03 -1.657062852875e-02
-3.714175495608e-02 -3.499614141854e-03 -1.597130011603e-01
1.387603870371e-01 -3.209820576214e-03 1.162979110683e-02
-7.087971222206e-02 -1.082628783211e-04 1.147869969747e-01
0.000000000000e+00 0.000000000000e+00 0.000000000000e+00
-9.020993623759e-03 -1.591458591711e-03 4.011101294031e-03
5.039387042401e-03 -6.373808166400e-04 8.587315252121e-02
-1.305283688245e-01 7.595684301188e-02 -6.397579957827e-02
-1.255001128747e-01 -7.294021814609e-02 -6.188251970667e-02
2.132087868630e-01 6.193927905198e-02 -1.191869913830e-01
2.150171939923e-01 -6.488222255557e-02 -1.155763967422e-01
9.990783144196e-02 2.487624804445e-03 1.758187616251e-01
-8.188847022919e-03 5.484610847570e-04 1.064548823440e-01
4.338957620410e-01 -5.121845149157e-03 5.998401740340e-01
Mode 40
2.581295982769e-03 4.574257769256e-02 -9.764717556229e-04
-3.219848820495e-03 2.207555955042e-02 1.517314769204e-03
0.000000000000e+00 0.000000000000e+00 0.000000000000e+00
0.000000000000e+00 0.000000000000e+00 0.000000000000e+00
0.000000000000e+00 0.000000000000e+00 0.000000000000e+00
0.000000000000e+00 0.000000000000e+00 0.000000000000e+00
0.000000000000e+00 0.000000000000e+00 0.000000000000e+00
0.000000000000e+00 0.000000000000e+00 0.000000000000e+00
0.000000000000e+00 0.000000000000e+00 0.000000000000e+00
0.000000000000e+00 0.000000000000e+00 0.000000000000e+00
0.000000000000e+00 0.000000000000e+00 0.000000000000e+00
0.000000000000e+00 0.000000000000e+00 0.000000000000e+00
5.843835739978e-04 -7.018483905720e-01 -2.914643610982e-03
4.948888077423e-01 -4.104891209580e-02 -2.340665701612e-04
-5.043338514361e-01 -4.599022949572e-02 -5.680236485339e-03
-2.217401640234e-02 -2.074329990801e-03 4.903070621231e-02
2.164271494844e-02 -6.740442887614e-03 -5.372298688028e-02
0.000000000000e+00 0.000000000000e+00 0.000000000000e+00
0.000000000000e+00 0.000000000000e+00 0.000000000000e+00
0.000000000000e+00 0.000000000000e+00 0.000000000000e+00
Mode 41
-4.938741984709e-02 -3.511279164962e-03 1.218825990341e-02
4.863048453299e-02 -2.973538119932e-04 -9.019416585787e-02
9.831874952701e-02 -3.460927848978e-03 -4.630925379291e-03
-2.508386720833e-01 -9.581825518258e-04 8.890583427268e-03
3.968470219596e-02 -3.557525704191e-03 -6.174518946835e-02
1.123039189064e-01 -8.381367734199e-04 5.279325075239e-02
0.000000000000e+00 0.000000000000e+00 0.000000000000e+00
-1.024507786818e-01 4.569515041599e-03 4.563942900354e-02
1.466483889131e-01 2.916571540975e-03 -1.925765916192e-01
-1.232087617775e-02 1.657048277379e-03 1.474633859682e-01
0.000000000000e+00 0.000000000000e+00 0.000000000000e+00
-9.020993623759e-03 -1.591458591711e-03 4.011101294031e-03
8.113635736185e-03 1.120252215730e-03 -1.308927574395e-01
1.187436165474e-01 -4.498925587427e-02 4.975862121399e-02
1.239062085130e-01 4.649589951085e-02 4.780567770274e-02
-2.081101420732e-01 -2.330008194923e-01 3.120909913506e-01
-2.040903197674e-01 2.345028269219e-01 3.071735104837e-01
-2.430772113782e-01 -1.819442405207e-04 4.754087043849e-01
1.300260020512e-02 3.820298000063e-03 -9.389535510927e-02
1.814715775148e-03 9.424127519634e-04 2.537633122909e-01
Mode 42
9.171416197228e-03 -1.745968009262e-03 4.486464889696e-02
4.457366666489e-02 -8.574799198580e-04 -2.474778713813e-02
-1.330344535205e-02 2.854555201884e-03 -3.856145272715e-03
4.282451728296e-03 -4.446013793595e-03 7.867246566746e-03
-9.020993623759e-03 -1.591458591711e-03 4.011101294031e-03
0.000000000000e+00 0.000000000000e+00 0.000000000000e+00
0.000000000000e+00 0.000000000000e+00 0.000000000000e+00
0.000000000000e+00 0.000000000000e+00 0.000000000000e+00
-9.020993623759e-03 -1.591458591711e-03 4.011101294031e-03
9.020993623759e-03 1.591458591711e-03 -4.011101294031e-03
0.000000000000e+00 0.000000000000e+00 0.000000000000e+00
0.000000000000e+00 0.000000000000e+00 0.000000000000e+00
-8.793913029527e-02 -4.488686986249e-03 2.741287308037e-01
-1.471333159481e-01 3.872668461724e-01 -4.764201687521e-01
-1.459103795363e-01 -3.823996816426e-01 -4.798756553767e-01
-7.786666485627e-02 -1.335273629790e-01 1.957223181960e-01
-8.095217766107e-02 1.289304131145e-01 1.931934095824e-01
1.743547450688e-02 -3.963142394505e-03 -3.715235835153e-02
0.000000000000e+00 0.000000000000e+00 0.000000000000e+00
-4.813753182197e-03 -4.368759084820e-03 -1.255952723472e-02
Mode 43
4.282451728296e-03 -4.446013793595e-03 7.867246566746e-03
3.157106645978e-02 -4.677777919921e-03 6.914756797115e-02
3.562788432787e-02 -4.117651812056e-03 3.701189251400e-03
-4.036642622333e-02 -1.919820573250e-03 8.177158609376e-03
-9.020993623759e-03 -1.591458591711e-03 4.011101294031e-03
4.036642622333e-02 1.919820573250e-03 -8.177158609376e-03
0.000000000000e+00 0.000000000000e+00 0.000000000000e+00
-2.224922768908e-02 -4.056166903143e-04 2.459283111681e-02
2.645646813064e-02 -2.371683802794e-03 -4.116345964556e-02
-1.322823406532e-02 1.185841901397e-03 2.058172982278e-02
0.000000000000e+00 0.000000000000e+00 0.000000000000e+00
0.000000000000e+00 0.000000000000e+00 0.000000000000e+00
-3.051328599873e-02 1.811557694929e-03 1.066098383653e-01
-3.940625225260e-02 1.128384012868e-01 -1.435780013736e-01
-3.427074491892e-02 -1.126915699926e-01 -1.467178451836e-01
-2.401822221257e-01 4.055800192851e-01 -4.789753105657e-01
-2.410092802429e-01 -4.010143133440e-01 -4.767620447666e-01
-3.547746175440e-02 7.802252110827e-04 4.517456093959e-02
-7.521128673464e-05 1.668713300487e-03 -2.443787509550e-02
-2.653167941738e-02 4.040397103281e-03 1.672558455007e-02
Mode 44
9.020993623759e-03 1.591458591711e-03 -4.011101294031e-03
-3.555267304113e-02 2.448938511569e-03 2.073668584410e-02
-2.239965026255e-02 2.931809910659e-03 -2.428291907418e-02
2.882060608996e-01 -5.483432077800e-04 2.241360430196e-01
-1.707875436640e-01 -2.595887682767e-03 -6.103176465045e-02
3.904312057212e-01 -1.117183479198e-04 1.051829887295e-01
-9.020993623759e-03 -1.591458591711e-03 4.011101294031e-03
-2.974526883836e-01 3.963024517528e-03 -2.934385670120e-01
1.750699953923e-01 -1.850126110828e-03 6.889901121720e-02
-3.227761647664e-01 1.799774794844e-03 -5.207982593450e-02
0.000000000000e+00 0.000000000000e+00 0.000000000000e+00
0.000000000000e+00 0.000000000000e+00 0.000000000000e+00
4.282451728296e-03 -4.446013793595e-03 7.867246566746e-03
-1.429083697312e-02 -1.644370385543e-02 1.119716848683e-02
-8.489692169858e-03 7.223314286703e-03 8.703381962005e-03
1.191997067146e-01 -3.450576969537e-02 3.001302678646e-02
1.185611538769e-01 3.331236754762e-02 3.055386980004e-02
-1.751452066791e-01 3.518839411315e-03 -9.333688631270e-02
2.126665851477e-02 1.603123614819e-03 -1.759123623578e-01
1.422393960139e-01 2.012431528686e-03 4.702806654977e-01
Mode 45
9.020993623759e-03 1.591458591711e-03 -4.011101294031e-03
-2.713819215801e-02 -3.105662474647e-03 -1.240457121341e-02
-4.029121493660e-02 -3.588533873737e-03 3.261503370487e-02
1.368704599752e-01 -2.483520027691e-03 -2.665713962796e-01
-1.902394864036e-01 -3.256598545622e-03 3.686439099982e-01
1.419098470176e-01 -3.120900844331e-03 -1.806982437584e-01
0.000000000000e+00 0.000000000000e+00 0.000000000000e+00
2.406394346423e-02 1.348029442278e-03 2.291704811741e-01
1.145460209994e-01 -1.220423417519e-03 -2.664164402583e-01
-1.607087695792e-01 -3.870649316047e-03 1.107145403920e-01
0.000000000000e+00 0.000000000000e+00 0.000000000000e+00
0.000000000000e+00 0.000000000000e+00 0.000000000000e+00
1.796677596078e-02 4.851630483909e-03 -3.246007768356e-02
-9.477083790925e-03 -1.207494477061e-02 2.375669572155e-02
-3.675938987661e-03 1.159207337152e-02 2.126290919673e-02
1.348108205528e-01 -8.040285680548e-02 7.184304614502e-02
1.393348596806e-01 7.890043582263e-02 7.043094564736e-02
2.785546731326e-01 -5.982809705620e-04 -5.205832653245e-01
4.056817868092e-03 5.601261078648e-04 -6.544637871975e-02
-2.428754589206e-01 3.499496264877e-03 -1.708779242032e-01
Mode 46
0.000000000000e+00 0.000000000000e+00 0.000000000000e+00
0.000000000000e+00 0.000000000000e+00 0.000000000000e+00
0.000000000000e+00 0.000000000000e+00 0.000000000000e+00
0.000000000000e+00 0.000000000000e+00 0.000000000000e+00
0.000000000000e+00 0.000000000000e+00 0.000000000000e+00
0.000000000000e+00 0.000000000000e+00 0.000000000000e+00
3.562788432787e-02 -4.117651812056e-03 3.701189251400e-03
0.000000000000e+00 0.000000000000e+00 0.000000000000e+00
0.000000000000e+00 0.000000000000e+00 0.000000000000e+00
0.000000000000e+00 0.000000000000e+00 0.000000000000e+00
0.000000000000e+00 0.000000000000e+00 0.000000000000e+00
0.000000000000e+00 0.000000000000e+00 0.000000000000e+00
0.000000000000e+00 0.000000000000e+00 0.000000000000e+00
0.000000000000e+00 0.000000000000e+00 0.000000000000e+00
0.000000000000e+00 0.000000000000e+00 0.000000000000e+00
0.000000000000e+00 0.000000000000e+00 0.000000000000e+00
0.000000000000e+00 0.000000000000e+00 0.000000000000e+00
0.000000000000e+00 0.000000000000e+00 0.000000000000e+00
-9.905025107016e-01 3.324994393732e-03 -1.072087715912e-01
0.000000000000e+00 0.000000000000e+00 0.000000000000e+00
Mode 47
0.000000000000e+00 0.000000000000e+00 0.000000000000e+00
9.246627483963e-03 -3.414681309748e-03 6.930252399246e-02
0.000000000000e+00 0.000000000000e+00 0.000000000000e+00
0.000000000000e+00 0.000000000000e+00 0.000000000000e+00
0.000000000000e+00 0.000000000000e+00 0.000000000000e+00
0.000000000000e+00 0.000000000000e+00 0.000000000000e+00
0.000000000000e+00 0.000000000000e+00 0.000000000000e+00
0.000000000000e+00 0.000000000000e+00 0.000000000000e+00
0.000000000000e+00 0.000000000000e+00 0.000000000000e+00
0.000000000000e+00 0.000000000000e+00 0.000000000000e+00
0.000000000000e+00 0.000000000000e+00 0.000000000000e+00
0.000000000000e+00 0.000000000000e+00 0.000000000000e+00
4.044163751007e-02 2.511072727638e-04 1.626071648612e-02
5.313014539007e-04 8.814772878415e-03 4.692280667975e-03
3.751150274396e-03 -1.326078667201e-02 3.174965898771e-03
-7.145071559942e-02 -5.814659911403e-01 -3.913976192922e-01
-7.756757194530e-02 5.774798143758e-01 -3.940816359221e-01
1.330344535205e-02 -2.854555201884e-03 3.856145272715e-03
0.000000000000e+00 0.000000000000e+00 0.000000000000e+00
0.000000000000e+00 0.000000000000e+00 0.000000000000e+00
Mode 48
-3.975991348270e-02 5.226239004678e-03 3.730731437285e-02
0.000000000000e+00 0.000000000000e+00 0.000000000000e+00
0.000000000000e+00 0.000000000000e+00 0.000000000000e+00
0.000000000000e+00 0.000000000000e+00 0.000000000000e+00
0.000000000000e+00 0.000000000000e+00 0.000000000000e+00
0.000000000000e+00 0.000000000000e+00 0.000000000000e+00
0.000000000000e+00 0.000000000000e+00 0.000000000000e+00
0.000000000000e+00 0.000000000000e+00 0.000000000000e+00
0.000000000000e+00 0.000000000000e+00 0.000000000000e+00
0.000000000000e+00 0.000000000000e+00 0.000000000000e+00
0.000000000000e+00 0.000000000000e+00 0.000000000000e+00
0.000000000000e+00 0.000000000000e+00 0.000000000000e+00
5.523481783350e-01 -2.444715857838e-03 2.191016048650e-01
-7.303348886857e-02 -4.596506294342e-01 -3.216945886465e-01
-7.928468123014e-02 4.589129595388e-01 -3.203323818936e-01
5.313014539007e-04 8.814772878415e-03 4.692280667975e-03
4.282451728296e-03 -4.446013793595e-03 7.867246566746e-03
0.000000000000e+00 0.000000000000e+00 0.000000000000e+00
0.000000000000e+00 0.000000000000e+00 0.000000000000e+00
0.000000000000e+00 0.000000000000e+00 0.000000000000e+00
Mode 49
-5.313014539007e-04 -8.814772878415e-03 -4.692280667975e-03
5.162591965538e-03 9.148515538512e-02 -1.952943511246e-03
0.000000000000e+00 0.000000000000e+00 0.000000000000e+00
0.000000000000e+00 0.000000000000e+00 0.000000000000e+00
0.000000000000e+00 0.000000000000e+00 0.000000000000e+00
0.000000000000e+00 0.000000000000e+00 0.000000000000e+00
0.000000000000e+00 0.000000000000e+00 0.000000000000e+00
0.000000000000e+00 0.000000000000e+00 0.000000000000e+00
0.000000000000e+00 0.000000000000e+00 0.000000000000e+00
0.000000000000e+00 0.000000000000e+00 0.000000000000e+00
0.000000000000e+00 0.000000000000e+00 0.000000000000e+00
0.000000000000e+00 0.000000000000e+00 0.000000000000e+00
0.000000000000e+00 0.000000000000e+00 0.000000000000e+00
8.532863359502e-03 6.607216923372e-02 4.540549191054e-02
-9.809969034954e-03 6.956410525224e-02 -4.432380588338e-02
-7.046332397835e-02 -5.621677320829e-01 -4.064509330518e-01
6.960918122934e-02 -5.614417272106e-01 4.074772985521e-01
0.000000000000e+00 0.000000000000e+00 0.000000000000e+00
0.000000000000e+00 0.000000000000e+00 0.000000000000e+00
0.000000000000e+00 0.000000000000e+00 0.000000000000e+00
Mode 50
7.193749268311e-02 -2.757957346670e-03 6.097040936177e-02
0.000000000000e+00 0.000000000000e+00 0.000000000000e+00
0.000000000000e+00 0.000000000000e+00 0.000000000000e+00
0.000000000000e+00 0.000000000000e+00 0.000000000000e+00
0.000000000000e+00 0.000000000000e+00 0.000000000000e+00
0.000000000000e+00 0.000000000000e+00 0.000000000000e+00
0.000000000000e+00 0.000000000000e+00 0.000000000000e+00
0.000000000000e+00 0.000000000000e+00 0.000000000000e+00
0.000000000000e+00 0.000000000000e+00 0.000000000000e+00
0.000000000000e+00 0.000000000000e+00 0.000000000000e+00
0.000000000000e+00 0.000000000000e+00 0.000000000000e+00
0.000000000000e+00 0.000000000000e+00 0.000000000000e+00
-7.412529205332e-01 -1.665375707865e-03 -2.965490420229e-01
-4.372691970531e-02 -3.479903919254e-01 -2.364120208887e-01
-4.431130327931e-02 3.538579986465e-01 -2.334973772777e-01
-5.876356089998e-03 -2.199830484165e-02 -2.194408857067e-02
-3.295060107230e-03 2.374427285091e-02 -2.292056032629e-02
0.000000000000e+00 0.000000000000e+00 0.000000000000e+00
0.000000000000e+00 0.000000000000e+00 0.000000000000e+00
0.000000000000e+00 0.000000000000e+00 0.000000000000e+00
Mode 51
-3.858401658221e-03 8.989369679341e-02 2.058157782785e-03
-3.751150274396e-03 1.326078667201e-02 -3.174965898771e-03
0.000000000000e+00 0.000000000000e+00 0.000000000000e+00
0.000000000000e+00 0.000000000000e+00 0.000000000000e+00
0.000000000000e+00 0.000000000000e+00 0.000000000000e+00
0.000000000000e+00 0.000000000000e+00 0.000000000000e+00
0.000000000000e+00 0.000000000000e+00 0.000000000000e+00
0.000000000000e+00 0.000000000000e+00 0.000000000000e+00
0.000000000000e+00 0.000000000000e+00 0.000000000000e+00
0.000000000000e+00 0.000000000000e+00 0.000000000000e+00
0.000000000000e+00 0.000000000000e+00 0.000000000000e+00
0.000000000000e+00 0.000000000000e+00 0.000000000000e+00
-3.751150274396e-03 1.326078667201e-02 -3.174965898771e-03
-8.850531122587e-02 -5.653506492664e-01 -3.984287304637e-01
9.193362020516e-02 -5.627048238208e-01 4.073223425308e-01
-8.532863359502e-03 -6.607216923372e-02 -4.540549191054e-02
7.889754111954e-04 -7.115556384396e-02 4.833490717741e-02
0.000000000000e+00 0.000000000000e+00 0.000000000000e+00
0.000000000000e+00 0.000000000000e+00 0.000000000000e+00
0.000000000000e+00 0.000000000000e+00 0.000000000000e+00
Mode 52
0.000000000000e+00 0.000000000000e+00 0.000000000000e+00
0.000000000000e+00 0.000000000000e+00 0.000000000000e+00
0.000000000000e+00 0.000000000000e+00 0.000000000000e+00
0.000000000000e+00 0.000000000000e+00 0.000000000000e+00
0.000000000000e+00 0.000000000000e+00 0.000000000000e+00
0.000000000000e+00 0.000000000000e+00 0.000000000000e+00
0.000000000000e+00 0.000000000000e+00 0.000000000000e+00
8.012633970603e-02 -3.306418431427e-03 -4.548447298222e-02
0.000000000000e+00 0.000000000000e+00 0.000000000000e+00
0.000000000000e+00 0.000000000000e+00 0.000000000000e+00
0.000000000000e+00 0.000000000000e+00 0.000000000000e+00
0.000000000000e+00 0.000000000000e+00 0.000000000000e+00
0.000000000000e+00 0.000000000000e+00 0.000000000000e+00
0.000000000000e+00 0.000000000000e+00 0.000000000000e+00
0.000000000000e+00 0.000000000000e+00 0.000000000000e+00
0.000000000000e+00 0.000000000000e+00 0.000000000000e+00
0.000000000000e+00 0.000000000000e+00 0.000000000000e+00
-3.142064388631e-02 1.340351318948e-03 -2.027181778015e-02
0.000000000000e+00 0.000000000000e+00 0.000000000000e+00
-8.563015391372e-01 2.548460406202e-03 5.184025264415e-01
Mode 53
0.000000000000e+00 0.000000000000e+00 0.000000000000e+00
0.000000000000e+00 0.000000000000e+00 0.000000000000e+00
0.000000000000e+00 0.000000000000e+00 0.000000000000e+00
0.000000000000e+00 0.000000000000e+00 0.000000000000e+00
7.186228139637e-02 -1.089244046184e-03 3.653253426627e-02
0.000000000000e+00 0.000000000000e+00 0.000000000000e+00
0.000000000000e+00 0.000000000000e+00 0.000000000000e+00
0.000000000000e+00 0.000000000000e+00 0.000000000000e+00
0.000000000000e+00 0.000000000000e+00 0.000000000000e+00
0.000000000000e+00 0.000000000000e+00 0.000000000000e+00
0.000000000000e+00 0.000000000000e+00 0.000000000000e+00
0.000000000000e+00 0.000000000000e+00 0.000000000000e+00
0.000000000000e+00 0.000000000000e+00 0.000000000000e+00
0.000000000000e+00 0.000000000000e+00 0.000000000000e+00
0.000000000000e+00 0.000000000000e+00 0.000000000000e+00
-5.313014539007e-04 -8.814772878415e-03 -4.692280667975e-03
5.269843349363e-03 1.485224526372e-02 -7.186067192802e-03
-8.809958767446e-01 2.741951792854e-03 -4.594983643707e-01
0.000000000000e+00 0.000000000000e+00 0.000000000000e+00
2.653167941738e-02 -4.040397103281e-03 -1.672558455007e-02
--
Dipole derivatives 
Mode 0
4.119803170617e-03 -1.415322555188e-02 -4.006897899031e-03
Mode 1
4.451709548617e-03 3.076042752214e-03 1.930535700186e-03
Mode 2
2.864819066748e-02 -1.248854486730e-01 2.668059564480e-03
Mode 3
2.166259039534e-02 6.100778926818e-03 -7.284261986026e-03
Mode 4
5.690590204472e-03 -4.932435105380e-02 -1.148260511705e-02
Mode 5
1.051802182560e-02 4.096092924991e-03 -1.642062808311e-03
Mode 6
-6.371300506941e-03 2.709336070429e-02 6.748149296974e-04
Mode 7
3.501097003626e-03 -1.010179875478e-04 1.392930894409e-02
Mode 8
-4.576612438605e-03 2.469871004942e-04 -2.543897537024e-02
Mode 9
1.023763635253e-02 -9.602746889708e-03 4.534983612086e-03
Mode 10
-1.425114184492e-02 2.455120644609e-02 -6.875108226285e-03
Mode 11
-3.602083954309e-03 1.649393127052e-03 1.010715478485e-03
Mode 12
-1.066894457138e-02 -2.847604030995e-03 -9.170854683718e-04
Mode 13
-5.179820293460e-02 -1.522866207947e-02 -2.045442104132e-02
Mode 14
1.145590707320e-02 2.397401417305e-03 3.763395778600e-02
Mode 15
1.014307994444e-02 1.124129035008e-03 9.025899114677e-02
Mode 16
-3.689583272005e-03 -2.324437807195e-03 4.577536418528e-02
Mode 17
1.603496109545e-02 -3.799914432887e-02 -3.119383330154e-03
Mode 18
-2.944452842277e-02 8.020563131898e-02 1.986233984744e-03
Mode 19
6.624135446090e-02 2.146172048990e-02 -5.732449352244e-02
Mode 20
-7.967411728442e-03 2.204218047234e-02 1.471124520422e-03
Mode 21
-8.039723839194e-02 -2.001432077125e-02 -1.420570552695e-01
Mode 22
3.849571102342e-02 -1.033306685183e-01 5.645556671549e-03
Mode 23
2.389647363041e-02 -1.022713496872e-01 7.283059414717e-03
Mode 24
2.252334709245e-02 -8.045692468107e-02 -2.911016750209e-03
Mode 25
-5.140943730780e-02 -1.685763992704e-02 7.910069848487e-02
Mode 26
-9.449469170490e-02 -3.059467599576e-02 -4.627690317091e-02
Mode 27
-1.918623602167e-01 -5.722052167565e-02 8.055839133591e-02
Mode 28
9.201554388399e-02 2.960117542255e-02 -1.071813082861e-01
Mode 29
-3.005778479891e-01 -8.241037271574e-02 -1.587729749891e-01
Mode 30
-1.359567443194e-01 -3.597651267159e-02 -1.738203106414e-01
Mode 31
-2.139531784960e-01 -6.181148379303e-02 7.148344185904e-02
Mode 32
1.584391054083e-02 -6.722107088900e-02 -4.706088213137e-03
Mode 33
6.668369461969e-02 1.958640610003e-02 -2.934378769739e-02
Mode 34
1.314419222532e-02 -2.973144003471e-02 -3.472612811678e-03
Mode 35
-3.357416111353e-01 -9.482928222179e-02 -1.122187264118e-01
Mode 36
1.394606371040e-01 4.280450689565e-02 -6.587713621811e-02
Mode 37
1.033106346694e-01 2.591697021720e-02 4.517286664731e-02
Mode 38
3.779832141957e-01 1.082887552381e-01 9.018155001519e-02
Mode 39
1.699190964112e-01 4.372636148518e-02 2.064401167145e-01
Mode 40
2.049165150735e-02 -8.464877489400e-02 -4.097219233281e-03
Mode 41
-2.600568823577e-01 -7.578062499414e-02 -1.923988196164e-03
Mode 42
7.177909691691e-03 2.069297969952e-04 -5.155782468824e-02
Mode 43
3.873646141531e-02 1.134169596841e-02 -1.816656748041e-02
Mode 44
1.917779852577e-01 4.733570629302e-02 2.939375835936e-01
Mode 45
3.708177121534e-01 1.127802947508e-01 -1.159435037563e-01
Mode 46
3.207017494126e-02 9.030375459122e-03 2.911253317370e-02
Mode 47
5.042234078452e-02 8.139439024719e-03 1.767522976394e-01
Mode 48
-1.127684033591e-01 -3.354100768908e-02 1.052564662625e-02
Mode 49
-4.279870607555e-02 1.660928869231e-01 6.848771311805e-03
Mode 50
5.064565659394e-02 1.091640357946e-02 1.063452704874e-01
Mode 51
-3.702155363760e-02 1.169879283146e-01 7.378394541979e-04
Mode 52
-1.916360896541e-02 -4.528716535731e-03 -7.258111522249e-03
Mode 53
2.620168193197e-02 5.841151767306e-03 3.162934334605e-02
--
Polarizability derivatives 
Mode 0
1.901165626548e-01 -2.575568120796e-01 1.199462823862e-01
-2.575568120796e-01 -1.271497349492e-01 -5.066881987684e-01
1.199462823862e-01 -5.066881987684e-01 -4.741285256234e-02
Mode 1
-3.821574783956e-01 5.393885808699e-01 -5.771832858424e-02
5.393885808699e-01 3.358423092207e-01 2.750928799780e-01
-5.771832858424e-02 2.750928799780e-01 -1.521770445588e-02
Mode 2
-4.712805193545e-01 6.585422441225e-01 -3.440948656862e-01
6.585422441225e-01 3.124230698974e-01 1.684080888659e+00
-3.440948656862e-01 1.684080888659e+00 -8.985583509044e-02
Mode 3
-3.682119239818e-01 -1.060711387426e-01 6.475883139458e-01
-1.060711387426e-01 -1.355070087363e-02 1.398336325354e-01
6.475883139458e-01 1.398336325354e-01 5.789699018037e-01
Mode 4
-2.692992686287e-01 2.837222932575e-01 -8.256376501422e-02
2.837222932575e-01 1.546044492370e-01 2.543163959758e-01
-8.256376501422e-02 2.543163959758e-01 1.523043914596e-01
Mode 5
-1.363080721029e-01 -4.033962994339e-02 -1.469832675116e-01
-4.033962994339e-02 -2.923049356806e-02 -5.537973007426e-02
-1.469832675116e-01 -5.537973007426e-02 3.659347363292e-02
Mode 6
3.193848184068e-01 -5.435627856258e-01 8.731204271544e-02
-5.435627856258e-01 -3.363597183098e-01 -4.865548441428e-01
8.731204271544e-02 -4.865548441428e-01 -6.748379861207e-02
Mode 7
-1.071019966134e+00 -2.948240828692e-01 6.006354565460e-01
-2.948240828692e-01 -1.632400257055e-01 1.864289319790e-01
6.006354565460e-01 1.864289319790e-01 -1.844305952208e-01
Mode 8
2.415979533740e-01 7.291348690632e-02 6.660100875388e-01
7.291348690632e-02 -1.096140608350e-01 2.638757651170e-01
6.660100875388e-01 2.638757651170e-01 -1.701216964166e+00
Mode 9
-4.496282891325e-01 6.812547182386e-01 -4.321126070496e-02
6.812547182386e-01 4.222956371692e-01 3.137817077780e-01
-4.321126070496e-02 3.137817077780e-01 9.878769070804e-03
Mode 10
7.408020809526e-02 8.015285082368e-02 1.766315313321e-02
8.015285082368e-02 1.151271355575e-02 9.017635225750e-03
1.766315313321e-02 9.017635225750e-03 1.031142175924e-01
Mode 11
-3.608300506885e-01 4.512304835483e-01 4.990622553486e-02
4.512304835483e-01 2.891937423280e-01 -1.375047536173e-01
4.990622553486e-02 -1.375047536173e-01 -6.779416979405e-02
Mode 12
6.582456255238e-01 1.497496093671e-01 1.095620195828e+00
1.497496093671e-01 -2.092730351719e-02 3.385687754960e-01
1.095620195828e+00 3.385687754960e-01 -1.642505475287e-01
Mode 13
2.278356521542e+00 6.266128625203e-01 -1.260027271040e-01
6.266128625203e-01 3.232066076097e-01 -8.071077269692e-02
-1.260027271040e-01 -8.071077269692e-02 1.872538679281e+00
Mode 14
-2.513371221836e-01 -6.141024122408e-02 -6.511647046926e-01
-6.141024122408e-02 -1.142659560948e-02 -1.023662429092e-01
-6.511647046926e-01 -1.023662429092e-01 -2.257088041999e+00
Mode 15
-3.669564641849e-01 -1.056583714623e-01 -3.879935313724e-02
-1.056583714623e-01 -8.129945023636e-02 4.887470615153e-02
-3.879935313725e-02 4.887470615153e-02 -1.112552993511e+00
Mode 16
-1.251200283859e+00 -4.190847135724e-01 4.020706619581e-01
-4.190847135724e-01 1.404978230025e-03 1.275909493376e-01
4.020706619581e-01 1.275909493376e-01 -3.386340739245e-01
Mode 17
-3.534823704822e-02 3.409260563177e-02 -1.299748329468e-02
3.409260563177e-02 2.539744016866e-02 1.212852179106e-01
-1.299748329468e-02 1.212852179106e-01 -3.412663274326e-02
Mode 18
2.159276207619e-02 -8.850634389487e-03 -3.651631124387e-02
-8.850634389487e-03 -1.990934694665e-02 1.191852357088e-01
-3.651631124387e-02 1.191852357088e-01 3.215830495935e-02
Mode 19
8.472950030188e-01 2.868990997797e-01 -2.608727474006e-01
2.868990997797e-01 -3.888149323501e-02 -1.073608093680e-01
-2.608727474006e-01 -1.073608093680e-01 7.891000159042e-01
Mode 20
-1.046177627208e-01 2.041290682304e-01 1.887122861009e-02
2.041290682304e-01 1.563429037622e-01 -1.653925930654e-02
1.887122861009e-02 -1.653925930654e-02 -5.538177006690e-03
Mode 21
-7.652066903670e-01 -2.089800079582e-01 -7.107808608331e-01
-2.089800079582e-01 1.588855962055e-02 -2.208929412218e-01
-7.107808608331e-01 -2.208929412218e-01 3.327827068560e-01
Mode 22
-2.814642019378e-01 3.979528333709e-01 -1.509114089892e-01
3.979528333708e-01 2.661045331022e-01 6.693016668427e-01
-1.509114089892e-01 6.693016668427e-01 1.971724885202e-02
Mode 23
7.341205693683e-02 -6.687500952974e-02 4.455968128371e-02
-6.687500952974e-02 -3.684399299368e-02 2.658725770539e-01
4.455968128371e-02 2.658725770539e-01 -9.341915817416e-02
Mode 24
4.530503129761e-01 -6.419531305159e-01 -1.673584180471e-01
-6.419531305159e-01 -4.894428972630e-01 3.019704157107e-01
-1.673584180471e-01 3.019704157107e-01 1.073700391057e-02
Mode 25
-1.008992714120e+00 -3.072215608017e-01 1.108684470925e-01
-3.072215608017e-01 -2.547941841343e-02 -4.689562477725e-03
1.108684470925e-01 -4.689562477725e-03 1.242456291096e-01
Mode 26
-3.593774985228e-01 -1.306091842826e-01 6.995961140192e-01
-1.306091842826e-01 -5.941779245306e-02 9.371445082478e-02
6.995961140192e-01 9.371445082478e-02 3.623553658817e+00
Mode 27
2.242612941923e+00 6.960010574246e-01 -1.677782676899e-01
6.960010574246e-01 8.623002159270e-02 5.317921324310e-02
-1.677782676899e-01 5.317921324310e-02 -2.365208844447e+00
Mode 28
-3.050169988279e+00 -8.204294884985e-01 -2.274633980939e-01
-8.204294884985e-01 -4.295116947948e-01 -2.021349473765e-02
-2.274633980939e-01 -2.021349473765e-02 -3.176960349570e+00
Mode 29
-1.581101070897e+00 -3.737411491862e-01 1.373253238283e+00
-3.737411491862e-01 -5.993965341841e-01 4.402631304391e-01
1.373253238283e+00 4.402631304391e-01 -2.468809080248e+00
Mode 30
1.202398949382e+00 4.182275541229e-01 3.402792170837e-01
4.182275541229e-01 -1.337990057810e-01 2.798096850720e-02
3.402792170837e-01 2.798096850720e-02 1.024782344969e+00
Mode 31
-1.832987160727e+00 -4.749402710518e-01 1.244996921168e+00
-4.749402710518e-01 -5.693169137159e-01 4.808932378417e-01
1.244996921168e+00 4.808932378417e-01 -3.358117204109e+00
Mode 32
-2.327374809782e-01 4.118912192705e-01 -1.808846688330e-01
4.118912192705e-01 2.239864578724e-01 7.165001867022e-01
-1.808846688330e-01 7.165001867022e-01 7.934308351240e-02
Mode 33
2.083921326794e+00 5.891398446605e-01 -4.706307824807e-01
5.891398446605e-01 3.260304676281e-01 -1.234853944288e-01
-4.706307824807e-01 -1.234853944288e-01 1.293281121995e+00
Mode 34
-1.237071768830e+00 2.027877637322e+00 -1.406917858325e-01
2.027877637322e+00 1.173758977572e+00 8.885847549778e-01
-1.406917858325e-01 8.885847549778e-01 9.640848236380e-02
Mode 35
1.634307440494e+00 5.470214950925e-01 -8.121559279537e-01
5.470214950925e-01 8.683308298869e-02 -2.789327492357e-01
-8.121559279537e-01 -2.789327492357e-01 1.460125022273e+00
Mode 36
-2.291075866815e-03 -1.506495451177e-02 9.515567041293e-01
-1.506495451177e-02 9.972343819426e-03 1.754659805181e-01
9.515567041293e-01 1.754659805181e-01 3.042750056366e+00
Mode 37
6.531498666348e-01 2.516887173641e-01 -8.105454324131e-02
2.516887173641e-01 -1.204027758309e-01 -5.488216201354e-02
-8.105454324131e-02 -5.488216201354e-02 1.058815527159e-02
Mode 38
-1.409164026148e+00 -4.923629167049e-01 9.318854164663e-01
-4.923629167049e-01 -3.355899471492e-02 2.524241837428e-01
9.318854164663e-01 2.524241837428e-01 7.907723837670e-01
Mode 39
-1.684058133549e-02 -4.044975645411e-02 -5.836376899260e-02
-4.044975645411e-02 1.490518237274e-02 1.842935134309e-02
-5.836376899260e-02 1.842935134309e-02 -4.194536873079e-01
Mode 40
-1.800966092162e+00 2.845735078000e+00 -1.254262261964e-01
2.845735078000e+00 1.759644103347e+00 8.756540137430e-01
-1.254262261964e-01 8.756540137430e-01 5.805294351971e-02
Mode 41
-2.040481896627e-01 -9.974212736439e-02 -8.496816250121e-01
-9.974212736439e-02 1.927148998421e-01 -3.314132723406e-01
-8.496816250121e-01 -3.314132723406e-01 2.968569825920e+00
Mode 42
1.592847236172e+00 -1.933139675123e-01 1.357331747286e+00
-1.933139675123e-01 2.011833432808e+00 5.967519023457e-01
1.357331747286e+00 5.967519023457e-01 -2.913457837080e+00
Mode 43
-1.138369598325e+00 -1.814869365763e-01 -8.263395427823e-02
-1.814869365763e-01 -6.529321680788e-01 -1.655840169158e-01
-8.263395427823e-02 -1.655840169158e-01 3.288104717386e+00
Mode 44
-2.537640578623e-01 -2.022447771511e-01 2.883775404395e+00
-2.022447771511e-01 6.999989184809e-02 9.334116818240e-01
2.883775404395e+00 9.334116818240e-01 -2.672855941463e+00
Mode 45
-2.781245042219e+00 -7.124336534095e-01 -3.957286043982e+00
-7.124336534095e-01 -8.043823745247e-02 -1.415456719228e+00
-3.957286043982e+00 -1.415456719228e+00 8.117237040870e+00
Mode 46
3.788665354689e+00 1.021431701105e+00 3.582286832148e+00
1.021431701105e+00 8.272573402444e-02 7.669968448028e-01
3.582286832148e+00 7.669968448028e-01 8.768795987332e+00
Mode 47
3.351979677677e+00 -1.196746944417e+00 7.444252816296e-01
-1.196746944417e+00 6.988424266385e+00 2.793282347147e-01
7.444252816296e-01 2.793282347147e-01 4.583100542379e+00
Mode 48
-7.277570273323e+00 -3.215488903994e-01 -1.327437226612e+00
-3.215488903994e-01 -5.991497163053e+00 -4.298795472922e-01
-1.327437226612e+00 -4.298795472922e-01 -5.355205744061e+00
Mode 49
-3.121248567762e-01 4.694091736178e-01 -1.667427857617e+00
4.694091736178e-01 -7.348137532923e-02 5.673388262164e+00
-1.667427857617e+00 5.673388262164e+00 3.566006590199e-01
Mode 50
4.538386934371e+00 2.292872287157e+00 5.753524504586e+00
2.292872287157e+00 -3.305479503685e+00 1.527539353477e+00
5.753524504586e+00 1.527539353477e+00 1.701814530191e+00
Mode 51
-1.763332329638e+00 2.787277589856e+00 1.231519774333e+00
2.787277589856e+00 1.988944623184e+00 -3.813008361437e+00
1.231519774333e+00 -3.813008361437e+00 -2.255661150047e-01
Mode 52
-8.405426723721e+00 -2.408915264510e+00 1.393716557060e+00
-2.408915264510e+00 -1.066215843408e+00 4.206940385516e-01
1.393716557060e+00 4.206940385516e-01 -8.773351723481e-01
Mode 53
3.556143646672e+00 8.467943723317e-01 2.714030586762e+00
8.467943723317e-01 6.108764079672e-01 6.025079153738e-01
2.714030586762e+00 6.025079153738e-01 6.030135339451e+00
--
