Number of atoms 
20
--
Anisotropy 
64.015
--
Frequencies 
74.675300000000
94.384900000000
114.867500000000
126.190900000000
194.833600000000
218.908900000000
261.704900000000
306.847700000000
310.020500000000
338.976500000000
352.446200000000
375.151800000000
408.237700000000
494.820900000000
535.419900000000
570.893500000000
607.372000000000
631.305000000000
700.459900000000
751.007100000000
836.927600000000
866.509800000000
926.723700000000
946.227800000000
976.589500000000
1014.942500000000
1033.862900000000
1056.688100000000
1084.514800000000
1142.453300000000
1201.569200000000
1213.896400000000
1232.683200000000
1295.593200000000
1340.953300000000
1379.168200000000
1398.714000000000
1412.977600000000
1441.151700000000
1444.611600000000
1476.372100000000
1492.662400000000
1502.221300000000
1642.355300000000
1649.229600000000
2660.577700000000
3030.455900000000
3045.767200000000
3091.156700000000
3098.983200000000
3171.682900000000
3195.713400000000
3214.480200000000
3810.020700000000
--
Displacements 
Mode 0
4.107487971147e-02 -7.905233525525e-02 1.485381518243e-01
4.972668574293e-03 -8.171952936489e-02 -9.858554033450e-03
9.720514253962e-03 3.978307262255e-02 -2.056255663452e-02
1.804230837882e-03 2.896749208235e-02 -1.605083030695e-02
1.401970768663e-02 1.027723451024e-02 -1.725764315319e-02
3.617089983408e-03 4.032141865250e-02 -7.816639808896e-03
-6.112052578198e-03 1.815191154216e-02 -1.153910397938e-02
-7.545117055756e-03 2.798719091293e-02 -1.264074180649e-02
-5.361091549905e-03 7.814388893619e-02 -2.155901944250e-02
-2.475051909409e-02 1.636241088743e-01 -5.014541653681e-02
-1.697195083607e-02 -8.519877890313e-02 -1.237420535770e-02
6.522940955061e-02 -7.825708423037e-02 2.149905879276e-01
-1.308706530194e-02 -6.543956090751e-02 -1.133419277673e-01
-1.636000809887e-04 -2.067977717810e-01 -3.057212490833e-02
8.296078084049e-03 3.200478648111e-02 2.620826343378e-03
-1.116220703916e-02 -1.233422773957e-02 -4.824101997597e-03
1.201861129085e-01 -1.359428950365e-01 1.731323989120e-01
-3.078200052220e-01 9.971268007255e-02 -4.340555561422e-01
6.411474804526e-02 6.335150624712e-01 3.532654391874e-02
2.824698165261e-02 -1.474405313074e-01 -8.223987934877e-02
Mode 1
-2.378434057697e-01 1.589553841210e-01 1.853744863534e-01
4.989792058931e-02 -7.055838457570e-02 -5.942820783879e-02
4.952675422899e-02 -1.093611560288e-01 -4.227573970473e-02
5.142572756883e-02 -3.415126324255e-03 -6.612976350011e-03
9.063597828891e-02 1.186000492360e-02 -1.201913985378e-02
3.748350576887e-02 9.851330781212e-02 1.378821885484e-02
1.553888635851e-02 9.503405827389e-02 1.127256753059e-02
7.536488748112e-03 -1.037362540072e-02 -1.164427899851e-02
2.796192948660e-02 -9.165119962614e-02 -3.765883835804e-02
1.498686330191e-02 -1.153393539359e-01 -5.071713085369e-02
-2.843646665653e-02 -6.516543936986e-03 -2.118730797458e-02
-4.100767826607e-01 -2.588205459529e-02 3.931502913296e-01
2.332848762118e-01 1.442268473924e-01 -2.866649316224e-01
1.075744094366e-01 -3.899396569289e-01 -8.108520449847e-02
4.510610871130e-02 1.827317855458e-01 2.957251271300e-02
4.462793513661e-03 1.772919336687e-01 3.387703838966e-02
-3.720460793012e-03 -9.968639076250e-02 -6.818197465778e-02
4.810231805907e-02 -1.171394421703e-01 -1.909235672684e-02
1.566033844353e-02 -1.675530451884e-01 -6.388059836847e-02
1.288032368273e-02 -5.329038331249e-02 -3.865530116602e-02
Mode 2
2.197050433329e-02 -4.936144699839e-02 7.537071373926e-02
1.145588751282e-02 -6.106866945393e-02 -1.547191818813e-02
6.103424270554e-03 -5.383460299502e-04 -1.274591682562e-02
5.050154460965e-03 3.048613928173e-02 -6.715001981786e-03
6.560704825195e-03 1.328565285576e-01 -2.469812103012e-03
3.919398764704e-03 -5.069504405321e-02 -3.827639189615e-03
-1.510550364230e-03 -1.023703892759e-01 -4.245189878774e-03
-7.595893359369e-04 -4.237841188182e-02 -1.426510534189e-02
-6.491847246167e-03 -3.037294398754e-03 -1.867165665033e-02
2.943614841787e-03 9.253510990509e-02 5.346827705884e-03
-1.584119513980e-02 -4.017595568181e-03 -1.526156814987e-02
5.444699717941e-02 -6.940210602903e-02 2.172990386009e-01
1.321065360309e-03 -5.158668596856e-02 -9.918199744457e-02
1.786162056467e-02 -1.526234781896e-01 -2.422883439447e-02
7.165322387787e-03 -4.917639685384e-02 5.508189135548e-03
2.408848400474e-03 -1.530654333291e-01 -8.072829068389e-03
-7.112626108408e-02 4.682531327368e-01 -2.656690773620e-01
1.613203972313e-01 2.191625139272e-01 4.759658831537e-01
-4.634023521716e-02 -3.232779409908e-01 -1.026837643875e-01
-2.667114369401e-01 2.369310273164e-01 1.134450087789e-02
Mode 3
-1.220684854111e-02 1.076692059900e-03 2.549183365124e-02
2.866128955115e-03 -1.967055874153e-02 2.203275654219e-03
1.053269809589e-03 -3.102448531168e-02 -6.030914843835e-03
0.000000000000e+00 0.000000000000e+00 0.000000000000e+00
2.641306060491e-03 1.835515726108e-01 1.357827086603e-03
2.788643068443e-03 -1.318762273882e-01 -9.402763974449e-04
-4.074370538049e-03 -1.737162932400e-01 -2.459464913713e-03
-2.563820173819e-03 -7.134590396418e-02 1.785724965061e-03
-7.242808274460e-03 -6.302927179279e-02 -8.651741187213e-03
-1.411445018860e-02 -8.725577213245e-02 -3.445595050849e-02
4.572805546408e-04 1.333948745875e-01 1.027610472261e-02
-2.986090282644e-02 -1.429483007843e-02 1.996075003316e-03
1.545277216419e-02 4.419551394768e-04 -1.615600532608e-02
2.486334287147e-03 -4.085976468245e-02 -4.929277016725e-03
7.087836501115e-03 -1.613820655005e-01 2.364637083884e-03
-6.258396043899e-03 -2.238729912633e-01 6.458812722292e-03
9.591975283426e-02 -4.492173109157e-01 2.218179627304e-01
-2.328865133726e-01 -1.902591450588e-01 -4.879193884349e-01
4.813583774740e-02 3.698589985853e-01 6.234791327555e-02
2.058407943155e-01 -2.474979523585e-02 1.466867922866e-01
Mode 4
-1.098523527843e-01 -2.392052326453e-02 -1.614319335029e-01
1.679109413979e-02 -8.637186185350e-02 -6.676796116064e-02
-2.344654146695e-02 -1.234632043263e-01 1.752417960198e-02
-1.869006747963e-02 -1.957416785106e-02 3.110519780592e-02
1.049736020519e-02 4.693435347996e-02 4.227259031738e-02
-2.184987690840e-02 7.349928808398e-02 4.919794233742e-02
-3.195881413797e-02 3.014057503273e-02 3.834292549599e-02
-2.841921004124e-02 -4.174367496140e-02 2.738273363543e-02
-3.814835260284e-02 -6.391318207174e-02 2.366026946494e-02
-5.927315340588e-02 1.224187799429e-01 -1.001676607576e-02
1.406458979955e-01 -1.694697305431e-02 2.883628757910e-02
-1.937200599687e-01 -7.091899995847e-02 -1.996071987946e-01
6.533343613822e-02 -3.488929841180e-02 -1.241542547749e-01
1.135477533145e-01 -1.102773339843e-01 -4.296297623004e-02
-2.968867443781e-02 1.748893761904e-01 5.685322071665e-02
-3.587821290268e-02 8.083561908594e-02 4.217056468561e-02
2.632129872970e-02 8.617908007255e-02 8.964116857243e-03
-2.956310690742e-01 1.498603053285e-01 -9.297397423431e-02
1.710966599412e-02 3.448372472208e-01 -2.990873214898e-02
-3.922851820994e-01 5.198556941172e-01 1.589414772775e-01
Mode 5
5.726135628866e-02 1.660872830268e-02 7.379218942510e-02
-3.919398764704e-03 5.069504405321e-02 3.827639189615e-03
-3.548232404380e-03 8.949781550633e-02 -1.332482894444e-02
-4.299193432672e-03 2.950583811230e-02 -3.304913481329e-03
1.183568218078e-02 -3.987946351302e-02 -8.339365517182e-03
-1.583256683216e-02 -2.163116108039e-02 9.023452655133e-03
-3.921025072008e-02 -1.527513124785e-02 5.406163503773e-03
-4.494250863031e-02 2.406598623522e-02 9.996121953346e-04
-3.092280094367e-02 3.434322074546e-02 -1.625803095785e-02
-5.228005940673e-02 -1.159418231798e-01 -5.936572265355e-02
5.285879204639e-02 -1.325040569502e-02 -5.511338522901e-03
1.149111355529e-01 3.679309703406e-02 1.790019523262e-01
-3.092280094367e-02 3.434322074546e-02 -1.625803095785e-02
-2.481074836547e-02 1.619130920330e-02 -4.718926978470e-03
-3.988256343732e-03 -7.912419010562e-02 2.496910794296e-02
-3.347799280985e-02 -5.461624873092e-02 9.812714812212e-03
-1.371665231701e-01 -2.023700766109e-01 5.630010118680e-03
3.324234169883e-03 -1.730006287019e-01 -1.872424415989e-01
-5.046720026120e-02 -1.045878966096e-01 -5.113153215550e-02
-6.012771575361e-01 6.200653797759e-01 5.463245032737e-02
Mode 6
-7.527860440468e-03 -7.239940111490e-03 3.592929980352e-02
-3.260640435666e-02 2.951356974870e-02 1.243614554258e-01
4.275848312446e-02 -7.422268425848e-02 7.918665440671e-03
2.585538986742e-02 -2.960222900278e-02 -2.559700867037e-02
-2.195324771800e-02 1.413431597398e-02 -2.680067212925e-02
2.841921004124e-02 4.174367496140e-02 -2.738273363543e-02
5.647588202980e-02 2.707101295747e-02 -1.332797833180e-02
6.650733337270e-02 -4.177594263790e-02 -5.616513542029e-03
7.080652680537e-02 -7.128178075020e-02 -2.311600060700e-03
6.907115354652e-02 2.956996132628e-02 -7.402238507090e-03
-9.389053021964e-02 4.234913389233e-03 -2.160170927638e-02
-1.024796329993e-01 2.963583781020e-02 -4.190699726032e-01
-4.403220020281e-03 -1.386194770627e-02 3.358399292211e-01
-1.630658792359e-01 2.020249245009e-01 1.095237367398e-01
2.020061784386e-02 1.219445571269e-01 -2.686000792714e-02
7.449247436781e-02 9.885887206113e-02 -3.126970862294e-02
1.420789624730e-01 -2.678225242507e-02 2.993792540621e-02
-8.026787381626e-02 2.855007298298e-02 -9.456194671052e-02
1.062609788417e-01 2.014861663319e-01 2.668200053347e-02
-5.198863316711e-01 4.035851110921e-01 -7.769980853503e-02
Mode 7
-1.007449155185e-01 -5.521871797485e-02 1.164123012352e-03
-4.645305899454e-02 -7.830440304064e-02 -3.245577683439e-03
-2.014038857248e-02 2.548824254412e-02 -1.856648163120e-02
2.866128955115e-03 -1.967055874153e-02 2.203275654219e-03
7.126380736001e-02 6.211309383733e-02 7.964504661909e-03
4.221707546000e-03 -1.417115067589e-01 1.613614296648e-04
2.232441407833e-02 2.466845547914e-02 9.648203995195e-03
1.561637224518e-02 2.072397269205e-01 1.441611958225e-02
1.485678290924e-02 1.648613150387e-01 1.510142403659e-04
4.495113693795e-02 -4.167955174742e-02 2.328540860967e-02
-3.711663603245e-04 -3.880277145312e-02 1.715246813406e-02
-3.538408439247e-01 -7.908109639185e-02 -6.996019134938e-01
-4.827454644771e-02 -7.204476409858e-02 -3.576478898650e-02
-4.539978918495e-02 -1.093288883523e-01 -9.276492527274e-03
1.951567845833e-03 -2.864603079166e-01 -1.834893379100e-02
2.729708265262e-02 -5.705107388575e-02 -2.103500382556e-04
-5.540535560492e-02 -9.332262929357e-02 5.586710509797e-02
2.182120675977e-01 -1.057536600626e-01 -4.795473843200e-02
-2.019198953622e-02 -1.395581226391e-01 5.114502873215e-02
-1.166378805042e-01 4.644507953022e-02 -1.598075699675e-01
Mode 8
4.264680202097e-03 4.094842393653e-02 -9.383516973869e-02
1.326089871545e-01 -5.190039468009e-02 -9.122064217001e-02
2.987815944173e-02 -2.093230094599e-02 4.657396660669e-02
-5.050154460965e-03 -3.048613928173e-02 6.715001981786e-03
-2.183068100997e-01 2.877512244042e-02 -3.758855229668e-03
3.119922480204e-02 -7.251898691455e-02 -5.260803083788e-02
6.257930630035e-02 2.653266692752e-02 -2.607389515742e-02
7.670238479659e-02 9.617487354777e-02 3.266707615607e-02
6.516901139710e-02 4.503787435508e-02 4.499544229253e-02
6.870861549384e-02 -2.684637563905e-02 3.403525043197e-02
-6.219088332474e-02 -2.295702649882e-02 5.749146863337e-02
1.101453774800e-01 -3.348518763754e-02 5.562793704863e-01
1.612614795159e-01 3.973534167326e-02 -3.088945416262e-01
3.026671357294e-01 -2.055609777557e-01 -5.037151351183e-02
1.927742842694e-02 -1.272316265359e-01 -7.169723817737e-02
9.205178615118e-02 3.725185657724e-02 -5.948754363668e-02
3.201058398384e-02 -1.358219681060e-01 1.073671993340e-01
5.236699826117e-02 -7.619101823373e-02 -1.129275264655e-01
9.035092612290e-02 6.764933660489e-02 3.256190113694e-02
-3.298084219486e-01 2.002984443868e-01 -1.428528543223e-01
Mode 9
5.907421543419e-02 2.796265487282e-02 8.202637992316e-02
7.375876995480e-02 3.639763642680e-03 2.732024845019e-02
6.364983272523e-02 -3.971894940857e-02 1.646523160876e-02
2.728845434498e-02 -3.943750837354e-02 -2.449537084326e-02
-1.345424737249e-01 1.640862702436e-02 -4.158220440472e-02
1.975196559686e-02 -2.906388297283e-02 -1.285109184475e-02
-2.299788921995e-02 2.754523577345e-02 3.515263519585e-03
-1.039398939558e-02 1.243061863005e-02 3.372602414930e-02
2.866128955115e-03 -1.967055874153e-02 2.203275654219e-03
-1.005202615060e-01 1.228690892931e-02 -2.134120636134e-01
4.142878945650e-02 -5.022432777713e-03 8.281564208024e-02
-1.540346163007e-01 2.652668856108e-02 -5.613106731348e-01
9.932910765621e-02 2.982686632120e-02 4.630428077055e-02
2.986953113408e-02 -3.318735433782e-03 2.228894580169e-02
4.533093160592e-02 -2.049034580651e-02 3.041796128061e-02
-1.938079923654e-02 6.786665442595e-02 -4.301376289311e-03
-3.087612759143e-01 1.724885719820e-01 -3.277410060267e-01
-1.075563281612e-01 6.798758135652e-02 -7.006657586726e-02
-3.693920092076e-03 -1.685242735906e-01 -4.104703694119e-01
2.121431565577e-01 -1.756695760815e-01 6.193126161363e-02
Mode 10
2.414590153150e-02 1.840881653708e-02 4.216741529825e-02
7.793733596258e-02 -5.000391555521e-02 -9.394349414517e-02
1.519178671874e-03 8.475682376365e-02 2.853021068378e-02
-5.637515408270e-03 1.163196551053e-01 4.730704235323e-02
-7.554574417740e-02 -6.783438674945e-02 3.730062346677e-02
1.553888635851e-02 9.503405827389e-02 1.127256753059e-02
1.108472115249e-02 -9.987144090705e-02 1.680549945933e-03
3.159809428767e-03 -9.307345593504e-02 -1.809274453150e-02
-8.969553225669e-03 2.020890477149e-02 1.054264117140e-02
1.767131090062e-02 -1.985560888609e-02 7.206580025793e-02
-1.728288792501e-02 2.343124931479e-02 -4.064822678198e-02
-2.689371235460e-01 -2.787997398519e-02 -7.160276046560e-01
7.167014272892e-02 1.446441695019e-02 -3.271913374213e-01
1.893183203866e-01 -2.456650785872e-01 -7.941815112919e-02
1.085989825787e-02 1.033506904453e-01 8.351013783171e-04
4.903810995265e-03 -2.115387635237e-01 1.128291471989e-02
5.975631888346e-02 -4.186460189198e-02 9.314793321338e-02
6.403825570084e-02 -3.614330897987e-02 4.788280508470e-02
-9.608515136714e-03 1.968333975247e-03 1.208461919062e-01
-3.157901947001e-02 5.132978097364e-02 4.547547816693e-02
Mode 11
1.108711093633e-01 6.335030000168e-02 5.826093543909e-02
1.198406625890e-01 4.314139523020e-02 4.771829426769e-02
1.798224798956e-02 -1.284856371040e-01 1.003398216822e-01
4.281888127796e-02 -1.975176428439e-01 1.779138110757e-01
-8.859912090889e-02 8.299673484213e-02 2.208206008952e-01
9.526336542581e-02 -1.615029924310e-01 6.812983666184e-02
-4.886554379977e-03 1.763116324993e-01 3.728712689012e-02
-7.589982280456e-02 1.288634690295e-01 -1.123985019825e-01
-1.284045362238e-01 -5.458398105442e-02 4.281196198967e-02
-1.459638480072e-01 7.023034429458e-03 7.102979700342e-02
2.883417371779e-02 -2.351856743795e-02 -3.382535549136e-01
3.334010876967e-02 6.570553866975e-02 -1.829514124989e-01
1.626852599078e-01 6.351081410613e-02 8.306553256503e-02
1.310028696282e-01 5.547562296977e-02 5.254239626528e-02
7.760931114048e-02 -1.768745145694e-01 4.463407801391e-02
-1.071601015381e-01 3.406746008209e-01 1.853578403894e-01
-1.161029451807e-01 2.131786450788e-02 6.903372200010e-02
-2.049260643241e-01 2.081178615443e-02 8.928705235194e-02
-1.301312811750e-01 2.865419550985e-02 6.200634434829e-02
9.352864794496e-02 -7.664843664599e-02 -3.521042589537e-01
Mode 12
-1.407406404974e-01 -6.003156456790e-02 -8.054988124078e-02
-7.763502718129e-02 -4.101254715050e-02 9.793249476445e-02
-3.522347481448e-03 3.665711896971e-02 5.953023347057e-02
7.354807391708e-03 1.047806783906e-01 1.089353764589e-01
-4.451957242412e-02 -4.281263538491e-02 1.295572688913e-01
5.943675348687e-02 8.437899183815e-02 4.058889098410e-02
1.297859997376e-01 -1.202976634996e-01 2.800118620079e-02
1.032312498056e-01 1.435895329240e-02 -6.093400029077e-03
7.202339669595e-02 1.044915057192e-01 2.222961000380e-02
-2.428378557168e-02 -7.319526598251e-03 -2.153061129849e-01
2.460449364215e-03 1.198093185418e-02 -7.778433943174e-02
-8.011681696045e-03 -7.179693187097e-02 3.679415898350e-01
-9.124905527702e-02 -8.294127225646e-02 1.951777530036e-01
-1.070386494531e-01 7.808749735861e-02 1.102046744904e-01
2.087409298548e-02 6.973086587433e-02 -4.002347544192e-02
1.224743338841e-01 -3.131461694512e-01 4.049091376691e-02
-3.177738017961e-01 1.003754605805e-02 -2.232018336869e-01
1.883723560546e-02 -2.512587389141e-02 -2.488249364833e-01
9.056777648788e-02 -1.339564155267e-01 -4.060211282696e-01
6.638670594781e-02 -6.591378372348e-02 -1.301851696187e-01
Mode 13
1.728288792501e-02 -2.343124931479e-02 4.064822678198e-02
-1.320906526683e-01 4.600312439074e-02 -1.436515646415e-01
-1.229316144388e-01 1.797512948637e-01 -5.076701848952e-02
-8.842606786013e-02 -1.454400343696e-02 7.595592463279e-02
-9.608515136714e-03 1.968333975247e-03 1.208461919062e-01
-5.473188046330e-02 -1.455363205462e-01 4.270363758319e-02
9.835332373330e-02 1.730570202795e-01 5.547874766605e-02
8.264220898616e-02 -1.111612442632e-01 -1.065096557788e-02
9.084354456824e-02 -1.561349954043e-01 -5.974373289618e-02
1.114153287724e-01 4.612333175715e-03 -1.037562089574e-01
6.491847246167e-03 3.037294398754e-03 1.867165665033e-02
4.127364880104e-02 4.129398818553e-02 -1.388930972165e-01
-2.427198514039e-01 1.493132026880e-02 -3.679186450963e-01
-3.760413319376e-02 -1.226511488977e-01 -1.383568749315e-01
-1.261163152482e-01 -2.317872554691e-01 -8.982952315540e-02
1.287317363858e-01 4.681795246165e-01 1.833228782699e-02
1.635747607543e-01 9.641631526991e-02 -1.689591423805e-01
-8.341042662974e-02 8.639639789360e-02 -2.789916056901e-02
2.024052168064e-01 9.050224057685e-02 -1.814978585552e-01
-1.936354262125e-02 3.263952340153e-02 4.426866532070e-02
Mode 14
1.726563130972e-02 1.179588170962e-02 -7.921814828023e-03
6.117212674572e-02 -1.647275023833e-02 4.567952943048e-02
-5.416260079141e-02 2.960996063917e-02 1.532633775775e-01
-1.053464177325e-01 6.530358284317e-02 -6.129791088257e-03
1.546656056821e-01 -6.669738544061e-03 1.157864442592e-02
-5.232320094495e-02 -2.787399561874e-02 -1.807908266786e-01
8.114874635509e-02 2.196899369300e-02 -1.817477490400e-01
1.154467266544e-01 -4.331304279707e-03 -7.300212875315e-03
-1.645427212792e-02 -7.509886290104e-02 1.678970449999e-01
-1.794590974323e-01 -1.236608327705e-02 3.227247020562e-02
-2.623518453539e-02 8.413023061864e-03 1.846445599942e-02
-3.389230070839e-02 -5.351192623004e-03 -9.445992107875e-02
2.972301878626e-02 2.538412001725e-02 -1.751347726900e-01
2.600379083375e-01 -1.248140179238e-01 9.056349792919e-02
-1.399372538453e-01 -1.217181665385e-01 -3.600031290430e-01
1.551580552453e-01 4.027368770321e-02 -2.961486248006e-01
-3.538939253265e-01 5.859466926425e-02 -1.502512398555e-02
-3.772543525992e-01 2.972356807237e-02 2.992762847310e-02
4.532475752817e-03 2.038622327965e-02 -1.869862523394e-01
-6.311424162379e-02 -1.405451905192e-03 -2.027673968102e-01
Mode 15
-8.854669528502e-02 -3.868184452254e-02 -4.861273144389e-02
9.375232816570e-03 -5.186039536720e-02 6.944497391456e-02
8.747616886014e-02 1.049334608586e-01 6.073604677720e-03
1.195899547715e-01 2.992042231192e-01 -2.598221671494e-02
-4.685873858544e-02 -4.665291244493e-02 -8.323319276940e-02
1.358894240082e-01 -1.208360095295e-01 1.525526937517e-02
-2.796192948660e-02 9.165119962614e-02 3.765883835804e-02
-4.780863758542e-02 4.373654497675e-02 -1.203663458885e-03
-3.393527336449e-02 -1.880111233185e-01 -4.633899103967e-04
-5.570766438622e-02 -2.306166587857e-03 5.187810447869e-02
6.103424270554e-03 -5.383460299502e-04 -1.274591682562e-02
-1.064426601981e-01 -8.633186254061e-02 9.389765492393e-02
-4.247423586809e-03 -7.617555496094e-02 1.424052113487e-01
-5.532786971825e-02 1.888303935305e-02 5.901065714963e-02
2.331302422027e-01 -6.216400064138e-01 1.378912346610e-01
-8.297886211590e-02 1.904210761271e-03 1.249435169320e-01
1.590250283862e-01 1.112572230147e-01 -3.054293165110e-02
-3.026153658835e-01 9.987958468246e-02 1.960816383419e-01
-1.279420948841e-02 1.478824864469e-01 6.608387402269e-02
1.688583664175e-02 -9.393324231291e-03 -1.505436749897e-02
Mode 16
8.243464270682e-02 5.683375606470e-02 3.707362746451e-02
2.660635089571e-02 3.038974839126e-02 -3.561692413348e-02
-5.483525127290e-02 -2.049012926562e-01 -3.329497688349e-02
-1.253920638030e-01 1.677703630095e-01 2.701732094222e-02
1.404559260957e-02 -4.256346202638e-02 5.559741926182e-02
-1.722162891578e-01 5.066318851574e-02 4.092421139284e-02
-3.566201831570e-02 -1.047729467542e-01 1.873099244822e-02
-2.208332811067e-02 2.943349849485e-01 2.406747296480e-02
5.631228194881e-02 -1.797267588236e-01 -4.390010324013e-02
1.272651522199e-01 -8.983636768312e-03 -6.420962000250e-02
1.078241237120e-02 -8.854978201340e-03 -2.308450673347e-03
8.956545186403e-02 7.811162125969e-02 -5.455826661996e-02
9.359684974598e-02 6.916798380427e-02 4.189772946211e-02
1.152474509184e-02 6.875056470490e-02 -3.661338694147e-02
-2.027153292352e-01 -2.685971569068e-01 -4.649798484480e-02
9.997931654577e-03 -5.558453963510e-01 -7.372880521262e-02
2.700605624906e-01 9.468035024948e-02 -1.414316932794e-01
-1.060026362588e-01 8.229014307134e-02 5.560371803653e-02
1.726563130972e-01 1.179588170962e-01 -7.921814828023e-02
-2.412548497842e-04 -4.827568217117e-02 -2.491373121534e-01
Mode 17
-1.909574707053e-02 1.207732274465e-02 -4.888241728004e-02
1.522310412408e-01 -7.149136693486e-02 1.622180462727e-01
3.217418406483e-02 7.097580367507e-02 1.379393242424e-01
-1.115618411203e-01 2.409052227532e-02 -9.366750953432e-02
3.908099498754e-02 8.750855674474e-03 -1.542598403855e-01
-2.794185386919e-01 -7.804708590670e-02 1.205567609749e-01
-1.430029765501e-01 6.433101331013e-02 1.249466663193e-01
-1.863829763377e-02 -1.252555609243e-01 1.768153226359e-01
1.303466511018e-01 7.246218319795e-02 1.142759053901e-01
1.524470669457e-01 1.362782548150e-02 -7.664316115809e-02
1.683603412990e-03 4.829650996766e-03 -1.406194863836e-01
-1.086611989346e-01 -6.603429851504e-02 5.675849339919e-03
1.366145001135e-01 -8.003335598885e-03 -6.761970850296e-02
3.734212369109e-01 -1.551641791412e-01 2.167502187666e-01
-2.210866559784e-01 -1.276899739401e-01 2.368880771662e-01
-5.632953856410e-02 2.149538898480e-01 -4.669938369879e-03
-4.142016114886e-02 -1.259113273449e-02 -5.853062127523e-02
1.699891221138e-01 -1.275205897796e-02 -1.534310377819e-01
2.486946757199e-01 -3.799112816355e-02 -2.088244057801e-01
9.858677493556e-02 -4.777867658504e-02 8.060921703867e-02
Mode 18
9.357976201282e-03 -1.663326434278e-02 2.087493230455e-02
-1.223528817991e-01 5.055906598887e-02 -1.156440796660e-01
-3.845928969178e-02 4.471684614618e-02 -4.613751959342e-03
2.109028757246e-02 -1.158776999658e-01 -6.346304767931e-02
-1.780056663315e-02 1.333133331271e-02 -2.209194771396e-01
-1.132663178028e-02 6.759294502731e-02 1.643255950698e-01
2.040538200929e-01 -8.894441834262e-02 2.113076642036e-01
1.166894814679e-01 1.186012856530e-01 9.009605960420e-02
2.627832607361e-02 -9.648085062290e-02 1.029606480256e-01
-1.463350143675e-01 -3.177973702366e-02 8.818226513748e-02
1.036013194301e-03 4.202645712735e-03 -5.460095645384e-02
1.035937878583e-01 7.077529025773e-02 -4.753088896814e-02
-1.926065608877e-01 4.548931440089e-02 -2.510646031967e-01
-5.516344497713e-02 -6.104413341383e-02 -1.101390399178e-01
8.597562205218e-03 2.277132683233e-01 2.063316489384e-01
2.244792608314e-01 -1.702219925680e-01 1.852931048441e-01
-2.722102436480e-01 5.543644793492e-02 3.206841894207e-02
-3.843937900640e-01 2.605926838959e-02 9.727450175256e-02
1.685995171882e-02 4.344737230533e-02 -8.790942991398e-02
2.885143033307e-02 -5.874569846236e-02 -2.896835133036e-01
Mode 19
-6.335615225158e-02 -3.368394778493e-02 -3.676125179448e-02
2.416315814679e-02 -1.681831448733e-02 9.073745690826e-02
3.660246434791e-02 3.187219993926e-01 7.467627941201e-02
5.594974389613e-02 -2.361430957889e-01 -2.462614301066e-03
2.201282121138e-03 1.492956699885e-02 3.965176397400e-02
4.605600771128e-02 9.234232812414e-02 -5.245701659751e-02
-1.573327966655e-01 -1.240411375301e-01 -8.579153392753e-02
-7.683246518925e-02 1.840257954268e-01 1.820106893798e-02
1.138702993379e-02 -1.908879036128e-01 5.669550565213e-03
9.416695407800e-02 -4.241067955832e-02 -4.726435251935e-02
0.000000000000e+00 0.000000000000e+00 0.000000000000e+00
-8.203759142356e-02 -7.087168114820e-02 1.862896681644e-02
-1.041287231817e-01 -4.564807523540e-02 -1.813104029995e-01
1.899221132890e-01 -1.409730594507e-01 1.282816720851e-01
8.561934351627e-02 4.683723063975e-01 7.613613213039e-02
-1.874787516580e-01 -8.254663592725e-02 -3.921441793349e-02
3.060248895876e-01 1.084368342980e-01 -1.561736851084e-01
-1.771630728092e-01 7.954202134401e-02 1.236378278413e-01
1.683657479722e-01 1.298510896963e-01 -5.823804095656e-02
-1.597045087234e-02 -1.054187114156e-02 -1.641152450316e-01
Mode 20
0.000000000000e+00 0.000000000000e+00 0.000000000000e+00
1.078241237120e-02 -8.854978201340e-03 -2.308450673347e-03
7.536488748112e-03 -1.037362540072e-02 -1.164427899851e-02
-1.108472115249e-02 9.987144090705e-02 -1.680549945933e-03
2.866128955115e-03 -1.967055874153e-02 2.203275654219e-03
-1.409719357331e-02 -1.224829031569e-01 1.411409110152e-02
9.651656674934e-03 -9.003616153628e-02 5.789121188233e-04
3.617089983408e-03 4.032141865250e-02 -7.816639808896e-03
-3.245923623083e-03 -1.518647199377e-03 -9.335828325164e-03
-9.349347893638e-03 -9.803011694270e-04 3.410088500457e-03
3.245923623083e-03 1.518647199377e-03 9.335828325164e-03
-1.726563130972e-02 -1.179588170962e-02 7.921814828023e-03
3.169101858725e-02 -9.578374375845e-03 5.480815710475e-02
-2.624381284303e-02 2.602658857407e-02 -5.820564805579e-03
-4.085187501922e-02 7.200078512552e-01 3.632930550143e-02
-7.822534456371e-03 6.236156598864e-01 4.052550677161e-02
1.259527151672e-02 2.498948368804e-03 5.925739824707e-03
3.245923623083e-03 1.518647199377e-03 9.335828325164e-03
-2.480212005783e-02 -1.422256308904e-03 1.956609382653e-02
-1.960479747104e-02 -1.563615876964e-02 -2.048686468327e-01
Mode 21
-1.441692785201e-03 2.744884488297e-02 -2.538665863211e-02
1.701615193845e-01 -9.429561096562e-02 1.168477431249e-01
2.537935250887e-03 1.241866005008e-01 -7.464078738007e-02
-6.191445946637e-02 -6.113279266791e-02 -1.137459316237e-02
-1.078241237120e-02 8.854978201340e-03 2.308450673347e-03
-1.506428361078e-01 1.533966660085e-02 6.059233085115e-02
1.899823425604e-01 6.459740220383e-03 8.285518252677e-02
3.154450623943e-02 1.912448107519e-02 -1.426155613870e-01
-5.661376606998e-02 -1.598172301864e-02 -1.598107193549e-01
-1.003737491582e-01 -1.641594652173e-02 -1.598834512171e-02
1.821487453170e-03 -6.259638942063e-03 3.251921130306e-02
-2.295119897949e-01 -1.662190359946e-01 8.541357394109e-02
2.253681058999e-01 -1.213193051128e-01 3.484118870677e-01
3.864877469571e-02 1.092402290982e-01 1.080409392827e-01
-2.839848718973e-01 -4.397623342894e-02 -2.047405270748e-01
2.244274909855e-01 -6.454059949479e-02 3.958298001406e-02
2.762071282994e-01 6.074176658489e-03 -3.275250608002e-02
-2.897205775797e-02 3.460785737678e-02 1.651148572269e-01
-3.119388288543e-01 4.605858697641e-02 2.723467892573e-01
8.045539148616e-03 1.733985611357e-02 1.443419505541e-01
Mode 22
-9.349347893638e-03 -9.803011694270e-04 3.410088500457e-03
2.727982603733e-02 -2.182394286134e-02 -4.878039164826e-02
3.595569878935e-02 3.137004956068e-02 -3.902701263394e-02
1.831890111931e-02 -1.922860360206e-02 -1.395272967186e-02
-8.960924918026e-03 2.595339259278e-03 3.482766197641e-02
-4.923307375534e-02 3.595825883531e-02 2.197971951901e-02
-5.648451033744e-02 -9.457447445266e-03 -1.095704247321e-02
2.911857010579e-02 -6.331071282781e-02 3.230886126480e-02
1.869869578728e-02 1.960602338854e-03 -6.820177000914e-03
-2.298926091230e-02 9.931670261241e-03 2.780028432459e-02
1.622098980777e-02 2.520680150909e-02 2.239412082082e-02
-9.749036358776e-02 -7.131363628768e-02 3.478497214252e-02
4.470922631016e-02 -7.395804762717e-02 1.892915536254e-01
-1.661560064255e-01 1.381926700468e-01 -9.324680945781e-02
4.256220776576e-03 -2.121657688078e-01 9.730144464968e-02
-1.262115643965e-02 5.034174816782e-02 -7.878080223972e-02
-8.881449083574e-02 -1.811964386566e-02 4.453835115684e-02
-1.765405428533e-02 -1.537152213833e-02 -2.349575864793e-02
-2.518191472580e-02 -2.261146224982e-02 1.243354115559e-02
-6.803382879621e-02 -5.736168819640e-02 -8.774856322850e-01
Mode 23
-5.058782768609e-03 -1.287257376952e-02 -1.757001882322e-02
-3.547253331178e-02 4.918412849023e-02 1.221581797716e-01
-6.113761351515e-02 -5.398151181050e-02 5.146055378953e-02
-4.290565125029e-03 1.189227260009e-02 2.098010732368e-02
4.281936817385e-03 5.721292912113e-03 -4.526512812868e-02
3.635275007261e-02 1.733212447718e-02 1.667558164701e-02
1.441675896989e-02 -3.760690573259e-03 3.844495112777e-02
-1.089441148844e-02 -3.289642839645e-02 -9.797518459833e-02
-5.830599779061e-02 -3.197808503204e-03 -4.347625377627e-02
2.011450364955e-02 2.735245399250e-02 -5.428858078381e-02
1.155063001478e-02 1.590986816828e-02 3.624167547355e-02
1.823854556588e-01 1.401283242066e-01 -7.549568410975e-02
-7.215282131061e-02 1.597119769640e-01 -3.865049220789e-01
3.571227612165e-01 -2.925766492970e-01 1.912125458941e-01
3.913276483341e-02 -9.693053739877e-02 -8.549715555438e-03
-8.363508064224e-02 1.889077098945e-02 1.866770260567e-01
1.585850044468e-01 -5.736478259728e-02 7.751005236301e-03
2.225887469171e-01 -2.305382952831e-02 -4.150627289901e-02
-1.351641790207e-01 -3.705907479630e-02 1.172913879401e-01
-5.297876369328e-02 -2.688462168199e-02 -5.342007747229e-01
Mode 24
0.000000000000e+00 0.000000000000e+00 0.000000000000e+00
0.000000000000e+00 0.000000000000e+00 0.000000000000e+00
0.000000000000e+00 0.000000000000e+00 0.000000000000e+00
-7.916283416080e-03 -1.081558054019e-02 4.511726327567e-03
0.000000000000e+00 0.000000000000e+00 0.000000000000e+00
1.510550364230e-03 1.023703892759e-01 4.245189878774e-03
1.213799096208e-02 -1.308959262187e-01 -4.350364897902e-03
-2.486334287147e-03 4.085976468245e-02 4.929277016725e-03
1.433064477557e-03 -9.835279370767e-03 1.101637827110e-03
-1.433064477557e-03 9.835279370767e-03 -1.101637827110e-03
-1.812859145526e-03 -1.135392657014e-02 -8.234190498054e-03
0.000000000000e+00 0.000000000000e+00 0.000000000000e+00
0.000000000000e+00 0.000000000000e+00 0.000000000000e+00
0.000000000000e+00 0.000000000000e+00 0.000000000000e+00
2.546796043406e-02 -5.906305722359e-01 -4.131476892869e-02
-1.261829631175e-03 7.564721884440e-01 3.805569466860e-02
-3.128533899635e-02 -2.207311621987e-02 2.517945798121e-02
6.181971696441e-02 -1.584574495430e-02 -4.033900049931e-02
-1.764542597769e-02 -3.298508765053e-02 7.892621570790e-04
9.867026601786e-03 1.108021717151e-02 1.768611618572e-01
Mode 25
2.880763301685e-02 4.531931539011e-02 4.034839840518e-03
3.158764777765e-02 -6.894334648585e-02 -2.119045736193e-02
-9.168924809850e-02 1.916448038808e-02 1.805005469762e-02
-4.492525201502e-02 -1.116114478920e-02 4.956965380534e-02
1.038536108794e-02 5.182946882162e-03 -5.801104495430e-02
5.181415054444e-02 1.605141044492e-04 2.480459712594e-02
1.908711876289e-02 5.536242767559e-03 2.459739647503e-02
-5.804683054753e-02 -6.146443647877e-03 -1.609123571820e-01
-5.752052353174e-02 -1.366009315800e-02 4.364391398064e-02
1.180364317511e-01 1.417390314785e-02 6.376912457464e-02
3.884229756124e-04 3.575640428705e-03 3.141757347595e-02
-1.759022367203e-01 -1.194774642956e-01 6.988231995507e-02
1.123986180796e-02 -1.461878618703e-01 2.233892892426e-01
-5.995525685515e-02 1.922460367077e-01 -2.113831936599e-02
7.139437464856e-03 3.664299682785e-03 -6.734687327946e-02
-1.828263042583e-01 -2.202538527058e-02 3.135114429729e-01
-3.847994696549e-01 5.771075898530e-02 1.728688666660e-02
-1.073832751125e-01 -2.955315692257e-02 -2.149312521297e-01
4.805035147981e-01 -6.658893209582e-02 -4.025944440613e-01
-5.455834051866e-03 1.165351313981e-03 -7.327261310417e-02
Mode 26
1.583256683216e-02 2.163116108039e-02 -9.023452655133e-03
-2.193599110272e-02 -2.109281505044e-02 2.176936948075e-02
-8.296078084049e-03 -3.200478648111e-02 -2.620826343378e-03
1.433064477557e-03 -9.835279370767e-03 1.101637827110e-03
0.000000000000e+00 0.000000000000e+00 0.000000000000e+00
1.116220703916e-02 1.233422773957e-02 4.824101997597e-03
-1.116220703916e-02 -1.233422773957e-02 -4.824101997597e-03
-2.192653813494e-03 -3.254313251106e-02 -1.536674316900e-02
-5.654772023558e-03 1.515467861297e-01 -1.262999256774e-03
1.643718439475e-02 -1.604017643310e-01 -1.045451416573e-03
3.245923623083e-03 1.518647199377e-03 9.335828325164e-03
4.426040518104e-02 4.576127052958e-02 -1.212116548556e-02
1.725700300207e-02 2.940944722183e-02 -3.220683563303e-02
1.365716963395e-02 -4.613910245508e-02 2.417984578588e-02
2.873877543782e-02 -8.449991876873e-02 2.517630859386e-02
-2.329156969360e-02 1.009481329670e-01 2.381128370531e-02
2.941374375610e-01 2.539976908842e-01 -2.935444444212e-01
-5.909087152992e-01 1.190199411695e-01 3.788946341498e-01
2.228125762694e-01 3.311767419238e-01 -5.636063754902e-02
-7.268693197392e-03 -1.018857525616e-02 -8.150680360223e-02
Mode 27
-8.279718075950e-02 -1.132500930300e-01 4.363861474553e-03
6.200920196833e-02 1.381113302901e-01 6.308818682404e-02
8.480034956907e-02 -8.163849703334e-03 -9.242430562890e-02
3.843340476885e-02 8.123850390443e-03 -6.824131045567e-02
-1.973470898158e-02 -6.163248051589e-03 6.142113345476e-02
-9.635097958385e-02 -7.746018464942e-03 5.618263015535e-02
-6.491847246167e-03 -3.037294398754e-03 -1.867165665033e-02
-1.173897234481e-03 6.886644226094e-03 -1.185377412328e-01
5.246174076313e-02 7.875193884801e-04 -6.121393280385e-02
-4.929527036073e-03 -6.348298196143e-03 1.312836580585e-01
-6.103424270554e-03 5.383460299502e-04 1.274591682562e-02
2.604261624310e-01 1.494893807613e-01 -9.344056378824e-02
1.392040363281e-01 2.812296300852e-01 -2.119720062464e-01
1.491754272818e-01 -2.057778834377e-01 5.658758329510e-02
-2.791015964073e-02 -1.403019344711e-02 1.833689631881e-01
4.596126520932e-02 1.536379050193e-02 -1.041706102592e-01
-4.854496426715e-01 7.947057863266e-02 7.016460334063e-02
-2.767161786999e-01 -3.378765817278e-02 -1.232337234726e-01
3.040225454382e-01 -5.687416751661e-02 -2.678350629298e-01
1.519360492112e-02 3.390590284151e-03 1.012800980797e-01
Mode 28
1.428728961574e-01 2.158696556644e-01 -7.407852122525e-02
-1.924598796578e-01 -2.539412993066e-01 1.617807504883e-01
-4.031397881952e-03 8.943637455421e-03 -9.645599608207e-02
3.986646924641e-02 -1.711428980324e-03 -6.713967262856e-02
-1.038536108794e-02 -5.182946882162e-03 5.801104495430e-02
-1.077378406355e-02 -8.758587310867e-03 2.659347147835e-02
-3.311545475717e-02 1.800088234405e-03 -3.162477412685e-02
3.596432709699e-02 1.375648404848e-02 -1.474199182894e-02
9.091240214727e-02 -2.631576124549e-02 -8.088520164952e-02
-3.948667457844e-02 2.290063492124e-02 7.427222529951e-02
0.000000000000e+00 0.000000000000e+00 0.000000000000e+00
6.180910157227e-03 1.116673226167e-01 -9.602364773957e-03
-1.916221486572e-01 -1.153544050696e-01 -2.359540492872e-01
-2.965316766498e-02 -4.530175886628e-01 1.696931171543e-01
1.729752227158e-01 7.712409657518e-03 3.884843511182e-01
6.207025589985e-02 -1.180814586767e-03 -1.820601247101e-01
-3.739825440532e-01 -2.159848126487e-02 1.121185192133e-01
-5.297079116364e-02 -2.850100090277e-02 -9.477229674878e-02
2.795330117895e-02 -7.403763411393e-02 -6.194385916304e-02
1.194768129803e-02 1.871943084773e-03 9.194426975450e-02
Mode 29
4.670359792997e-03 9.296933340817e-03 -1.384755465273e-02
-1.869006747963e-02 -1.957416785106e-02 3.110519780592e-02
4.167932839194e-02 9.642497589821e-03 -5.890548213051e-02
1.545277216419e-02 4.419551394768e-04 -1.615600532608e-02
-6.103424270554e-03 5.383460299502e-04 1.274591682562e-02
2.583813325213e-02 5.624902021639e-03 -7.416705028038e-02
-3.893513841772e-03 -2.145652483408e-03 7.668270160463e-02
-4.739432968688e-02 -5.528511131166e-03 1.030689724321e-01
3.090554432838e-02 8.839102789535e-04 -3.231201065216e-02
3.634346598696e-03 5.094287628082e-03 4.075340180111e-02
6.103424270554e-03 -5.383460299502e-04 -1.274591682562e-02
9.787015825572e-02 9.250284222859e-02 -2.765241947158e-02
6.619639628376e-02 6.685408558002e-02 -3.389053496631e-02
-4.720402002283e-02 -1.382963804347e-01 6.774337779676e-03
-3.376543673475e-01 1.657996716607e-02 -7.743478758930e-01
-1.852953819301e-01 -1.639275161255e-02 3.670107615996e-01
-1.416819111898e-01 1.274432734157e-02 2.576466887474e-02
-7.375876995480e-02 -3.639763642680e-03 -2.732024845019e-02
5.247036907078e-02 -1.682604612373e-02 -3.692891199885e-02
2.080654696246e-03 -9.208274086737e-03 -8.491689210268e-02
Mode 30
7.545117055756e-03 -2.798719091293e-02 1.264074180649e-02
7.346508948115e-02 7.704266083618e-02 4.761626863591e-02
-1.421823332826e-01 -3.258271968493e-02 -1.059365398729e-01
-3.272703178155e-02 5.375728663109e-03 -2.072006509029e-04
3.245923623083e-03 1.518647199377e-03 9.335828325164e-03
8.089820741966e-02 7.304063325466e-03 -4.002662482928e-02
-1.545277216419e-02 -4.419551394768e-04 1.615600532608e-02
1.173897234481e-03 -6.886644226094e-03 1.185377412328e-01
4.739432968688e-02 5.528511131166e-03 -1.030689724321e-01
-1.687720833411e-02 -8.220241280917e-03 3.933938830397e-02
-3.245923623083e-03 -1.518647199377e-03 -9.335828325164e-03
-4.148583169108e-01 -3.636553390818e-01 1.069923887349e-01
-3.275459170138e-01 -1.947918917477e-01 -1.329277666890e-01
4.887894841364e-01 2.857515507368e-01 1.906066406220e-01
1.554424516333e-01 4.815423133477e-04 7.441379137781e-02
4.167932839194e-02 9.642497589821e-03 -5.890548213051e-02
-1.571433116616e-01 2.991593771430e-02 1.763565339581e-02
-1.345338454173e-01 -1.204938487852e-03 -1.729718359972e-02
2.866128955115e-03 -1.967055874153e-02 2.203275654219e-03
2.857500647471e-03 -2.056993229327e-03 -2.208174515078e-02
Mode 31
2.194461941036e-02 3.479249538231e-03 2.515651324250e-03
-4.963012503859e-02 4.999618391882e-02 -3.372287476194e-02
1.158524062453e-01 -3.598279487542e-02 7.268740221064e-02
5.102867628557e-02 1.062279875925e-02 -6.231557063096e-02
-2.857500647471e-03 2.056993229327e-03 2.208174515078e-02
-8.596561849591e-02 -2.563071582780e-03 -1.828414798946e-03
-3.739739157455e-02 -3.921204677708e-03 1.364035400183e-02
5.349775395743e-02 4.990165101216e-03 -1.158148892577e-01
6.907978185416e-02 1.195639581407e-02 1.688278229791e-02
-4.388923882072e-02 -6.958499076462e-03 -5.031302648500e-03
-6.103424270554e-03 5.383460299502e-04 1.274591682562e-02
-3.436031378584e-01 -2.839286797323e-01 9.067187259185e-02
-5.060723720614e-01 -2.623203014221e-01 -2.312548674039e-01
1.166635965450e-01 1.714419821897e-01 1.724099718918e-02
-1.450484622377e-01 -1.291216094339e-02 -1.081398155271e-01
-3.021665447544e-01 -1.983973347428e-02 3.974943574528e-01
4.818843225339e-02 -2.254733903584e-02 8.336216129829e-03
1.012619384486e-02 8.131582026836e-03 5.942505845144e-02
-7.689269446064e-02 3.659299575574e-02 6.362755849633e-02
-6.759642796887e-03 1.752490625813e-02 7.447942595041e-02
Mode 32
-1.726563130972e-02 -1.179588170962e-02 7.921814828023e-03
4.026352052967e-02 -1.574935406383e-02 -1.143707834761e-02
-8.597424680356e-02 1.505049392943e-02 -2.611343560395e-02
-8.921154211899e-02 -4.081718782157e-03 -1.116424312411e-02
3.245923623083e-03 1.518647199377e-03 9.335828325164e-03
3.415146795147e-02 2.402557478331e-03 -2.297618232699e-02
-5.181415054444e-02 -1.605141044492e-04 -2.480459712594e-02
9.673940255946e-02 1.132165889365e-02 -2.476505667941e-02
1.406372696878e-01 6.665924579018e-04 4.551266774099e-03
-5.791757481500e-02 3.778319255010e-04 -1.205868030032e-02
0.000000000000e+00 0.000000000000e+00 0.000000000000e+00
1.701786071177e-01 1.412050162665e-01 -5.000385045851e-02
3.257503144835e-01 1.482108341532e-01 1.732636178010e-01
-4.141153284122e-02 -3.020469824670e-02 -3.424560047023e-02
1.933661502237e-01 -3.110902519069e-03 2.653297085386e-01
-4.581187025663e-01 -3.203757101049e-02 5.822377936915e-01
-1.439087404696e-02 -4.908000596336e-02 3.441011128725e-02
-2.364547943864e-02 2.691823048942e-02 8.953379344938e-02
-1.858303172536e-01 8.734463409782e-03 1.381694696320e-01
-3.513719173804e-03 1.904355345750e-02 8.381525427557e-02
Mode 33
9.349347893638e-03 9.803011694270e-04 -3.410088500457e-03
3.959867369569e-02 1.885077167656e-02 2.601140997218e-02
8.960924918026e-03 -2.595339259278e-03 -3.482766197641e-02
-1.006495172385e-01 5.762633355930e-03 -3.622657404951e-01
1.562320210094e-03 -3.311003797389e-03 1.499553147088e-01
1.752479855279e-02 8.847246564948e-03 -1.253579182338e-01
1.773870710437e-01 3.960791851579e-03 7.692944270206e-02
-9.310505596077e-02 -6.227371265565e-03 6.551845848052e-02
-1.642654925112e-01 -8.975492992899e-03 1.335525682853e-01
5.285016373874e-02 4.363159817185e-03 -2.979635932791e-02
9.349347893638e-03 9.803011694270e-04 -3.410088500457e-03
-6.010160032085e-02 -4.977886609776e-02 -3.140402664312e-03
-6.414162651044e-02 -2.322166313013e-02 -1.238814195514e-01
-2.047530112753e-01 -7.672895212466e-02 -5.557762391047e-02
3.593318469851e-01 -8.535703262388e-03 4.548711526488e-01
-4.387263798344e-02 -2.618844380945e-02 4.586821961306e-01
1.855711500105e-01 -5.785828265108e-03 -2.073336622624e-02
1.416819111898e-01 -1.274432734157e-02 -2.576466887474e-02
1.362174488303e-01 6.034589484618e-03 -1.233223027839e-01
-9.090180650562e-03 -3.928936314101e-03 -1.140260149053e-01
Mode 34
-3.233860880594e-02 8.951369091814e-03 3.121037282505e-02
-4.773730602601e-03 -6.866190545082e-02 -6.215105981395e-02
-1.354406028790e-01 1.116691372791e-03 1.861574497358e-01
2.290633375480e-01 1.521059589486e-02 -7.140465785869e-02
3.884229756124e-04 3.575640428705e-03 3.141757347595e-02
-1.112940455695e-01 3.528321618441e-03 -1.868185921351e-01
-9.842300597245e-02 -1.615130989041e-02 1.653845430630e-01
2.708805499801e-01 1.376380354585e-02 4.282855769749e-02
-2.005055876885e-01 -5.533971637163e-04 -1.979828352592e-01
3.960730200333e-02 1.237206164350e-03 5.029643077718e-02
-3.245923623083e-03 -1.518647199377e-03 -9.335828325164e-03
3.108761060769e-01 2.893044083954e-01 -9.087907324275e-02
1.296215749965e-01 -4.037049073271e-02 1.971508832682e-01
2.268439741514e-01 3.222331044683e-01 4.009535853304e-02
6.558331929565e-02 -4.227181752840e-03 1.492680781835e-01
-3.480768647780e-02 1.458400274985e-02 8.470969145178e-02
-7.873310759984e-03 1.718443501553e-01 -8.948480484079e-02
-4.632314748400e-02 -8.777731375869e-02 -2.695353579709e-01
1.580759540463e-01 -8.507826411157e-02 -1.482352243163e-01
1.553691902450e-03 1.430256171482e-02 1.256702939038e-01
Mode 35
5.247036907078e-02 -1.682604612373e-02 -3.692891199885e-02
-4.584245598681e-03 8.529516979360e-02 4.127612750940e-02
-2.661497920336e-02 -1.277618287905e-02 1.133190332848e-02
2.376610686353e-02 -2.780389403832e-03 3.503486262731e-02
6.103424270554e-03 -5.383460299502e-04 -1.274591682562e-02
-6.491847246167e-03 -3.037294398754e-03 -1.867165665033e-02
-2.804804368091e-02 -2.940903508281e-03 1.023026550137e-02
7.051284633172e-02 2.121116443303e-03 1.798442012502e-02
-4.246480265081e-02 8.197870649777e-04 -2.821468562639e-02
3.245923623083e-03 1.518647199377e-03 9.335828325164e-03
0.000000000000e+00 0.000000000000e+00 0.000000000000e+00
-4.371741026815e-01 -4.059373600732e-01 1.216292055448e-01
2.019298549763e-01 2.790594415616e-01 -4.062218291210e-02
-4.813045963520e-01 -4.611715413208e-01 -1.325394092571e-01
1.441675896989e-02 -3.760690573259e-03 3.844495112777e-02
-4.350081584511e-02 -3.382858647758e-03 2.638627082745e-02
6.439216544588e-02 3.788659349767e-02 -1.783970465936e-02
-3.388367240075e-02 -2.296475813521e-02 -7.017490027374e-02
3.301208394756e-02 -6.116506034441e-02 -4.437384033983e-02
3.884229756124e-04 3.575640428705e-03 3.141757347595e-02
Mode 36
1.078241237120e-02 -8.854978201340e-03 -2.308450673347e-03
-2.662360751100e-02 4.837382633159e-03 -1.295311747652e-02
3.634346598696e-03 5.094287628082e-03 4.075340180111e-02
6.103424270554e-03 -5.383460299502e-04 -1.274591682562e-02
3.245923623083e-03 1.518647199377e-03 9.335828325164e-03
-6.491847246167e-03 -3.037294398754e-03 -1.867165665033e-02
6.491847246167e-03 3.037294398754e-03 1.867165665033e-02
-1.259527151672e-02 -2.498948368804e-03 -5.925739824707e-03
-2.337768388792e-02 6.356029832536e-03 -3.617289151360e-03
1.229659587872e-01 2.052220134399e-02 -6.751453348383e-02
0.000000000000e+00 0.000000000000e+00 0.000000000000e+00
-5.360975307468e-02 -4.674157169901e-02 1.553125398602e-02
7.957714205935e-02 5.889074929403e-02 5.915537261530e-02
5.753778014703e-02 -2.156703786641e-02 4.926127629372e-03
2.052018324045e-02 -4.299036603209e-03 2.569903430214e-02
3.415146795147e-02 2.402557478331e-03 -2.297618232699e-02
-4.133132533160e-01 -3.317392118548e-01 2.083776618337e-01
-5.168219205223e-01 2.495303038263e-01 2.676373104409e-01
-2.919447837475e-01 -2.214545583732e-01 3.089111875902e-01
0.000000000000e+00 0.000000000000e+00 0.000000000000e+00
Mode 37
-3.559316073667e-02 2.504628740464e-02 -2.410476305122e-03
1.288102158147e-01 2.293249045871e-02 3.717565309629e-02
-2.375747855589e-02 -1.483317610838e-02 -1.074984182230e-02
-8.960924918026e-03 2.595339259278e-03 3.482766197641e-02
6.103424270554e-03 -5.383460299502e-04 -1.274591682562e-02
0.000000000000e+00 0.000000000000e+00 0.000000000000e+00
-1.259527151672e-02 -2.498948368804e-03 -5.925739824707e-03
3.597295540464e-02 -3.857081463732e-03 9.543028976067e-03
-1.727425961736e-02 5.817683802586e-03 -1.636320597698e-02
1.869869578728e-02 1.960602338854e-03 -6.820177000914e-03
0.000000000000e+00 0.000000000000e+00 0.000000000000e+00
2.479170051086e-01 2.415825355270e-01 -7.193773075628e-02
-5.233809760272e-01 -4.567761138271e-01 -1.293365214076e-01
-4.782921239312e-01 -2.388171972569e-01 -1.483340503046e-01
1.117083534681e-02 -5.279337772636e-03 2.910912280260e-02
-3.415146795147e-02 -2.402557478331e-03 2.297618232699e-02
-2.841921004124e-02 -4.174367496140e-02 2.738273363543e-02
-1.431236039750e-01 4.019317222455e-02 3.780102426258e-04
-6.046413837353e-02 -1.061952030631e-01 3.829708627475e-02
-2.857500647471e-03 2.056993229327e-03 2.208174515078e-02
Mode 38
0.000000000000e+00 0.000000000000e+00 0.000000000000e+00
-1.584982344745e-02 1.359596994403e-02 -3.954658895488e-02
6.376183184248e-02 2.032457189223e-03 1.167488668804e-01
-8.882311914338e-02 -5.060783534526e-04 2.025333035184e-02
9.349347893638e-03 9.803011694270e-04 -3.410088500457e-03
1.038536108794e-02 5.182946882162e-03 -5.801104495430e-02
4.246480265081e-02 -8.197870649777e-04 2.821468562639e-02
-9.531496638955e-02 -3.543372752207e-03 1.581673701511e-03
7.401793719788e-02 6.911284980066e-04 -9.011585495555e-02
2.052881154809e-02 -2.191260211542e-02 4.998405510715e-02
0.000000000000e+00 0.000000000000e+00 0.000000000000e+00
-6.103424270554e-03 5.383460299502e-04 1.274591682562e-02
-4.489936709209e-02 -6.400184132582e-02 1.224247162204e-01
-1.668689867006e-02 -1.409881105844e-01 -5.695524634843e-02
1.328502420043e-01 -3.624712508914e-03 1.579166699834e-01
7.337034697919e-02 6.412321397579e-05 -4.097325025761e-03
-1.154125511881e-01 4.753325587439e-01 -3.264029742914e-01
-1.810896194434e-01 -1.548714999299e-01 -5.116848329190e-01
-2.537016886427e-01 -8.056283867921e-02 3.369645117869e-01
1.649741366614e-02 -1.296896466000e-02 -4.647194097492e-02
Mode 39
0.000000000000e+00 0.000000000000e+00 0.000000000000e+00
2.194461941036e-02 3.479249538231e-03 2.515651324250e-03
-2.155619643475e-02 9.639089047345e-05 2.890192215170e-02
9.349347893638e-03 9.803011694270e-04 -3.410088500457e-03
0.000000000000e+00 0.000000000000e+00 0.000000000000e+00
2.857500647471e-03 -2.056993229327e-03 -2.208174515078e-02
-1.220684854111e-02 1.076692059900e-03 2.549183365124e-02
-3.245923623083e-03 -1.518647199377e-03 -9.335828325164e-03
5.723629602586e-03 -2.172755197086e-02 -1.987846949657e-02
1.469318282826e-02 -4.193645674235e-02 -3.042111066797e-02
0.000000000000e+00 0.000000000000e+00 0.000000000000e+00
-7.916283416080e-03 -1.081558054019e-02 4.511726327567e-03
-3.642974906340e-03 1.251927788413e-02 -6.503842260612e-02
-1.550540286577e-01 3.094098115357e-03 -4.299621790186e-02
9.349347893638e-03 9.803011694270e-04 -3.410088500457e-03
4.635831649258e-02 1.325865418430e-03 -4.846801597823e-02
-5.341471253254e-01 7.430443615421e-02 -9.415784234184e-02
3.789373002342e-01 -8.896730784177e-03 2.445963423124e-01
3.801744755005e-02 6.308387955942e-01 2.269296976049e-01
1.078241237120e-02 -8.854978201340e-03 -2.308450673347e-03
Mode 40
0.000000000000e+00 0.000000000000e+00 0.000000000000e+00
-1.688583664175e-02 9.393324231291e-03 1.505436749897e-02
4.929527036073e-03 6.348298196143e-03 -1.312836580585e-01
6.116349843808e-02 1.140815273876e-03 2.139450862548e-02
-1.259527151672e-02 -2.498948368804e-03 -5.925739824707e-03
-4.453682903941e-02 -7.585504360493e-03 8.098722728129e-02
2.687414644643e-02 9.827547734375e-03 -1.287680067342e-01
9.427895319525e-02 -6.592729605285e-04 5.301928275233e-02
-1.412762315989e-01 -1.890716325414e-02 1.057522839607e-01
8.233990020486e-02 -2.014478155751e-02 -1.463996619716e-02
-3.245923623083e-03 -1.518647199377e-03 -9.335828325164e-03
-9.349347893638e-03 -9.803011694270e-04 3.410088500457e-03
-2.257495301376e-02 -3.933338584668e-02 1.320729202155e-01
2.776833343152e-01 -9.182893027332e-02 8.977423577211e-02
-1.111561615294e-01 -7.560968320388e-03 -1.367989444836e-02
-2.458112901495e-01 -1.690656160240e-02 2.595977230444e-01
-1.992630017571e-01 3.931069510255e-01 -3.160081979730e-01
-4.280942831019e-02 -1.068208672162e-01 -3.533506122464e-01
-2.272856474110e-01 8.259477901555e-02 3.976422223058e-01
8.313334699337e-03 -3.222344543308e-03 5.119086795339e-02
Mode 41
1.433064477557e-03 -9.835279370767e-03 1.101637827110e-03
2.158208135768e-02 -5.293708742710e-02 4.395314026331e-02
-9.349347893638e-03 -9.803011694270e-04 3.410088500457e-03
0.000000000000e+00 0.000000000000e+00 0.000000000000e+00
0.000000000000e+00 0.000000000000e+00 0.000000000000e+00
6.491847246167e-03 3.037294398754e-03 1.867165665033e-02
-3.245923623083e-03 -1.518647199377e-03 -9.335828325164e-03
9.349347893638e-03 9.803011694270e-04 -3.410088500457e-03
3.245923623083e-03 1.518647199377e-03 9.335828325164e-03
2.194461941036e-02 3.479249538231e-03 2.515651324250e-03
0.000000000000e+00 0.000000000000e+00 0.000000000000e+00
1.433064477557e-03 -9.835279370767e-03 1.101637827110e-03
1.359673967907e-01 2.461002310821e-01 -6.121662709357e-01
-3.416708137124e-01 5.797435489843e-01 -7.646729244414e-03
-2.376610686353e-02 2.780389403832e-03 -3.503486262731e-02
-6.491847246167e-03 -3.037294398754e-03 -1.867165665033e-02
-7.191207310719e-03 1.020170933905e-01 -7.836325155056e-02
-1.066064291612e-01 -2.240187606516e-02 -1.520961051778e-01
-1.172164442617e-01 -9.509044985148e-02 1.204911264023e-01
3.245923623083e-03 1.518647199377e-03 9.335828325164e-03
Mode 42
0.000000000000e+00 0.000000000000e+00 0.000000000000e+00
3.921025072008e-02 1.527513124785e-02 -5.406163503773e-03
-1.686853133687e-01 -3.607495966183e-03 5.678998727271e-03
6.674061569284e-02 8.116118754051e-03 -1.959076793628e-01
-4.281936817385e-03 -5.721292912113e-03 4.526512812868e-02
1.040167240645e-01 3.896668637603e-03 8.102676772782e-02
-1.207646766661e-01 -5.592634345142e-03 1.071662974578e-01
1.752479855279e-02 8.847246564948e-03 -1.253579182338e-01
9.363136297656e-02 -1.286278244559e-03 1.390378126821e-01
-3.245923623083e-03 -1.518647199377e-03 -9.335828325164e-03
0.000000000000e+00 0.000000000000e+00 0.000000000000e+00
-1.259527151672e-02 -2.498948368804e-03 -5.925739824707e-03
2.639032519086e-02 -5.472944402511e-02 2.032442832973e-01
-6.275652659187e-03 -1.886458602389e-01 -4.211122888772e-02
-1.514276545887e-01 9.804764964216e-03 -4.416712940749e-01
2.316450701151e-01 3.533218254319e-02 -4.397637983829e-01
9.170633583166e-02 2.163361468440e-01 -1.849016482810e-01
-8.477380886814e-02 -6.067403312472e-02 -2.498640891252e-01
-2.455176096759e-01 -9.030945879590e-02 2.393017028586e-01
6.491847246167e-03 3.037294398754e-03 1.867165665033e-02
Mode 43
0.000000000000e+00 0.000000000000e+00 0.000000000000e+00
-7.527860440468e-03 -7.239940111490e-03 3.592929980352e-02
5.479293439481e-02 6.244175669277e-03 -2.878519491173e-01
6.532415205257e-02 -1.278546608167e-03 2.667041815892e-01
-3.884229756124e-04 -3.575640428705e-03 -3.141757347595e-02
-1.384439600963e-01 1.587935376172e-02 -4.043279807742e-01
-5.621737056472e-02 -1.402246181072e-02 3.110353320952e-01
-2.961036389101e-02 3.701002891082e-04 -1.397250492074e-01
5.455036798902e-02 -1.003713391903e-02 2.932976530676e-01
8.960924918026e-03 -2.595339259278e-03 -3.482766197641e-02
0.000000000000e+00 0.000000000000e+00 0.000000000000e+00
3.245923623083e-03 1.518647199377e-03 9.335828325164e-03
-4.467471307959e-02 3.503785578336e-03 -9.215147040540e-02
1.123128021485e-01 3.590145511871e-02 8.364759407120e-02
2.744022416835e-01 -6.896129132432e-03 3.984417813960e-01
2.581473944232e-01 2.235414511587e-02 -1.362358798139e-01
9.241432420386e-02 9.366819354257e-02 -1.009250325757e-01
-1.557339958908e-02 -2.457979622506e-02 -1.084126507506e-01
-1.628237997260e-01 -3.642433787587e-02 1.589392269174e-01
9.349347893638e-03 9.803011694270e-04 -3.410088500457e-03
Mode 44
-9.349347893638e-03 -9.803011694270e-04 3.410088500457e-03
-4.388923882072e-02 -6.958499076462e-03 -5.031302648500e-03
3.304817282081e-01 1.821562261711e-02 -8.573224838582e-02
-4.676139070297e-01 -2.031220302031e-02 -2.691929346885e-02
2.194461941036e-02 3.479249538231e-03 2.515651324250e-03
2.428325062992e-01 1.082290003757e-02 5.305882319887e-02
-2.512671242014e-01 -1.574121028841e-02 1.863251099402e-01
3.448984871779e-01 1.445493204386e-02 -4.728729725806e-02
-2.269913111593e-01 -6.805304469386e-03 -3.779725504899e-02
3.272703178155e-02 -5.375728663109e-03 2.072006509029e-04
0.000000000000e+00 0.000000000000e+00 0.000000000000e+00
1.116220703916e-02 1.233422773957e-02 4.824101997597e-03
-7.271412845286e-02 -1.705068344215e-02 -5.763618409903e-02
1.889204444432e-01 5.509779104427e-02 6.460107656560e-02
1.177692919784e-01 1.873891751330e-02 -2.582232499937e-01
1.226988190145e-01 2.508721570944e-02 -3.895069080522e-01
-1.014270189677e-01 1.460853878995e-02 -9.957430277873e-03
2.013176026483e-02 -7.874677031914e-03 -5.718539173804e-03
5.685567669776e-02 4.826021889839e-02 -6.195425660852e-03
4.411192549921e-03 1.224556848549e-02 1.035885487530e-01
Mode 45
0.000000000000e+00 0.000000000000e+00 0.000000000000e+00
0.000000000000e+00 0.000000000000e+00 0.000000000000e+00
0.000000000000e+00 0.000000000000e+00 0.000000000000e+00
0.000000000000e+00 0.000000000000e+00 0.000000000000e+00
0.000000000000e+00 0.000000000000e+00 0.000000000000e+00
0.000000000000e+00 0.000000000000e+00 0.000000000000e+00
0.000000000000e+00 0.000000000000e+00 0.000000000000e+00
0.000000000000e+00 0.000000000000e+00 0.000000000000e+00
0.000000000000e+00 0.000000000000e+00 0.000000000000e+00
0.000000000000e+00 0.000000000000e+00 0.000000000000e+00
1.907849045524e-02 2.314980827977e-02 3.123756700307e-04
0.000000000000e+00 0.000000000000e+00 0.000000000000e+00
0.000000000000e+00 0.000000000000e+00 0.000000000000e+00
0.000000000000e+00 0.000000000000e+00 0.000000000000e+00
0.000000000000e+00 0.000000000000e+00 0.000000000000e+00
0.000000000000e+00 0.000000000000e+00 0.000000000000e+00
0.000000000000e+00 0.000000000000e+00 0.000000000000e+00
1.433064477557e-03 -9.835279370767e-03 1.101637827110e-03
0.000000000000e+00 0.000000000000e+00 0.000000000000e+00
-6.790824260215e-01 -7.250367792523e-01 1.291074258137e-01
Mode 46
0.000000000000e+00 0.000000000000e+00 0.000000000000e+00
0.000000000000e+00 0.000000000000e+00 0.000000000000e+00
0.000000000000e+00 0.000000000000e+00 0.000000000000e+00
0.000000000000e+00 0.000000000000e+00 0.000000000000e+00
0.000000000000e+00 0.000000000000e+00 0.000000000000e+00
0.000000000000e+00 0.000000000000e+00 0.000000000000e+00
0.000000000000e+00 0.000000000000e+00 0.000000000000e+00
0.000000000000e+00 0.000000000000e+00 0.000000000000e+00
0.000000000000e+00 0.000000000000e+00 0.000000000000e+00
-3.595569878935e-02 -3.137004956068e-02 3.902701263394e-02
0.000000000000e+00 0.000000000000e+00 0.000000000000e+00
0.000000000000e+00 0.000000000000e+00 0.000000000000e+00
-1.433064477557e-03 9.835279370767e-03 -1.101637827110e-03
6.103424270554e-03 -5.383460299502e-04 -1.274591682562e-02
0.000000000000e+00 0.000000000000e+00 0.000000000000e+00
0.000000000000e+00 0.000000000000e+00 0.000000000000e+00
-3.762777671104e-03 -2.983435077494e-01 -3.893289006585e-01
1.488460711532e-01 7.662597368655e-01 -2.513779281502e-01
2.162606686340e-01 -9.002111040252e-02 1.858158305524e-01
0.000000000000e+00 0.000000000000e+00 0.000000000000e+00
Mode 47
0.000000000000e+00 0.000000000000e+00 0.000000000000e+00
2.014901688012e-02 -4.310180805633e-02 4.285150243620e-02
0.000000000000e+00 0.000000000000e+00 0.000000000000e+00
0.000000000000e+00 0.000000000000e+00 0.000000000000e+00
0.000000000000e+00 0.000000000000e+00 0.000000000000e+00
0.000000000000e+00 0.000000000000e+00 0.000000000000e+00
0.000000000000e+00 0.000000000000e+00 0.000000000000e+00
0.000000000000e+00 0.000000000000e+00 0.000000000000e+00
0.000000000000e+00 0.000000000000e+00 0.000000000000e+00
0.000000000000e+00 0.000000000000e+00 0.000000000000e+00
0.000000000000e+00 0.000000000000e+00 0.000000000000e+00
1.078241237120e-02 -8.854978201340e-03 -2.308450673347e-03
-3.912319122898e-01 4.888312088055e-01 1.529105624337e-01
2.102015285756e-01 6.118279374002e-02 -7.257216981286e-01
0.000000000000e+00 0.000000000000e+00 0.000000000000e+00
0.000000000000e+00 0.000000000000e+00 0.000000000000e+00
0.000000000000e+00 0.000000000000e+00 0.000000000000e+00
-7.916283416080e-03 -1.081558054019e-02 4.511726327567e-03
0.000000000000e+00 0.000000000000e+00 0.000000000000e+00
0.000000000000e+00 0.000000000000e+00 0.000000000000e+00
Mode 48
0.000000000000e+00 0.000000000000e+00 0.000000000000e+00
5.494807505028e-02 -4.007224529397e-02 -6.614320982058e-02
0.000000000000e+00 0.000000000000e+00 0.000000000000e+00
0.000000000000e+00 0.000000000000e+00 0.000000000000e+00
0.000000000000e+00 0.000000000000e+00 0.000000000000e+00
0.000000000000e+00 0.000000000000e+00 0.000000000000e+00
0.000000000000e+00 0.000000000000e+00 0.000000000000e+00
0.000000000000e+00 0.000000000000e+00 0.000000000000e+00
0.000000000000e+00 0.000000000000e+00 0.000000000000e+00
0.000000000000e+00 0.000000000000e+00 0.000000000000e+00
0.000000000000e+00 0.000000000000e+00 0.000000000000e+00
1.078241237120e-02 -8.854978201340e-03 -2.308450673347e-03
-4.710079923209e-01 5.803218943272e-01 1.657648036658e-01
-1.660531225118e-01 -5.717292980824e-02 6.133168973714e-01
0.000000000000e+00 0.000000000000e+00 0.000000000000e+00
0.000000000000e+00 0.000000000000e+00 0.000000000000e+00
1.812859145526e-03 1.135392657014e-02 8.234190498054e-03
-1.433064477557e-03 9.835279370767e-03 -1.101637827110e-03
0.000000000000e+00 0.000000000000e+00 0.000000000000e+00
0.000000000000e+00 0.000000000000e+00 0.000000000000e+00
Mode 49
0.000000000000e+00 0.000000000000e+00 0.000000000000e+00
0.000000000000e+00 0.000000000000e+00 0.000000000000e+00
0.000000000000e+00 0.000000000000e+00 0.000000000000e+00
0.000000000000e+00 0.000000000000e+00 0.000000000000e+00
0.000000000000e+00 0.000000000000e+00 0.000000000000e+00
0.000000000000e+00 0.000000000000e+00 0.000000000000e+00
0.000000000000e+00 0.000000000000e+00 0.000000000000e+00
0.000000000000e+00 0.000000000000e+00 0.000000000000e+00
0.000000000000e+00 0.000000000000e+00 0.000000000000e+00
-7.830169221764e-03 8.377652259422e-02 3.194029918423e-02
0.000000000000e+00 0.000000000000e+00 0.000000000000e+00
0.000000000000e+00 0.000000000000e+00 0.000000000000e+00
-1.078241237120e-02 8.854978201340e-03 2.308450673347e-03
-6.103424270554e-03 5.383460299502e-04 1.274591682562e-02
0.000000000000e+00 0.000000000000e+00 0.000000000000e+00
0.000000000000e+00 0.000000000000e+00 0.000000000000e+00
-5.894377553087e-03 -4.701787851373e-01 -6.498439553616e-01
-1.052075401500e-01 -5.032384099001e-01 1.827087198161e-01
1.774129559666e-01 -4.887990468504e-02 1.497845051171e-01
9.349347893638e-03 9.803011694270e-04 -3.410088500457e-03
Mode 50
0.000000000000e+00 0.000000000000e+00 0.000000000000e+00
0.000000000000e+00 0.000000000000e+00 0.000000000000e+00
0.000000000000e+00 0.000000000000e+00 0.000000000000e+00
0.000000000000e+00 0.000000000000e+00 0.000000000000e+00
0.000000000000e+00 0.000000000000e+00 0.000000000000e+00
0.000000000000e+00 0.000000000000e+00 0.000000000000e+00
0.000000000000e+00 0.000000000000e+00 0.000000000000e+00
0.000000000000e+00 0.000000000000e+00 0.000000000000e+00
0.000000000000e+00 0.000000000000e+00 0.000000000000e+00
5.831462609825e-02 -1.441575700900e-02 6.776127458127e-02
0.000000000000e+00 0.000000000000e+00 0.000000000000e+00
0.000000000000e+00 0.000000000000e+00 0.000000000000e+00
-1.078241237120e-02 8.854978201340e-03 2.308450673347e-03
0.000000000000e+00 0.000000000000e+00 0.000000000000e+00
0.000000000000e+00 0.000000000000e+00 0.000000000000e+00
3.245923623083e-03 1.518647199377e-03 9.335828325164e-03
3.547344051641e-04 -2.126950420704e-01 -2.654443317198e-01
3.566201831570e-02 1.047729467542e-01 -1.873099244822e-02
-6.930510393907e-01 2.419156261902e-01 -5.696113469765e-01
0.000000000000e+00 0.000000000000e+00 0.000000000000e+00
Mode 51
0.000000000000e+00 0.000000000000e+00 0.000000000000e+00
0.000000000000e+00 0.000000000000e+00 0.000000000000e+00
0.000000000000e+00 0.000000000000e+00 0.000000000000e+00
0.000000000000e+00 0.000000000000e+00 0.000000000000e+00
0.000000000000e+00 0.000000000000e+00 0.000000000000e+00
-2.804804368091e-02 -2.940903508281e-03 1.023026550137e-02
6.908841016181e-02 -5.657169698137e-03 4.116780310292e-02
0.000000000000e+00 0.000000000000e+00 0.000000000000e+00
0.000000000000e+00 0.000000000000e+00 0.000000000000e+00
0.000000000000e+00 0.000000000000e+00 0.000000000000e+00
0.000000000000e+00 0.000000000000e+00 0.000000000000e+00
0.000000000000e+00 0.000000000000e+00 0.000000000000e+00
0.000000000000e+00 0.000000000000e+00 0.000000000000e+00
0.000000000000e+00 0.000000000000e+00 0.000000000000e+00
3.498280142140e-01 2.080323024000e-02 -1.785709553165e-01
-7.643664477145e-01 1.475616716960e-02 -5.078643412751e-01
0.000000000000e+00 0.000000000000e+00 0.000000000000e+00
0.000000000000e+00 0.000000000000e+00 0.000000000000e+00
0.000000000000e+00 0.000000000000e+00 0.000000000000e+00
0.000000000000e+00 0.000000000000e+00 0.000000000000e+00
Mode 52
0.000000000000e+00 0.000000000000e+00 0.000000000000e+00
0.000000000000e+00 0.000000000000e+00 0.000000000000e+00
0.000000000000e+00 0.000000000000e+00 0.000000000000e+00
0.000000000000e+00 0.000000000000e+00 0.000000000000e+00
0.000000000000e+00 0.000000000000e+00 0.000000000000e+00
7.154885952602e-02 6.323762156039e-03 -3.661653632882e-02
2.986953113408e-02 -3.318735433782e-03 2.228894580169e-02
0.000000000000e+00 0.000000000000e+00 0.000000000000e+00
0.000000000000e+00 0.000000000000e+00 0.000000000000e+00
0.000000000000e+00 0.000000000000e+00 0.000000000000e+00
0.000000000000e+00 0.000000000000e+00 0.000000000000e+00
0.000000000000e+00 0.000000000000e+00 0.000000000000e+00
0.000000000000e+00 0.000000000000e+00 0.000000000000e+00
0.000000000000e+00 0.000000000000e+00 0.000000000000e+00
-8.114597801761e-01 -4.979443408442e-02 4.294805461145e-01
-3.271231496897e-01 9.057244888626e-03 -2.197917451865e-01
0.000000000000e+00 0.000000000000e+00 0.000000000000e+00
0.000000000000e+00 0.000000000000e+00 0.000000000000e+00
0.000000000000e+00 0.000000000000e+00 0.000000000000e+00
0.000000000000e+00 0.000000000000e+00 0.000000000000e+00
Mode 53
3.196744244562e-02 -4.775414054493e-02 -1.405790469099e-02
0.000000000000e+00 0.000000000000e+00 0.000000000000e+00
0.000000000000e+00 0.000000000000e+00 0.000000000000e+00
0.000000000000e+00 0.000000000000e+00 0.000000000000e+00
0.000000000000e+00 0.000000000000e+00 0.000000000000e+00
0.000000000000e+00 0.000000000000e+00 0.000000000000e+00
0.000000000000e+00 0.000000000000e+00 0.000000000000e+00
0.000000000000e+00 0.000000000000e+00 0.000000000000e+00
0.000000000000e+00 0.000000000000e+00 0.000000000000e+00
0.000000000000e+00 0.000000000000e+00 0.000000000000e+00
0.000000000000e+00 0.000000000000e+00 0.000000000000e+00
-5.834336182468e-01 7.893939771586e-01 1.815553962986e-01
-1.078241237120e-02 8.854978201340e-03 2.308450673347e-03
0.000000000000e+00 0.000000000000e+00 0.000000000000e+00
0.000000000000e+00 0.000000000000e+00 0.000000000000e+00
0.000000000000e+00 0.000000000000e+00 0.000000000000e+00
0.000000000000e+00 0.000000000000e+00 0.000000000000e+00
0.000000000000e+00 0.000000000000e+00 0.000000000000e+00
0.000000000000e+00 0.000000000000e+00 0.000000000000e+00
0.000000000000e+00 0.000000000000e+00 0.000000000000e+00
--
Dipole derivatives 
Mode 0
1.607716794571e-03 -1.613952221089e-02 -9.501790628949e-03
Mode 1
3.327163345670e-02 -2.148011964997e-02 1.636626820642e-02
Mode 2
-7.843554389146e-03 2.840628409179e-02 3.787565423219e-02
Mode 3
3.733689846166e-02 -3.076728074146e-02 -4.875546617639e-03
Mode 4
-3.288771218309e-02 3.884832043466e-02 4.585269666800e-02
Mode 5
-4.188022203640e-02 5.390399435455e-02 8.209392056884e-02
Mode 6
-9.694676082439e-02 -3.362725538426e-02 1.924407499015e-02
Mode 7
-2.761004367777e-02 -1.945615279350e-01 2.850210091825e-03
Mode 8
6.659815690385e-02 1.121488890970e-01 -7.232584116780e-03
Mode 9
-4.552711171608e-02 -1.672350861812e-01 -3.563480592789e-02
Mode 10
-6.989407735559e-02 -2.211932900145e-01 -2.021986984808e-02
Mode 11
-1.643050219475e-02 -4.455938768930e-02 -2.110828166284e-02
Mode 12
4.124151248057e-02 5.358165383331e-02 -2.333070687479e-02
Mode 13
-6.593135703645e-02 -7.903967967509e-02 -2.312661425026e-02
Mode 14
-2.879440450585e-02 -5.024674286496e-02 8.967022445580e-03
Mode 15
7.201841800191e-02 7.393094103862e-02 4.931609080516e-03
Mode 16
-2.869325741237e-03 -5.940366212845e-02 -2.297917385122e-03
Mode 17
6.852190387866e-02 8.384340534236e-02 3.765443078335e-02
Mode 18
-1.806627354183e-03 3.597505358486e-02 4.024072116245e-02
Mode 19
2.484231503891e-02 3.052333604818e-02 -2.708782105560e-02
Mode 20
-1.468282164355e-01 7.362363375711e-02 -3.607282139270e-02
Mode 21
7.381087546850e-02 -2.756617167702e-02 1.975416049340e-02
Mode 22
6.334491175781e-03 2.941940500139e-03 -3.186529710921e-02
Mode 23
-2.524162901269e-02 1.258280587750e-01 -3.213868640344e-02
Mode 24
8.803253552022e-03 -2.135332192715e-02 1.000742599792e-02
Mode 25
3.647638464786e-02 -7.850121834622e-02 1.027411483926e-01
Mode 26
-1.316242980854e-02 1.720646064396e-02 -3.128319990887e-02
Mode 27
-1.305110163927e-01 3.106672209579e-02 -2.594343344219e-01
Mode 28
8.014913497486e-02 -1.835594644948e-01 7.533016226004e-02
Mode 29
-1.274002760834e-02 1.799034199500e-02 3.914201020013e-02
Mode 30
5.652543377598e-02 3.674576022744e-02 1.661387969461e-02
Mode 31
-1.947142804346e-02 -1.727399704627e-01 1.816604138631e-02
Mode 32
-3.424899496970e-02 1.920685124172e-02 -1.208962228688e-02
Mode 33
-9.705573292279e-02 -1.769378299147e-01 -1.373248817339e-01
Mode 34
-3.882375798508e-02 -4.725917816203e-02 -3.481681582031e-02
Mode 35
2.959287235938e-02 -5.438058830432e-02 1.480336548188e-01
Mode 36
8.297249682821e-03 -4.284530285615e-02 6.080352698854e-02
Mode 37
5.856105455981e-03 2.143903575135e-01 -6.517328085650e-02
Mode 38
-2.741017450754e-02 -1.273085101540e-02 2.715777290405e-02
Mode 39
-7.953426886983e-02 6.325963990397e-02 -1.563776865497e-02
Mode 40
-1.219520663316e-02 4.104988505335e-02 1.101638903502e-01
Mode 41
-5.933294867740e-02 -6.013760343393e-02 2.553767174640e-02
Mode 42
-1.179395962573e-01 -2.241499452423e-01 -1.934868099852e-01
Mode 43
6.106012060574e-02 1.200969889050e-01 8.818617773824e-02
Mode 44
-3.354907627732e-02 -5.906909786330e-02 1.002210420254e-01
Mode 45
-4.869887585332e-02 -9.246434537238e-03 -5.851409743773e-02
Mode 46
2.208379686351e-02 1.018743162553e-03 9.835919863100e-02
Mode 47
1.739534907447e-01 6.327843783147e-02 3.249181165838e-02
Mode 48
3.628126378302e-02 -8.291895132920e-02 -9.135558740165e-02
Mode 49
-7.995966001464e-02 3.358093318398e-02 1.637189335081e-02
Mode 50
4.883498343705e-02 4.519154646822e-02 -2.898308088477e-02
Mode 51
1.772024535375e-02 2.536764268506e-02 -6.305795423349e-03
Mode 52
1.119998383409e-03 -5.620471356381e-03 -3.775535553657e-02
Mode 53
-1.313456836335e-01 9.758426112444e-02 2.854200998659e-02
--
Polarizability derivatives 
Mode 0
-4.857178367172e-01 -1.235286289638e-01 1.111716030783e-01
-1.235286289638e-01 6.297199078814e-01 2.849443155796e-01
1.111716030783e-01 2.849443155796e-01 -9.752651431997e-02
Mode 1
4.292605688393e-01 8.930750564343e-02 -8.530054782833e-01
8.930750564343e-02 -1.395934602596e-01 5.913050677673e-01
-8.530054782833e-01 5.913050677673e-01 -3.986847967930e-01
Mode 2
-6.555259574101e-02 -1.982981312179e-01 3.984999662937e-01
-1.982981312179e-01 2.001817307362e-01 -8.462596961405e-01
3.984999662937e-01 -8.462596961405e-01 -1.577665490558e-01
Mode 3
-4.415084579861e-01 -5.754665124199e-02 3.465448887307e-01
-5.754665124199e-02 2.875176588982e-01 9.638336694664e-03
3.465448887307e-01 9.638336694664e-03 -7.757345592702e-03
Mode 4
9.305560451131e-01 -6.095514082296e-01 1.164024437270e-01
-6.095514082296e-01 -1.600725078065e+00 3.001995642092e-01
1.164024437270e-01 3.001995642092e-01 -4.253514039227e-01
Mode 5
7.717491055598e-01 -8.946426709787e-01 6.466756273372e-01
-8.946426709787e-01 -5.032185930555e-01 -5.140450179726e-01
6.466756273372e-01 -5.140450179726e-01 -6.164273463977e-01
Mode 6
1.740105015628e+00 3.438330094466e-01 1.842541370636e-01
3.438330094466e-01 -5.708753783380e-01 -1.720629204414e-01
1.842541370636e-01 -1.720629204414e-01 -1.070198330135e+00
Mode 7
5.780761648876e-01 3.137945056829e-01 9.159635303512e-01
3.137945056829e-01 -1.188658760583e+00 -1.775271179069e-01
9.159635303512e-01 -1.775271179069e-01 2.563421419126e-01
Mode 8
2.018646274608e-01 -1.512795779112e-01 4.574513045914e-01
-1.512795779112e-01 -1.644578156330e-01 1.223646571001e-01
4.574513045914e-01 1.223646571001e-01 7.258797507224e-02
Mode 9
3.114051909896e-01 4.314810827483e-01 -1.945793243826e-01
4.314810827483e-01 -7.704726206008e-01 -3.583989313368e-01
-1.945793243826e-01 -3.583989313368e-01 5.060075523699e-01
Mode 10
1.295531919615e-02 8.006985614413e-02 -9.204921993247e-02
8.006985614413e-02 4.648880860944e-01 -2.912226071140e-01
-9.204921993247e-02 -2.912226071140e-01 1.503356965894e-01
Mode 11
8.908328559135e-01 1.020242575193e+00 5.623739187751e-01
1.020242575193e+00 1.095917155858e+00 7.299157567299e-01
5.623739187751e-01 7.299157567299e-01 4.823863167878e-01
Mode 12
-3.842642388910e-01 1.628084358347e-01 3.155532697668e-01
1.628084358347e-01 1.056315787465e+00 8.572609349504e-01
3.155532697668e-01 8.572609349504e-01 8.689458449468e-02
Mode 13
-1.529038188712e-01 -5.442471830948e-01 1.907266762984e-01
-5.442471830948e-01 -5.257167832438e-01 4.631869767112e-01
1.907266762984e-01 4.631869767112e-01 1.052486976656e+00
Mode 14
3.537788649246e-01 5.635264729271e-01 1.843882391502e-01
5.635264729271e-01 4.076580996905e-01 -3.202843594694e-01
1.843882391502e-01 -3.202843594694e-01 -1.454207615492e+00
Mode 15
-5.158709930871e-01 -3.821335430567e-01 3.125628912640e-02
-3.821335430567e-01 -1.458648046939e-01 1.784097849899e-01
3.125628912640e-02 1.784097849899e-01 -1.111019141137e+00
Mode 16
7.241993728999e-02 1.429583396177e-01 -9.335077409980e-02
1.429583396177e-01 9.311570757421e-01 2.679639145834e-01
-9.335077409980e-02 2.679639145834e-01 2.117534333971e+00
Mode 17
4.433516582210e-01 3.845994950932e-01 -6.130550677289e-01
3.845994950932e-01 8.223085773498e-01 -4.855588973789e-01
-6.130550677289e-01 -4.855588973789e-01 2.078884889953e+00
Mode 18
-7.632155950048e-01 -9.269169997823e-01 5.154491291531e-01
-9.269169997823e-01 -1.868783255950e+00 2.419764032640e-01
5.154491291531e-01 2.419764032640e-01 -1.348727458709e+00
Mode 19
7.009779035446e-01 7.639081105332e-01 3.271097055144e-02
7.639081105332e-01 9.407202343178e-01 3.555212669928e-01
3.271097055144e-02 3.555212669928e-01 6.336604086304e-01
Mode 20
5.555121820511e-01 2.378985067222e-01 -4.178943517620e-01
2.378985067222e-01 1.336844009472e-01 9.485295192840e-01
-4.178943517620e-01 9.485295192840e-01 5.920236758760e-01
Mode 21
4.310970808418e-02 -3.410128621596e-02 -1.083722843183e-02
-3.410128621596e-02 -9.044820548401e-02 3.093806398107e-01
-1.083722843183e-02 3.093806398107e-01 3.977995319701e-01
Mode 22
8.388325760838e-01 1.154089799638e+00 1.183534988082e+00
1.154089799638e+00 -1.541283430644e-01 1.594892225513e+00
1.183534988082e+00 1.594892225513e+00 2.506150031245e+00
Mode 23
4.113005866817e-01 1.158580647923e-01 1.266928637248e+00
1.158580647923e-01 -2.838207571387e-01 1.085220278764e+00
1.266928637248e+00 1.085220278764e+00 9.769537563228e-01
Mode 24
2.817969343408e-01 1.146001253125e-01 -6.544275105906e-02
1.146001253125e-01 -2.584726210361e-01 -2.777659144186e-01
-6.544275105906e-02 -2.777659144186e-01 -3.204028477119e-01
Mode 25
4.196786251506e-01 3.067633787871e-01 -2.992445349658e-01
3.067633787871e-01 -7.039922279480e-02 -2.876175971277e-02
-2.992445349658e-01 -2.876175971277e-02 4.665260276667e-01
Mode 26
-6.944046395393e-02 -1.601794557572e-01 1.130459403605e-02
-1.601794557572e-01 4.396447744371e-03 7.162926344276e-03
1.130459403605e-02 7.162926344276e-03 -9.422197993168e-02
Mode 27
5.117575968211e-01 6.814762157674e-01 1.085514202505e-01
6.814762157674e-01 6.414687669033e-02 7.801552161465e-01
1.085514202505e-01 7.801552161465e-01 1.007393779120e+00
Mode 28
3.422196285111e-01 -3.959091994405e-02 4.655589269289e-01
-3.959091994405e-02 1.304666940386e+00 -8.661994984058e-01
4.655589269289e-01 -8.661994984058e-01 1.275295117459e+00
Mode 29
6.823965274548e-02 -1.228794434399e-01 -4.035341821434e-01
-1.228794434399e-01 -6.847937253833e-01 -1.325363560995e+00
-4.035341821434e-01 -1.325363560995e+00 -5.297210002548e-01
Mode 30
-8.569291600405e-01 -3.895987615601e-01 4.469215598465e-02
-3.895987615601e-01 -8.902802007891e-01 8.094478317955e-01
4.469215598465e-02 8.094478317955e-01 -2.619565752446e+00
Mode 31
1.492668126849e-01 3.167144201951e-01 -4.207361064079e-01
3.167144201951e-01 1.586439500878e+00 6.916985529616e-02
-4.207361064079e-01 6.916985529616e-02 1.642448371491e+00
Mode 32
3.718417837791e-01 5.459841328298e-01 -4.575214381521e-03
5.459841328298e-01 4.860234408945e-01 9.839650874948e-02
-4.575214381521e-03 9.839650874948e-02 8.744863916249e-01
Mode 33
-1.203137039320e+00 -1.282493811382e+00 6.368574857631e-01
-1.282493811382e+00 -2.371152945203e+00 8.202051160070e-01
6.368574857631e-01 8.202051160070e-01 -2.262941340794e+00
Mode 34
1.101116840850e-01 6.368004936302e-02 -7.769629510827e-01
6.368004936302e-02 -1.110914641596e-02 -1.610917942791e+00
-7.769629510827e-01 -1.610917942791e+00 -1.319908437156e+00
Mode 35
1.532712403092e-01 8.645456908484e-01 -6.816692767877e-01
8.645456908484e-01 -1.309266970663e+00 -6.011815557299e-01
-6.816692767877e-01 -6.011815557299e-01 1.160853472237e+00
Mode 36
9.167061274422e-01 -5.999693473591e-02 -4.408000003698e-01
-5.999693473591e-02 -4.924515724065e-02 -3.589408371259e-01
-4.408000003698e-01 -3.589408371259e-01 -4.429314005574e+00
Mode 37
4.955502782595e-01 -1.332912637292e+00 1.008394676709e+00
-1.332912637292e+00 -1.259728357034e+00 5.774126257414e-01
1.008394676709e+00 5.774126257414e-01 -1.485856381982e+00
Mode 38
3.665360773323e-01 1.011065003882e+00 9.156496607188e-01
1.011065003882e+00 1.607231536390e-01 1.068455790745e+00
9.156496607188e-01 1.068455790745e+00 1.724025874455e+00
Mode 39
-1.458640415917e+00 4.091947304243e-01 8.096651871118e-01
4.091947304243e-01 9.551405390749e-01 -2.027966986860e+00
8.096651871118e-01 -2.027966986860e+00 1.108734873528e+00
Mode 40
-9.412299566160e-02 4.676131070574e-01 6.321112574160e-01
4.676131070574e-01 -6.266513667307e-01 2.460161690657e-01
6.321112574160e-01 2.460161690657e-01 -1.026638663724e-01
Mode 41
-3.017055935569e+00 -1.057560589671e+00 -5.029614098806e-01
-1.057560589671e+00 1.118874818398e+00 1.778581171287e-01
-5.029614098806e-01 1.778581171287e-01 5.748158603065e-01
Mode 42
2.703610144660e-01 8.170840711497e-01 7.925192631256e-01
8.170840711497e-01 -4.072966665401e-01 1.230564678002e+00
7.925192631256e-01 1.230564678002e+00 -8.646912514786e-01
Mode 43
1.368217313695e-01 5.319017332539e-01 1.780107531634e+00
5.319017332539e-01 1.325734272464e+00 2.989425255768e+00
1.780107531634e+00 2.989425255768e+00 -4.196206372181e-01
Mode 44
6.940769953279e-01 1.140116460227e+00 2.187528431239e-02
1.140116460227e+00 2.622665179467e+00 -8.369999946900e-01
2.187528431239e-02 -8.369999946900e-01 -2.785740843173e+00
Mode 45
-3.777505832084e+00 -3.662457232847e-01 -5.288577542334e+00
-3.662457232847e-01 -2.309749129480e+00 3.786125583856e-01
-5.288577542334e+00 3.786125583856e-01 -7.852498647758e+00
Mode 46
4.961093463283e+00 -9.068134589035e-01 1.636380755629e+00
-9.068134589035e-01 4.345235824108e+00 -3.914484902679e-01
1.636380755629e+00 -3.914484902679e-01 9.085261304987e+00
Mode 47
-7.339251699326e+00 -2.582786483658e+00 6.363857674449e-01
-2.582786483658e+00 -5.224662465501e+00 -1.981128253641e+00
6.363857674449e-01 -1.981128253641e+00 -4.139629039092e+00
Mode 48
-4.720000866518e+00 2.025715382619e+00 4.540490549561e+00
2.025715382619e+00 2.218637571922e+00 2.380404817725e+00
4.540490549561e+00 2.380404817725e+00 -2.650322147346e-01
Mode 49
-3.435117120833e-01 1.883800374774e-01 -4.156941858586e+00
1.883800374774e-01 4.659601751985e+00 3.159434493721e+00
-4.156941858586e+00 3.159434493721e+00 -1.789772965210e-01
Mode 50
-2.768444014565e+00 -3.434921831689e+00 2.540522861537e+00
-3.434921831689e+00 -6.601039937533e-01 2.661569335219e+00
2.540522861537e+00 2.661569335219e+00 -9.660128766598e-01
Mode 51
2.313822420549e+00 2.870705686513e+00 -1.920070657721e+00
2.870705686513e+00 4.012380002612e+00 -3.469376874569e+00
-1.920070657721e+00 -3.469376874569e+00 -1.929811738575e+00
Mode 52
1.561479720799e+00 1.325383440176e+00 -2.203623838483e+00
1.325383440176e+00 2.432745127376e+00 -7.502099810306e-01
-2.203623838483e+00 -7.502099810306e-01 1.259740156138e+01
Mode 53
4.733424820866e+00 -3.732043173289e+00 -4.249482342224e-01
-3.732043173289e+00 3.813266348548e+00 -9.868007877887e-02
-4.249482342224e-01 -9.868007877887e-02 7.553040210844e-01
--
