Number of atoms 
22
--
Anisotropy 
101.048
--
Frequencies 
38.170400000000
56.901200000000
61.549200000000
105.310500000000
160.101200000000
178.008600000000
213.385500000000
234.738100000000
256.458400000000
305.755700000000
317.937400000000
334.728200000000
384.410000000000
429.513600000000
488.812500000000
527.099400000000
552.390000000000
562.728400000000
592.456700000000
612.083000000000
630.306500000000
693.387100000000
735.266700000000
753.101200000000
796.411400000000
820.417300000000
888.535600000000
891.773800000000
906.635900000000
932.504800000000
979.546500000000
1042.862400000000
1073.798500000000
1113.684200000000
1138.249900000000
1160.021300000000
1167.077100000000
1220.271500000000
1249.952700000000
1290.490700000000
1293.951700000000
1336.891300000000
1378.269400000000
1402.302300000000
1413.413100000000
1419.211300000000
1436.763000000000
1454.994800000000
1480.995600000000
1530.674200000000
1548.678800000000
1655.115800000000
1680.731300000000
2691.884000000000
3067.635100000000
3073.980100000000
3131.051600000000
3188.504600000000
3201.575100000000
3213.181600000000
--
Displacements 
Mode 0
1.011279721778e-01 -1.850909692901e-01 4.016397220526e-01
3.958500750246e-02 1.735292474115e-02 1.884990800613e-01
7.924062207693e-03 6.733963152862e-02 -1.044154359456e-01
-2.694834885608e-03 1.686681745090e-01 -8.392725881830e-02
9.014188557218e-03 1.065910922861e-01 -6.369523883235e-02
4.522883204627e-02 1.629395923326e-01 -6.004200198377e-02
-1.657506453514e-03 1.452897487140e-02 -4.342996156506e-02
-2.636054324046e-02 6.275021800093e-03 -5.445866195084e-02
-3.157256001123e-02 1.035176216700e-01 -7.929234173687e-02
-5.506572174354e-02 1.076872917283e-01 -1.023289474639e-01
-8.310353517778e-02 -1.430831550097e-03 -8.480421665242e-02
-8.290611843706e-02 -1.116024607481e-01 -5.719673312927e-02
-5.941295670475e-02 -1.157721308064e-01 -3.416012740221e-02
-5.568334657600e-02 -2.352512189954e-01 -7.498591553219e-03
6.808205201688e-02 -1.107624224418e-01 7.547529375890e-02
-2.042924591680e-02 2.390482680316e-01 3.202164447094e-01
-1.174461080894e-02 2.019368277353e-01 -2.336312943960e-01
1.841249334795e-02 -1.440357802766e-01 -2.054620989108e-01
1.060185995582e-01 -8.583310933206e-02 -2.815553036464e-02
-5.674554512628e-02 1.956224326074e-01 -1.281085749241e-01
-9.925977854666e-02 -6.063214284222e-03 -9.955266844948e-02
-1.059293318413e-01 -2.077915546985e-01 -4.244580605487e-02
Mode 1
-3.089077085419e-01 -7.634657576354e-02 -8.513065236770e-02
-2.697000401395e-02 3.539503486680e-03 7.589526202969e-02
9.237953807445e-02 -1.903991742717e-02 -1.019975611940e-01
8.941472479042e-02 -6.351289406516e-02 -9.834184906804e-02
1.219774261863e-01 2.897090260010e-02 -4.101456209073e-02
2.002835418151e-01 3.722319557401e-02 -4.124241250547e-02
8.302586714217e-02 8.477462312027e-02 4.468630674696e-03
3.065498028424e-02 2.379374033965e-02 -1.393305797094e-02
3.079704591858e-02 -7.644026329585e-02 -8.431149453040e-02
-3.066569753217e-02 -1.606684467924e-01 -1.193535303214e-01
-9.254303820465e-02 -1.544754918428e-01 -9.419717883129e-02
-9.621729722702e-02 -4.493402921640e-02 -2.287279459768e-02
-3.448202218888e-02 4.910701946951e-02 2.234929047166e-02
-3.314168118120e-02 1.715775114240e-01 9.089987096815e-02
-1.449015370591e-01 6.524562478485e-02 4.026742517276e-01
1.793208324048e-01 4.636486076650e-02 1.076770112501e-01
1.393856252793e-01 1.025428624062e-01 -1.713377040673e-01
1.278212206598e-01 -1.389423449641e-01 -1.641851403901e-01
2.401303636570e-01 -7.248572094821e-02 2.415012854180e-02
-2.523650028041e-02 -2.381605559104e-01 -1.823257213397e-01
-1.378495382865e-01 -2.340712926052e-01 -1.144907628252e-01
-1.371963260880e-01 -3.099252739398e-02 4.078155674060e-03
Mode 2
5.025247856865e-02 1.689160351579e-01 -3.115157483407e-01
1.598942099873e-01 -7.602190424009e-02 -2.923203188684e-02
-2.564038025420e-02 -1.086471101156e-02 1.115925423383e-02
-1.321374701407e-02 1.132467599115e-01 -7.538298181033e-04
-1.588371178150e-02 5.180482455247e-03 -4.568402518735e-03
1.482406642018e-03 2.223648831899e-02 -1.827856062962e-03
-2.033093170755e-02 -6.152898250174e-02 9.151656701519e-04
-2.089831181154e-02 -7.748546872844e-03 -1.794598781616e-03
-2.176054043214e-02 1.096251895743e-01 2.965921593172e-03
-3.144209405818e-02 2.135644904949e-01 1.266144100912e-03
-2.939230731218e-02 1.820205431850e-01 2.148052489718e-03
-3.502708536364e-02 2.948128909077e-02 1.989191915011e-03
-2.887772512562e-02 -6.515055283892e-02 4.634917081427e-03
-2.364339142562e-02 -2.357993187165e-01 1.181826276257e-02
2.686607893468e-02 -2.464935313212e-01 3.056454691623e-01
5.032732234702e-01 -1.856570543988e-01 -9.973725828316e-02
-7.645119243450e-02 -1.329528970434e-01 7.126529550295e-02
-1.087108812548e-01 5.117299788344e-02 4.199129176889e-02
9.659236696819e-03 -3.053313491296e-02 1.935011159714e-02
-2.904466087814e-02 3.118179027618e-01 -5.099332476780e-03
-3.200947416217e-02 2.673449261238e-01 -1.443620350856e-03
-3.297729861763e-02 -2.062658219128e-03 2.871100303816e-03
Mode 3
-1.321370921995e-01 -1.648758300812e-01 -3.399631627282e-02
-7.882886187427e-02 -1.012841893603e-01 -3.778258224678e-02
2.381032717815e-02 -1.411691368842e-01 -2.084013204367e-03
1.610344545145e-02 -1.887582776609e-01 1.452555193700e-02
2.435539035291e-02 -1.215434065055e-01 1.827608535228e-02
3.476271783523e-02 3.009088381302e-01 2.335432687648e-02
1.758585209347e-02 -1.665217893419e-01 1.269769587404e-02
1.758585209347e-02 -1.665217893419e-01 1.269769587404e-02
2.287298371089e-02 -1.437798948245e-01 2.010394141524e-02
2.440818827034e-02 7.184725388958e-02 1.849898521234e-02
2.947558621781e-02 2.781669436127e-01 1.594808133528e-02
3.505756635184e-02 2.373155373119e-01 1.588404204993e-02
2.675282353295e-02 -2.328999423859e-02 1.191060877459e-02
3.206227207960e-02 -7.395426572876e-02 1.666520210914e-03
-6.546488516689e-02 2.543803950302e-02 -7.188362091832e-02
-1.574075090904e-01 -1.193493475236e-01 -4.773478111037e-02
3.356699565085e-02 -1.251239434174e-01 -1.781166995693e-02
5.706015738316e-02 -1.292936134757e-01 5.224935770140e-03
8.891341304074e-02 1.172046224539e-01 1.302208948551e-01
2.263093311171e-02 1.132040663888e-01 2.779712610186e-02
3.481551575266e-02 4.942994985252e-01 2.357722673654e-02
3.716015101528e-02 3.991622503971e-01 1.698885029879e-02
Mode 4
-1.829058237103e-01 -2.304480621706e-01 -1.069539634360e-01
-6.663012636307e-02 -1.337979156419e-01 -9.517638378679e-02
-7.564816092357e-03 -1.478231444122e-01 -5.376887141809e-02
-2.862751046746e-02 1.806847835808e-02 3.246530046463e-02
-1.538328246519e-02 1.716185448493e-01 5.109236424767e-02
9.315505216710e-02 -4.611727580136e-02 6.160627507330e-02
-1.886267793579e-02 3.743166642352e-01 5.226121178188e-02
-1.503563603115e-02 3.014159044260e-01 4.384497928117e-02
-1.891547585322e-02 1.809260038402e-01 5.203831192183e-02
4.071721452149e-02 1.131203394409e-01 9.615558874230e-02
8.784560362044e-02 4.546995688816e-03 7.185036363698e-02
8.379066398688e-02 -7.917744170666e-02 3.478587864961e-02
3.473223684703e-02 3.411201172750e-02 5.481092911545e-03
3.724125467321e-02 -2.346654060438e-01 -8.913605419054e-02
-5.978547325697e-02 3.116496158199e-02 -1.070254285534e-01
-1.449362419918e-01 -1.420502086158e-01 -9.494853337205e-02
-9.187822632478e-02 -1.616775990919e-01 -1.265651827292e-01
1.659315751983e-02 -1.591949217196e-01 -6.310026958895e-02
1.512302210531e-01 -2.561439229070e-01 1.249788422016e-01
3.234552091491e-02 7.273330591335e-02 1.451331577816e-01
1.116336138694e-01 -6.321597518776e-02 8.741668453749e-02
1.199748264877e-01 -2.896257680629e-01 2.056588153325e-02
Mode 5
2.495325144510e-02 9.147298426832e-02 3.885908376898e-02
-5.565286558780e-02 3.154560740730e-02 1.037464241172e-02
-1.189151811264e-01 6.208040241766e-02 2.281081615103e-03
-1.115782627630e-01 5.327834962522e-02 1.056923554511e-02
-8.927265915608e-02 -3.672110957035e-02 2.796341250859e-02
2.660209585693e-01 2.159802126036e-02 4.082125769118e-02
-1.034765475548e-01 -1.194757679941e-01 4.917463745003e-02
-1.242774275905e-01 -8.064598648721e-02 1.230227031872e-02
-1.119482261262e-01 -3.112843943919e-03 3.546695461649e-02
-2.790734748121e-02 9.287455464288e-04 9.808321664930e-02
6.491982199212e-02 -4.506376988177e-02 5.152352236168e-02
8.008337078736e-02 -3.310451952536e-02 -9.525991304259e-03
-1.929615646441e-02 -1.233989618171e-02 -5.635055729916e-02
-1.607208202988e-02 1.083995251505e-01 -2.808758286617e-01
-5.886789352999e-02 -9.614640042770e-02 -1.380002884556e-02
-2.593522877081e-02 5.272858980670e-02 1.862953906038e-02
-1.227199061018e-01 6.157499621919e-02 -6.953019989064e-03
-1.071087259077e-01 4.658164857457e-02 -1.256466674865e-02
4.104197969532e-01 -4.659623583753e-01 4.086987531742e-01
-2.841937647881e-02 4.477155561279e-02 1.933593722801e-01
1.166482138994e-01 -5.028694585967e-02 8.464288080037e-02
1.192851444897e-01 -5.689208848516e-03 -2.717880068648e-02
Mode 6
2.347084480308e-02 6.923649594933e-02 4.068693983195e-02
-3.717430388553e-02 1.444690802090e-02 3.618505187590e-02
-3.457945396476e-02 2.528691089743e-03 5.742705882136e-02
-4.719751513434e-03 -7.652233014636e-02 -4.696481089437e-03
1.209875054637e-03 1.242362312962e-02 -1.200790534129e-02
6.773185239389e-02 -3.723149606101e-02 -1.504034149715e-02
-1.116396026806e-02 8.170281260160e-02 1.280785707022e-04
-9.386705109438e-03 4.034600010233e-02 -9.170062318815e-03
-7.042069846822e-03 -5.479124802583e-02 -1.575843875657e-02
-4.992283100815e-03 -8.633519533573e-02 -1.487653036776e-02
-9.386705109438e-03 4.034600010233e-02 -9.170062318815e-03
-6.421891825403e-03 8.481897674032e-02 -1.282577444474e-02
-5.854511721413e-03 3.103854111143e-02 -1.011600999297e-02
-5.264814688196e-03 -9.614806052510e-02 -2.505657964608e-02
-2.591291184158e-02 -2.067757620094e-02 9.792049555030e-04
-4.626616047836e-02 -8.800392695035e-03 1.954470473053e-02
1.742146952990e-02 7.118380301213e-03 1.007264665384e-01
-4.164384074081e-02 2.114360907155e-02 5.931895416967e-02
-1.799388351785e-01 9.080400577059e-01 1.361136275240e-02
-1.092190966889e-02 -1.752811486117e-01 -7.565106115911e-03
-7.904298467420e-03 6.258248842133e-02 -1.099791838178e-02
-8.471678571410e-03 1.163629240502e-01 -1.370768283355e-02
Mode 7
-2.794038165836e-02 -6.253979489867e-02 -1.755303753818e-02
2.536784866682e-02 1.051845822191e-03 -2.133930351215e-02
3.672667248665e-02 1.250568998013e-02 -9.162291878225e-02
-1.777255158626e-03 4.135681249927e-02 9.298140889518e-03
9.659236696819e-03 -3.053313491296e-02 1.935011159714e-02
-1.328886186073e-02 -6.737734475907e-03 1.667360442672e-02
1.952354970122e-03 -7.812227568967e-02 3.595967673851e-02
-1.830346189077e-02 -1.966676380400e-02 1.944740816384e-02
-2.240303538279e-02 4.342113081580e-02 1.768359138623e-02
-3.281978729871e-03 9.252649018791e-02 2.877633105736e-02
1.467383672686e-02 -1.760410558487e-02 1.657630786002e-02
2.230560360690e-02 -8.999945919557e-02 1.739417696347e-02
-1.482406642018e-03 -2.223648831899e-02 1.827856062962e-03
-2.224886557503e-03 6.830941050030e-02 -4.613972601683e-02
1.262404998085e-02 1.393984172503e-02 1.569439947121e-02
4.327903026510e-02 3.773358206468e-02 1.761341500269e-03
-1.517681923212e-02 5.449432914843e-02 -1.700000948490e-01
1.233293668753e-01 -5.883947790578e-02 -1.234009039915e-01
-2.422414903206e-01 8.677794446489e-01 -3.432048676870e-02
-1.036868243515e-02 1.845475741774e-01 4.831856051055e-02
2.201075509029e-02 -2.640615837731e-02 2.486446179003e-02
1.906825873548e-02 -1.442853010229e-01 1.086983981108e-02
Mode 8
-2.240303538279e-02 4.342113081580e-02 1.768359138623e-02
-1.005117342708e-01 -7.500279135615e-02 4.551892532411e-02
-1.055907318996e-01 -7.104160861891e-02 1.990067515984e-01
-1.030173164747e-02 -3.567092384555e-02 -4.632441804086e-03
-2.226096974845e-02 -5.681287281970e-02 -5.269484517323e-02
8.111814603050e-02 1.608456679466e-02 -6.679171427357e-02
-7.489701245700e-03 -2.783865002480e-02 -7.119630566291e-02
6.103742898111e-02 3.777461548994e-02 -3.804616522021e-02
5.953270540986e-02 8.894429317858e-02 -1.856797505237e-02
3.137259008155e-02 2.099822934856e-01 -4.607816200882e-02
6.648118798743e-04 -7.202107249121e-03 -3.236800389793e-02
-1.146697284365e-02 -1.949068789905e-01 -2.792520467256e-02
3.502708536364e-02 -2.948128909077e-02 -1.989191915011e-03
3.289058408968e-02 9.235903629210e-02 1.654932563382e-01
-6.991210509294e-02 -4.127142545396e-02 -6.640005272944e-02
-1.872225776833e-01 -1.871106583028e-01 -2.091190940933e-02
-2.277949204944e-02 -2.093457622081e-01 3.890442732999e-01
-3.044365009311e-01 6.078401614134e-02 2.737219762507e-01
3.170047277531e-02 2.098575331124e-01 6.208780735211e-02
3.413998662486e-02 3.646268993216e-01 -7.734135765789e-02
-8.154513125574e-03 -2.063654277568e-02 -3.882830176498e-02
-8.282425889661e-03 -3.340116975581e-01 -2.162376738022e-02
Mode 9
-7.479623916994e-02 5.584641404282e-02 1.693223684546e-02
-1.169430624160e-01 1.138802466779e-01 -7.717259597381e-02
-3.560773590451e-02 1.497153042245e-01 -2.317701810517e-01
-4.970092209050e-02 4.708539467564e-02 -1.458711594501e-02
-2.823523017497e-02 1.053505919591e-03 -1.008275271163e-02
-7.609449950812e-03 -1.010812396937e-03 -1.846820320833e-02
-9.364388180210e-03 -3.306016590530e-02 -2.682039642369e-02
4.532881701111e-02 6.189634754784e-03 2.643249889075e-03
1.262404998085e-02 1.393984172503e-02 1.569439947121e-02
8.080353377362e-02 -5.024425233701e-02 5.609192488041e-02
1.031842522272e-01 -2.025921714518e-02 5.605866759906e-02
9.648982881440e-02 5.474689440578e-02 3.305284387600e-02
8.265590377891e-02 2.838342955113e-02 2.936634974607e-02
8.862111771309e-02 -2.253036268537e-02 2.354541999042e-01
-1.450113568385e-01 -2.620347030032e-01 -7.752109912723e-02
-1.530816761853e-02 2.916030392367e-01 3.366493000285e-02
-5.535407695675e-02 3.676562920014e-01 -4.413216254797e-01
2.483360039444e-01 -2.285810733018e-03 -3.187852007453e-01
-1.059658016407e-02 2.792237697271e-02 2.837843022470e-03
7.949622694310e-02 -1.092462038464e-01 1.031775985714e-01
1.211177507547e-01 -5.698364691032e-02 6.150897850660e-02
1.198078907352e-01 8.734268753787e-02 1.083163197505e-02
Mode 10
3.350004486317e-02 9.509455460551e-02 3.513933235771e-02
-3.707687210965e-02 6.102523640067e-02 1.107283526205e-03
4.935072246751e-02 2.644553170516e-02 -7.592851931104e-02
3.971635588887e-02 -2.197557853471e-01 -1.516594479051e-02
5.560823172934e-02 1.152667246080e-01 2.492602579804e-02
-3.633439219416e-02 -2.952066241862e-02 4.907486560600e-02
3.913482291463e-02 2.476338086998e-01 3.529819293242e-02
-7.511484665743e-05 -1.199844943874e-01 1.742743424482e-02
1.724457241196e-03 -2.347474728943e-01 -9.521040749576e-03
-1.052146531742e-02 1.479068713601e-01 -1.458959122235e-02
-1.758585209347e-02 1.665217893419e-01 -1.269769587404e-02
-8.599591335497e-03 -1.970122307322e-01 3.496851551217e-03
-6.844653106099e-03 -1.649628772239e-01 1.184904476658e-02
-8.351929866298e-03 8.953508642236e-02 -6.643578528812e-02
-4.624384354913e-02 -8.220655870267e-02 1.894370625655e-03
-1.799572087853e-03 1.147629785069e-01 2.694847499440e-02
1.152053347379e-01 1.873208057212e-01 -1.443559717915e-01
2.021805456788e-01 -3.096145455312e-02 -1.032686558496e-01
-1.045492491070e-03 -1.860637927728e-01 -7.602086532305e-02
-1.160342760797e-02 4.488584030130e-01 -1.978622026583e-02
-2.015022102603e-02 4.452368326758e-01 -1.606646885455e-02
-3.070777820167e-02 -2.171844007347e-01 1.371015811089e-02
Mode 11
-4.733396989866e-02 -1.214580194602e-01 -3.882582648764e-02
4.535113394033e-02 -6.721653125285e-02 -1.500708421580e-02
-7.990827097587e-02 -3.660943665042e-03 5.478380893228e-02
-6.649149635105e-02 3.164519455933e-01 2.090567012080e-02
-7.901811455602e-02 3.490904322481e-01 -2.986649770011e-02
5.903227609355e-02 -7.749376921544e-02 -7.422874181878e-02
-7.198420876817e-02 6.367868786357e-02 -4.963162701336e-02
-2.995294272238e-03 -3.112698030407e-01 -1.421752183901e-02
-1.334165977816e-02 -2.001283948710e-01 1.645070456666e-02
1.810859833900e-02 -7.348989295555e-02 5.070812853556e-02
4.585156325664e-02 9.922153114117e-02 4.065368255060e-02
3.621464348905e-02 5.634850004649e-02 3.653236848583e-03
1.704078891870e-02 -1.861475197207e-01 -7.662402682609e-03
1.238455257063e-02 6.759551698076e-02 1.211506043804e-01
4.977603693716e-02 7.289909971177e-02 -2.840318299811e-03
2.390775895403e-02 -9.459080850444e-02 -3.716178155407e-02
-2.087303502683e-01 -1.975947234890e-01 1.076474157896e-01
-2.321930310124e-01 7.337177297198e-02 1.024840440275e-01
-3.161719386968e-02 2.503299536853e-01 -4.399167352711e-02
2.307856451059e-02 8.625146838782e-02 8.323499300820e-02
6.001081779694e-02 3.287885215802e-01 5.474312581891e-02
7.341942836278e-02 3.086984184283e-01 -1.465858106239e-02
Mode 12
-1.148156076344e-01 -1.007492202137e-03 4.044898392714e-03
-9.920442744028e-02 -1.600083984676e-02 -1.566748366875e-03
-4.176358944592e-02 4.797144669942e-02 1.120470566242e-01
7.195933864999e-02 2.130557641016e-01 -3.048105910430e-02
1.481959037924e-01 1.229298844355e-01 8.382253641957e-02
-2.685930180118e-02 -1.633574763839e-02 2.718671021949e-01
1.614319677357e-01 -6.372304148363e-02 6.692603213280e-02
9.327480087221e-02 -7.294511342922e-02 8.878172618723e-03
8.734262111518e-02 4.143721925238e-02 -8.157342335197e-02
-2.684120881649e-02 -3.024092064398e-02 -2.255327830447e-01
-8.017175607090e-02 -2.042639535721e-02 -2.040961829658e-01
-7.131939688830e-02 5.647658061445e-02 -8.199963091129e-02
6.419965900587e-02 -2.792403707011e-02 -1.409439382299e-02
7.417350795957e-02 7.871647148606e-03 -1.176279213798e-01
-8.426877637396e-02 -1.606667866950e-01 -1.080969795209e-01
-1.321817260579e-01 -1.806349806588e-02 1.304351936942e-03
2.869613201073e-02 -9.445968342546e-02 2.965702281329e-01
-2.441415518655e-01 1.891045304506e-01 1.877082289507e-01
-9.495462425495e-02 1.608802543083e-01 -3.465780007890e-02
-2.010470473421e-02 -4.873107825263e-02 -3.355906477539e-01
-1.298503612322e-01 -4.674716668921e-02 -2.363336330157e-01
-2.157221753866e-01 1.443329748378e-01 -5.651143329463e-03
Mode 13
1.059962826289e-01 -1.242694332442e-02 -1.050519625976e-02
5.212067219977e-02 -2.223814841639e-02 -9.428694737562e-03
-4.834898140152e-02 -4.072498583024e-02 -9.697345784575e-02
-1.325516894212e-01 -7.445469163503e-02 2.620207100832e-02
-2.214543852140e-01 -5.478460763623e-02 2.926776444553e-02
2.508627058710e-02 -1.808432864384e-03 2.171805898293e-01
-1.454285072491e-01 3.171472140051e-02 -1.150857320686e-01
1.154523948252e-03 2.236124869216e-02 -1.099938254239e-01
-4.234168679784e-02 -3.512282412443e-02 -2.394929611988e-02
-7.075201678431e-02 2.696144985559e-03 -7.928986645953e-02
1.891292266426e-02 2.240228211741e-02 -1.498013321444e-01
1.468288321921e-02 -2.455669208767e-02 -2.321236347598e-01
1.040108934817e-01 2.226791920144e-03 -1.621011271857e-01
1.170735283691e-01 -3.833377853058e-03 1.577310818116e-01
3.839489618810e-02 1.348514215615e-01 8.509363107517e-02
7.627864581196e-02 -3.360992572383e-02 -1.876009290843e-02
-1.500087463172e-01 5.828667357624e-02 -2.879236699401e-01
1.122323573949e-01 -1.973551633271e-01 -1.762238277354e-01
1.517848998771e-02 8.933296380710e-02 5.519866257611e-01
-6.546488516689e-02 2.543803950302e-02 -7.188362091832e-02
1.215297947875e-01 5.592350060113e-02 -9.645242899707e-02
8.185876547145e-03 -5.972220973475e-02 -2.275219749597e-01
Mode 14
-8.979540540161e-02 -1.297530059567e-01 -1.004702015294e-02
9.381731085802e-02 1.500089029071e-01 -6.852474904717e-02
-6.291425872361e-03 1.948658455652e-01 6.773271139304e-02
-1.852370005283e-03 -7.862768188814e-02 2.672557513434e-02
-4.503396849450e-02 -6.978293557305e-02 -1.011353471563e-02
1.235151839347e-02 4.126976535656e-03 5.514350192891e-03
-2.581548006570e-02 2.590075217884e-02 -3.409856339420e-02
7.434350139315e-03 3.777627558734e-02 -2.678961441969e-02
5.854511721413e-03 -3.103854111143e-02 1.011600999297e-02
-4.742068442661e-03 -3.116164138719e-03 1.295385301544e-02
-1.059658016407e-02 2.792237697271e-02 2.837843022470e-03
-1.316911315562e-02 -3.356557210377e-02 -3.605449802786e-02
-6.399574896175e-03 1.141281073269e-02 -3.047610854962e-02
-2.062578022416e-02 2.064318316528e-03 8.385450496707e-03
9.448467592684e-02 -6.052149029960e-02 -3.129732722562e-03
2.284295042731e-01 3.297943536850e-01 3.944167662567e-02
5.169958167466e-02 -1.281927094250e-01 3.972326553859e-01
-1.088340655823e-01 6.284847003820e-01 2.811798846905e-01
1.295193267462e-02 1.381508135187e-02 1.238603688321e-01
-5.014600030042e-03 -1.292902932809e-02 2.773803737119e-03
7.042069846822e-03 5.479124802583e-02 1.575843875657e-02
1.657084059060e-02 -8.578875571201e-02 -4.544993548408e-02
Mode 15
-5.287131617424e-03 -2.274189451746e-02 -7.406245541204e-03
2.210818686618e-02 2.017217000247e-02 -1.021330655967e-02
-1.533864860674e-02 2.480621283399e-02 1.579169603791e-02
-3.606186060678e-02 -1.970779722925e-02 5.925491488432e-02
-2.371034221331e-02 -1.558082069360e-02 6.476926507721e-02
-9.867370685472e-03 3.830057658258e-03 -1.802441834126e-01
-1.300435540284e-01 3.923469506786e-03 2.158084345958e-01
-4.412798844881e-02 1.318657487764e-02 2.340487873894e-01
-1.176276380362e-01 -8.839766022889e-03 7.060876225154e-02
-3.089300254712e-01 -2.940409755903e-03 -6.748031826282e-02
-1.405666901014e-01 8.003047911369e-03 -1.807676875387e-01
-5.293826696192e-02 -7.200447151721e-03 -2.111145309741e-02
2.819600214572e-01 6.479913242582e-03 1.433755802925e-01
4.110662320183e-01 -5.431420445442e-05 -5.024489968371e-02
1.588371178150e-02 -5.180482455247e-03 4.568402518735e-03
3.974683687707e-02 4.704104105559e-02 2.707289174426e-03
-5.360307884179e-02 1.660097400043e-06 1.125655080052e-02
3.201763822115e-02 7.285806628651e-02 3.696718842067e-02
1.624295789683e-02 -8.566399533884e-02 -1.536159048450e-01
-3.089300254712e-01 -2.940409755903e-03 -6.748031826282e-02
-6.413526140714e-02 1.103382500478e-02 -1.366196287142e-01
-4.179001678765e-01 -2.803385656667e-02 1.953805327426e-01
Mode 16
-2.174771136160e-01 1.122836213294e-01 -1.400333654482e-02
2.834593238774e-02 -2.092875704466e-02 2.060545928768e-01
1.102486390032e-01 -3.887413512698e-02 5.416677225075e-02
1.675665765003e-02 1.432048755033e-02 1.330944704363e-01
-8.156577742938e-02 1.086803120636e-02 1.135384736722e-02
1.301633027335e-02 -3.075130713465e-03 -2.685365370504e-02
-2.922792474861e-02 8.380373541875e-03 -8.588071817462e-02
5.780008410969e-02 -1.651122633742e-02 -4.457050237261e-02
6.247775495362e-02 3.495149866625e-03 9.318966714913e-02
-4.952582227900e-02 1.031993148524e-02 3.067070168301e-02
-8.398552753865e-02 -1.397921505288e-02 3.536965804979e-02
-7.047948519693e-02 1.250901017493e-02 -6.910981718120e-02
5.406880322536e-03 -4.085943110402e-03 -4.532185691337e-02
-2.867381508150e-03 2.105351741782e-03 -3.142205622378e-02
2.112947192009e-01 -8.112031984483e-02 -1.042786428091e-01
-7.203899221435e-03 -8.447936434027e-02 1.700333521303e-01
3.740869491785e-02 3.385539886385e-01 -3.371672972301e-01
3.761953651593e-01 -4.844161871671e-01 -1.718080465028e-01
2.249142066633e-02 1.010978406677e-02 1.959385828839e-01
-4.362922988809e-02 3.579734431612e-02 -9.227697675631e-02
-3.373954227339e-02 -4.143887934978e-02 7.031687255145e-02
-4.837129833075e-02 3.268118017740e-02 -7.932312374087e-02
Mode 17
-1.086911175146e-02 1.810951178334e-02 -7.342206255853e-03
-5.951943497298e-03 -1.553978726834e-02 2.496175835673e-02
-8.819325005448e-03 -1.343443552656e-02 -6.460297867048e-03
-2.617166849997e-03 8.532438293879e-02 -3.591672840573e-03
1.321374701407e-02 -1.132467599115e-01 7.538298181033e-04
-3.532193388025e-03 9.307458990904e-03 9.459476741566e-04
2.049786746007e-03 -3.154394730990e-02 8.819083888055e-04
7.389716280861e-03 1.845886076026e-01 8.511053790068e-03
2.397433180046e-03 9.825341226688e-02 -6.365476577692e-03
1.259356899265e-02 -2.528569846777e-01 -2.178834493722e-03
-7.578968962609e-03 2.657860140057e-01 -5.949692433963e-04
-3.039928130693e-03 -1.644574710254e-01 2.108314637075e-02
3.751927057976e-03 -1.928852541966e-01 9.011201744109e-03
-4.099573492014e-03 6.308789461980e-02 -1.763816777611e-03
4.742068442661e-03 3.116164138719e-03 -1.295385301544e-02
-2.359059350819e-02 -4.240865832146e-02 1.204116262263e-02
-1.754121823501e-02 1.970945732665e-02 -4.799836408380e-02
-1.640645802703e-02 -8.785141393113e-02 -4.257883518026e-02
6.127043308794e-03 -2.122567592206e-02 2.029605927130e-02
1.283561959183e-02 -5.098409458910e-01 -9.872019180336e-03
-1.834248487920e-02 6.706768465792e-01 -7.491375779134e-03
-7.139501622707e-03 -1.013695764056e-01 1.931932959313e-02
Mode 18
-1.345263613205e-01 7.707375006228e-02 7.892728374692e-03
3.469015617753e-02 -2.240394221481e-02 1.385447813438e-01
-4.300649867772e-02 -2.792071687531e-02 8.418707778054e-03
9.276002896669e-03 -2.047074897726e-02 -1.868017778464e-01
1.548572930281e-01 -1.554476756054e-02 -8.807894044844e-03
-1.301633027335e-02 3.075130713465e-03 2.685365370504e-02
-7.226216150662e-03 -1.107319833263e-02 1.876836862352e-01
-2.141397837798e-01 9.819505578972e-03 5.520625248042e-02
-2.237123059486e-01 -4.994373758103e-02 -1.325082157588e-01
-4.886101039913e-02 3.117824236119e-03 -1.697302214918e-03
2.098874274055e-01 1.662768622359e-02 -1.198782209909e-01
1.723431601567e-01 -2.531659932466e-02 -5.879545004365e-02
-9.834336508315e-03 6.729859810336e-02 -6.460792922516e-02
-4.974300276000e-02 -9.430559266666e-03 1.184765724873e-01
1.690834983561e-01 -6.196275144384e-03 -4.766945309117e-02
3.293521794813e-02 -5.445329572318e-02 1.301925881285e-01
9.088808494009e-02 -3.432381924337e-02 1.485302374888e-01
-3.293583889546e-01 -1.110477206374e-01 -3.148738424297e-02
-2.269955465498e-02 -3.681286132147e-02 -3.568326546994e-01
-5.086449253110e-02 3.167673248628e-02 3.441066520987e-01
2.898510494878e-01 1.035100432609e-02 -7.667610984061e-02
2.292282177284e-01 -1.178447496100e-01 -9.882833190153e-02
Mode 19
0.000000000000e+00 0.000000000000e+00 0.000000000000e+00
-5.014600030042e-03 -1.292902932809e-02 2.773803737119e-03
-2.823523017497e-02 1.053505919591e-03 -1.008275271163e-02
-2.324294707416e-02 8.738870125532e-02 4.793777656134e-03
-2.853007869158e-02 6.464680673786e-02 -2.612467885070e-03
0.000000000000e+00 0.000000000000e+00 0.000000000000e+00
-1.732621300171e-03 -1.054555195160e-01 -2.600252732024e-02
3.473223684703e-02 3.411201172750e-02 5.481092911545e-03
4.203867422226e-02 -2.414868674676e-01 -4.103987123382e-03
3.801421557690e-02 -5.841447846042e-02 -2.329523814581e-02
-1.647340881471e-02 1.323670840918e-01 1.037216713438e-02
-1.225153342863e-02 -1.608769341135e-01 5.717090167995e-02
-2.866844576331e-04 4.037962932286e-01 4.299385289637e-02
5.036916959270e-03 -6.047713667955e-02 -2.042413784200e-02
-3.532193388025e-03 9.307458990904e-03 9.459476741566e-04
-1.030173164747e-02 -3.567092384555e-02 -4.632441804086e-03
-8.134859694838e-02 3.061852195827e-02 -7.645202343706e-02
9.596603964828e-04 -7.079540806739e-02 -3.983828872449e-02
2.322318333388e-03 -2.173108212053e-02 1.106195766713e-02
3.966916884146e-02 1.303848326258e-01 -7.762829680330e-02
-7.378378085603e-02 1.784416663705e-01 -2.268315201897e-02
-3.953271407714e-02 -7.741501146292e-01 6.948931239657e-02
Mode 20
-5.973012215059e-02 2.122733601946e-02 -9.039508470772e-03
3.871206163393e-02 -2.148045264436e-03 5.997301214373e-02
-1.399662758202e-01 1.769115272758e-02 -6.242166889941e-02
-1.092889786067e-01 -3.192127294040e-02 -9.400506097524e-02
-1.238851472980e-01 -9.766095892571e-02 -3.024578285754e-02
-4.469536855280e-03 6.696701050653e-03 2.313390229377e-02
-1.046889757984e-01 7.142889483382e-02 -3.658047743122e-02
3.369746160389e-02 -1.507707459253e-02 6.274681588085e-02
8.217523820287e-02 -8.132512892950e-03 -1.417077713478e-01
2.044251959766e-01 3.065125489652e-02 -1.725422841602e-01
3.255198414798e-02 -4.439090978748e-02 -7.595930131504e-02
3.312103500756e-02 4.565594753916e-02 3.087369940489e-01
-7.323647926547e-03 -5.765152671241e-02 2.227614545849e-01
2.250046715867e-02 3.157197563973e-03 -5.276135973592e-02
1.286495326699e-01 2.737095705679e-02 -3.584042627851e-04
9.666492862589e-02 1.798143121538e-02 7.831066150402e-02
-1.584448375225e-01 3.478985211398e-02 -8.823207836360e-02
-1.740113838581e-01 -9.702913225668e-02 -1.179210998138e-01
-2.058833238351e-03 3.849653381270e-02 2.478180342310e-01
2.130694211705e-01 8.085115361348e-02 -2.113398039211e-01
-2.696415372409e-01 -6.582147715203e-02 -2.534974842871e-01
-1.351671855156e-01 1.546969842593e-01 4.045969290799e-01
Mode 21
-8.546793418067e-03 -3.621570337188e-03 3.719751411275e-03
1.857599347815e-02 2.947962899337e-02 -9.267358885513e-03
7.336918363431e-03 -8.802052792435e-03 8.288153930010e-03
-2.278116280503e-02 -3.531730551637e-01 7.057742387786e-03
-6.458632842834e-02 5.884702878765e-01 -5.597005153479e-03
1.086911175146e-02 -1.810951178334e-02 7.342206255853e-03
-7.897909156759e-02 -3.412531781351e-01 -2.927713757143e-03
-1.089142868068e-02 9.151567779098e-02 1.030812784903e-02
1.808372822082e-02 2.032445590097e-01 -2.940455758210e-02
4.191637232819e-02 -1.133074388218e-02 -4.913890489135e-02
3.428460544815e-02 6.106460972852e-02 -4.995677399480e-02
2.841032998647e-02 -3.781896910999e-02 5.534057033965e-02
-3.629625163910e-03 -3.727086938887e-02 3.602371602386e-02
-1.941590516952e-02 1.448794144615e-02 -3.622454844578e-03
3.678202359304e-02 2.568064417597e-03 6.363001300350e-03
5.738548688797e-02 7.390991210871e-02 1.562788490852e-02
4.940607357389e-02 1.650790614262e-02 2.205740077156e-02
1.365315142081e-01 3.819463464310e-02 2.828984822387e-02
2.659247519497e-03 -2.880842899649e-02 -1.294720155917e-01
5.149233011938e-02 -5.020513655929e-01 -4.788492711920e-02
-3.041548287402e-02 -7.744941559539e-02 -9.152314693821e-02
-1.580604374589e-02 -7.816330911492e-02 7.576718345899e-02
Mode 22
3.122236038823e-02 -2.998669528924e-02 -1.122329351918e-02
-1.373649325961e-02 2.021486352512e-02 -3.876426247963e-02
1.730963573201e-01 2.101220830879e-02 1.224587203285e-01
2.953349051315e-02 6.490103209260e-02 2.116970216404e-01
-9.181215797046e-02 -3.474051820173e-02 1.047073256457e-01
-6.007294603682e-03 -5.602161705808e-03 -7.302416172587e-02
-1.174748551539e-01 2.780093679435e-02 1.335169139844e-01
-2.966228571060e-02 -3.112060796194e-02 8.973102343394e-02
6.407991030075e-02 -1.096199442245e-03 3.863370863158e-02
5.013528305249e-02 -7.584413171828e-03 -1.610246256635e-01
1.959428001572e-01 1.013947249400e-02 -3.195365552861e-01
1.192851444897e-01 -5.689208848516e-03 -2.717880068648e-02
-4.004168539368e-02 1.655225976268e-02 4.762995652129e-03
-1.928491916758e-01 5.530800133228e-04 1.445279808578e-02
-8.359324724616e-02 -3.099418749138e-02 -7.178395126463e-03
-6.842969845092e-02 -1.903493713497e-02 -6.822790879240e-02
5.658765586610e-02 1.743934364905e-01 -1.303256172539e-01
5.225800971826e-01 -3.644245176435e-02 8.989988730836e-02
1.753217174267e-02 -1.275687082386e-02 2.966983067036e-01
6.182198956609e-02 3.744670612950e-03 -1.231422715727e-01
1.512787950260e-01 -3.252269509901e-03 -3.545478090731e-01
4.236400372707e-02 -3.828334188321e-02 6.298962014999e-03
Mode 23
0.000000000000e+00 0.000000000000e+00 0.000000000000e+00
0.000000000000e+00 0.000000000000e+00 0.000000000000e+00
-1.207898680609e-02 5.685888653716e-03 4.665699085432e-03
2.725315873811e-04 9.812865189372e-03 1.018004927832e-02
1.754938229399e-03 3.204935350837e-02 8.352193215361e-03
0.000000000000e+00 0.000000000000e+00 0.000000000000e+00
4.099573492014e-03 -6.308789461980e-02 1.763816777611e-03
-1.429608724588e-03 1.711541720761e-01 2.050755923020e-03
6.149360238021e-03 -9.463184192970e-02 2.645725166417e-03
2.049786746007e-03 -3.154394730990e-02 8.819083888055e-04
8.622286205980e-04 -1.173737364472e-01 -4.760520374788e-03
-2.725315873811e-04 -9.812865189372e-03 -1.018004927832e-02
-1.482406642018e-03 -2.223648831899e-02 1.827856062962e-03
-8.546793418067e-03 -3.621570337188e-03 3.719751411275e-03
0.000000000000e+00 0.000000000000e+00 0.000000000000e+00
0.000000000000e+00 0.000000000000e+00 0.000000000000e+00
-2.702535512033e-02 1.347712904921e-02 -2.209065805291e-02
1.588371178150e-02 -5.180482455247e-03 4.568402518735e-03
3.922802924932e-04 -1.701497243849e-02 -4.254805317626e-02
-2.731304685088e-03 6.556834989346e-01 -1.310302253872e-02
4.532422688987e-04 5.165786803669e-01 -6.801585246381e-03
2.503029014906e-03 4.850347330570e-01 -5.919676857576e-03
Mode 24
-3.532193388025e-03 9.307458990904e-03 9.459476741566e-04
-3.532193388025e-03 9.307458990904e-03 9.459476741566e-04
3.149489197561e-02 -2.017383009987e-02 -1.043244240854e-03
1.738843535274e-02 -5.635016014389e-02 -1.490978764911e-02
-7.609449950812e-03 -1.010812396937e-03 -1.846820320833e-02
0.000000000000e+00 0.000000000000e+00 0.000000000000e+00
-2.378801024892e-02 6.776297087658e-02 -1.556632090051e-02
-1.035452956490e-02 -2.290615842406e-01 -4.855341664144e-03
-7.851500549990e-03 2.559731488164e-01 -1.077501852172e-02
-5.634778051462e-03 -1.525392540942e-01 -1.588605747070e-04
2.049786746007e-03 -3.154394730990e-02 8.819083888055e-04
4.939485183385e-03 -1.070554650593e-01 1.465363050770e-02
-1.429608724588e-03 1.711541720761e-01 2.050755923020e-03
7.064386776050e-03 -1.861491798181e-02 -1.891895348313e-03
0.000000000000e+00 0.000000000000e+00 0.000000000000e+00
5.287131617424e-03 2.274189451746e-02 7.406245541204e-03
6.872454696753e-02 -4.455836368330e-02 6.075762396584e-02
-6.519323601287e-03 3.824064836055e-02 2.225199390496e-02
-4.861817147773e-03 2.371167348915e-02 6.568195547002e-02
-1.431802623385e-02 4.876044575720e-01 1.169987524330e-02
-7.473373127749e-03 6.525673347958e-01 -1.491695232802e-04
9.455075262308e-04 3.428137503506e-01 1.333561345021e-02
Mode 25
-2.987130213263e-03 2.893318936965e-02 2.130604623080e-02
-2.322318333388e-03 2.173108212053e-02 -1.106195766713e-02
3.086798108130e-01 -8.027862144111e-02 3.964993487962e-02
1.398332566782e-01 7.559026440513e-02 -1.158998371609e-01
-7.147217977057e-02 1.983587779721e-02 -1.449077826442e-01
-1.042148035258e-02 -8.843086217689e-03 4.809566065049e-02
-1.401190587025e-01 -1.894955008966e-02 -1.253298206323e-01
-8.174087724088e-02 4.763349439676e-02 -3.390397026080e-02
-8.320096695367e-02 -4.800915992987e-02 -4.972644830272e-02
-8.984003926007e-02 1.705932605855e-02 2.525364805682e-02
-9.373434672554e-04 -2.610757940251e-03 2.218795461961e-02
4.118716284959e-02 1.276157543227e-02 1.339431215438e-01
-3.084561989147e-03 -1.764513901012e-02 5.638381458050e-02
6.121252879260e-02 1.009152299537e-03 7.211652407810e-03
-6.296746702200e-02 -3.305850580790e-02 -1.556384562317e-02
-9.297995235560e-02 9.351812610958e-03 -1.634845744528e-02
4.797066176469e-01 -1.576445857724e-01 2.766401011467e-01
9.299066960353e-02 1.275228938418e-01 1.496350457376e-01
-3.277754785331e-03 3.302549718587e-02 5.085258821920e-01
-8.906452516742e-02 -1.001803231564e-02 1.888574843241e-01
-4.327903026510e-02 -3.773358206468e-02 -1.761341500269e-03
-1.130347271345e-02 -2.139146972047e-02 1.682695353527e-01
Mode 26
2.334037885004e-02 -4.081037287555e-02 -3.987154600583e-02
-1.449873691537e-02 -1.916135760553e-02 2.868150976800e-02
-9.813661801998e-02 9.665678691837e-02 5.680378285130e-02
-2.398287380069e-02 -2.539368588297e-02 5.458921579889e-02
3.010991710948e-02 4.168009960910e-03 -3.429315652759e-02
3.804724975406e-03 5.054061984685e-04 9.234101604167e-03
2.166239314878e-01 -1.862471385058e-03 -2.299360857002e-01
7.489367094582e-02 -9.268085663050e-03 -5.201000519516e-02
-8.371299595127e-02 -4.166349863510e-03 4.554970732812e-02
-3.021051361053e-01 3.210034751802e-02 3.608399129802e-02
1.078156184571e-01 2.732198118613e-03 -1.528670255816e-01
1.096391782297e-01 -4.160965344040e-02 1.845206962313e-01
-1.057092172368e-03 2.421707968761e-02 7.491605707419e-02
-4.532881701111e-02 -6.189634754784e-03 -2.643249889075e-03
5.014600030042e-03 1.292902932809e-02 -2.773803737119e-03
1.799572087853e-03 -1.147629785069e-01 -2.694847499440e-02
-1.176104274848e-01 3.244106398846e-01 -1.425676122984e-01
6.693657456097e-02 -1.400762576368e-01 -6.323082343700e-02
6.007294603682e-03 5.602161705808e-03 7.302416172587e-02
-3.114760175889e-01 -1.973355178421e-01 3.557265577166e-01
1.983535037742e-01 4.193930525605e-02 -9.485242334885e-02
-1.025400865209e-01 2.302905688592e-01 3.112101935200e-01
Mode 27
0.000000000000e+00 0.000000000000e+00 0.000000000000e+00
0.000000000000e+00 0.000000000000e+00 0.000000000000e+00
8.546793418067e-03 3.621570337188e-03 -3.719751411275e-03
1.482406642018e-03 2.223648831899e-02 -1.827856062962e-03
3.532193388025e-03 -9.307458990904e-03 -9.459476741566e-04
0.000000000000e+00 0.000000000000e+00 0.000000000000e+00
-1.682105524875e-02 2.569724514997e-03 1.761955210087e-02
-8.546793418067e-03 -3.621570337188e-03 3.719751411275e-03
1.777255158626e-03 -4.135681249927e-02 -9.298140889518e-03
3.184253840965e-02 1.096235294769e-01 -8.290629207352e-03
-9.756668472704e-03 -1.604519346681e-02 1.572765675256e-02
-1.176182136026e-02 -1.313135781722e-01 -2.045491984600e-02
4.447219926053e-03 6.670946495698e-02 -5.483568188886e-03
3.532193388025e-03 -9.307458990904e-03 -9.459476741566e-04
0.000000000000e+00 0.000000000000e+00 0.000000000000e+00
-8.819325005448e-03 -1.343443552656e-02 -6.460297867048e-03
1.235151839347e-02 4.126976535656e-03 5.514350192891e-03
3.532193388025e-03 -9.307458990904e-03 -9.459476741566e-04
0.000000000000e+00 0.000000000000e+00 0.000000000000e+00
3.432362843659e-02 -6.292790006547e-01 -2.301799005183e-02
-2.297041548677e-02 9.720156644469e-02 1.497382693446e-02
1.147258371367e-02 7.384381573584e-01 -3.431424748017e-02
Mode 28
5.522755111815e-02 -7.799917541391e-02 -8.346284342294e-02
-4.107646063682e-02 -3.263682655734e-02 6.202871862144e-02
1.290729881616e-02 1.606274133671e-01 1.591610370419e-01
1.654852366137e-02 -1.238258970437e-02 -2.779960137920e-02
1.340861056584e-02 -2.009010315196e-02 -6.940170688130e-02
1.521889990162e-02 2.021624793874e-03 3.693640641667e-02
-8.537050240479e-02 1.036262500789e-02 2.119745763055e-03
-5.768033540458e-02 -1.031661129044e-02 -8.157600081966e-03
-1.400902484699e-02 1.040199833575e-02 -4.894431175795e-02
4.858847881175e-02 -1.293068942549e-02 -8.482747063405e-03
-2.630519213408e-02 -3.662603762442e-03 4.352725813176e-02
-1.207898680609e-02 5.685888653716e-03 4.665699085432e-03
-7.609449950812e-03 -1.010812396937e-03 -1.846820320833e-02
3.678202359304e-02 2.568064417597e-03 6.363001300350e-03
-1.588371178150e-02 5.180482455247e-03 -4.568402518735e-03
-7.497950304041e-02 -2.475911151771e-01 -6.384914885237e-02
1.361869254551e-01 6.552568393918e-01 -1.244652391849e-01
2.199414975838e-01 -2.342487070854e-01 -4.531314234750e-02
-1.191782069949e-03 -2.632879613522e-02 -4.853919798983e-01
5.276316715042e-02 4.396591034212e-02 -2.414636453061e-02
-8.277565248402e-02 -1.555591923260e-03 2.336175270851e-02
3.448202218888e-02 -4.910701946951e-02 -2.234929047166e-02
Mode 29
2.008071704940e-02 -2.169004869527e-02 -2.874554905335e-02
-2.304553033343e-02 -2.278292794272e-02 3.240126117928e-02
-3.299961554686e-02 7.134350778851e-02 2.052143440870e-02
2.482278549206e-02 -1.857388455655e-02 -4.169940206880e-02
2.144337498630e-02 2.737427725159e-02 2.215469733826e-02
-3.231248673776e-02 -9.264765468249e-03 -2.949690359412e-02
6.287003524612e-02 -1.351982257187e-02 5.064161397287e-02
-1.682105524875e-02 2.569724514997e-03 1.761955210087e-02
-1.521889990162e-02 -2.021624793874e-03 -3.693640641667e-02
2.443050519957e-02 -1.558912118060e-03 8.486511074592e-04
-1.301633027335e-02 3.075130713465e-03 2.685365370504e-02
-1.141417492622e-02 -1.516218595406e-03 -2.770230481250e-02
-3.804724975406e-03 -5.054061984685e-04 -9.234101604167e-03
1.235151839347e-02 4.126976535656e-03 5.514350192891e-03
0.000000000000e+00 0.000000000000e+00 0.000000000000e+00
-2.710046996699e-02 -1.065073653382e-01 -4.663223808090e-03
6.247520176467e-02 2.068234358242e-01 -4.573353073418e-03
-5.523826836608e-02 -5.887553103883e-02 -4.982374486942e-02
1.391748777123e-02 2.734597323797e-02 9.457581621545e-01
2.470303678695e-02 8.253953071312e-03 1.102870038578e-02
-9.211605297942e-03 3.580536911934e-03 3.608775530921e-02
2.956485393472e-02 -1.545772041783e-02 -5.465325508424e-02
Mode 30
0.000000000000e+00 0.000000000000e+00 0.000000000000e+00
0.000000000000e+00 0.000000000000e+00 0.000000000000e+00
0.000000000000e+00 0.000000000000e+00 0.000000000000e+00
0.000000000000e+00 0.000000000000e+00 0.000000000000e+00
0.000000000000e+00 0.000000000000e+00 0.000000000000e+00
0.000000000000e+00 0.000000000000e+00 0.000000000000e+00
0.000000000000e+00 0.000000000000e+00 0.000000000000e+00
-1.482406642018e-03 -2.223648831899e-02 1.827856062962e-03
0.000000000000e+00 0.000000000000e+00 0.000000000000e+00
9.150265380281e-04 7.601692394789e-02 -4.537620514730e-03
-4.152371409444e-03 -1.303027657752e-01 -1.986716637669e-03
9.150265380281e-04 7.601692394789e-02 -4.537620514730e-03
0.000000000000e+00 0.000000000000e+00 0.000000000000e+00
0.000000000000e+00 0.000000000000e+00 0.000000000000e+00
0.000000000000e+00 0.000000000000e+00 0.000000000000e+00
0.000000000000e+00 0.000000000000e+00 0.000000000000e+00
0.000000000000e+00 0.000000000000e+00 0.000000000000e+00
0.000000000000e+00 0.000000000000e+00 0.000000000000e+00
0.000000000000e+00 0.000000000000e+00 0.000000000000e+00
5.476384299172e-03 -4.276327270909e-01 -5.098390054673e-04
-4.803408360322e-03 7.606336122521e-01 3.665403177351e-03
3.993977657154e-03 -4.498692154099e-01 1.318017057495e-03
Mode 31
2.509531707944e-02 -8.761019367181e-03 -3.151935279047e-02
-3.764169902468e-02 -8.852261392802e-02 9.616053929698e-02
-3.851719808216e-02 9.530470202398e-02 -1.301285488431e-01
1.018636749598e-01 -1.280758914973e-02 -1.279052672249e-01
-6.314256683350e-02 3.706957382496e-03 -6.082166325119e-02
-4.742068442661e-03 -3.116164138719e-03 1.295385301544e-02
-1.484577181319e-01 4.131956827856e-03 3.928400259446e-02
1.687465691700e-01 8.810717315746e-04 9.286452016769e-02
1.836929374842e-01 -6.910168663923e-03 1.196208773060e-01
-1.164177629815e-01 3.583857106734e-03 5.860085691025e-02
3.391464208489e-02 4.673416159379e-03 -2.505905492342e-02
7.281567257046e-03 1.135572770099e-03 -8.969776615259e-02
8.690826015319e-02 1.936237748566e-03 9.403831825658e-02
-1.262297825606e-01 -2.523710797542e-03 -2.365740641979e-02
1.209875054637e-03 1.242362312962e-02 -1.200790534129e-02
-4.876102543429e-02 -1.536321333417e-01 6.098794965793e-02
2.812728926481e-01 8.708818649934e-02 1.933939182953e-01
-5.015843535951e-01 9.076932701696e-02 -1.231830568764e-01
-1.307168137973e-02 1.301275627600e-02 -7.113226637756e-02
-1.205503706507e-01 3.203211281428e-03 -5.879921405484e-02
4.786692892148e-01 -3.505386134806e-03 2.361428038935e-01
-1.636766180335e-01 2.110332033982e-03 2.347596177796e-03
Mode 32
0.000000000000e+00 0.000000000000e+00 0.000000000000e+00
-3.804724975406e-03 -5.054061984685e-04 -9.234101604167e-03
-1.235151839347e-02 -4.126976535656e-03 -5.514350192891e-03
8.546793418067e-03 3.621570337188e-03 -3.719751411275e-03
0.000000000000e+00 0.000000000000e+00 0.000000000000e+00
0.000000000000e+00 0.000000000000e+00 0.000000000000e+00
-1.301633027335e-02 3.075130713465e-03 2.685365370504e-02
8.546793418067e-03 3.621570337188e-03 -3.719751411275e-03
2.823523017497e-02 -1.053505919591e-03 1.008275271163e-02
-1.198855587708e-01 -3.998895967694e-03 -9.116721795277e-02
-5.994730263158e-02 1.476845267551e-03 7.876636233351e-02
1.452534074376e-01 5.050741789885e-03 6.982791444062e-02
-2.867381508150e-03 2.105351741782e-03 -3.142205622378e-02
-8.546793418067e-03 -3.621570337188e-03 3.719751411275e-03
0.000000000000e+00 0.000000000000e+00 0.000000000000e+00
1.207898680609e-02 -5.685888653716e-03 -4.665699085432e-03
-4.058674856844e-02 -3.073470616065e-03 -1.559710290452e-02
-1.207898680609e-02 5.685888653716e-03 4.665699085432e-03
-4.742068442661e-03 -3.116164138719e-03 1.295385301544e-02
-1.177202472642e-01 -2.869687903414e-03 -6.227629631532e-01
-1.005340512000e-01 -1.596625348514e-03 6.316925942899e-02
6.873005369516e-01 3.683716018895e-03 -2.184133744585e-01
Mode 33
1.482406642018e-03 2.223648831899e-02 -1.827856062962e-03
-5.740525062824e-02 -2.038320320586e-01 9.978546941890e-02
9.961647147304e-02 1.289079873582e-01 -1.563946591368e-01
-3.959405399480e-02 -1.040033823835e-02 6.020086255848e-02
-7.864304481485e-02 -1.174946097953e-03 1.407618236736e-01
4.742068442661e-03 3.116164138719e-03 -1.295385301544e-02
5.834514728445e-02 3.114504041319e-03 -2.421040381597e-02
-1.902362487703e-02 -2.527030992343e-03 -4.617050802083e-02
-5.360307884179e-02 1.660097400043e-06 1.125655080052e-02
3.771936706029e-02 5.178822357847e-03 -1.582495331926e-02
-7.609449950812e-03 -1.010812396937e-03 -1.846820320833e-02
6.672106483556e-03 -1.599945543314e-03 4.065615782794e-02
-3.964940510119e-02 -4.627126758144e-04 -3.778505752413e-02
3.678202359304e-02 2.568064417597e-03 6.363001300350e-03
5.014600030042e-03 1.292902932809e-02 -2.773803737119e-03
-1.400388374779e-01 -3.056216276174e-01 5.276878556795e-02
3.784300865313e-01 -6.869531230159e-02 2.918417784959e-01
-1.109499206826e-01 5.330915668017e-01 4.902546792675e-02
-1.593108854786e-03 -2.361237193926e-03 -1.941439841022e-01
3.871206163393e-02 -2.148045264436e-03 5.997301214373e-02
-3.083205646977e-01 -2.048914424896e-04 -1.978342422434e-01
1.195576760771e-01 4.123656340856e-03 -1.699875140816e-02
Mode 34
-5.278548407965e-02 2.944025566552e-02 4.179669863549e-02
4.503035930867e-01 -1.124987490401e-01 1.455015653441e-01
-1.089142868068e-02 9.151567779098e-02 1.030812784903e-02
2.173822350291e-02 -3.621902356668e-02 1.468441251171e-02
2.156312369141e-02 5.464396237226e-04 -3.057340511632e-02
0.000000000000e+00 0.000000000000e+00 0.000000000000e+00
-1.588371178150e-02 5.180482455247e-03 -4.568402518735e-03
-1.235151839347e-02 -4.126976535656e-03 -5.514350192891e-03
0.000000000000e+00 0.000000000000e+00 0.000000000000e+00
3.804724975406e-03 5.054061984685e-04 9.234101604167e-03
-3.804724975406e-03 -5.054061984685e-04 -9.234101604167e-03
0.000000000000e+00 0.000000000000e+00 0.000000000000e+00
-3.804724975406e-03 -5.054061984685e-04 -9.234101604167e-03
0.000000000000e+00 0.000000000000e+00 0.000000000000e+00
-2.469552530228e-01 3.744496367428e-02 -1.277144381026e-01
6.928313899238e-01 -8.673105772142e-02 1.632862173082e-01
-2.874420166264e-01 -1.223784645196e-01 -8.062628913432e-02
-9.106063156263e-02 -1.322390035238e-01 -9.602503489425e-02
-6.648118798743e-04 7.202107249121e-03 3.236800389793e-02
9.266956404326e-03 -1.351816247447e-02 6.189816477339e-02
-8.023615366963e-02 -3.536183291879e-03 -5.338216042864e-02
2.062578022416e-02 -2.064318316528e-03 -8.385450496707e-03
Mode 35
6.145202620283e-02 -5.264652295619e-02 -9.824455250135e-02
-4.096831161301e-02 1.508162082752e-01 1.602375385641e-01
2.231692922735e-05 -7.340616600764e-02 -1.765033410488e-02
3.804724975406e-03 5.054061984685e-04 9.234101604167e-03
-2.156312369141e-02 -5.464396237226e-04 3.057340511632e-02
0.000000000000e+00 0.000000000000e+00 0.000000000000e+00
3.804724975406e-03 5.054061984685e-04 9.234101604167e-03
2.917257364223e-02 1.557252020660e-03 -1.210520190798e-02
1.141417492622e-02 1.516218595406e-03 2.770230481250e-02
7.609449950812e-03 1.010812396937e-03 1.846820320833e-02
-3.964940510119e-02 -4.627126758144e-04 -3.778505752413e-02
1.588371178150e-02 -5.180482455247e-03 4.568402518735e-03
-3.804724975406e-03 -5.054061984685e-04 -9.234101604167e-03
0.000000000000e+00 0.000000000000e+00 0.000000000000e+00
-3.231248673776e-02 -9.264765468249e-03 -2.949690359412e-02
3.853607938907e-02 3.817729968391e-01 2.989387052053e-01
1.139559322028e-01 -8.494705730829e-02 9.847864220462e-02
-2.883570431644e-01 -1.983953884675e-01 -7.608866861959e-02
-3.139913095532e-03 -7.707513447590e-03 -4.160210550210e-02
2.913686122191e-03 -5.090390801520e-03 3.781079189262e-01
-4.488319036927e-01 -2.139469093655e-03 -2.806160096994e-01
2.876484798595e-01 5.254248818755e-03 -1.404661699623e-01
Mode 36
-3.309704732274e-02 2.476517940874e-02 5.559920275839e-02
8.513759240910e-03 -5.984697010792e-02 -1.193560055988e-01
-4.710607216973e-02 3.516717774449e-02 6.654891000443e-03
5.360307884179e-02 -1.660097400043e-06 -1.125655080052e-02
1.395367374060e-02 -4.643727732144e-04 -4.904160832465e-02
0.000000000000e+00 0.000000000000e+00 0.000000000000e+00
-4.599362889098e-02 1.012472494337e-03 2.972475400886e-02
4.886101039913e-02 -3.117824236119e-03 1.697302214918e-03
4.058674856844e-02 3.073470616065e-03 1.559710290452e-02
-1.395367374060e-02 4.643727732144e-04 4.904160832465e-02
-5.200092349466e-02 -4.589689211471e-03 -4.329940771702e-02
1.682105524875e-02 -2.569724514997e-03 -1.761955210087e-02
7.609449950812e-03 1.010812396937e-03 1.846820320833e-02
-1.235151839347e-02 -4.126976535656e-03 -5.514350192891e-03
3.203995515038e-02 -5.480997211226e-04 1.931685431579e-02
-2.580388038440e-02 -1.843801202815e-01 -1.850354857914e-01
-1.078288888940e-01 6.372138138623e-02 -7.818258293332e-02
8.658037745942e-02 2.060998121728e-03 -1.412765110434e-02
-5.406880322536e-03 4.085943110402e-03 4.532185691337e-02
-1.611898524718e-02 -6.648352910656e-04 5.806373535251e-01
-5.091070890180e-01 -5.378634529415e-04 -3.100156167268e-01
3.552052324419e-01 4.788215948141e-03 -2.007643290875e-01
Mode 37
2.156312369141e-02 5.464396237226e-04 -3.057340511632e-02
-7.879582769712e-02 -3.781564891519e-02 7.785367194070e-02
-6.425501011225e-02 3.786166263265e-02 -8.389152625961e-02
1.053868218555e-01 -1.516246163784e-02 1.198487277208e-01
1.670981092088e-01 8.457460100183e-03 -1.992653840172e-01
-4.742068442661e-03 -3.116164138719e-03 1.295385301544e-02
-7.356404718608e-02 -5.136128835193e-03 -1.272600260070e-02
-1.506602877602e-01 -9.647986794828e-04 -2.450605752724e-02
3.997728779495e-02 3.379523026521e-04 1.459510268850e-01
3.490733665853e-02 -2.653451462905e-03 5.073891053957e-02
1.014894876520e-02 -9.697789716829e-04 -5.827570992882e-02
2.729788670772e-02 -3.664263859842e-03 3.227070733123e-02
-3.424252477865e-02 -4.548655786217e-03 -8.310691443750e-02
2.823523017497e-02 -1.053505919591e-03 1.008275271163e-02
2.089831181154e-02 7.748546872844e-03 1.794598781616e-03
-1.363456971487e-01 6.191460861924e-02 1.502545576965e-01
-4.347980087275e-01 -2.892759193946e-01 -1.515590118238e-01
-1.706310584793e-02 2.595536857283e-01 2.531273678749e-02
1.013990227285e-02 5.982807531114e-03 1.904242326910e-01
5.301171105299e-02 -1.664235141641e-02 -3.783025120596e-01
-2.388337740744e-01 -5.387033995137e-03 -2.045223905251e-01
-2.733669234251e-01 -5.843381965132e-03 1.995905309986e-01
Mode 38
2.156312369141e-02 5.464396237226e-04 -3.057340511632e-02
-3.848161071605e-02 -4.455504348850e-02 8.327072556689e-02
1.709358683613e-02 7.243140674375e-03 -7.439502822551e-03
-4.125156044832e-02 4.128636633056e-03 1.677090099341e-02
3.077472898936e-02 -3.034097288211e-03 -6.666116042552e-02
3.804724975406e-03 5.054061984685e-04 9.234101604167e-03
-3.804724975406e-03 -5.054061984685e-04 -9.234101604167e-03
4.725885505200e-02 1.473525072751e-03 5.625326073246e-02
-1.240686949986e-02 5.810649026878e-03 -1.035002702755e-01
-1.141417492622e-02 -1.516218595406e-03 -2.770230481250e-02
-1.682105524875e-02 2.569724514997e-03 1.761955210087e-02
-3.110261168312e-02 3.158857661373e-03 -4.150480893540e-02
1.334421296711e-02 -3.199891086627e-03 8.131231565588e-02
-1.235151839347e-02 -4.126976535656e-03 -5.514350192891e-03
-7.336918363431e-03 8.802052792435e-03 -8.288153930010e-03
-4.758506699018e-02 1.424785282559e-01 2.175673008188e-01
-3.224244681316e-01 -2.397095074441e-01 -1.139377654291e-01
5.136268706018e-01 3.905601087549e-01 1.893415940706e-01
2.867381508150e-03 -2.105351741782e-03 3.142205622378e-02
-1.357043994045e-02 -9.598013162482e-03 2.551934977682e-01
2.236148741728e-01 3.365409201263e-03 1.675859841085e-01
2.610154050316e-01 1.716405429476e-03 -2.051048811915e-01
Mode 39
4.742068442661e-03 3.116164138719e-03 -1.295385301544e-02
-1.477126850275e-02 -2.897422279490e-02 1.850146048968e-02
-2.564038025420e-02 -1.086471101156e-02 1.115925423383e-02
2.183565527880e-02 1.035930481309e-02 -2.039335583799e-02
6.672106483556e-03 -1.599945543314e-03 4.065615782794e-02
-3.804724975406e-03 -5.054061984685e-04 -9.234101604167e-03
-9.326153043532e-02 6.491533924382e-03 2.221714358962e-01
2.016775631735e-01 5.928769010440e-03 -2.566924428385e-01
3.551679743202e-02 8.206685050817e-05 -7.961501344097e-02
-8.851041550032e-02 2.655111560305e-03 -3.948235973904e-02
1.808628140977e-02 -8.372694790821e-05 6.835846264044e-02
3.617256281955e-02 -1.674538958164e-04 1.367169252809e-01
-3.457040747242e-02 -4.423895413054e-03 -1.912728837984e-01
3.804724975406e-03 5.054061984685e-04 9.234101604167e-03
0.000000000000e+00 0.000000000000e+00 0.000000000000e+00
5.361379608972e-02 1.368730463553e-01 1.220300374918e-01
-1.370765773828e-01 -5.782036502184e-02 -4.864994678052e-02
3.292386402495e-01 1.378755582653e-01 8.421548669755e-02
6.399574896175e-03 -1.141281073269e-02 3.047610854962e-02
-1.147693030204e-01 -3.992531261875e-03 3.507307610951e-01
1.334421296711e-02 -3.199891086627e-03 8.131231565588e-02
-4.776393365194e-01 1.460659555820e-04 4.350409668917e-01
Mode 40
0.000000000000e+00 0.000000000000e+00 0.000000000000e+00
-1.209875054637e-03 -1.242362312962e-02 1.200790534129e-02
2.702535512033e-02 -1.347712904921e-02 2.209065805291e-02
-7.141682866418e-02 9.898252234680e-03 -4.692186256159e-02
8.546793418067e-03 3.621570337188e-03 -3.719751411275e-03
0.000000000000e+00 0.000000000000e+00 0.000000000000e+00
3.391464208489e-02 4.673416159379e-03 -2.505905492342e-02
1.930038040895e-03 -4.716109682033e-03 5.361001084338e-02
-6.027518532535e-02 1.601605640714e-03 -2.939960702742e-02
6.672106483556e-03 -1.599945543314e-03 4.065615782794e-02
-5.994730263158e-02 1.476845267551e-03 7.876636233351e-02
1.373160747931e-01 4.164689766110e-03 -5.680625812864e-02
2.756248441598e-01 1.002511909937e-03 -3.781455079429e-02
-1.392461128340e-01 5.514199159227e-04 3.196247285255e-03
0.000000000000e+00 0.000000000000e+00 0.000000000000e+00
3.285754991252e-02 2.889049584699e-02 4.985700215076e-02
-2.594849920769e-03 1.191821693115e-02 -2.124200694545e-02
2.303067443966e-01 1.316875836079e-01 9.282878760900e-02
3.804724975406e-03 5.054061984685e-04 9.234101604167e-03
1.142322141856e-02 -5.436367907391e-03 -2.209976378073e-01
-5.896801718737e-01 3.003300131138e-03 -2.228638038966e-01
-4.808346007213e-01 2.376178070527e-03 2.954529413070e-01
Mode 41
2.725315873811e-04 9.812865189372e-03 1.018004927832e-02
-4.382409343986e-02 -5.735931244343e-02 -2.212144005692e-02
-8.302586714217e-02 -8.477462312027e-02 -4.468630674696e-03
1.477126850275e-02 2.897422279490e-02 -1.850146048968e-02
-3.804724975406e-03 -5.054061984685e-04 -9.234101604167e-03
0.000000000000e+00 0.000000000000e+00 0.000000000000e+00
8.546793418067e-03 3.621570337188e-03 -3.719751411275e-03
-3.297729861763e-02 -2.062658219128e-03 2.871100303816e-03
2.729788670772e-02 -3.664263859842e-03 3.227070733123e-02
2.867381508150e-03 -2.105351741782e-03 3.142205622378e-02
9.373434672554e-04 2.610757940251e-03 -2.218795461961e-02
8.546793418067e-03 3.621570337188e-03 -3.719751411275e-03
-2.917257364223e-02 -1.557252020660e-03 1.210520190798e-02
1.235151839347e-02 4.126976535656e-03 5.514350192891e-03
-2.322318333388e-03 2.173108212053e-02 -1.106195766713e-02
6.366416252202e-01 2.653918117175e-01 1.888243292331e-01
3.944061237108e-01 3.793591055381e-01 6.580637221988e-02
2.837677576040e-01 2.319199271460e-01 1.519506733679e-01
0.000000000000e+00 0.000000000000e+00 0.000000000000e+00
2.539498814385e-03 -1.980591368620e-03 -7.674391313715e-02
-2.867381508150e-03 2.105351741782e-03 -3.142205622378e-02
4.742068442661e-03 3.116164138719e-03 -1.295385301544e-02
Mode 42
-9.373434672554e-04 -2.610757940251e-03 2.218795461961e-02
-4.263653531445e-02 2.847047669383e-02 -1.647901129332e-02
1.721333554125e-02 -1.958469695349e-02 -6.016760527713e-02
-6.055676340507e-02 -1.258673045862e-03 2.091202863140e-01
1.757002537332e-01 2.141404874836e-03 -1.049992153458e-01
-8.546793418067e-03 -3.621570337188e-03 3.719751411275e-03
-9.325248394298e-02 -4.610525784143e-04 -2.652850672360e-02
1.290971640688e-01 4.183590557602e-04 5.507946264356e-02
-1.376439574868e-01 -4.039929392948e-03 -5.135971123229e-02
1.268844757958e-02 -2.950370340303e-03 -1.350196230660e-01
4.632151158474e-02 -1.137232867499e-03 7.844121535207e-02
-8.371299595127e-02 -4.166349863510e-03 4.554970732812e-02
9.198725778196e-02 -2.024944988674e-03 -5.944950801771e-02
-3.678202359304e-02 -2.568064417597e-03 -6.363001300350e-03
4.742068442661e-03 3.116164138719e-03 -1.295385301544e-02
4.822221287764e-01 -2.300463040889e-01 -1.644400087977e-01
3.965558954217e-01 1.910652006504e-01 1.293735324815e-01
-4.514134831765e-01 -5.667483166734e-02 -7.080840812997e-02
6.004142811464e-04 9.688104816210e-03 1.183460186392e-01
6.335177297447e-03 5.477401332645e-03 1.811901310868e-01
2.663307482784e-02 3.537843389280e-03 6.463871122917e-02
1.249645563996e-01 3.771323045400e-05 -6.232060832153e-02
Mode 43
1.209875054637e-03 1.242362312962e-02 -1.200790534129e-02
4.145972217206e-04 -9.042113844613e-02 -6.019838728113e-02
-1.242023127438e-01 3.933850790020e-02 -5.125163926101e-03
2.429754282359e-01 -1.184906682354e-03 7.322251887046e-02
-4.566574619721e-02 8.877121211748e-04 1.378907233698e-01
4.742068442661e-03 3.116164138719e-03 -1.295385301544e-02
-3.710990628680e-02 -2.443304044434e-03 -1.145289706613e-01
-8.911987627381e-02 -8.040675310812e-05 9.087156424149e-02
-4.251678660934e-02 1.642639065968e-03 -6.920711374790e-02
8.883722604176e-03 -3.455776538771e-03 -1.442537246701e-01
-2.316527903854e-02 4.044909685148e-03 8.512936363386e-02
7.609449950812e-03 1.010812396937e-03 1.846820320833e-02
7.229882102506e-02 2.650131268105e-03 -7.325201214061e-02
-2.062578022416e-02 2.064318316528e-03 8.385450496707e-03
8.819325005448e-03 1.343443552656e-02 6.460297867048e-03
-1.967217498722e-01 5.674217507509e-01 3.423932094858e-01
-5.011296612327e-02 -6.582175283581e-02 1.433742915587e-01
2.446442181009e-02 -2.852459505861e-01 -1.677386053947e-01
-5.734763016301e-03 4.210703483564e-03 -6.284411244755e-02
7.655754564852e-03 -1.974226662801e-03 3.651540659107e-01
1.002524731203e-01 -1.263653338062e-03 1.753506339125e-01
-7.229882102506e-02 -2.650131268105e-03 7.325201214061e-02
Mode 44
-7.336918363431e-03 8.802052792435e-03 -8.288153930010e-03
1.122430746429e-01 -6.048045687435e-02 -4.293723944304e-02
-3.065498028424e-02 -2.379374033965e-02 1.393305797094e-02
-5.266573537454e-02 2.612418037651e-03 -1.093140381908e-02
4.693097235824e-02 1.598285445914e-03 -5.191270862847e-02
0.000000000000e+00 0.000000000000e+00 0.000000000000e+00
-2.062578022416e-02 2.064318316528e-03 8.385450496707e-03
7.356404718608e-02 5.136128835193e-03 1.272600260070e-02
-5.073569733364e-02 -2.103691644382e-03 4.267860702430e-02
-4.742068442661e-03 -3.116164138719e-03 1.295385301544e-02
7.329151559870e-02 -4.676736354179e-03 2.545953322378e-03
-6.214987225986e-02 -3.619910239788e-03 1.497630221180e-02
-1.615624336888e-02 -4.632382734125e-03 -1.474845179706e-02
8.546793418067e-03 3.621570337188e-03 -3.719751411275e-03
-4.742068442661e-03 -3.116164138719e-03 1.295385301544e-02
-6.896370081552e-01 4.316565245196e-01 2.605253189661e-01
2.581694580193e-01 2.775711700767e-01 3.004623916946e-02
3.108029475389e-02 7.024730834626e-02 5.915514304028e-02
3.139913095532e-03 7.707513447590e-03 4.160210550210e-02
-2.530452322041e-03 -4.971995134177e-03 -1.719560294826e-01
-1.227529402790e-01 -1.893544225912e-03 -1.225892741765e-01
7.229882102506e-02 2.650131268105e-03 -7.325201214061e-02
Mode 45
3.532193388025e-03 -9.307458990904e-03 -9.459476741566e-04
-6.540953406050e-02 1.550041394049e-02 2.610229916428e-02
1.549143148900e-02 1.183448998325e-02 4.711645569499e-02
7.456578825206e-02 -9.143325289887e-03 -1.601759745561e-01
-3.171207245661e-02 4.233393479603e-04 8.884911504513e-02
0.000000000000e+00 0.000000000000e+00 0.000000000000e+00
-2.282834985244e-02 -3.032437190811e-03 -5.540460962500e-02
1.142061468609e-01 -1.728026111276e-03 1.263090255878e-01
-1.021362065472e-01 2.994723960357e-03 1.177252179465e-01
-1.902362487703e-02 -2.527030992343e-03 -4.617050802083e-02
2.147401980609e-01 -1.314007627625e-04 6.313976615883e-02
-1.608092365254e-01 4.980292200126e-06 3.376965240157e-02
-2.950045633599e-02 -1.432491647497e-03 -9.606076745294e-02
1.207898680609e-02 -5.685888653716e-03 -4.665699085432e-03
4.742068442661e-03 3.116164138719e-03 -1.295385301544e-02
3.615850435978e-01 -1.365467147345e-01 -5.487486621045e-02
-4.566139002660e-01 -1.697131042578e-01 -2.465790103132e-01
1.802358589428e-01 1.223817847144e-01 1.031393907354e-01
-2.867381508150e-03 2.105351741782e-03 -3.142205622378e-02
-2.442145870722e-02 -5.393674384737e-03 -2.495485937272e-01
-3.584468012578e-01 4.269352265413e-04 -2.855095591996e-01
8.625249476566e-02 2.185758494890e-03 -1.222936204653e-01
Mode 46
-8.819325005448e-03 -1.343443552656e-02 -6.460297867048e-03
9.051556838787e-02 1.126132731451e-01 7.566493633761e-02
-1.035318986612e-01 -1.095381424316e-01 -4.881128263257e-02
5.768033540458e-02 1.031661129044e-02 8.157600081966e-03
-5.406880322536e-03 4.085943110402e-03 4.532185691337e-02
0.000000000000e+00 0.000000000000e+00 0.000000000000e+00
-1.521889990162e-02 -2.021624793874e-03 -3.693640641667e-02
-4.218890391557e-02 1.517878692806e-03 3.895885561302e-02
2.443050519957e-02 -1.558912118060e-03 8.486511074592e-04
1.874686934511e-03 5.221515880501e-03 -4.437590923922e-02
-1.301633027335e-02 3.075130713465e-03 2.685365370504e-02
3.804724975406e-03 5.054061984685e-04 9.234101604167e-03
9.211605297942e-03 -3.580536911934e-03 -3.608775530921e-02
0.000000000000e+00 0.000000000000e+00 0.000000000000e+00
-8.819325005448e-03 -1.343443552656e-02 -6.460297867048e-03
-3.270351881878e-01 -4.799343816711e-01 -3.046489372654e-01
1.282967798579e-01 3.042301693952e-01 -1.886370597414e-01
1.334658335258e-01 4.976271944960e-01 2.534838191665e-01
-3.804724975406e-03 -5.054061984685e-04 -9.234101604167e-03
-1.274272653364e-03 4.466588935708e-03 1.627219278785e-01
3.490733665853e-02 -2.653451462905e-03 5.073891053957e-02
-3.010991710948e-02 -4.168009960910e-03 3.429315652759e-02
Mode 47
3.532193388025e-03 -9.307458990904e-03 -9.459476741566e-04
1.437898821025e-02 4.598919523340e-02 2.404659268658e-02
-8.702800885830e-02 2.489159987930e-02 -4.131021580201e-02
8.819325005448e-03 1.343443552656e-02 6.460297867048e-03
9.373434672554e-04 2.610757940251e-03 -2.218795461961e-02
0.000000000000e+00 0.000000000000e+00 0.000000000000e+00
-8.546793418067e-03 -3.621570337188e-03 3.719751411275e-03
1.588371178150e-02 -5.180482455247e-03 4.568402518735e-03
-2.062578022416e-02 2.064318316528e-03 8.385450496707e-03
-4.742068442661e-03 -3.116164138719e-03 1.295385301544e-02
2.443050519957e-02 -1.558912118060e-03 8.486511074592e-04
-1.588371178150e-02 5.180482455247e-03 -4.568402518735e-03
-8.546793418067e-03 -3.621570337188e-03 3.719751411275e-03
0.000000000000e+00 0.000000000000e+00 0.000000000000e+00
0.000000000000e+00 0.000000000000e+00 0.000000000000e+00
-5.304641598573e-02 -1.906534819842e-01 -1.193202730401e-01
2.432217027796e-01 -3.176698608977e-01 5.452788853185e-01
5.823862166132e-01 -2.848408723095e-01 -2.027115491553e-01
-1.209875054637e-03 -1.242362312962e-02 1.200790534129e-02
-3.860076081790e-03 9.432219364066e-03 -1.072200216868e-01
-4.345413007659e-02 -9.681188742829e-04 -4.701915912829e-02
1.301633027335e-02 -3.075130713465e-03 -2.685365370504e-02
Mode 48
0.000000000000e+00 0.000000000000e+00 0.000000000000e+00
6.791855188668e-03 -2.842778317118e-02 -1.207194462664e-02
8.265590377891e-02 2.838342955113e-02 2.936634974607e-02
-2.411007413014e-01 6.406422562855e-03 -1.175984281097e-01
8.751772092668e-02 4.671756061979e-03 -3.631560572395e-02
0.000000000000e+00 0.000000000000e+00 0.000000000000e+00
3.838417894017e-02 -2.023284891274e-03 -4.819295721719e-02
-1.452624539300e-01 1.901844712912e-03 1.788720281792e-01
2.509127608805e-01 -2.988546585789e-04 1.998566914397e-01
-3.457040747242e-02 -4.423895413054e-03 -1.912728837984e-01
-3.364211049751e-02 5.139449029993e-03 3.523910420175e-02
-7.281567257046e-03 -1.135572770099e-03 8.969776615259e-02
-4.460490362936e-03 -2.558854521439e-04 -2.255660403260e-01
7.609449950812e-03 1.010812396937e-03 1.846820320833e-02
0.000000000000e+00 0.000000000000e+00 0.000000000000e+00
-5.974260426525e-03 5.786637873930e-02 4.261209246161e-02
1.210756700852e-01 -1.134996008526e-01 1.945726669389e-01
1.814796506080e-01 -1.488816306240e-01 -7.745577110804e-02
-2.539498814385e-03 1.980591368620e-03 7.674391313715e-02
-4.281645767375e-02 1.268753338499e-02 6.667126648331e-01
1.415040335686e-01 -5.392289971118e-03 1.585797329191e-01
-2.884469094846e-02 -1.682012393822e-03 1.202711712689e-01
Mode 49
0.000000000000e+00 0.000000000000e+00 0.000000000000e+00
-8.546793418067e-03 -3.621570337188e-03 3.719751411275e-03
2.023349993167e-02 1.495065412197e-02 3.416260267955e-02
-1.027919719347e-01 3.244244706682e-03 -9.860672077532e-02
4.748555177470e-01 2.941794169522e-03 4.756086449091e-01
-1.141417492622e-02 -1.516218595406e-03 -2.770230481250e-02
-3.470326263316e-01 1.943153821947e-03 -2.578072543871e-01
3.551679743202e-02 8.206685050817e-05 -7.961501344097e-02
5.520523418892e-02 -4.593009406271e-03 -6.581250931806e-02
1.681200875641e-02 4.382861987800e-03 2.310803905189e-01
-1.170735283691e-01 3.833377853058e-03 -1.577310818116e-01
1.902362487703e-02 2.527030992343e-03 4.617050802083e-02
7.609449950812e-03 1.010812396937e-03 1.846820320833e-02
0.000000000000e+00 0.000000000000e+00 0.000000000000e+00
0.000000000000e+00 0.000000000000e+00 0.000000000000e+00
2.497556837433e-02 1.806681826068e-02 2.120874966411e-02
-5.397304220506e-02 -5.638953347174e-02 3.615426987190e-02
1.330216377493e-01 -2.590407237364e-02 1.158546179315e-02
-4.086303055131e-03 -3.365684885044e-03 2.292857917373e-01
2.918162013457e-02 -5.395334482137e-03 -2.608051445278e-01
2.080680915774e-01 1.468544780551e-03 2.248360833089e-02
1.646139615008e-01 5.004259062684e-04 -2.453555079740e-02
Mode 50
0.000000000000e+00 0.000000000000e+00 0.000000000000e+00
0.000000000000e+00 0.000000000000e+00 0.000000000000e+00
-1.682105524875e-02 2.569724514997e-03 1.761955210087e-02
4.786831582549e-02 4.209043386164e-03 -7.410066324807e-02
-4.439147354385e-02 -3.578876814534e-03 -2.483120450868e-02
0.000000000000e+00 0.000000000000e+00 0.000000000000e+00
3.490733665853e-02 -2.653451462905e-03 5.073891053957e-02
-7.937332644577e-03 -8.860520237747e-04 -1.266341725693e-01
-1.538092473481e-01 -1.719725624276e-03 1.825917795904e-01
1.468555627848e-01 4.593924810143e-04 1.527195592308e-02
-1.576602769375e-01 7.599072369932e-04 -1.733281847161e-01
-1.170272237550e-01 8.483387933207e-04 1.889547808908e-01
2.445222324766e-01 4.161369571310e-03 -7.931935972969e-02
-6.975932221067e-02 -4.630722636725e-03 -3.491900996534e-03
0.000000000000e+00 0.000000000000e+00 0.000000000000e+00
0.000000000000e+00 0.000000000000e+00 0.000000000000e+00
-6.649966041003e-02 -2.375104681700e-02 -1.461789794901e-02
1.277121892026e-01 2.476019911654e-02 2.182955035682e-02
9.373434672554e-04 2.610757940251e-03 -2.218795461961e-02
1.881071232331e-01 -3.669244152042e-03 -1.498945070337e-03
5.655221982616e-01 8.368477176294e-03 2.321952020675e-01
5.163423516610e-01 4.658475282778e-03 -1.263680121281e-01
Mode 51
0.000000000000e+00 0.000000000000e+00 0.000000000000e+00
0.000000000000e+00 0.000000000000e+00 0.000000000000e+00
-4.742068442661e-03 -3.116164138719e-03 1.295385301544e-02
1.489101720786e-02 2.146385167036e-03 -7.122956294426e-02
5.406880322536e-03 -4.085943110402e-03 -4.532185691337e-02
0.000000000000e+00 0.000000000000e+00 0.000000000000e+00
-1.902362487703e-02 -2.527030992343e-03 -4.617050802083e-02
3.000463028670e-01 6.396186294674e-03 2.117340429330e-01
-2.930553601820e-01 -1.168305708353e-03 1.857880268757e-01
1.700208418233e-01 -3.585517204134e-03 -6.985740771078e-02
-2.883042452470e-01 -5.004728072431e-03 -7.586576875953e-02
3.431815967422e-01 5.364790393223e-04 -9.811270991946e-02
-3.210090122773e-01 2.745478897813e-03 -6.281461917739e-02
4.886101039913e-02 -3.117824236119e-03 1.697302214918e-03
0.000000000000e+00 0.000000000000e+00 0.000000000000e+00
2.725315873811e-04 9.812865189372e-03 1.018004927832e-02
-3.324983020501e-02 -1.187552340850e-02 -7.308948974507e-03
8.591556557955e-02 9.263105370849e-03 1.824035279359e-02
0.000000000000e+00 0.000000000000e+00 0.000000000000e+00
1.884350059269e-01 -3.794004525204e-03 1.066670242906e-01
2.331543621645e-01 -3.398880838330e-04 2.396641981602e-01
-3.539400062809e-01 -2.302218381052e-03 2.867423438288e-01
Mode 52
0.000000000000e+00 0.000000000000e+00 0.000000000000e+00
0.000000000000e+00 0.000000000000e+00 0.000000000000e+00
4.742068442661e-03 3.116164138719e-03 -1.295385301544e-02
2.189100638518e-02 4.216792505603e-04 7.759256424461e-02
-1.319645455769e-01 1.686992686022e-03 -8.650151886734e-02
3.804724975406e-03 5.054061984685e-04 9.234101604167e-03
6.121252879260e-02 1.009152299537e-03 7.211652407810e-03
1.009082385078e-01 -1.513174084386e-03 3.916825726343e-01
1.071598530695e-01 2.981718864938e-03 -3.691989643034e-01
-2.504901246540e-02 5.775980307443e-03 3.782052154929e-01
-8.817348631421e-02 -4.422235315654e-03 -1.800163329979e-01
-8.404992513738e-02 2.910997012449e-03 1.860836805870e-01
-2.667937944188e-02 -5.528043295419e-04 -4.113245739315e-01
7.609449950812e-03 1.010812396937e-03 1.846820320833e-02
0.000000000000e+00 0.000000000000e+00 0.000000000000e+00
-2.725315873811e-04 -9.812865189372e-03 -1.018004927832e-02
2.917257364223e-02 1.557252020660e-03 -1.210520190798e-02
-1.188928641972e-01 -1.132576358998e-02 -1.536925248978e-02
-1.930038040895e-03 4.716109682033e-03 -5.361001084338e-02
-2.287465446648e-02 -4.739813107341e-05 -4.020904723274e-01
1.975912601184e-01 2.563084125396e-03 -2.740665110122e-02
1.782307060553e-01 7.113400009013e-03 6.695681413680e-02
Mode 53
0.000000000000e+00 0.000000000000e+00 0.000000000000e+00
0.000000000000e+00 0.000000000000e+00 0.000000000000e+00
0.000000000000e+00 0.000000000000e+00 0.000000000000e+00
0.000000000000e+00 0.000000000000e+00 0.000000000000e+00
0.000000000000e+00 0.000000000000e+00 0.000000000000e+00
-2.944510522961e-02 -1.137011721003e-02 1.925152629660e-03
0.000000000000e+00 0.000000000000e+00 0.000000000000e+00
0.000000000000e+00 0.000000000000e+00 0.000000000000e+00
0.000000000000e+00 0.000000000000e+00 0.000000000000e+00
0.000000000000e+00 0.000000000000e+00 0.000000000000e+00
0.000000000000e+00 0.000000000000e+00 0.000000000000e+00
0.000000000000e+00 0.000000000000e+00 0.000000000000e+00
0.000000000000e+00 0.000000000000e+00 0.000000000000e+00
0.000000000000e+00 0.000000000000e+00 0.000000000000e+00
0.000000000000e+00 0.000000000000e+00 0.000000000000e+00
0.000000000000e+00 0.000000000000e+00 0.000000000000e+00
0.000000000000e+00 0.000000000000e+00 0.000000000000e+00
0.000000000000e+00 0.000000000000e+00 0.000000000000e+00
9.678086327550e-01 2.547239673452e-01 -5.533670413811e-02
0.000000000000e+00 0.000000000000e+00 0.000000000000e+00
0.000000000000e+00 0.000000000000e+00 0.000000000000e+00
0.000000000000e+00 0.000000000000e+00 0.000000000000e+00
Mode 54
0.000000000000e+00 0.000000000000e+00 0.000000000000e+00
-5.951943497298e-03 -1.553978726834e-02 2.496175835673e-02
-3.260733525437e-02 5.432853535002e-02 -2.202661876756e-02
0.000000000000e+00 0.000000000000e+00 0.000000000000e+00
0.000000000000e+00 0.000000000000e+00 0.000000000000e+00
0.000000000000e+00 0.000000000000e+00 0.000000000000e+00
0.000000000000e+00 0.000000000000e+00 0.000000000000e+00
0.000000000000e+00 0.000000000000e+00 0.000000000000e+00
0.000000000000e+00 0.000000000000e+00 0.000000000000e+00
0.000000000000e+00 0.000000000000e+00 0.000000000000e+00
0.000000000000e+00 0.000000000000e+00 0.000000000000e+00
0.000000000000e+00 0.000000000000e+00 0.000000000000e+00
0.000000000000e+00 0.000000000000e+00 0.000000000000e+00
0.000000000000e+00 0.000000000000e+00 0.000000000000e+00
0.000000000000e+00 0.000000000000e+00 0.000000000000e+00
8.825818308838e-03 2.098101349813e-01 -3.400026649753e-01
3.416777556043e-01 -2.954494221852e-01 -3.628580304412e-01
2.776726865760e-03 -3.115129590812e-01 6.440123959307e-01
0.000000000000e+00 0.000000000000e+00 0.000000000000e+00
-1.235151839347e-02 -4.126976535656e-03 -5.514350192891e-03
0.000000000000e+00 0.000000000000e+00 0.000000000000e+00
0.000000000000e+00 0.000000000000e+00 0.000000000000e+00
Mode 55
0.000000000000e+00 0.000000000000e+00 0.000000000000e+00
7.622436557591e-04 3.937622113065e-02 -6.744577224763e-02
-1.914337358214e-02 2.430080663552e-02 6.557594433745e-03
0.000000000000e+00 0.000000000000e+00 0.000000000000e+00
0.000000000000e+00 0.000000000000e+00 0.000000000000e+00
0.000000000000e+00 0.000000000000e+00 0.000000000000e+00
0.000000000000e+00 0.000000000000e+00 0.000000000000e+00
0.000000000000e+00 0.000000000000e+00 0.000000000000e+00
0.000000000000e+00 0.000000000000e+00 0.000000000000e+00
0.000000000000e+00 0.000000000000e+00 0.000000000000e+00
0.000000000000e+00 0.000000000000e+00 0.000000000000e+00
0.000000000000e+00 0.000000000000e+00 0.000000000000e+00
0.000000000000e+00 0.000000000000e+00 0.000000000000e+00
0.000000000000e+00 0.000000000000e+00 0.000000000000e+00
0.000000000000e+00 0.000000000000e+00 0.000000000000e+00
-1.228683696464e-02 -4.802221670154e-01 7.677471614695e-01
2.133114717697e-01 -1.761328075998e-01 -2.190329886077e-01
-2.014199379896e-03 -1.083157982026e-01 2.125173660212e-01
0.000000000000e+00 0.000000000000e+00 0.000000000000e+00
0.000000000000e+00 0.000000000000e+00 0.000000000000e+00
0.000000000000e+00 0.000000000000e+00 0.000000000000e+00
0.000000000000e+00 0.000000000000e+00 0.000000000000e+00
Mode 56
0.000000000000e+00 0.000000000000e+00 0.000000000000e+00
4.742068442661e-03 3.116164138719e-03 -1.295385301544e-02
3.524426584464e-02 -9.730798338864e-03 -8.979506271929e-02
0.000000000000e+00 0.000000000000e+00 0.000000000000e+00
0.000000000000e+00 0.000000000000e+00 0.000000000000e+00
0.000000000000e+00 0.000000000000e+00 0.000000000000e+00
0.000000000000e+00 0.000000000000e+00 0.000000000000e+00
0.000000000000e+00 0.000000000000e+00 0.000000000000e+00
0.000000000000e+00 0.000000000000e+00 0.000000000000e+00
0.000000000000e+00 0.000000000000e+00 0.000000000000e+00
0.000000000000e+00 0.000000000000e+00 0.000000000000e+00
0.000000000000e+00 0.000000000000e+00 0.000000000000e+00
0.000000000000e+00 0.000000000000e+00 0.000000000000e+00
0.000000000000e+00 0.000000000000e+00 0.000000000000e+00
0.000000000000e+00 0.000000000000e+00 0.000000000000e+00
6.227312103737e-04 -6.371806119143e-02 1.006956845344e-01
-4.334147987281e-01 3.806933983708e-01 4.501379218421e-01
5.861288854907e-03 -2.938678200711e-01 5.876285813502e-01
0.000000000000e+00 0.000000000000e+00 0.000000000000e+00
2.443050519957e-02 -1.558912118060e-03 8.486511074592e-04
0.000000000000e+00 0.000000000000e+00 0.000000000000e+00
0.000000000000e+00 0.000000000000e+00 0.000000000000e+00
Mode 57
0.000000000000e+00 0.000000000000e+00 0.000000000000e+00
0.000000000000e+00 0.000000000000e+00 0.000000000000e+00
0.000000000000e+00 0.000000000000e+00 0.000000000000e+00
0.000000000000e+00 0.000000000000e+00 0.000000000000e+00
0.000000000000e+00 0.000000000000e+00 0.000000000000e+00
0.000000000000e+00 0.000000000000e+00 0.000000000000e+00
0.000000000000e+00 0.000000000000e+00 0.000000000000e+00
0.000000000000e+00 0.000000000000e+00 0.000000000000e+00
0.000000000000e+00 0.000000000000e+00 0.000000000000e+00
-5.740780381720e-02 -5.037461010685e-04 2.022449196357e-03
3.457945396476e-02 -2.528691089743e-03 -5.742705882136e-02
7.609449950812e-03 1.010812396937e-03 1.846820320833e-02
0.000000000000e+00 0.000000000000e+00 0.000000000000e+00
0.000000000000e+00 0.000000000000e+00 0.000000000000e+00
0.000000000000e+00 0.000000000000e+00 0.000000000000e+00
0.000000000000e+00 0.000000000000e+00 0.000000000000e+00
8.274261830686e-03 -6.191294852184e-03 -1.389980068960e-02
0.000000000000e+00 0.000000000000e+00 0.000000000000e+00
0.000000000000e+00 0.000000000000e+00 0.000000000000e+00
6.673305221150e-01 5.498513589099e-03 6.304014760031e-03
-3.529563581996e-01 -2.676499500539e-03 6.112402519116e-01
-1.040571980957e-01 7.582471395932e-04 -1.845847355166e-01
Mode 58
0.000000000000e+00 0.000000000000e+00 0.000000000000e+00
0.000000000000e+00 0.000000000000e+00 0.000000000000e+00
0.000000000000e+00 0.000000000000e+00 0.000000000000e+00
0.000000000000e+00 0.000000000000e+00 0.000000000000e+00
0.000000000000e+00 0.000000000000e+00 0.000000000000e+00
0.000000000000e+00 0.000000000000e+00 0.000000000000e+00
0.000000000000e+00 0.000000000000e+00 0.000000000000e+00
0.000000000000e+00 0.000000000000e+00 0.000000000000e+00
0.000000000000e+00 0.000000000000e+00 0.000000000000e+00
-6.121252879260e-02 -1.009152299537e-03 -7.211652407810e-03
-1.775839871601e-02 -4.103342525408e-05 3.980750672048e-02
-1.521889990162e-02 -2.021624793874e-03 -3.693640641667e-02
0.000000000000e+00 0.000000000000e+00 0.000000000000e+00
0.000000000000e+00 0.000000000000e+00 0.000000000000e+00
0.000000000000e+00 0.000000000000e+00 0.000000000000e+00
0.000000000000e+00 0.000000000000e+00 0.000000000000e+00
8.274261830686e-03 -6.191294852184e-03 -1.389980068960e-02
0.000000000000e+00 0.000000000000e+00 0.000000000000e+00
0.000000000000e+00 0.000000000000e+00 0.000000000000e+00
7.161915325141e-01 2.380689352980e-03 8.001316974950e-03
2.657665199666e-01 -2.120016934602e-03 -4.667586768267e-01
2.157238461422e-01 -5.056818822493e-04 3.876376742416e-01
Mode 59
0.000000000000e+00 0.000000000000e+00 0.000000000000e+00
0.000000000000e+00 0.000000000000e+00 0.000000000000e+00
0.000000000000e+00 0.000000000000e+00 0.000000000000e+00
0.000000000000e+00 0.000000000000e+00 0.000000000000e+00
0.000000000000e+00 0.000000000000e+00 0.000000000000e+00
0.000000000000e+00 0.000000000000e+00 0.000000000000e+00
0.000000000000e+00 0.000000000000e+00 0.000000000000e+00
0.000000000000e+00 0.000000000000e+00 0.000000000000e+00
0.000000000000e+00 0.000000000000e+00 0.000000000000e+00
1.588371178150e-02 -5.180482455247e-03 4.568402518735e-03
2.156312369141e-02 5.464396237226e-04 -3.057340511632e-02
-4.251678660934e-02 1.642639065968e-03 -6.920711374790e-02
0.000000000000e+00 0.000000000000e+00 0.000000000000e+00
0.000000000000e+00 0.000000000000e+00 0.000000000000e+00
0.000000000000e+00 0.000000000000e+00 0.000000000000e+00
0.000000000000e+00 0.000000000000e+00 0.000000000000e+00
0.000000000000e+00 0.000000000000e+00 0.000000000000e+00
0.000000000000e+00 0.000000000000e+00 0.000000000000e+00
0.000000000000e+00 0.000000000000e+00 0.000000000000e+00
-2.004586416266e-01 -4.577323836142e-04 -4.015405122555e-03
-2.302497225346e-01 2.202083785110e-03 3.871436633857e-01
4.238382423336e-01 -2.022176161436e-03 7.568071452749e-01
--
Dipole derivatives 
Mode 0
1.072062659465e-02 -1.230758466178e-02 2.004459009362e-02
Mode 1
-2.279255122676e-02 1.976296747391e-02 3.248888113040e-02
Mode 2
1.720278090430e-03 4.966421528971e-03 8.335312532505e-03
Mode 3
1.795375170403e-02 1.352717627776e-02 8.315702804943e-03
Mode 4
-4.525434281554e-02 2.407002026523e-02 -9.361961086427e-03
Mode 5
-4.721146729259e-03 2.647057607184e-02 -1.378772936702e-02
Mode 6
1.042866564359e-01 -1.405472278887e-02 -6.368339605917e-03
Mode 7
1.125607701851e-01 -1.015897268325e-02 3.186908601656e-02
Mode 8
4.547116804469e-03 5.286843986447e-03 -4.635353070557e-02
Mode 9
4.377807733599e-02 -2.495123716869e-02 4.026140468679e-02
Mode 10
-7.989613279899e-03 -1.756763979343e-02 2.319145745425e-02
Mode 11
1.660016203761e-02 1.199919491111e-02 -7.012965138066e-03
Mode 12
1.278446414975e-02 -3.024329747061e-02 1.186784002130e-02
Mode 13
-2.544130805033e-02 -5.804263973715e-02 -1.715451759714e-02
Mode 14
1.104158921247e-01 1.416472012375e-02 6.475282321928e-02
Mode 15
2.740896184145e-02 3.482316173999e-03 -4.197159438448e-02
Mode 16
1.768028779418e-02 6.331027371771e-02 -4.709916088640e-02
Mode 17
-1.053346017888e-02 1.647994602102e-02 -8.991727530234e-03
Mode 18
-3.282221651080e-02 3.173235190156e-02 4.425054018076e-02
Mode 19
-2.056169941864e-03 -4.567280930701e-03 -1.838830576279e-02
Mode 20
1.754184620025e-02 -2.832077274530e-02 -7.454160576437e-02
Mode 21
3.349002730217e-02 2.189029570771e-03 3.837067376620e-02
Mode 22
1.470755595947e-02 1.128111415339e-01 2.856083532769e-02
Mode 23
1.781327212727e-01 -3.578978253922e-02 7.964080398192e-02
Mode 24
1.193842916622e-01 -1.505205985111e-02 4.539622583113e-02
Mode 25
-8.030411489178e-04 6.990642954057e-02 -5.818110015828e-03
Mode 26
6.062630901006e-02 1.936218410128e-02 -5.551528546844e-02
Mode 27
2.386981377164e-02 -5.546604265065e-03 3.318313411227e-02
Mode 28
4.886780157455e-02 -1.807189651640e-02 5.429037434918e-02
Mode 29
5.052623628697e-02 -1.229446783673e-01 -1.508905048448e-01
Mode 30
-2.403577243067e-02 4.913398881476e-03 -1.343252356150e-02
Mode 31
3.555567880480e-02 1.422694982325e-01 -4.671545245592e-02
Mode 32
-4.629212501212e-02 -3.356034241435e-02 7.841761682705e-02
Mode 33
-5.339964006452e-02 -9.828874293830e-02 -1.714353648554e-01
Mode 34
-6.040078240626e-02 3.780375969851e-01 1.945879137541e-01
Mode 35
2.340977563013e-01 4.015759408621e-02 -1.210240883839e-01
Mode 36
-1.488886553045e-01 -1.434957250812e-01 5.912863113836e-02
Mode 37
-3.572326526963e-02 -1.250295564470e-01 3.641202285435e-02
Mode 38
-1.579082294898e-02 4.646998708159e-02 2.486099491864e-02
Mode 39
-1.018318139042e-01 -1.704950975077e-01 9.446451287781e-02
Mode 40
-5.790552745726e-03 2.932586015148e-01 1.334971394385e-01
Mode 41
-5.799411297243e-02 -1.398363736716e-01 -1.009280355938e-01
Mode 42
-8.140716723902e-02 6.516496121458e-02 2.638738885200e-01
Mode 43
-3.469410473524e-02 -3.313920149600e-03 -1.463035254206e-01
Mode 44
-1.172552269676e-01 7.936456463336e-02 1.860636706662e-01
Mode 45
8.861702480125e-02 1.529306334033e-02 -1.255507572122e-01
Mode 46
1.788160594378e-01 7.779390945217e-02 -3.159445464422e-02
Mode 47
-4.847813029766e-02 3.104261031082e-02 2.653625502694e-02
Mode 48
4.954287287000e-02 2.550422469381e-01 -2.384909713486e-02
Mode 49
1.160120810357e-01 3.657873639614e-01 -1.027236784352e-01
Mode 50
-4.480179846860e-02 1.616076109343e-01 1.681836711149e-01
Mode 51
2.556143436001e-02 -2.094165116105e-01 -1.479408810484e-01
Mode 52
-5.875138961867e-02 -1.962171637961e-01 3.311786388603e-02
Mode 53
-3.025542782612e-03 2.954533624124e-02 5.190002206313e-02
Mode 54
1.461452005653e-02 -5.759373343891e-02 -7.888808172658e-02
Mode 55
9.141539821500e-03 -1.511764372099e-01 9.423827132794e-02
Mode 56
-2.898708333856e-02 4.246655341889e-03 4.094390848283e-02
Mode 57
-1.698248366954e-02 -3.484164977624e-02 1.745912500513e-02
Mode 58
2.029636621606e-02 -5.384046146104e-02 -7.235712575093e-02
Mode 59
-2.013524031527e-02 -2.547405095375e-02 3.419901508825e-02
--
Polarizability derivatives 
Mode 0
-3.785172980123e-01 -8.497302727114e-01 -1.841941370255e-01
-8.497302727114e-01 4.055864555926e-02 -3.343150981657e-01
-1.841941370255e-01 -3.343150981657e-01 1.349130701056e-01
Mode 1
-3.577806532373e-01 4.204358823637e-02 2.270091095699e-01
4.204358823637e-02 -5.219551050903e-01 6.624332148437e-02
2.270091095699e-01 6.624332148437e-02 7.616897392774e-01
Mode 2
4.539366346862e-01 -3.203034883076e-01 -5.401911202510e-01
-3.203034883076e-01 -5.849378964971e-02 -5.393134924332e-02
-5.401911202510e-01 -5.393134924332e-02 -5.000534924168e-01
Mode 3
5.236547528889e-01 2.363271407149e-01 -2.670999646348e-01
2.363271407149e-01 -1.243312372305e-02 2.783536053977e-01
-2.670999646348e-01 2.783536053977e-01 -5.313930013160e-01
Mode 4
-3.490432051051e-02 -2.948333415383e-02 2.444587432591e-03
-2.948333415383e-02 1.250430101617e-01 -1.324644383214e-01
2.444587432591e-03 -1.324644383214e-01 1.394731726238e-01
Mode 5
6.479547594865e-02 -3.659782808016e-01 -5.534266439705e-01
-3.659782808016e-01 -2.192082156516e-01 1.134149182619e-01
-5.534266439705e-01 1.134149182619e-01 2.111638814282e-01
Mode 6
2.870207473101e-02 9.285595768282e-01 1.159002926516e+00
9.285595768282e-01 -7.709882472797e-01 4.235537324411e-01
1.159002926516e+00 4.235537324411e-01 1.286379633619e+00
Mode 7
-3.535437790427e-01 -2.879484714186e-01 1.074333775353e+00
-2.879484714186e-01 7.639617890816e-02 -3.148267205397e-01
1.074333775353e+00 -3.148267205397e-01 7.774806332750e-01
Mode 8
-2.813653940094e-01 -4.926716526764e-01 1.906301327097e-01
-4.926716526764e-01 4.943413811752e-01 -2.339661591932e-01
1.906301327097e-01 -2.339661591932e-01 3.100548367488e-01
Mode 9
1.275021293888e-01 6.283858465663e-01 1.013287583245e-01
6.283858465663e-01 1.754276461044e+00 5.678217251165e-02
1.013287583245e-01 5.678217251165e-02 1.480869012798e-01
Mode 10
1.826905608331e-01 -4.248227673047e-01 -5.287209691443e-01
-4.248227673047e-01 -5.698779789809e-02 1.021885538421e-01
-5.287209691443e-01 1.021885538421e-01 -5.552220129226e-01
Mode 11
7.383922665745e-01 2.586692524701e-01 -3.851294374124e-01
2.586692524701e-01 2.707576665806e-01 -1.148672914476e-01
-3.851294374124e-01 -1.148672914476e-01 -1.041357880380e-02
Mode 12
-1.907298128053e-01 -1.599481076414e-01 6.079925640405e-01
-1.599481076414e-01 -2.661522192814e-01 8.133531035542e-01
6.079925640405e-01 8.133531035542e-01 -3.319303461722e-01
Mode 13
-5.240404693880e-01 -6.747446678196e-01 4.969828132362e-01
-6.747446678196e-01 -7.610572096658e-01 8.821545426234e-01
4.969828132362e-01 8.821545426234e-01 -1.310791915610e+00
Mode 14
3.527390057656e-01 -7.350319705903e-02 3.165961021924e-02
-7.350319705903e-02 -5.399994165660e-01 -4.615503746297e-01
3.165961021924e-02 -4.615503746297e-01 -6.882153747215e-01
Mode 15
3.721788330799e-01 8.396353897534e-02 -4.142145998808e-01
8.396353897534e-02 1.561312056512e+00 3.585918309002e-01
-4.142145998808e-01 3.585918309002e-01 9.828958698046e-01
Mode 16
-5.046834149800e-02 9.384966864953e-02 4.069964219127e-02
9.384966864953e-02 -1.161821019143e+00 1.424311898158e-01
4.069964219127e-02 1.424311898158e-01 1.647331112155e-01
Mode 17
2.835849423449e-01 4.456989932479e-03 -2.444462019789e-01
4.456989932479e-03 3.043687376584e-01 4.843827202211e-02
-2.444462019789e-01 4.843827202211e-02 -4.204934669170e-01
Mode 18
-3.902697594663e-01 3.080398933227e-01 4.242312364190e-01
3.080398933227e-01 3.905585082351e-01 -5.495443038484e-01
4.242312364190e-01 -5.495443038484e-01 -9.625867125179e-01
Mode 19
3.739241691266e-04 2.415976449781e-01 2.248098355399e-02
2.415976449781e-01 2.917785241557e-01 -4.430589587919e-02
2.248098355399e-02 -4.430589587919e-02 3.824100291859e-01
Mode 20
-8.675991671719e-02 5.134326186126e-01 2.830500591551e-01
5.134326186126e-01 1.024402695083e+00 -8.801481428651e-01
2.830500591551e-01 -8.801481428651e-01 -1.413649966538e+00
Mode 21
-4.057996960625e-01 -5.379958192416e-01 1.002903427453e-01
-5.379958192416e-01 -1.456799028768e-01 -5.370914402199e-01
1.002903427453e-01 -5.370914402199e-01 -2.111554896820e-01
Mode 22
-5.796190525796e-01 -7.485286612046e-02 1.454911880728e+00
-7.485286612046e-02 -1.370045779678e+00 4.520306630311e-01
1.454911880728e+00 4.520306630311e-01 -3.148871102437e+00
Mode 23
3.147874193751e-01 -4.237334046763e-02 -2.445751613198e-01
-4.237334046763e-02 -5.126418184934e-01 2.572067224119e-01
-2.445751613198e-01 2.572067224119e-01 -5.021880035591e-01
Mode 24
3.917861903363e-01 2.022738164120e-01 -2.121918868703e-01
2.022738164120e-01 -2.885855140092e-01 1.569190829853e-01
-2.121918868703e-01 1.569190829853e-01 -5.914442552366e-01
Mode 25
-1.219726554722e-01 5.842432542526e-01 2.990673109707e-01
5.842432542526e-01 5.593332155461e-01 5.128878182053e-02
2.990673109707e-01 5.128878182053e-02 -1.194681047462e-01
Mode 26
8.872176974053e-01 -7.335080762536e-03 -1.251585241441e-01
-7.335080762536e-03 1.854042479315e+00 8.205832510270e-01
-1.251585241441e-01 8.205832510270e-01 9.125579773540e-01
Mode 27
9.825751697929e-02 8.288275803159e-01 2.109995417406e-01
8.288275803159e-01 -4.042455404830e-01 1.347314461232e-01
2.109995417406e-01 1.347314461232e-01 2.549012958591e-01
Mode 28
1.699433310370e+00 6.112647438030e-02 -3.367039830931e-01
6.112647438030e-02 5.397170467250e-02 -2.560637674821e-01
-3.367039830931e-01 -2.560637674821e-01 1.310521607614e+00
Mode 29
6.016407767928e-01 2.605351102925e-01 8.166136218382e-01
2.605351102925e-01 1.267224136068e+00 2.298021268261e-01
8.166136218382e-01 2.298021268261e-01 -1.681342216593e+00
Mode 30
9.053170508947e-02 -2.450447235849e-01 -2.100044995614e-01
-2.450447235849e-01 1.745110394117e-01 -1.402356689643e-01
-2.100044995614e-01 -1.402356689643e-01 -1.390284732889e-01
Mode 31
2.454010422961e-01 -1.003352197828e-01 6.075133022491e-01
-1.003352197828e-01 -9.115770409392e-01 -2.711426875729e-01
6.075133022491e-01 -2.711426875729e-01 -9.084462609118e-01
Mode 32
7.729493806408e-01 9.134664671113e-01 -5.067208986789e-01
9.134664671113e-01 3.705530558187e+00 -5.049890254088e-01
-5.067208986789e-01 -5.049890254088e-01 1.131548305409e+00
Mode 33
6.083513374711e-01 -1.913063236993e-01 6.754555080225e-01
-1.913063236993e-01 -2.602474353189e-01 4.815256197199e-01
6.754555080225e-01 4.815256197199e-01 4.986880181727e-01
Mode 34
-1.805779468719e-01 1.942592092212e-01 1.985953943419e-01
1.942592092212e-01 1.888673527617e+00 6.252332404383e-01
1.985953943419e-01 6.252332404383e-01 -4.159825434118e-01
Mode 35
-8.225775352979e-02 7.761714829454e-02 -9.558850560931e-01
7.761714829454e-02 -2.755358681945e-01 4.292504708585e-01
-9.558850560931e-01 4.292504708585e-01 6.077424971418e-02
Mode 36
-1.464852885365e-01 -9.849675524490e-01 1.795910545451e-01
-9.849675524490e-01 -2.037430529152e+00 6.031246147107e-01
1.795910545451e-01 6.031246147107e-01 1.049493148128e+00
Mode 37
-3.766290643867e-01 -4.272745230767e-01 4.517087248525e-01
-4.272745230767e-01 -2.517465382524e-01 3.640616197674e-01
4.517087248525e-01 3.640616197674e-01 -7.169148489821e-01
Mode 38
4.321377347568e-01 2.017824259265e-01 -9.158366283549e-01
2.017824259265e-01 7.796050458495e-01 8.595006090049e-02
-9.158366283549e-01 8.595006090049e-02 2.134838611704e+00
Mode 39
1.827966742863e+00 2.073464823445e+00 -2.756996431088e+00
2.073464823445e+00 3.660407782966e+00 -2.750243850907e+00
-2.756996431088e+00 -2.750243850907e+00 4.955801907555e+00
Mode 40
5.333440670244e-01 9.977145117646e-03 -5.598334227699e-01
9.977145117646e-03 1.901868881722e-02 -8.956617897559e-02
-5.598334227699e-01 -8.956617897559e-02 1.507125972117e+00
Mode 41
-5.383879454314e-02 -7.727715003150e-01 3.662915649790e-01
-7.727715003150e-01 -1.269443170116e+00 -1.281304302974e-01
3.662915649790e-01 -1.281304302974e-01 -2.289822531201e+00
Mode 42
1.471058456222e+00 1.736466710673e+00 -8.403868442611e-01
1.736466710673e+00 4.777334732267e+00 -2.890869560208e+00
-8.403868442611e-01 -2.890869560208e+00 3.781253419026e-01
Mode 43
-1.077782992786e+00 -1.679120402509e-01 8.086006028168e-01
-1.679120402509e-01 -1.691075506649e+00 1.646167304229e+00
8.086006028168e-01 1.646167304229e+00 -1.775185833864e+00
Mode 44
-1.345416617543e-02 1.157975434545e+00 -4.965287093156e-01
1.157975434545e+00 1.784935133482e+00 -6.020000152975e-01
-4.965287093156e-01 -6.020000152975e-01 1.004776596266e+00
Mode 45
-7.693773274355e-01 -1.361077873581e+00 1.392102064463e+00
-1.361077873581e+00 9.766212688244e-01 2.481250409567e+00
1.392102064463e+00 2.481250409567e+00 -2.045354848892e+00
Mode 46
-6.170995007822e-01 -2.561376564791e+00 1.182092091320e+00
-2.561376564791e+00 -3.034558156043e+00 1.196664355291e+00
1.182092091320e+00 1.196664355291e+00 -2.022235058798e+00
Mode 47
-5.253974175740e-01 1.650994124692e+00 -3.462879229180e-01
1.650994124692e+00 -1.080184119601e+00 4.650948893870e-01
-3.462879229180e-01 4.650948893870e-01 1.241586143495e+00
Mode 48
-1.063207471192e+00 -6.254971268378e-01 1.459509016157e+00
-6.254971268378e-01 6.339614052054e-01 2.634366747865e+00
1.459509016157e+00 2.634366747865e+00 -1.946959423909e+00
Mode 49
-2.260954259157e+00 -2.333261728471e+00 3.713578280418e+00
-2.333261728471e+00 -3.590408937358e+00 3.843042419380e+00
3.713578280418e+00 3.843042419380e+00 -6.741682900797e+00
Mode 50
5.715490903366e-01 1.160301079316e+00 -5.322076926391e-01
1.160301079316e+00 2.415895052561e+00 -1.521999329721e+00
-5.322076926391e-01 -1.521999329721e+00 8.375646969016e-01
Mode 51
5.691122889873e-01 1.173820111239e+00 -1.394476476684e+00
1.173820111239e+00 -1.003576021794e+00 -2.874118309091e+00
-1.394476476684e+00 -2.874118309091e+00 1.527481697459e+00
Mode 52
-7.439895796361e-01 -3.263489188910e-01 1.753085281588e+00
-3.263489188910e-01 8.785962318699e-01 1.205397523964e+00
1.753085281588e+00 1.205397523964e+00 -3.431348704683e+00
Mode 53
3.796458789359e-01 2.122712145213e-01 -1.569776332231e+00
2.122712145213e-01 2.615178974467e+00 3.306383064359e+00
-1.569776332231e+00 3.306383064359e+00 1.161377268612e+01
Mode 54
-3.792696926071e+00 1.942832999022e+00 3.860752701161e-01
1.942832999022e+00 -7.347434673371e+00 1.917296182711e+00
3.860752701161e-01 1.917296182711e+00 -6.251371606554e+00
Mode 55
-5.280365929199e-01 4.177193500081e-01 2.342536224585e+00
4.177193500081e-01 -5.058489090398e-01 -1.945258609504e+00
2.342536224585e+00 -1.945258609504e+00 2.973864213290e+00
Mode 56
3.009497622120e+00 -1.200178370406e+00 -2.001312087248e+00
-1.200178370406e+00 -1.035604979521e+00 2.777571557338e+00
-2.001312087248e+00 2.777571557338e+00 -8.010614344569e-01
Mode 57
1.061863704431e+00 7.027441693159e-01 -2.073946112005e+00
7.027441693159e-01 -4.735728410574e+00 -3.663958043845e+00
-2.073946112005e+00 -3.663958043845e+00 2.894815884277e+00
Mode 58
-1.335892441507e+00 1.721820046758e+00 2.971778650764e+00
1.721820046758e+00 1.213406440388e+00 -3.200628841988e+00
2.971778650764e+00 -3.200628841988e+00 -8.120336179423e+00
Mode 59
2.839913906718e+00 3.619459892167e+00 -3.608200831577e+00
3.619459892167e+00 1.089252543769e+01 -3.299053963501e+00
-3.608200831577e+00 -3.299053963501e+00 6.915712147607e+00
--
