Number of atoms 
22
--
Anisotropy 
86.872
--
Frequencies 
19.261200000000
44.438900000000
49.593900000000
61.091400000000
68.032200000000
105.647200000000
145.151200000000
174.683600000000
182.220400000000
187.476000000000
226.284200000000
251.571600000000
269.255200000000
293.417700000000
312.173400000000
364.459900000000
394.239300000000
428.426300000000
455.763000000000
479.144400000000
516.958700000000
551.711400000000
586.389300000000
619.388700000000
633.351700000000
650.295000000000
676.952000000000
696.929100000000
731.433400000000
767.786300000000
791.571400000000
825.916300000000
866.706800000000
916.407000000000
918.204700000000
937.197700000000
946.328200000000
1036.206600000000
1139.288100000000
1144.167400000000
1157.516300000000
1202.730600000000
1221.016500000000
1240.363800000000
1268.434500000000
1292.336000000000
1312.052900000000
1352.911000000000
1387.400100000000
1402.055500000000
1433.352900000000
1453.193100000000
1525.136200000000
1618.719400000000
1665.202100000000
1702.030900000000
2696.833800000000
3057.349500000000
3215.445200000000
3222.786200000000
--
Displacements 
Mode 0
4.302985919821e-02 -1.594586817787e-01 1.030599826449e-01
-2.658913087805e-02 -1.481804057711e-01 4.284373308507e-02
6.439285522046e-03 -7.350303004968e-02 4.853699800648e-02
1.504892878844e-02 -1.035909055992e-01 5.951851829011e-02
4.520272952349e-02 -5.864988413131e-02 6.794780596170e-02
6.528745315445e-02 -9.359893299241e-02 1.112510143922e-01
-5.166539734117e-02 8.346323855524e-03 -7.321902482058e-02
-2.756571851086e-01 4.405277441912e-01 -3.388838880512e-02
-1.197115291289e-01 -1.516241849255e-01 -5.310171902484e-01
1.104993612448e-01 -1.477391651083e-01 1.551226297405e-01
5.454919157311e-02 2.589968241342e-02 4.640681145698e-02
4.379006027707e-02 7.898535064105e-02 2.727168870900e-02
2.512051847347e-02 3.369280787705e-02 2.708789857084e-02
1.436138717742e-02 8.677847610469e-02 7.952775822859e-03
4.593954830671e-02 5.598755796298e-02 3.542529117336e-02
-4.284772330541e-03 1.652925236662e-01 -3.549679346290e-02
8.398955582057e-02 8.000985211252e-02 4.409283476932e-02
-8.687335005251e-02 -1.142558583815e-01 -1.728062140572e-02
-4.813328834670e-02 -2.232093027886e-01 4.539596569710e-02
1.001313394593e-02 -1.722327623374e-01 7.573382814974e-02
4.882585511958e-02 1.476272073792e-01 1.105637884937e-02
6.818042595327e-02 -5.484327470800e-02 6.036261041517e-02
Mode 1
1.643876751508e-01 -1.430060655182e-01 4.388573211811e-02
-1.365046327077e-02 -1.533412674831e-01 3.471874967857e-04
2.081400467139e-02 -9.249253620863e-02 3.450790523295e-03
3.085969947984e-02 -1.364090562051e-01 1.184264891202e-02
4.665462561840e-02 -1.208528676946e-01 1.476246180037e-02
6.675355297810e-02 -3.650497824565e-02 3.887608169665e-02
-8.472299026603e-02 8.781126951410e-02 2.472237583049e-02
5.457672727378e-02 3.942863845980e-02 -2.582176038325e-02
-3.080856921615e-01 2.010683233219e-02 2.237832021822e-01
-1.686540903475e-01 3.173178932153e-01 -1.275349068078e-01
5.958411465879e-02 -1.305233814221e-01 -3.657893174507e-03
5.241303551538e-02 -5.687050717214e-02 -1.478577431342e-02
3.016046672101e-02 -7.942969663890e-03 -1.809020398143e-02
3.951195393249e-02 1.913938831754e-01 -3.474459640693e-02
1.307118157449e-01 2.731831122471e-01 -7.338534191273e-02
-4.736052436319e-02 3.022029453676e-01 -1.817582304079e-02
9.762909701079e-02 -2.212883735671e-01 1.230483422368e-04
-1.694193165882e-01 -3.591342549906e-02 -5.663321495111e-02
-7.109765280457e-02 -3.327838944755e-01 -5.782206240656e-05
2.726246876032e-02 -1.614859142428e-01 2.791159791636e-02
5.313816315079e-02 -4.136360240578e-03 -2.567539952797e-02
1.033574586262e-01 -2.282286122383e-01 4.036008302907e-02
Mode 2
-1.716121848714e-01 2.192975024899e-02 5.803743669120e-02
5.528349777540e-02 8.314348136044e-02 1.144099562903e-02
-2.010056818380e-02 8.332338797745e-02 7.292473835962e-03
-2.656072342055e-02 9.041347084893e-02 4.464556016693e-03
-2.872103084118e-03 2.765728889379e-02 5.179323789799e-03
-7.182770291226e-03 1.174957908720e-02 1.050500843489e-02
5.024103694693e-03 6.738561575411e-03 5.417579714168e-03
2.297769642978e-02 3.806609423312e-03 -7.585195546539e-03
5.024103694693e-03 6.738561575411e-03 5.417579714168e-03
-1.076164387697e-02 -4.307974919643e-03 -2.157842378759e-02
2.872103084118e-03 -2.765728889379e-02 -5.179323789799e-03
4.310667207108e-03 1.590770980659e-02 -5.325684645088e-03
-2.225256879438e-02 4.892753750825e-02 -3.304429668006e-03
-5.023601178507e-02 4.740167054044e-02 -4.928919506246e-02
2.356591462913e-02 -4.038402218770e-01 2.774125499360e-01
-1.534757898658e-01 5.019270364061e-01 -3.712336623336e-01
3.580514409844e-03 -1.516137234195e-01 6.773384902346e-04
2.964887778465e-01 -1.312647783689e-01 5.444228660569e-02
1.508082305237e-01 3.001373585487e-01 -5.171502305605e-02
-1.866200406081e-02 1.268883866778e-01 7.146112980673e-03
0.000000000000e+00 0.000000000000e+00 0.000000000000e+00
1.578072240981e-02 -1.037407497995e-01 2.210940142254e-02
Mode 3
-2.649590221326e-01 2.053195700263e-02 9.096788077226e-02
-1.113162745491e-01 4.990849802210e-02 9.652890160820e-02
-1.797861585482e-02 4.679663925299e-02 8.767464814056e-02
1.215431516552e-02 2.532471354272e-02 1.418130159994e-01
6.240868408437e-02 -1.305765296680e-02 1.429498298350e-01
6.813202053790e-02 -1.347851779326e-01 1.783002624426e-01
9.375638574381e-03 -6.959275483525e-02 -1.251756600772e-01
3.454406203216e-01 2.210391407946e-02 -2.740113041723e-01
-1.493371055382e-01 -1.282561175074e-01 -1.577330756025e-02
-2.130900554958e-01 -5.627329993913e-02 -3.968953816345e-01
8.899530238149e-02 7.772910965701e-02 9.766279571032e-02
6.532252659790e-02 9.211095249580e-02 4.635234567077e-02
5.730874196321e-03 5.045340447605e-02 4.268033572645e-02
-2.440708198588e-02 -4.286195610823e-02 -1.634463421158e-02
-1.263568965275e-01 -6.705586493684e-02 -2.091520206718e-02
5.315149512270e-02 -1.099043425042e-01 -7.871438283401e-02
1.823379862376e-01 1.894045371825e-01 9.369514432190e-02
-7.180770495439e-02 -4.115618252342e-02 2.549160938981e-02
-1.041560147967e-01 1.394172491831e-01 1.631390670928e-01
1.374314154774e-03 1.199743459216e-02 1.683869734386e-01
8.759596510698e-02 1.095963621658e-01 3.947695151567e-03
1.463998807290e-01 -1.007190782806e-01 1.556365708721e-01
Mode 4
2.377633159214e-01 2.299151644957e-01 -2.849695119429e-01
6.390231960869e-02 5.756525782634e-02 -1.653674700761e-03
2.864565341328e-03 -1.998382183356e-01 -1.250922690863e-02
5.011540790042e-03 -2.802296541610e-01 -6.798925483887e-03
1.434882427277e-02 -2.001897396317e-01 -4.263729375196e-03
3.803329120418e-02 -1.526682873077e-01 2.541383109054e-02
-8.258770596514e-02 -5.448346147399e-02 5.206556682904e-02
-1.148976607158e-01 -2.354269913202e-02 6.200216834611e-02
-2.326540925438e-01 -1.251960916339e-01 7.614467717597e-02
-6.247708745761e-02 9.176772313767e-02 5.454629715152e-02
2.728585105596e-02 -3.767932391737e-02 -1.535418123124e-02
2.369779890332e-02 -5.824652993968e-02 -2.336142284031e-02
7.900360183839e-03 -1.311963615975e-01 -2.872453676827e-02
-6.446823264837e-03 -9.867789939214e-02 -5.586690112532e-02
2.222667391781e-02 -2.301277709810e-01 4.412690777600e-02
-3.798324496471e-02 6.493891310595e-02 -1.747575768502e-01
5.889744480460e-02 2.849109208555e-01 -2.137424086990e-02
3.150145094599e-02 2.684744205873e-01 2.828942277223e-01
5.959165240158e-02 4.165754801975e-02 3.672009944327e-03
-8.633897318867e-03 -3.187836353496e-01 -1.565135907879e-03
2.729754220378e-02 2.422397124536e-02 -3.698707080504e-02
3.663482568651e-02 1.042638857746e-01 -3.445187469635e-02
Mode 5
3.927035647868e-01 -4.724663973726e-02 4.529531142747e-02
-5.674041903217e-02 -1.357277840917e-01 3.685774645309e-02
-6.965821692474e-02 -6.415397520149e-02 3.364521185416e-02
-5.170626501375e-02 1.005853500728e-01 5.204853032570e-02
-2.226590076629e-02 1.546955197719e-01 4.973455363804e-02
-2.729000446098e-02 1.479569581965e-01 4.431697392387e-02
7.540493567391e-02 6.623304056119e-02 -4.156055839415e-02
1.630142327528e-01 7.006142046331e-02 -9.065184654863e-02
1.924454184334e-01 1.196619381470e-01 -6.888963262288e-02
5.055792800385e-03 -9.001011665730e-02 -9.577378481870e-02
-1.652420717899e-02 4.198729883702e-02 3.693260501883e-02
-3.159903084400e-02 -3.562202903649e-02 1.823656483672e-02
-5.672872788435e-02 -7.382448892900e-02 1.522485687929e-02
-8.758678654010e-02 -1.050867101503e-01 -2.802388576498e-02
-8.762852596951e-02 -2.379126045067e-01 6.339427460945e-02
-9.902012747524e-02 3.260035751764e-02 -1.517637342863e-01
-3.608921867340e-03 -8.698015320050e-02 3.770183857815e-02
-3.396129352945e-01 1.882332968457e-01 8.081633584387e-02
-1.651562857292e-01 -4.926838169171e-01 -9.276736072853e-03
-5.601441963993e-02 1.420712834135e-01 5.981751601040e-02
-2.154415746865e-02 -7.502889701748e-02 2.552232612028e-03
2.151662176799e-02 6.149994097110e-02 6.967633922821e-02
Mode 6
2.138994310573e-01 -1.807696241654e-02 1.379139471670e-01
5.529934232825e-02 3.476914224408e-02 -3.915468663741e-02
8.638050723894e-03 2.085060010705e-01 -2.739765678476e-02
-2.851233369412e-03 9.407023607199e-02 -4.052975639741e-02
-1.291113190662e-02 1.868981775843e-02 -2.973202625195e-02
1.421847813311e-03 -1.331255827569e-01 1.659992663929e-02
-7.396888413185e-02 -8.006168500808e-02 3.897089649925e-02
-1.105895060896e-01 -6.502863247271e-02 5.423318266141e-02
-1.788024929054e-01 -1.385016001056e-01 6.121254200726e-02
-3.878846712118e-02 2.901154118253e-02 5.526106492463e-02
2.589487656661e-05 1.812002334727e-01 -4.082247810799e-02
7.218715491514e-03 3.990252269746e-01 -4.155428238443e-02
9.365690940228e-03 3.186337911493e-01 -3.584398095969e-02
1.220687398592e-02 -5.011017511792e-03 -5.087428720719e-03
-1.393281249973e-01 -1.902112455657e-01 8.892331328212e-02
1.658579283794e-01 -1.961897450505e-01 -5.745199327005e-02
5.816642025051e-02 -1.076754329443e-01 -4.922061250643e-02
-9.286365486431e-03 5.729563184258e-02 -1.180295470965e-01
3.737492611792e-02 -1.164412269838e-01 -1.297865769492e-01
-9.316413768025e-03 -1.362696735108e-02 -4.824427629590e-02
7.610728356913e-04 4.635089529934e-01 -4.193889916409e-02
4.520437034759e-02 -2.263211615577e-01 3.654171222946e-02
Mode 7
7.608832387990e-02 -1.385870686365e-02 3.896797676573e-02
-7.155234590562e-03 2.527853513358e-02 -6.172356340535e-02
-1.327936694686e-01 6.384080826011e-02 -6.700889903405e-02
-1.277762317599e-01 1.234633609673e-01 -3.507182766686e-02
-1.170171004638e-01 7.037769273971e-02 -1.593670491888e-02
-1.084166357643e-01 3.578016517469e-02 1.912100597816e-02
-6.389980702776e-02 -1.716146790657e-04 4.096975740373e-03
-5.456754870689e-02 -3.491898644434e-02 1.745569769842e-03
2.874615665049e-03 2.973635425348e-02 -2.736022750188e-03
-9.549217188580e-02 -8.867763484737e-02 -4.185951075936e-03
-7.679509438153e-02 -2.985613603699e-02 -7.623073277801e-02
-1.148384359094e-01 -1.067624213183e-01 -1.114177680270e-01
-1.213052571321e-01 -4.678834731505e-02 -8.772619419325e-02
-5.746718749167e-02 -2.079065359693e-02 7.915346539988e-02
1.557555213455e-01 -1.165985972045e-02 1.100193857539e-01
-1.724082284610e-01 -9.487969658982e-03 2.639798878527e-01
3.568631418657e-01 4.757847182243e-02 -9.478917130539e-02
8.255765768354e-02 -1.643913771967e-02 1.771970397159e-02
3.669405049286e-02 2.104416358831e-02 -2.078718110695e-01
-1.335204379281e-01 1.787779387549e-01 -2.471318008726e-02
-1.119688454062e-01 -1.918133533594e-01 -1.190403928564e-01
3.308488972151e-01 -4.024807829854e-01 2.860912905683e-01
Mode 8
2.468769294610e-01 -8.073513306698e-02 2.591015630762e-01
1.722914196724e-01 8.256136605270e-03 5.145389116131e-02
-6.175447240314e-02 8.710822692195e-02 4.121337089736e-02
-7.107755215712e-02 1.263652507027e-01 1.948858625448e-02
-4.380339224898e-02 2.678263162258e-02 2.576729459705e-02
-4.094964629864e-02 -9.893961302135e-03 6.874035203407e-02
-2.801097869136e-02 -1.505482301418e-02 2.624380644578e-02
1.004820738939e-02 1.347712315082e-02 1.083515942834e-02
-2.728836363689e-02 -1.971431922990e-02 1.291088019163e-02
-5.241806067724e-02 -5.791677912242e-02 9.899172234198e-03
-2.298020901071e-02 -6.120025257059e-02 5.141894506928e-03
-1.365046327077e-02 -1.533412674831e-01 3.471874967857e-04
-5.744216437194e-02 -6.465534069783e-02 4.481592520030e-03
-1.313142376730e-01 1.516678074325e-02 -1.924228150356e-01
-2.662156557419e-01 2.348312760378e-01 -3.590034769085e-01
-5.878894282605e-02 -6.312381924360e-02 -2.361339527588e-01
-2.297518384885e-02 5.358703372396e-02 1.002849658615e-02
3.352180201613e-01 -7.705659736512e-02 1.726011580542e-01
2.678703520652e-01 2.724300531270e-02 -1.900086659761e-01
-6.676437236909e-02 1.996666036566e-01 1.660620264901e-02
-1.078087276758e-02 -2.383921995242e-01 -7.275437332625e-03
-2.225256879438e-02 4.892753750825e-02 -3.304429668006e-03
Mode 9
3.293663073122e-02 2.958085556680e-02 2.464551710555e-01
-1.866200406081e-02 1.268883866778e-01 7.146112980673e-03
5.744970211473e-02 2.368362701397e-01 2.848310598803e-03
5.386164996209e-02 2.162690641173e-01 -5.158931010265e-03
3.374600629271e-02 -4.476940678886e-02 -1.252626341197e-02
2.513385044538e-02 -7.207517438658e-02 -2.595108473521e-02
-1.220938656685e-02 -5.238262563548e-02 2.644127681108e-03
-5.314067573172e-02 -5.325728290670e-02 2.323209848835e-02
-8.975463170352e-02 -9.110822150314e-02 1.197489299749e-02
1.434969602961e-02 2.487518094195e-02 2.958566539666e-02
3.157980195339e-02 -1.984621955681e-01 -3.933578381747e-03
4.018442005792e-02 -3.433373574122e-01 2.161339822656e-03
5.599857508709e-02 -9.369694429710e-02 -9.221833743964e-03
6.389729444683e-02 -5.722202846821e-02 -6.540276779984e-03
1.306508474249e-01 -9.372700671386e-02 3.233580491667e-02
6.481024951459e-03 5.932286430671e-02 -4.288116236795e-02
-6.604426989554e-02 1.376134642936e-01 8.299753552383e-04
-1.377443446282e-01 9.317946280839e-02 -2.650360036555e-01
-7.467980803851e-02 -1.349889362963e-02 3.067093317960e-02
6.176539448369e-02 3.675312662408e-01 2.409228032938e-03
3.442098499908e-02 -5.221070042292e-01 2.682297385722e-02
-9.328258729296e-02 3.016977086187e-02 -1.356028902128e-01
Mode 10
-4.812323802298e-02 6.365269800528e-03 5.516916985555e-02
1.002067168872e-02 -5.183289556028e-05 8.306373126857e-02
8.756340424446e-02 -1.871988017518e-02 7.128966491258e-02
8.829268528489e-02 -7.626336752271e-02 3.143724700540e-02
7.887028211924e-03 -2.542837933384e-02 2.431444653778e-02
-1.255558277761e-01 7.914914126568e-02 -2.219710511494e-01
-7.534735169165e-02 1.821851467885e-02 -1.004532842467e-01
-2.196995803837e-01 -1.787312924623e-01 -1.694755067876e-02
7.613006330931e-02 1.189671874927e-01 -5.245018360869e-02
-2.510882732565e-02 2.821048728568e-02 -4.872078814464e-02
-1.438641029716e-02 -4.291378900379e-02 6.671909705699e-02
2.294098216223e-02 -1.423199863853e-02 8.871956690711e-02
7.750853086912e-02 2.068698780581e-02 8.697399713727e-02
3.877262256833e-02 1.936279793383e-02 -4.665382658190e-03
-9.978863536416e-02 1.471159365605e-02 -1.804985496504e-02
1.170746844461e-01 1.407386250033e-02 -1.260771377220e-01
1.191532565216e-01 1.239249684585e-02 7.712929068928e-02
-4.882749594368e-02 2.004407004717e-02 2.034971488288e-02
-2.088076722053e-02 3.531328953126e-03 1.626392427310e-01
1.019447893798e-01 -9.059337746594e-02 -3.160342236291e-04
6.414262402313e-03 -2.963834294879e-02 1.232088708863e-01
2.645047792833e-02 -7.623304136081e-01 1.853448480683e-01
Mode 11
1.796277130197e-02 1.577699863362e-03 -3.707896587412e-02
1.221605255281e-02 -5.013654963310e-04 -2.916361933413e-02
-5.737540182279e-03 2.430586655767e-03 -1.616084407342e-02
-3.588052152634e-03 -2.056720602231e-02 -8.007241609068e-03
1.436051542059e-03 -1.382864444690e-02 -2.589661894900e-03
2.870605804517e-02 -3.133629247916e-03 3.265183914030e-02
2.225508137531e-02 8.466105639030e-03 5.747730707617e-03
4.236067472097e-02 3.993000395613e-02 3.341858950878e-03
1.148425893145e-02 -3.515212960741e-04 8.245497533437e-03
1.650836262614e-02 6.387040279337e-03 1.366307724760e-02
-2.161179177463e-03 -3.890550248466e-02 1.347928710944e-02
-4.310667207108e-03 -1.590770980659e-02 5.325684645088e-03
-2.010308076473e-02 2.592974483017e-02 4.849172796351e-03
-3.016046672101e-02 7.942969663890e-03 1.809020398143e-02
-4.093128916487e-02 -8.746572712139e-04 2.058797080725e-02
-1.795359273509e-02 2.931952152098e-03 1.300277526071e-02
-2.584979951390e-02 2.385067947048e-02 1.276451933634e-02
1.939882284403e-02 -1.225094458353e-02 -3.966862776902e-02
1.221605255281e-02 -5.013654963310e-04 -2.916361933413e-02
-9.334770901801e-03 -2.264627138200e-02 -9.189506908014e-05
-2.512580930233e-06 -5.739364314728e-02 -2.443301039611e-03
-1.687736170962e-01 -9.769098201330e-01 -1.275419538540e-02
Mode 12
8.838698353470e-02 2.622679577917e-02 -2.068813580891e-01
1.012797583075e-01 -1.482326010184e-03 -1.289969506103e-01
3.950441618970e-02 1.921295373357e-02 -4.207449952576e-02
4.882082995772e-02 3.283992108465e-02 6.169776770146e-03
3.516621328192e-02 -1.022371211940e-02 3.547975695957e-02
7.905385345700e-03 -1.640907530292e-02 -2.383793468904e-02
7.182770291226e-03 -1.174957908720e-02 -1.050500843489e-02
-1.435887459649e-02 -2.938483295741e-02 -5.509474783248e-03
-1.507231108408e-02 -2.021568472623e-02 -1.625273914250e-02
2.154164488772e-02 1.763525387021e-02 -4.995533651639e-03
-5.069996529133e-03 -2.928682165271e-02 1.149633733529e-01
-3.162656654466e-02 -4.915098508287e-02 9.046513667695e-02
-5.244308379698e-02 -1.405209202152e-02 8.457104511405e-02
-1.184923788544e-01 8.774085977486e-03 8.051441839006e-02
-2.125342954694e-01 2.556474499323e-02 5.454921688504e-02
-1.019564805276e-01 2.869008230320e-02 2.194892379743e-02
6.671017272459e-02 -1.659595175674e-03 1.617003358033e-01
6.758379825430e-02 -4.444229342311e-02 -2.658144329581e-01
7.182354950723e-02 -7.218156592933e-03 -7.608729165624e-02
2.152580033487e-02 6.600959298656e-02 4.560014861480e-02
-1.366379524268e-02 -4.757328521951e-02 5.338617080283e-02
1.808903462373e-01 7.591310050403e-01 2.170225790666e-01
Mode 13
3.742584411422e-02 2.089431938805e-02 -2.452809279370e-01
4.812072544205e-02 -6.375891294780e-02 -5.761247089516e-02
8.542976076766e-02 -4.409642661346e-02 1.254038018179e-02
6.029426949818e-02 1.956500251995e-01 6.989755864924e-02
-8.976960449953e-02 1.823310381869e-01 9.641997003578e-02
-1.666222828633e-01 6.802334690983e-02 1.622030798986e-01
-1.465033575457e-01 -6.280737036697e-03 1.067582248358e-01
-6.319970251209e-02 9.642721935339e-02 6.787922340568e-02
-5.963252007416e-02 5.058147819750e-02 1.215955452020e-01
-3.037283630527e-01 -3.341733957839e-01 3.282107596596e-02
-2.872856858397e-02 1.043919594961e-01 4.446333477916e-02
4.301488640220e-03 1.139805779113e-02 1.875050596832e-02
1.249224858095e-01 -8.678676804263e-02 -7.901229770168e-03
2.089554218836e-01 -4.162229900008e-02 -8.663264910752e-02
2.391275797524e-01 1.233802649877e-02 -1.263557426627e-01
2.089854701652e-01 2.930030019358e-02 -1.564179199081e-01
-2.946538736720e-02 -1.024548259821e-02 7.698584956751e-02
1.512235732355e-02 -6.751368947556e-02 -1.330910066172e-01
2.152077517301e-02 -4.877769330799e-02 4.071354653557e-02
1.012464283778e-01 2.629376296489e-01 3.600507654781e-03
-2.300523213044e-02 -1.733556546969e-02 7.981376738678e-02
-8.117339589462e-02 -3.597899736727e-01 6.133559034949e-02
Mode 14
1.145005724482e-02 3.900351378936e-02 1.069935610267e-01
4.308580235637e-02 9.266415088769e-02 -7.547766263667e-03
1.866954180360e-02 4.529254276400e-02 1.837901381603e-04
-2.154754180641e-02 -3.574874607384e-01 -3.374046319944e-02
-5.744052354784e-02 -2.323266181242e-01 -2.692450121222e-02
-4.166057020530e-02 5.666883007632e-02 6.044038871443e-02
-3.663646651060e-02 6.340739165173e-02 6.585796842859e-02
5.241390727221e-02 1.681944134015e-01 1.906362045844e-02
1.055245347223e-01 1.505290971145e-01 6.561679277071e-02
-1.407274622718e-01 -1.583439930570e-01 -4.791787276625e-03
-4.522195841410e-02 -1.754343404732e-01 -5.364481950674e-02
-2.656826116334e-02 -8.176745859289e-02 -2.865347102140e-03
1.436389975835e-02 1.441721192520e-01 1.039607686247e-02
1.435220861054e-02 8.226882408922e-02 3.202896643627e-02
-1.149068392827e-01 -2.805235114748e-02 8.607835895952e-02
1.191874582082e-01 -2.696253823959e-02 -2.161877280398e-02
1.798112843575e-02 1.059700389428e-02 -8.523134710094e-02
2.733425647133e-02 4.226257930720e-02 -1.332918332587e-01
3.806169866168e-02 8.592558931228e-02 -1.296534597784e-02
-3.592308247230e-03 -5.280906903169e-01 -7.814933219239e-02
-4.740313554944e-02 -5.568786956246e-02 3.939294256178e-02
8.260529403165e-02 4.562389635049e-01 -3.496245955176e-02
Mode 15
-4.446678249710e-02 -5.177759434803e-02 -1.343197155219e-01
3.944431962651e-02 -1.226322446537e-01 9.749604207549e-02
1.378085945964e-01 -6.161189870016e-02 9.650266936163e-02
6.537344459420e-02 2.294464988677e-01 -6.914200531706e-02
-6.242201605629e-02 1.188256352304e-01 -8.991084652895e-02
-1.794441416820e-02 7.441604167559e-03 -1.107341535271e-02
7.887028211924e-03 -2.542837933384e-02 2.431444653778e-02
7.179852638750e-02 3.664653050796e-02 -1.415418776393e-03
-1.026841207439e-01 -8.143770777563e-02 3.039524797236e-02
3.228241904999e-02 -4.446971838835e-02 6.229197032317e-02
-7.247776118846e-02 -6.683241736222e-02 -1.080759090761e-01
1.789349617190e-02 -1.447771505394e-01 1.265677663405e-01
9.613884582424e-02 -9.452720639307e-03 1.810192486895e-01
6.400930430397e-03 7.612963931484e-02 1.762478541924e-01
-3.008728735887e-01 7.927985243864e-02 1.434929229467e-01
1.558131053278e-01 7.279169551959e-02 -3.199445688692e-02
5.610205190378e-02 1.330287102024e-02 -2.716166294519e-01
-7.973144743386e-02 -3.376641125142e-02 9.748192530567e-02
-8.715632664025e-03 -1.343055829151e-01 2.489699743847e-01
1.429670951462e-01 3.481139979599e-01 -1.964104226609e-01
-5.970682036610e-02 -2.105606584998e-01 2.803556753374e-01
9.264760450234e-02 1.298638797875e-01 -6.286329697450e-02
Mode 16
2.877446141841e-02 -8.184369941878e-02 -1.648442878462e-01
-1.256184369202e-01 -1.200897002689e-01 -8.484381058777e-02
-1.399647486120e-01 1.374936825101e-01 -7.813678017296e-02
-6.606011444839e-02 1.859878034099e-01 5.142565762167e-02
3.227990646906e-02 -1.018633615356e-01 5.984866928356e-02
1.865785065578e-02 -1.661075239874e-02 2.181667971196e-02
-7.134364875856e-04 9.169148231178e-03 -1.074326435926e-02
-4.308328977544e-02 -3.527050774042e-02 9.991067303278e-03
5.529934232825e-02 3.476914224408e-02 -3.915468663741e-02
-1.506061993626e-02 4.168761043650e-02 -3.788562871631e-02
5.022344888042e-02 -3.343698862768e-01 3.707268986440e-02
-8.580466741636e-03 -1.240544458304e-01 -1.146161858561e-01
-5.377478676550e-02 3.318412883164e-01 -1.413846939271e-01
6.463913839191e-02 1.722026999206e-01 -3.417618948911e-02
6.423440969201e-03 -2.512869093333e-02 9.913268027292e-02
2.031811674338e-01 -5.723032040615e-02 -6.488730727292e-03
-2.947205335315e-02 4.263850853361e-02 1.035053412205e-01
-1.802953385112e-02 -9.053890711886e-02 2.031689991284e-01
-8.750920459996e-02 -1.792871283057e-01 -2.495962033649e-01
-1.299916105818e-01 2.825648669636e-01 1.567139978949e-01
4.242405293235e-02 -1.535673525093e-01 -1.990408701149e-01
-2.076975266104e-02 2.827120737123e-01 -9.242564985811e-02
Mode 17
-1.150261606522e-02 -8.667782734847e-03 3.990688369339e-02
-2.439539083806e-02 1.904133905450e-02 -3.797752378539e-02
-4.665047221337e-02 1.057523341547e-02 -4.372525449300e-02
-8.038817169602e-02 -1.652106283538e-01 -8.912457646630e-02
-1.622290085542e-01 1.245179248556e-01 -5.980832026717e-02
-1.485769044594e-01 1.101879149123e-01 -9.156160149620e-02
1.723097768061e-02 1.727544063619e-03 3.301509934489e-04
2.283475787417e-01 -9.892524517960e-04 -9.978178522351e-02
-1.679949561940e-01 -1.116453651087e-01 -3.758998727221e-02
1.779947581680e-01 4.518058503494e-02 1.663627987280e-01
-2.168240929618e-01 7.606998236484e-02 1.416582134291e-02
-2.017526536345e-01 -1.287792534826e-01 -3.430834286441e-03
-2.799010897666e-02 5.135812416401e-02 -1.946527374143e-02
1.019589931085e-01 2.870356084407e-02 -1.950562275782e-02
7.467062947162e-02 8.989241614170e-03 -6.594742566192e-03
1.888615196858e-01 -1.118290215444e-02 -1.058596669246e-01
4.446426991617e-02 -5.616048799243e-03 1.318764144823e-01
3.588052152634e-03 2.056720602231e-02 8.007241609068e-03
-5.710004481615e-03 1.595954270215e-02 -8.838941591366e-02
-5.883821999825e-02 -3.681306430418e-01 -1.520456955032e-01
-2.355362459516e-01 -3.271133753292e-01 7.155079680732e-02
6.590746314906e-02 1.980667604817e-02 3.941622786178e-01
Mode 18
4.740313554944e-02 5.568786956246e-02 -3.939294256178e-02
-1.364292552798e-02 1.883966195869e-02 7.677090615619e-03
-5.601944480179e-02 2.728399711891e-02 5.493091393118e-02
-8.476057629042e-02 -1.552922591214e-01 8.717774351228e-02
-4.597287823650e-02 2.084323976961e-01 9.717216709176e-02
2.574216929217e-02 -2.057286050873e-02 2.785930690642e-01
6.450976669865e-03 -1.159973488695e-02 2.690410843268e-02
-5.963339183099e-02 -1.744834423761e-01 8.774615043010e-02
9.412201113605e-02 -3.359743402388e-02 -1.931638150553e-01
-5.739539978066e-02 1.829578399531e-01 -8.204996577517e-02
3.604768462313e-03 1.972577874796e-01 -8.739045885511e-03
7.879490469133e-03 -1.976093087757e-01 1.698454341895e-02
-3.594718138592e-03 3.231678510951e-02 1.851225004396e-02
3.661395597180e-02 3.785093859644e-02 1.125720549087e-02
-1.365210409487e-02 1.433000994323e-02 3.175328122903e-02
9.837094095587e-02 8.136354821764e-03 -2.751286436689e-02
-2.581559782728e-02 -1.550435561495e-02 -8.598354415692e-02
2.515220757916e-02 -6.305587035565e-02 -7.410346596203e-02
-1.364292552798e-02 1.883966195869e-02 7.677090615619e-03
-9.267185855481e-02 -4.787353906867e-01 7.227968135025e-02
-7.948868288778e-03 -5.665466602008e-01 4.755730551976e-02
-5.728361615391e-03 6.940238671228e-03 -4.023703468684e-02
Mode 19
2.800431270540e-02 6.793881414600e-02 2.756852072404e-04
9.316413768025e-03 1.362696735108e-02 4.824427629590e-02
-2.372118119896e-02 -6.556006038579e-02 6.662720198791e-02
-7.466560430976e-02 1.057980446804e-01 1.148134464541e-02
-1.249442272811e-01 -2.046910997092e-01 1.976091518552e-02
-3.378523314119e-02 -3.066284442026e-02 1.063877248260e-01
-1.867620778956e-02 7.591448367816e-03 2.633570151486e-02
8.040565707297e-02 -5.083498818887e-02 7.122800467621e-03
8.763683277956e-02 1.735733594850e-02 -1.213198599947e-01
2.870462260021e-03 1.400139885326e-01 2.622676994245e-02
-1.421660263948e-01 -2.019089917574e-01 -4.645426421337e-03
-1.141649953376e-01 2.013723772414e-01 5.844244625040e-02
-7.215331153750e-03 -1.165666632537e-01 7.784697819590e-02
4.594370171174e-02 -5.429007631611e-02 6.462498480723e-03
6.821965280175e-02 2.058897650111e-02 -3.349885099887e-02
5.889406046684e-02 2.452357134576e-03 -5.766693668137e-02
1.652671975992e-02 1.540634431026e-02 -3.448930397922e-02
2.502311973366e-05 -4.386468710089e-02 -7.467187287985e-02
-3.420168662163e-05 3.935503508543e-02 9.874806349326e-02
-3.729811324506e-02 4.349770068284e-01 -2.653025214665e-02
-1.593960296290e-01 6.392295033263e-01 1.279787006330e-01
3.153478087578e-02 4.054464928266e-03 1.502967694572e-01
Mode 20
1.120305827935e-01 1.659872743204e-01 -5.193624247709e-02
-6.178452068474e-02 1.618562772829e-02 1.109986416980e-01
-3.450533561474e-02 3.139029494273e-02 1.221639521198e-01
3.651965772199e-02 -6.463922470544e-02 2.495758105854e-01
6.239032695060e-02 -2.207695699772e-02 1.911022110618e-01
-1.485718792975e-01 2.249752012069e-01 -8.667499941698e-02
-7.680842635345e-02 7.591184622664e-02 -2.319174947197e-02
1.393130495117e-01 -1.541506133179e-01 -1.035831195198e-01
-2.124792240680e-01 5.262265708600e-02 -8.990792679544e-02
5.018094038375e-02 -7.445958263321e-02 1.937463387429e-01
1.794691648017e-01 -1.182807287765e-01 3.606228064720e-02
1.873912664571e-01 4.200077737788e-02 -4.521941536419e-03
1.724518140936e-02 1.210244823736e-01 -1.885943754074e-02
-5.883898906551e-02 2.460555495819e-02 -8.679020699911e-02
2.800846611043e-02 -4.233882013309e-02 -2.868710748539e-02
-1.192083279229e-01 -3.945040893861e-02 6.732785299119e-02
-2.149575205328e-02 4.913006207095e-03 -1.153854194154e-01
-2.141181219590e-03 -1.975574758801e-01 -6.607918784963e-02
-9.267678102710e-02 2.427844159244e-02 1.664979625470e-01
-8.419364240171e-04 -5.396597998527e-02 3.263234042285e-01
2.125484991981e-01 9.373219331678e-02 -7.373880541923e-02
-4.364069062593e-02 5.056272475359e-02 -4.100474374840e-01
Mode 21
1.572683857605e-01 2.930472756773e-01 -4.888710523678e-02
-1.752436172775e-01 3.620792729665e-02 1.728544491888e-01
-1.177922743387e-01 1.053729200099e-01 1.442966660554e-01
-1.378661785787e-01 -2.283965653987e-02 4.551117327923e-02
-5.025688149978e-02 -1.901127663775e-02 -3.580114875246e-03
2.588815460555e-02 -1.734833488350e-01 -1.404753755222e-01
7.686098517384e-02 -1.062475772812e-01 -1.237086952481e-01
-1.772779373427e-01 2.281088304548e-01 -1.193268385573e-01
1.075863904881e-01 -2.784284999722e-02 2.855695086766e-01
1.996415206965e-01 2.144376796120e-03 -1.324336243638e-01
-9.189658199037e-02 1.040705006168e-01 1.115119365197e-02
-6.034180315672e-02 -5.052700785042e-02 8.188948815007e-02
-4.956846813193e-02 1.568426223196e-02 8.183502236386e-02
1.938964427715e-02 -1.676059659899e-02 -1.559243715561e-02
7.970391173320e-02 2.023745520504e-02 -2.525335346544e-02
4.955928956504e-02 -2.019391424742e-02 -5.775883175045e-02
7.191948858114e-03 -7.239927071742e-03 -3.458119904830e-02
-5.673211222211e-02 -3.562830526499e-01 -2.106783893218e-02
-2.154706485217e-01 2.165446977880e-02 2.282618749687e-01
-1.450539740318e-01 -1.258773637472e-01 5.112957963490e-02
-9.340026783841e-02 -1.961269827655e-01 1.459814940293e-01
3.512283302841e-02 2.462167095057e-02 1.583040110662e-01
Mode 22
3.226908707807e-02 6.129826387528e-02 1.153309536292e-01
-8.898776463870e-02 9.445181978481e-02 -9.033289259148e-02
-1.722948040101e-01 -2.907147003262e-01 -8.774658697278e-02
-9.048140016302e-02 2.382890899167e-02 5.427061194428e-02
7.464560635188e-02 5.285392871506e-02 6.807713031366e-02
3.517790442974e-02 5.167958304334e-02 1.384686738577e-02
1.653589832680e-02 1.991599632572e-02 -5.856549459263e-02
-6.029591032228e-02 -2.797874777311e-02 -3.849146491700e-02
-6.750370373324e-02 2.763551841498e-02 4.668541639774e-02
6.461990950130e-02 -6.188152468393e-02 -1.987320303414e-02
1.084099697784e-01 1.710382595713e-02 7.398485674862e-03
1.943553711159e-02 5.787663478309e-03 -1.359733902227e-01
-9.403612238586e-02 -2.611582526897e-01 -8.633408792991e-02
5.954827214807e-02 7.650293108972e-02 1.264962640510e-01
-1.134841197125e-01 6.388698666925e-02 1.365276803707e-01
2.232984519273e-01 3.613687307369e-02 -3.052749205783e-02
-1.723097768061e-02 -1.727544063619e-03 -3.301509934489e-04
5.243390523009e-02 9.542440006061e-03 -6.049485450063e-02
-2.288088559904e-02 1.560771970258e-01 -2.282901085084e-01
-1.788349510784e-01 3.509832761271e-01 2.276593950442e-01
1.121365721912e-01 3.303807327850e-01 -3.118877371454e-01
-4.300319525438e-02 -5.207728274855e-02 -2.091379492570e-01
Mode 23
-7.536658058226e-02 -2.158657099257e-01 -8.615029779175e-02
1.170629932983e-01 -4.782943266241e-02 -1.044442481482e-01
-4.523441862918e-02 1.553985623640e-01 3.324355857117e-02
-5.031861888707e-02 6.814802401299e-03 1.673965204583e-01
-3.883938511748e-02 -1.083240051893e-01 1.707554159125e-01
2.861591320039e-02 -2.159014268289e-01 2.420076515422e-01
-1.205434152292e-01 2.398440767835e-02 -1.949205818614e-01
-1.118561900227e-01 -8.030388602661e-02 -4.055113791777e-01
-2.588312944369e-02 2.882706351296e-01 1.453619776015e-01
2.203504077271e-01 -2.967669730348e-02 1.648180555997e-01
-2.300020696858e-02 9.745172082486e-02 8.470036946600e-02
-3.377605457430e-02 -2.615319240480e-02 8.231153421260e-02
-4.813241658987e-02 1.855617785067e-03 7.924536046896e-02
1.147256778363e-02 -6.225481645881e-02 2.987838710724e-02
6.247293405259e-02 1.850991114142e-02 -2.558350445889e-02
1.222523111970e-02 4.008286519130e-03 -5.323980994754e-02
-9.298056634249e-03 -4.607663320157e-03 -9.639665752273e-02
4.956016132187e-02 2.048710063262e-01 -2.390943697859e-02
1.515591503461e-01 -8.372937962060e-02 -2.025320096545e-01
-8.696262314046e-02 -1.019587353888e-01 2.259245857680e-01
-5.605451824525e-02 -1.584258883693e-01 1.198295826526e-01
1.723349026154e-02 5.912118721089e-02 2.773452033060e-03
Mode 24
-6.892893588431e-02 -1.216974625490e-01 -6.207206053018e-03
1.773313679199e-01 -3.337964093567e-02 6.275788609046e-03
-3.379277088398e-02 -2.028437738621e-01 9.905782170717e-02
-2.736179217199e-02 -5.579153535359e-02 2.055204050989e-01
-7.615836807724e-02 2.602400544609e-01 1.899342439530e-01
-1.407123867862e-01 1.860178658267e-01 9.868018961042e-03
1.321144346677e-01 -9.402669511437e-02 -4.248242881847e-02
-1.385837684713e-01 9.660712597039e-02 6.373070161261e-02
1.572980441350e-02 -2.410762961713e-01 1.376037524104e-01
1.759871020467e-01 2.554552366583e-02 -2.318964556302e-01
-3.307518099137e-02 -3.222905563724e-01 8.083829337380e-02
-3.663646651060e-02 6.340739165173e-02 6.585796842859e-02
-4.021031493449e-02 1.621371239394e-01 3.866113828534e-02
-3.943765364055e-02 6.974825352193e-02 -1.240155337285e-01
1.048285836117e-01 -5.634737119700e-02 -2.712824758723e-02
-3.948857163685e-02 -6.758729284992e-02 -8.521182740677e-03
-5.710004481615e-03 1.595954270215e-02 -8.838941591366e-02
6.897734129968e-02 2.016393657736e-01 -1.117304459744e-01
1.923970130180e-01 3.972003492237e-02 4.904801940457e-02
-5.609538591783e-02 -6.618686215205e-02 2.450971377989e-01
-5.601857304496e-02 2.523489176925e-01 8.878030870303e-02
9.373997750283e-03 9.807852259112e-02 -9.376956634496e-02
Mode 25
-7.092830825581e-04 -1.011084860479e-01 -3.970605705189e-02
-6.743278777906e-02 6.319091391391e-03 -1.483674095492e-01
-6.673683666842e-02 2.131955597029e-01 -5.562236919123e-02
1.126196727497e-01 -1.659463640635e-02 2.669108977773e-01
3.508524700403e-02 -2.184818576849e-01 2.207593787480e-01
-1.923235844829e-01 -3.642818798689e-03 -2.416575443119e-01
-1.511153793256e-02 -9.564793593535e-02 7.760872227153e-02
9.475371227848e-02 1.417114701794e-01 6.811455959653e-02
1.256425882831e-01 -1.488399074056e-01 -2.367745706394e-02
-9.333263353243e-02 1.178991450637e-01 1.374085554687e-02
3.442611285051e-02 2.104814006390e-01 1.308144592124e-01
-6.101852537675e-02 -2.331925155740e-02 -2.515853866284e-02
-5.026190666164e-02 -1.337985629323e-01 -8.466716954469e-03
3.513616500033e-02 -8.114631131306e-02 1.052650277602e-01
-2.297518384885e-02 5.358703372396e-02 1.002849658615e-02
6.104606107742e-02 3.684820760378e-02 -4.707003317740e-02
-2.115286343023e-03 -1.635724240736e-02 -1.069016659576e-01
2.870857062610e-02 5.426001389936e-02 3.509514017991e-02
-2.285422165521e-02 -5.545876750142e-02 -3.343680751205e-01
-5.916086358178e-03 2.702483264111e-02 4.702495702740e-01
-6.428466131061e-03 -8.965859536122e-02 -1.040192823521e-01
-2.434534459860e-02 -6.868803514728e-02 -1.873212695451e-01
Mode 26
2.174511149378e-03 -6.686247977897e-02 -6.651827041549e-02
-5.022016723223e-02 -9.726685759106e-04 -9.988487732890e-02
-1.392687975014e-01 3.443701508216e-01 1.460826018498e-02
-2.103347612003e-01 -8.516242188663e-02 -8.664092641030e-02
9.192663027197e-02 -3.314790142310e-02 -8.093646445259e-02
1.364284862125e-01 2.043395784131e-01 -1.151541765209e-02
1.263685876753e-01 1.289591600996e-01 -7.176875066233e-04
-2.949543564879e-02 -8.116808179187e-02 1.467711203681e-01
-1.572191085883e-01 1.195954812096e-02 -3.520115201881e-02
5.676457039507e-02 -1.332018235828e-01 -1.453790141048e-01
2.439287825713e-02 -7.643498220178e-02 3.553422274577e-02
8.033976628065e-02 8.526872512927e-02 2.070622284938e-01
-1.192567333383e-01 -1.193923121632e-01 1.852655050186e-01
2.650313943830e-02 -1.748650260890e-01 1.375492866242e-01
8.473052800882e-02 8.436965992773e-02 -1.739247271166e-02
4.742815866917e-02 1.182318246157e-02 -1.140648154416e-01
1.221605255281e-02 -5.013654963310e-04 -2.916361933413e-02
-1.293866760728e-02 5.160861712049e-03 4.249654558829e-02
-2.216832086829e-02 -7.815687177897e-02 -2.513962389210e-01
-2.929575406088e-01 -3.253557688488e-01 3.032330914014e-02
9.974612686748e-02 2.451987099876e-01 1.747235038436e-01
2.295016072912e-02 -9.722346623069e-03 6.464337629370e-02
Mode 27
-3.589134091733e-02 -4.251043481216e-02 -2.459013174502e-02
1.170012559110e-01 -2.200335362335e-02 6.653238718531e-02
-1.831406958132e-01 -1.679382659586e-01 1.387667984926e-01
-3.374042224585e-01 8.201578198135e-02 -8.444999806488e-02
2.300020696858e-02 -9.745172082486e-02 -8.470036946600e-02
-2.435452316548e-02 -7.319768716274e-02 -1.632450789317e-01
-4.452851988439e-02 -2.595151530898e-02 3.665691981159e-02
7.179852638750e-02 3.664653050796e-02 -1.415418776393e-03
5.313816315079e-02 -4.136360240578e-03 -2.567539952797e-02
-1.034108892034e-01 3.349942271918e-02 7.269096691915e-02
1.306884334493e-01 1.493765219216e-01 -3.011956276512e-02
2.540872354529e-01 -7.895575610780e-02 1.763679828011e-01
-1.091734525054e-01 7.979469647584e-02 1.312019957256e-01
-6.385806759835e-02 1.326542796773e-01 -8.732118463405e-02
1.105502792411e-01 -1.040361873641e-02 3.962827875263e-02
4.308744318047e-02 -7.500712653867e-02 -3.895385999591e-02
1.219769541903e-02 -9.520669527252e-03 1.898876189269e-02
2.731841191848e-02 9.063691842356e-02 -8.269615099225e-02
1.356616191477e-01 1.877953712518e-02 9.079236793688e-02
-3.855265887247e-01 3.134459723555e-01 4.568566562522e-03
2.835267279436e-01 -2.499105069823e-01 1.402046113416e-01
-6.884133678519e-04 -3.469553886972e-02 -8.541513723910e-02
Mode 28
7.226150544736e-04 -4.659496215717e-03 -1.333292625416e-02
-1.722179911372e-02 2.782107951841e-03 -2.440634160686e-02
-2.655821083962e-02 1.478071139962e-01 6.907857056304e-03
-9.618725123961e-02 -7.048918258527e-02 -6.308159666202e-02
-3.443103532280e-02 2.925324316401e-01 -3.659617801567e-02
-1.019523271225e-01 -8.158755197589e-02 -7.013868895204e-03
-7.754775771760e-02 -9.611923901493e-02 6.887464276769e-03
9.380663736241e-03 4.519453145930e-02 -1.202890579980e-01
1.083982786306e-01 -4.479946920561e-02 2.903137524866e-02
-7.470231857731e-02 8.775943661854e-02 1.077861070991e-01
1.055528394903e-01 -2.286781448391e-01 -7.186726757363e-02
1.773455716486e-01 8.591729737434e-02 -1.291379992514e-02
3.660641822901e-02 -1.343299908454e-01 3.927302372032e-03
3.443190707963e-02 -6.746751106642e-02 7.044557278752e-02
-4.235816214004e-02 1.746363919114e-02 -8.985579112666e-04
7.176104305268e-03 4.113441204461e-02 1.601448321814e-02
4.292310073332e-03 6.888405775668e-03 4.282669658174e-02
7.134364875856e-04 -9.169148231178e-03 1.074326435926e-02
-1.433133889583e-02 -1.585587691103e-02 -7.773804662349e-02
-8.327119686070e-02 -5.921928326228e-01 -1.275678516068e-01
2.118476256152e-01 3.898695572843e-01 -7.226556458043e-02
-2.718739940112e-02 2.989185294017e-02 -2.519272165559e-01
Mode 29
-1.576990301882e-02 -5.942087561141e-02 -7.759168576820e-02
1.241473119347e-01 -5.179154077240e-02 1.523321412041e-01
2.150580237700e-02 2.246615663820e-01 1.251586235739e-01
-1.665538794901e-01 -1.068672326104e-02 -3.529304708789e-02
-1.845292136967e-01 -2.992326388608e-01 -1.043058641183e-02
-1.802510046625e-01 2.061599471785e-01 1.506905819801e-01
3.016046672101e-02 -7.942969663890e-03 -1.809020398143e-02
-5.240636952942e-02 3.986516040321e-03 -1.173371733960e-02
-9.355640616507e-03 -8.905921856020e-02 4.561718511813e-02
1.400432023090e-01 1.337081990818e-02 -1.095861426551e-01
6.829810649872e-02 1.714534789193e-01 -2.212217738269e-01
1.637593583461e-01 -3.585640600058e-02 -1.810999467222e-01
1.665989005677e-01 -1.918299372353e-01 -1.189373007510e-01
8.546232163018e-02 8.421981572747e-02 -5.480158957923e-02
-1.550813117064e-01 -7.294153971985e-02 -5.414659980651e-03
7.846160539344e-03 6.681064688341e-02 1.495820016841e-01
-7.219484558778e-03 -6.289028974640e-03 1.068097708885e-01
-1.363374696109e-02 2.334931397415e-02 -1.639909999779e-02
8.749664169531e-02 -1.076810874307e-01 2.373796981669e-01
-3.794817152126e-02 2.506487985942e-01 -2.396562455716e-01
1.393439695502e-01 1.418369064494e-01 -1.395189955486e-01
-3.514370274312e-02 -9.103461812877e-02 -1.125949308790e-01
Mode 30
-3.578873585746e-03 -1.605755400685e-02 -3.208343222248e-02
1.219769541903e-02 -9.520669527252e-03 1.898876189269e-02
3.949359679871e-02 1.823745791445e-01 1.340778481990e-02
8.183504262907e-02 -1.177964150395e-02 3.105263022574e-02
2.800431270540e-02 6.793881414600e-02 2.756852072404e-04
5.242221408227e-02 -5.236085515667e-02 -3.886196492683e-02
9.334770901801e-03 2.264627138200e-02 9.189506908014e-05
1.722179911372e-02 -2.782107951841e-03 2.440634160686e-02
-1.506979850315e-02 3.717795842104e-02 -1.380943810289e-02
-2.154164488772e-02 -1.763525387021e-02 4.995533651639e-03
-5.386995677215e-02 4.286204440835e-03 6.308451639553e-02
-6.750621631417e-02 -2.975812473229e-02 4.424211535813e-02
-5.100123802579e-02 -3.058296481739e-01 2.161249679427e-02
-1.140498273731e-01 3.702754877214e-01 -2.255852390313e-01
4.088288374950e-02 -7.906724595336e-02 9.734968122020e-02
4.090790686923e-02 -1.229319330543e-01 2.267780834036e-02
-5.014925127805e-03 -2.228909559950e-03 -2.949377032758e-02
-1.149343749833e-02 -4.158130719386e-03 1.583069307998e-02
-7.917076493518e-03 -4.549421985982e-02 4.547082426284e-02
7.607576097525e-02 -3.008269226000e-01 2.675147156768e-02
-7.319524839151e-02 6.704154837217e-01 9.248502533214e-03
1.213344545082e-02 -4.108823363548e-02 1.875220961866e-01
Mode 31
2.080067269947e-02 1.327544605500e-02 5.648977382934e-02
-2.116923590454e-01 7.953072497850e-02 -2.717741873435e-01
5.460841637947e-02 -5.732003977291e-02 -1.270131249161e-01
9.121319378438e-02 -2.397875319193e-02 -9.167972881185e-02
-3.301923783321e-02 -7.016772370595e-02 -2.976945553482e-02
-9.625062945099e-02 1.230081738801e-01 1.393011324037e-01
-2.010559334566e-02 -3.146389831710e-02 2.405871756739e-03
-5.596688598139e-02 -3.051733935604e-03 -9.196953078891e-02
4.952006271656e-02 -9.562616545654e-02 3.610262966359e-02
1.363625954202e-02 3.404432917313e-02 1.884240103740e-02
-4.308154626178e-03 4.148593334069e-02 7.768985684699e-03
1.765378369112e-01 -7.403717696365e-03 2.146615408101e-01
4.949755217775e-02 5.632164791628e-03 1.132178035831e-01
-3.514534356722e-02 7.663665929760e-02 -8.118883714678e-02
2.656323600148e-02 -3.301982770166e-02 -2.021254977082e-03
-2.585231209483e-02 -3.354296367680e-02 1.032121829673e-02
7.226150544736e-04 -4.659496215717e-03 -1.333292625416e-02
2.844567383454e-03 -4.118624494017e-02 6.704924805044e-02
-1.534591762457e-01 6.081649928974e-02 -4.870848331042e-01
1.386405833863e-01 3.805806272697e-01 -1.404890557494e-01
1.240855745474e-01 -2.596546173335e-02 3.233087765376e-01
3.006201506617e-02 -1.554986866808e-04 2.491911938057e-01
Mode 32
1.435636201556e-02 -2.800881018987e-02 3.066173743637e-03
-1.234430540140e-01 3.811274052576e-02 -1.175126862314e-01
-8.402375750720e-02 -4.065481702709e-02 5.465522872394e-02
-1.077215564105e-01 1.759171291259e-02 7.801665156424e-02
-3.016713270696e-02 6.082696079570e-02 4.460969563445e-02
2.803097664923e-02 -1.435971503813e-01 -1.058022814049e-01
2.154164488772e-02 1.763525387021e-02 -4.995533651639e-03
4.878411569017e-02 1.480131302281e-02 1.024745392238e-01
-5.598021795331e-02 1.027162483280e-01 -3.893054748286e-02
2.729502962285e-02 -3.316967190191e-02 -3.943037184465e-02
-6.606098620522e-02 -3.907711716373e-02 1.757626284982e-02
4.232396045342e-02 2.189139589429e-02 9.964662140453e-02
1.342505907254e-01 -1.125650552881e-02 1.871015695194e-02
2.506210172508e-01 1.649615721815e-02 -1.421864357427e-01
-1.708170130386e-01 -1.717174504167e-01 -1.817544092421e-01
7.814471433653e-03 1.635593251161e-01 2.507733662169e-01
-1.219769541903e-02 9.520669527252e-03 -1.898876189269e-02
3.805918608075e-02 2.853194616500e-02 -1.540864701745e-02
-5.013756013024e-02 3.961419956323e-02 -3.165705928496e-01
-1.903393106572e-01 -1.078143477551e-01 1.998674891939e-01
-9.418877368520e-02 -5.536377323162e-02 3.592538483096e-01
4.864894976778e-02 4.550175938173e-03 4.660606994646e-01
Mode 33
-7.226150544736e-04 4.659496215717e-03 1.333292625416e-02
-2.224590280842e-02 -3.956453623569e-03 -2.982392132103e-02
1.220436140499e-02 -6.240466065907e-02 -7.530729760330e-03
1.579995130041e-02 1.303434748051e-01 7.806414967571e-03
-3.518708299663e-02 -5.618923505880e-02 1.022932322765e-02
-5.097949655425e-02 -1.435178042204e-02 9.752811378910e-03
0.000000000000e+00 0.000000000000e+00 0.000000000000e+00
5.014925127805e-03 2.228909559950e-03 2.949377032758e-02
-1.435636201556e-02 2.800881018987e-02 -3.066173743637e-03
3.590718547017e-02 -5.863904304197e-03 -2.600555052141e-02
7.907897926630e-03 4.098456784436e-02 -2.139463364943e-02
4.019447038164e-02 -1.137627848231e-01 1.193454398110e-02
1.220938656685e-02 5.238262563548e-02 -2.644127681108e-03
-9.343949468689e-03 -2.715592339746e-02 2.398429554433e-02
1.579492613855e-02 1.555618851051e-02 2.919812888349e-03
-1.650836262614e-02 -6.387040279337e-03 -1.366307724760e-02
0.000000000000e+00 0.000000000000e+00 0.000000000000e+00
5.746718749167e-03 2.079065359693e-03 -7.915346539988e-03
-1.362456839420e-02 2.785896598961e-02 -4.047529061121e-02
7.159285306021e-03 -7.533572879863e-01 -6.634411256324e-02
5.676969824650e-02 5.993865812854e-01 -4.138752874961e-02
-2.883794231937e-03 -3.424600626894e-02 2.681221336360e-02
Mode 34
6.460155236753e-03 -7.090082871485e-03 2.827917819268e-03
-5.310144888323e-02 2.217496830242e-02 -7.062936292568e-02
4.092211059798e-02 -3.634994744247e-03 3.488219806166e-03
4.737308726784e-02 -1.523472963119e-02 3.039232823885e-02
-1.543720286239e-01 2.816694632806e-02 3.429139707124e-02
-1.407274622718e-01 -1.583439930570e-01 -4.791787276625e-03
-2.368446693141e-02 -4.752145232395e-02 -2.967756046574e-02
6.958478838964e-02 2.807675907781e-02 1.589643130531e-01
-7.823278674769e-02 1.516437858363e-01 -4.223497715087e-02
1.249617126580e-01 -1.135451683351e-02 -1.017626911842e-01
1.224107567254e-02 -4.436605259722e-02 -1.038354922140e-01
1.148843287439e-01 1.293106813957e-01 -8.963185040060e-03
5.312647200297e-02 -6.603965540331e-02 -4.042509954164e-03
-1.091392508188e-01 4.043966139041e-02 3.245393223232e-02
4.448513963088e-02 6.079689837895e-02 8.616733429508e-02
-1.433385147676e-02 -7.324952005830e-02 -8.018134766310e-02
1.147508036456e-02 -4.861173311535e-03 3.232168814685e-02
1.148425893145e-02 -3.515212960741e-04 8.245497533437e-03
-3.944016622148e-02 1.235461037465e-02 -1.264588347681e-01
1.508257159007e-01 8.409174200602e-02 -1.337167990547e-01
7.028391845891e-02 -7.181904460370e-01 8.979228267062e-02
-3.073873728620e-02 2.736325497970e-02 -3.562392206186e-01
Mode 35
-1.436051542059e-03 1.382864444690e-02 2.589661894900e-03
6.460155236753e-03 -7.090082871485e-03 2.827917819268e-03
-7.898719359742e-03 -3.647491582889e-02 -2.681556963980e-03
-5.732515020419e-03 1.172178729503e-01 -1.127424199420e-02
2.441123539091e-02 -6.741567817086e-02 -1.261815848105e-02
1.794692674913e-02 4.995203897972e-02 1.351671639232e-02
1.507231108408e-02 2.021568472623e-02 1.625273914250e-02
-1.003902882250e-02 -8.967471135361e-03 -3.491135004175e-02
8.609643266397e-03 -3.008787554956e-02 1.098152028363e-02
-1.795359273509e-02 2.931952152098e-03 1.300277526071e-02
2.140309462757e-03 -2.750744469353e-02 3.222979307777e-02
-2.943282650467e-02 1.180707597427e-01 9.643879806493e-03
-5.749231330097e-03 -5.947270850697e-02 5.472045500377e-03
2.883794231937e-03 3.424600626894e-02 -2.681221336360e-02
-9.334770901801e-03 -2.264627138200e-02 -9.189506908014e-05
1.650836262614e-02 6.387040279337e-03 1.366307724760e-02
0.000000000000e+00 0.000000000000e+00 0.000000000000e+00
0.000000000000e+00 0.000000000000e+00 0.000000000000e+00
5.024103694693e-03 6.738561575411e-03 5.417579714168e-03
-5.388175060953e-02 -6.754182092955e-01 -1.438747730662e-02
-5.104384921204e-02 -6.637204631039e-01 7.918126239684e-02
-9.974778854283e-03 2.260009297286e-02 -2.034446843356e-01
Mode 36
0.000000000000e+00 0.000000000000e+00 0.000000000000e+00
-5.737540182279e-03 2.430586655767e-03 -1.616084407342e-02
5.746718749167e-03 2.079065359693e-03 -7.915346539988e-03
-1.506313251719e-02 -1.570603271077e-02 -4.032892975592e-02
-5.737540182279e-03 2.430586655767e-03 -1.616084407342e-02
-1.149343749833e-02 -4.158130719386e-03 1.583069307998e-02
-5.024103694693e-03 -6.738561575411e-03 -5.417579714168e-03
5.024103694693e-03 6.738561575411e-03 5.417579714168e-03
-6.460155236753e-03 7.090082871485e-03 -2.827917819268e-03
5.746718749167e-03 2.079065359693e-03 -7.915346539988e-03
2.133643476799e-03 2.537654643828e-02 5.874928473079e-02
-6.750621631417e-02 -2.975812473229e-02 4.424211535813e-02
-1.365210409487e-02 1.433000994323e-02 3.175328122903e-02
2.944703023342e-02 1.226178567288e-03 -2.883346834068e-02
-1.434969602961e-02 -2.487518094195e-02 -2.958566539666e-02
4.301488640220e-03 1.139805779113e-02 1.875050596832e-02
3.517539184881e-02 -5.714060103940e-03 1.140356634615e-02
-5.746718749167e-03 -2.079065359693e-03 7.915346539988e-03
-5.737540182279e-03 2.430586655767e-03 -1.616084407342e-02
2.182048892169e-03 1.053184496629e-01 -5.918836729666e-02
-9.478452962733e-02 1.801021286269e-01 6.692619970820e-02
-8.005774328806e-02 -2.863155797266e-03 -9.558674385491e-01
Mode 37
2.369779890332e-02 -5.824652993968e-02 -2.336142284031e-02
-1.715662920369e-01 4.447801032629e-02 -6.234351637586e-02
-1.299373900861e-02 -2.189705038071e-02 1.869536892688e-01
-2.088076722053e-02 3.531328953126e-03 1.626392427310e-01
-5.815308827859e-02 1.907450680628e-03 -3.818370799615e-03
1.766479797139e-01 4.671210648916e-02 -7.425274655084e-02
4.163805966649e-02 4.458950017185e-02 1.667478520503e-02
-2.654739144864e-02 -1.535451141470e-02 -4.857442728935e-02
1.650585004521e-02 -5.100660286794e-02 1.121977620799e-02
-6.965570434381e-02 -6.760332054219e-03 3.608851289377e-02
-6.596002196945e-02 1.052905500634e-02 -2.472618338977e-01
-4.952508787842e-02 -1.916112083801e-02 -4.098923174281e-02
2.089303987639e-01 2.242388100816e-03 -1.196077622767e-02
-7.036914083140e-02 2.408816176959e-03 2.534524853452e-02
2.295267331005e-02 4.767129652421e-02 6.708667733331e-02
-4.593036973983e-02 -5.147790594752e-02 -5.950148178677e-02
5.005746560917e-03 -2.280742455510e-03 5.356996094099e-02
6.534754971764e-02 4.824626539491e-02 -2.831952720907e-02
-1.155009544007e-01 3.974227328468e-02 -2.376553833741e-01
-4.099553913308e-02 -3.244222137944e-02 1.891213051011e-01
-4.072726746648e-01 1.392047309979e-01 5.367969926696e-01
-3.075042843402e-02 -3.454004018303e-02 -3.346063310448e-01
Mode 38
-7.899626947474e-02 2.485423082692e-01 9.636550424957e-02
-4.954770110679e-02 -5.357039091635e-01 -6.297894109931e-02
-2.151159660613e-02 5.328734532345e-02 -6.478973714899e-02
4.162636851868e-02 -1.731379499089e-02 3.830767477883e-02
-1.723097768061e-02 -1.727544063619e-03 -3.301509934489e-04
0.000000000000e+00 0.000000000000e+00 0.000000000000e+00
5.024103694693e-03 6.738561575411e-03 5.417579714168e-03
0.000000000000e+00 0.000000000000e+00 0.000000000000e+00
0.000000000000e+00 0.000000000000e+00 0.000000000000e+00
0.000000000000e+00 0.000000000000e+00 0.000000000000e+00
-1.648082692548e-02 7.141915767045e-03 -8.589164908784e-02
2.870605804517e-02 -3.133629247916e-03 3.265183914030e-02
-4.020867411039e-02 -5.534153486931e-03 7.255044553090e-03
1.148425893145e-02 -3.515212960741e-04 8.245497533437e-03
7.226150544736e-04 -4.659496215717e-03 -1.333292625416e-02
5.024103694693e-03 6.738561575411e-03 5.417579714168e-03
5.737540182279e-03 -2.430586655767e-03 1.616084407342e-02
1.127415067002e-01 9.942448294191e-02 -4.363627915744e-02
-1.048428900300e-01 -6.807506856867e-01 -5.278704715454e-02
-4.673723272039e-02 8.026599955542e-02 2.019232537203e-01
-7.474154542579e-02 1.232718540942e-02 2.016475685131e-01
-1.002985025561e-02 -4.457819119900e-03 -5.898754065516e-02
Mode 39
-2.944451765249e-02 5.616746457999e-02 3.127676938029e-02
3.216969285838e-01 5.780218394183e-02 -1.302689282650e-01
-2.651985574797e-02 -1.825555368316e-03 -1.208029991296e-01
4.375083342859e-02 3.553099431935e-03 1.211331501230e-01
-3.518457041570e-02 1.204408088479e-03 1.267262426726e-02
2.872441517895e-02 5.885674783006e-03 -1.550054208653e-02
1.219769541903e-02 -9.520669527252e-03 1.898876189269e-02
7.226150544736e-04 -4.659496215717e-03 -1.333292625416e-02
0.000000000000e+00 0.000000000000e+00 0.000000000000e+00
-5.746718749167e-03 -2.079065359693e-03 7.915346539988e-03
-7.816112257750e-03 4.111952310250e-03 -2.193672724847e-01
3.444359822745e-02 -5.564215903683e-03 4.881268321372e-02
-9.333765869429e-02 3.111858769107e-03 8.854253467643e-03
1.723097768061e-02 1.727544063619e-03 3.301509934489e-04
-2.865437098161e-03 -2.522670223802e-02 -2.134016786322e-02
1.507231108408e-02 2.021568472623e-02 1.625273914250e-02
5.014925127805e-03 2.228909559950e-03 2.949377032758e-02
-1.536727958651e-01 -1.002991402131e-01 6.422424996469e-02
3.389304188453e-01 1.169233711527e-01 -1.274954762319e-01
-1.918896584070e-01 -3.782389321459e-02 5.203342311424e-01
-2.234561283885e-01 5.487032008985e-02 4.712288262181e-01
-2.847079964385e-03 -1.620739820710e-02 -6.949254909005e-02
Mode 40
-2.442041395780e-02 6.290602615540e-02 3.669434909446e-02
1.170629932983e-01 -4.782943266241e-02 -1.044442481482e-01
6.964652577693e-02 2.250680038759e-03 -1.201232228036e-02
-2.182192768312e-01 -2.340399405513e-03 -1.085120719085e-01
1.213211016850e-01 -1.585991801305e-03 3.713051192681e-02
-8.400540037342e-02 -3.163551299617e-02 6.502847497112e-03
2.655657001553e-02 1.986416343016e-02 2.449823667594e-02
0.000000000000e+00 0.000000000000e+00 0.000000000000e+00
-6.460155236753e-03 7.090082871485e-03 -2.827917819268e-03
5.746718749167e-03 2.079065359693e-03 -7.915346539988e-03
4.227806761898e-02 -6.568641830119e-04 2.200275744716e-01
-5.670785816964e-02 -7.411541750807e-03 -3.048422330793e-02
3.525683192115e-01 -1.670357710051e-02 -1.400591689267e-01
-5.959831838754e-02 1.122644311206e-02 2.284748170870e-02
5.721695629433e-03 4.594375246059e-02 6.675652633986e-02
-6.388396247491e-02 -4.854595379542e-02 -4.649870652606e-02
-5.014925127805e-03 -2.228909559950e-03 -2.949377032758e-02
-5.457672727378e-02 -3.942863845980e-02 2.582176038325e-02
1.407816619163e-01 -3.966301542389e-02 -1.735147511757e-01
-4.552749504942e-01 3.652419957305e-02 2.475695908186e-01
-3.347290226841e-01 6.993343504198e-02 4.449334737196e-01
9.288878067361e-03 9.801130469665e-05 1.204728481361e-01
Mode 41
-2.226174736126e-02 4.441788549278e-02 2.077176094541e-02
8.692088371105e-02 -3.086715896759e-02 -1.345064253936e-01
-1.368881836242e-02 -3.708598118616e-03 1.280580436827e-01
-3.016046672101e-02 7.942969663890e-03 1.809020398143e-02
-8.187175689662e-02 -6.258966557888e-03 6.525213222790e-02
7.467980803851e-02 1.349889362963e-02 -3.067093317960e-02
-2.580390667946e-02 4.639893954778e-02 -1.076164337307e-01
5.737540182279e-03 -2.430586655767e-03 1.616084407342e-02
1.506979850315e-02 -3.717795842104e-02 1.380943810289e-02
-1.724015624750e-02 -6.237196079080e-03 2.374603961996e-02
-1.222523111970e-02 -4.008286519130e-03 5.323980994754e-02
7.317936213615e-04 -1.498442002569e-04 -3.740911686757e-02
2.799262155759e-02 6.035518983262e-03 2.190857478104e-02
-6.460155236753e-03 7.090082871485e-03 -2.827917819268e-03
0.000000000000e+00 0.000000000000e+00 0.000000000000e+00
0.000000000000e+00 0.000000000000e+00 0.000000000000e+00
5.746718749167e-03 2.079065359693e-03 -7.915346539988e-03
-5.026606006667e-02 -2.352092865321e-02 2.049607573817e-02
1.789209425181e-01 -2.793784426701e-02 -4.080524147535e-01
3.656788670087e-01 6.425306333917e-03 -6.424466372095e-01
1.839266890790e-01 -3.021858672253e-02 -3.544824538125e-01
-7.134364875856e-04 9.169148231178e-03 -1.074326435926e-02
Mode 42
7.182770291226e-03 -1.174957908720e-02 -1.050500843489e-02
-3.090143890926e-02 3.583161848686e-03 7.957551146241e-02
-3.371180460609e-02 5.414371703426e-03 -8.622180008129e-02
-1.219769541903e-02 9.520669527252e-03 -1.898876189269e-02
6.461324351534e-02 -8.997533552112e-03 6.646288618884e-03
8.686417148562e-02 1.097462063660e-01 4.135681201914e-02
-3.832344997194e-01 -1.449208723697e-01 -4.426389713710e-01
8.106904732109e-02 2.772523778174e-02 1.672098105866e-01
4.952257529749e-02 -3.823252230927e-02 3.854593070320e-02
2.152328775394e-02 8.615949839287e-03 4.315684757519e-02
5.241554809631e-02 5.231359751398e-04 -1.234247327381e-02
-1.796277130197e-02 -1.577699863362e-03 3.707896587412e-02
7.201127425002e-03 -2.730275056281e-03 -5.865738966171e-02
-5.746718749167e-03 -2.079065359693e-03 7.915346539988e-03
0.000000000000e+00 0.000000000000e+00 0.000000000000e+00
0.000000000000e+00 0.000000000000e+00 0.000000000000e+00
0.000000000000e+00 0.000000000000e+00 0.000000000000e+00
1.651754119303e-02 1.089669229480e-02 -1.041311336581e-02
-5.534272258176e-02 7.624082588786e-05 1.619789407441e-01
-7.110595961462e-02 -1.122286259173e-01 5.786776332286e-02
-3.477044045589e-01 5.705568869218e-02 5.837347817616e-01
1.215431516552e-02 2.532471354272e-02 1.418130159994e-01
Mode 43
1.364292552798e-02 -1.883966195869e-02 -7.677090615619e-03
-1.365210409487e-02 1.433000994323e-02 3.175328122903e-02
6.478512370528e-03 1.929221159436e-03 -4.532446340756e-02
2.941949453276e-02 -1.230277747909e-02 4.339510349955e-02
2.228261707597e-02 2.199506168541e-02 -6.648084113262e-02
-1.866945462792e-01 -2.278605070663e-01 3.201149339025e-02
1.449916837031e-02 7.722243749102e-01 -2.540852001024e-01
1.505144136937e-02 -4.619726245196e-02 6.196181932972e-02
8.468125083662e-02 -2.206371638705e-01 6.669578454394e-02
-1.447742689877e-03 -4.807465071584e-02 2.422255146870e-02
-2.152328775394e-02 -8.615949839287e-03 -4.315684757519e-02
4.594621429267e-02 3.103566831164e-03 8.905799520335e-03
-4.092211059798e-02 3.634994744247e-03 -3.488219806166e-03
1.220687398592e-02 -5.011017511792e-03 -5.087428720719e-03
-7.226150544736e-04 4.659496215717e-03 1.333292625416e-02
-5.024103694693e-03 -6.738561575411e-03 -5.417579714168e-03
5.737540182279e-03 -2.430586655767e-03 1.616084407342e-02
1.077082244386e-02 8.817626935104e-03 -2.497766825820e-03
-5.391333702566e-02 3.913158751081e-02 1.859087705022e-01
-9.774426497531e-02 5.238526308700e-02 2.839046369395e-01
8.584620146664e-03 1.377681155134e-02 8.565339316347e-02
-1.380980140731e-03 4.088655653966e-02 -1.418674817856e-01
Mode 44
5.024103694693e-03 6.738561575411e-03 5.417579714168e-03
7.317936213615e-04 -1.498442002569e-04 -3.740911686757e-02
8.184422119596e-02 -7.269989488493e-03 6.976439612333e-03
-1.795359273509e-02 2.931952152098e-03 1.300277526071e-02
-5.669867960276e-02 -2.901889735347e-03 -5.456041392134e-02
3.877262256833e-02 1.936279793383e-02 -4.665382658190e-03
-6.173196186434e-02 -1.415010332622e-02 -3.590180302210e-02
1.148425893145e-02 -3.515212960741e-04 8.245497533437e-03
6.460155236753e-03 -7.090082871485e-03 2.827917819268e-03
0.000000000000e+00 0.000000000000e+00 0.000000000000e+00
-6.389980702776e-02 -1.716146790657e-04 4.096975740373e-03
-7.226150544736e-04 4.659496215717e-03 1.333292625416e-02
5.167457590806e-02 -3.836671840064e-03 4.914283420717e-02
-6.460155236753e-03 7.090082871485e-03 -2.827917819268e-03
0.000000000000e+00 0.000000000000e+00 0.000000000000e+00
-1.077082244386e-02 -8.817626935104e-03 2.497766825820e-03
0.000000000000e+00 0.000000000000e+00 0.000000000000e+00
-5.746718749167e-03 -2.079065359693e-03 7.915346539988e-03
-3.303508238605e-02 -2.179338458959e-02 2.082622673161e-02
-3.627792282239e-01 -2.055363918133e-02 5.650387415794e-01
3.649445608064e-01 -5.081849261310e-02 -6.074808213815e-01
-1.074328674320e-02 4.711329111278e-03 -6.973080501442e-02
Mode 45
-7.182770291226e-03 1.174957908720e-02 1.050500843489e-02
-1.502641824964e-02 2.332575351071e-03 -1.366336922096e-01
6.521904978120e-02 -1.488886282154e-02 3.087471413787e-01
1.867620778956e-02 -7.591448367816e-03 -2.633570151486e-02
3.446721124327e-01 4.215150217870e-03 -1.402974248511e-01
-1.859802380348e-01 -1.196473472389e-02 7.660415252137e-02
-9.477622281728e-02 -4.045313993127e-02 9.000614322932e-03
1.578574757167e-02 1.104653649505e-02 2.699600350176e-02
4.310667207108e-03 1.590770980659e-02 -5.325684645088e-03
4.667800791403e-02 2.953722630907e-03 -2.850331734723e-02
1.896116704409e-01 -2.313442323781e-03 -1.914211650190e-01
-2.354410759450e-01 4.417085463286e-04 -1.329184135153e-01
-8.695759797860e-02 1.282855090575e-02 2.308111878472e-01
1.580410470544e-02 2.006584052598e-02 -2.115637772506e-02
1.508815563693e-02 -2.815865439012e-02 -3.434294312393e-02
5.024103694693e-03 6.738561575411e-03 5.417579714168e-03
-1.149343749833e-02 -4.158130719386e-03 1.583069307998e-02
-1.077082244386e-02 -8.817626935104e-03 2.497766825820e-03
8.274538242633e-02 -3.652373168955e-02 -4.927669009893e-01
-7.544580334649e-02 2.600598565606e-02 1.668281135404e-01
-2.311053856181e-01 -2.751526874798e-02 -2.129159710403e-01
2.430611775011e-02 -6.744216061835e-03 2.811827309591e-01
Mode 46
0.000000000000e+00 0.000000000000e+00 0.000000000000e+00
-1.148425893145e-02 3.515212960741e-04 -8.245497533437e-03
3.518457041570e-02 -1.204408088479e-03 -1.267262426726e-02
-5.737540182279e-03 2.430586655767e-03 -1.616084407342e-02
3.948354647499e-02 -4.719999344463e-02 3.634580661455e-03
-1.407474602297e-01 3.079803384566e-04 7.476668768245e-02
6.635736481156e-01 -2.095907156756e-01 -5.208087416981e-01
-2.659077170215e-02 1.949087165528e-02 7.424982681732e-02
-7.754021997481e-02 7.606169042690e-02 1.421736739560e-02
-2.183243944720e-01 5.833106270351e-02 1.852888175317e-01
-3.444359822745e-02 5.564215903683e-03 -4.881268321372e-02
9.178566887964e-06 4.509652015461e-03 -2.407619061341e-02
-7.201127425002e-03 2.730275056281e-03 5.865738966171e-02
2.297769642978e-02 3.806609423312e-03 -7.585195546539e-03
5.024103694693e-03 6.738561575411e-03 5.417579714168e-03
-1.579492613855e-02 -1.555618851051e-02 -2.919812888349e-03
0.000000000000e+00 0.000000000000e+00 0.000000000000e+00
5.024103694693e-03 6.738561575411e-03 5.417579714168e-03
-7.112847015342e-02 -1.097029566917e-02 1.349829372423e-01
-1.264278124817e-01 -4.573943791325e-02 1.741376238797e-01
5.748303204452e-02 -2.758368551942e-02 -1.297491476663e-01
-1.146590179767e-02 9.370825326995e-03 -5.639787876026e-02
Mode 47
-1.219769541903e-02 9.520669527252e-03 -1.898876189269e-02
4.015360270906e-02 -2.152375860583e-02 1.372020991274e-01
-2.850370797776e-01 2.597014731910e-03 2.114518068876e-02
1.773772607543e-01 -1.083138085837e-02 -1.141051644580e-01
1.672764945445e-01 6.027227045320e-03 2.196012083373e-02
-3.519374898259e-02 -3.305243926981e-03 3.674881488067e-02
-2.656574858241e-02 -2.437381544562e-02 -4.220460625290e-04
5.024103694693e-03 6.738561575411e-03 5.417579714168e-03
0.000000000000e+00 0.000000000000e+00 0.000000000000e+00
5.746718749167e-03 2.079065359693e-03 -7.915346539988e-03
-2.907746199598e-01 5.027601387677e-03 4.984336615336e-03
1.414700752842e-01 -4.967476554174e-03 -8.809961393660e-02
1.205893080636e-01 -1.436147601048e-03 7.453962879438e-02
1.220687398592e-02 -5.011017511792e-03 -5.087428720719e-03
4.301488640220e-03 1.139805779113e-02 1.875050596832e-02
-2.225508137531e-02 -8.466105639030e-03 -5.747730707617e-03
1.148425893145e-02 -3.515212960741e-04 8.245497533437e-03
-1.722179911372e-02 2.782107951841e-03 -2.440634160686e-02
3.477461439883e-01 7.577020566421e-02 -6.751529421360e-01
-2.232095131636e-03 -1.758907546107e-02 2.085321130564e-01
1.213486373857e-01 1.194296424508e-02 -3.509805991343e-02
-1.499888254898e-02 1.586153139745e-02 -2.088622640498e-01
Mode 48
-2.369113291737e-02 5.362538807866e-03 -3.158068812717e-03
3.518041701067e-02 1.090732261906e-01 1.629016842538e-02
-3.588052152634e-03 -2.056720602231e-02 -8.007241609068e-03
0.000000000000e+00 0.000000000000e+00 0.000000000000e+00
-7.226150544736e-04 4.659496215717e-03 1.333292625416e-02
0.000000000000e+00 0.000000000000e+00 0.000000000000e+00
0.000000000000e+00 0.000000000000e+00 0.000000000000e+00
0.000000000000e+00 0.000000000000e+00 0.000000000000e+00
0.000000000000e+00 0.000000000000e+00 0.000000000000e+00
0.000000000000e+00 0.000000000000e+00 0.000000000000e+00
0.000000000000e+00 0.000000000000e+00 0.000000000000e+00
5.746718749167e-03 2.079065359693e-03 -7.915346539988e-03
0.000000000000e+00 0.000000000000e+00 0.000000000000e+00
0.000000000000e+00 0.000000000000e+00 0.000000000000e+00
0.000000000000e+00 0.000000000000e+00 0.000000000000e+00
0.000000000000e+00 0.000000000000e+00 0.000000000000e+00
0.000000000000e+00 0.000000000000e+00 0.000000000000e+00
1.866702922267e-02 -1.210110038328e-02 -2.259510901451e-03
-2.627788194436e-01 -9.420805530554e-01 -1.350241593441e-01
-4.310667207108e-03 -1.590770980659e-02 5.325684645088e-03
-6.469333803641e-03 2.580430856024e-03 2.124827279414e-02
0.000000000000e+00 0.000000000000e+00 0.000000000000e+00
Mode 49
-5.737540182279e-03 2.430586655767e-03 -1.616084407342e-02
-1.296620330794e-02 -8.368094334333e-03 1.147251174285e-01
2.295016072912e-02 -9.722346623069e-03 6.464337629370e-02
3.800411467942e-02 1.474034072242e-03 1.290484966630e-01
-5.231709644147e-02 -8.310606952349e-03 -2.549389245133e-01
-1.867620778956e-02 7.591448367816e-03 2.633570151486e-02
2.584979951390e-02 -2.385067947048e-02 -1.276451933634e-02
0.000000000000e+00 0.000000000000e+00 0.000000000000e+00
-6.460155236753e-03 7.090082871485e-03 -2.827917819268e-03
0.000000000000e+00 0.000000000000e+00 0.000000000000e+00
6.171360473056e-02 5.130799295297e-03 8.405418424892e-02
-2.917995918558e-03 5.109028816488e-03 1.255602768569e-01
-4.228724618586e-02 -3.852787832449e-03 -1.959513838582e-01
7.896206778812e-03 -2.091872731838e-02 2.382559243688e-04
-7.905385345700e-03 1.640907530292e-02 2.383793468904e-02
5.746718749167e-03 2.079065359693e-03 -7.915346539988e-03
5.746718749167e-03 2.079065359693e-03 -7.915346539988e-03
-5.737540182279e-03 2.430586655767e-03 -1.616084407342e-02
3.126207983790e-01 -6.245108433636e-03 -8.359002542418e-01
7.318868509512e-02 2.696259837623e-04 1.163758723958e-01
6.316801340640e-02 3.214588793226e-04 3.331214112720e-02
-7.226150544736e-04 4.659496215717e-03 1.333292625416e-02
Mode 50
-6.460155236753e-03 7.090082871485e-03 -2.827917819268e-03
-1.150261606522e-02 -8.667782734847e-03 3.990688369339e-02
7.182354950723e-02 -7.218156592933e-03 -7.608729165624e-02
-3.517539184881e-02 5.714060103940e-03 -1.140356634615e-02
-4.813241658987e-02 1.855617785067e-03 7.924536046896e-02
3.447113392811e-02 7.964740142699e-03 -2.341588862651e-02
-2.872441517895e-02 -5.885674783006e-03 1.550054208653e-02
0.000000000000e+00 0.000000000000e+00 0.000000000000e+00
0.000000000000e+00 0.000000000000e+00 0.000000000000e+00
5.746718749167e-03 2.079065359693e-03 -7.915346539988e-03
5.242472666320e-02 5.032787990600e-03 -3.641866388722e-02
-2.296851786289e-02 7.030425921482e-04 -1.649099506687e-02
-1.127640172390e-01 1.833847306258e-03 1.207514530769e-01
6.498398086756e-01 -1.078265329783e-02 -2.385203501765e-01
-1.149860620469e-01 2.138193444343e-01 3.390567702917e-01
-3.876461311623e-01 -2.104347543464e-01 -1.724751899784e-01
0.000000000000e+00 0.000000000000e+00 0.000000000000e+00
-1.077082244386e-02 -8.817626935104e-03 2.497766825820e-03
9.844436949098e-02 4.421357094545e-02 -2.201223892742e-01
-2.151410918706e-02 -4.106297823826e-03 -6.723303818860e-02
-1.866036323671e-02 -4.078289074854e-02 -2.425998075157e-02
5.014925127805e-03 2.228909559950e-03 2.949377032758e-02
Mode 51
-5.737540182279e-03 2.430586655767e-03 -1.616084407342e-02
-6.037600484334e-02 -1.117197276498e-02 1.806375516433e-01
1.192333510426e-01 -4.414278162283e-03 -1.419997258710e-01
-5.094278228670e-02 3.686827639807e-03 -8.655195107474e-02
-7.329631531684e-02 3.008192977986e-03 1.749817160048e-01
1.867620778956e-02 -7.591448367816e-03 -2.633570151486e-02
2.010559334566e-02 3.146389831710e-02 -2.405871756739e-03
-5.024103694693e-03 -6.738561575411e-03 -5.417579714168e-03
6.460155236753e-03 -7.090082871485e-03 2.827917819268e-03
-5.746718749167e-03 -2.079065359693e-03 7.915346539988e-03
1.113096085632e-01 2.975493109716e-03 -7.000940995517e-02
-6.389062846087e-02 4.338037336395e-03 -1.997921487304e-02
1.431298176205e-02 6.836572880107e-03 1.258904278503e-01
-5.385159963837e-02 1.330550847176e-02 1.493213516871e-02
1.508815563693e-02 -2.815865439012e-02 -3.434294312393e-02
2.727918507000e-02 1.520466721444e-02 1.116531042179e-02
0.000000000000e+00 0.000000000000e+00 0.000000000000e+00
-5.737540182279e-03 2.430586655767e-03 -1.616084407342e-02
3.226715183493e-01 6.462565786446e-02 -8.226217937739e-01
-1.637159780926e-01 1.011022930605e-03 5.827569261557e-02
-6.244539835192e-02 -4.980955095040e-03 -4.664506738135e-02
4.996567994029e-03 -6.790394470971e-03 7.764615155441e-02
Mode 52
0.000000000000e+00 0.000000000000e+00 0.000000000000e+00
-2.223672424153e-02 5.531983918913e-04 -5.390011193444e-02
7.244771290687e-02 -4.090181831441e-03 1.778611798767e-01
9.554221812526e-02 9.482606455830e-04 -1.451577946838e-01
-1.794833685305e-01 -1.016209533528e-03 -1.687269211301e-02
4.020867411039e-02 5.534153486931e-03 -7.255044553090e-03
1.651754119303e-02 1.089669229480e-02 -1.041311336581e-02
0.000000000000e+00 0.000000000000e+00 0.000000000000e+00
0.000000000000e+00 0.000000000000e+00 0.000000000000e+00
-5.746718749167e-03 -2.079065359693e-03 7.915346539988e-03
3.152560230889e-02 -4.551870871947e-04 1.743729600706e-01
1.386505310204e-01 -7.645918714895e-03 -2.298207348669e-01
-1.637067995257e-01 5.520674946065e-03 3.419950200216e-02
6.460155236753e-03 -7.090082871485e-03 2.827917819268e-03
7.226150544736e-04 -4.659496215717e-03 -1.333292625416e-02
2.225508137531e-02 8.466105639030e-03 5.747730707617e-03
7.226150544736e-04 -4.659496215717e-03 -1.333292625416e-02
0.000000000000e+00 0.000000000000e+00 0.000000000000e+00
5.783433016719e-03 2.011767342154e-02 -1.042201089936e-01
-2.931143453132e-01 -9.283655111646e-03 5.048740380722e-01
-3.326162489220e-01 2.889703430206e-02 5.493918386376e-01
-6.469333803641e-03 2.580430856024e-03 2.124827279414e-02
Mode 53
0.000000000000e+00 0.000000000000e+00 0.000000000000e+00
5.887570333306e-02 -6.566946896345e-03 -9.514555454541e-03
-4.350550609408e-01 1.182628779659e-02 -7.271336099176e-02
2.333533253026e-01 -3.269994907306e-03 -4.621182428252e-02
-2.928623706022e-01 2.199315026699e-03 -1.741459011825e-01
1.148425893145e-02 -3.515212960741e-04 8.245497533437e-03
3.231246733158e-02 2.645288080531e-02 -7.493300477459e-03
-5.024103694693e-03 -6.738561575411e-03 -5.417579714168e-03
0.000000000000e+00 0.000000000000e+00 0.000000000000e+00
-5.746718749167e-03 -2.079065359693e-03 7.915346539988e-03
3.941329503429e-01 -8.191293052344e-03 6.922514118559e-02
-2.031836800147e-01 -1.633227411230e-04 4.045429687681e-03
2.748995993002e-01 -3.777014890061e-03 2.112248670566e-01
2.870857062610e-02 5.426001389936e-02 3.509514017991e-02
2.881281651006e-03 -2.314763687833e-02 -2.925551440321e-02
-5.455837014000e-02 -3.040933442888e-02 -2.233062084357e-02
-1.148425893145e-02 3.515212960741e-04 -8.245497533437e-03
0.000000000000e+00 0.000000000000e+00 0.000000000000e+00
-6.761384653589e-02 -2.648030577054e-02 3.355997037587e-01
4.727463561301e-02 -7.447258653983e-03 2.976737260260e-01
-8.751084542406e-02 -1.161585087933e-02 -2.181901096327e-01
1.429462462828e-02 -2.182731150814e-03 1.740428090771e-01
Mode 54
0.000000000000e+00 0.000000000000e+00 0.000000000000e+00
6.478512370528e-03 1.929221159436e-03 -4.532446340756e-02
-7.475990255957e-02 3.307881378500e-03 2.497999497399e-01
1.868013047441e-01 -4.822324690411e-04 -3.572184765627e-01
-3.456958558295e-02 -1.772691654896e-04 2.906972864137e-01
7.226150544736e-04 -4.659496215717e-03 -1.333292625416e-02
1.508148965097e-02 2.472533674169e-02 -7.823451470908e-03
0.000000000000e+00 0.000000000000e+00 0.000000000000e+00
6.460155236753e-03 -7.090082871485e-03 2.827917819268e-03
-5.746718749167e-03 -2.079065359693e-03 7.915346539988e-03
9.051811443057e-02 -5.790300929828e-03 -1.505753743979e-01
-1.343765780809e-01 5.515020459641e-03 3.207998126754e-01
-4.511596901647e-02 -1.104088200863e-02 -3.135963141750e-01
-3.585047324475e-02 -1.347494610294e-01 -1.498576868913e-01
-2.659743768811e-02 7.237486278709e-02 1.007693184703e-01
6.460657752939e-02 4.388645757970e-02 3.316578027191e-02
0.000000000000e+00 0.000000000000e+00 0.000000000000e+00
0.000000000000e+00 0.000000000000e+00 0.000000000000e+00
-2.874277231272e-02 -1.490497881393e-02 6.365292331335e-02
-2.916415795036e-01 -5.073691496699e-03 4.059796137237e-01
2.262506495324e-01 -8.327190828234e-03 -2.548358324080e-01
6.460155236753e-03 -7.090082871485e-03 2.827917819268e-03
Mode 55
-6.460155236753e-03 7.090082871485e-03 -2.827917819268e-03
1.794441416820e-02 -7.441604167559e-03 1.107341535271e-02
-1.502641824964e-02 2.332575351071e-03 -1.366336922096e-01
-4.887338877812e-02 -2.504190030136e-03 1.407306679499e-01
-2.077313699881e-02 2.535099913775e-04 -1.287183456696e-01
5.024103694693e-03 6.738561575411e-03 5.417579714168e-03
-5.024103694693e-03 -6.738561575411e-03 -5.417579714168e-03
0.000000000000e+00 0.000000000000e+00 0.000000000000e+00
0.000000000000e+00 0.000000000000e+00 0.000000000000e+00
0.000000000000e+00 0.000000000000e+00 0.000000000000e+00
2.797426442381e-02 -2.983785047659e-03 7.006095600787e-02
2.927174485446e-03 -5.993768010277e-04 -1.496364674703e-01
7.530397143814e-02 1.662686839112e-02 2.232775383534e-01
-2.432038603151e-01 -4.185182681979e-01 -5.644416192242e-01
-2.522727693836e-02 1.946499316583e-01 2.981190846016e-01
2.246686126770e-01 1.584119419449e-01 1.668222740734e-01
0.000000000000e+00 0.000000000000e+00 0.000000000000e+00
-5.746718749167e-03 -2.079065359693e-03 7.915346539988e-03
1.649918405925e-02 1.877388263876e-03 3.773926786102e-02
1.249800697918e-01 -2.335212802589e-03 -1.499150724110e-01
-1.716305420052e-01 1.291044621806e-02 1.061898179180e-01
-1.445230108947e-03 9.318992431435e-03 2.666585250831e-02
Mode 56
0.000000000000e+00 0.000000000000e+00 0.000000000000e+00
0.000000000000e+00 0.000000000000e+00 0.000000000000e+00
0.000000000000e+00 0.000000000000e+00 0.000000000000e+00
0.000000000000e+00 0.000000000000e+00 0.000000000000e+00
0.000000000000e+00 0.000000000000e+00 0.000000000000e+00
0.000000000000e+00 0.000000000000e+00 0.000000000000e+00
0.000000000000e+00 0.000000000000e+00 0.000000000000e+00
0.000000000000e+00 0.000000000000e+00 0.000000000000e+00
0.000000000000e+00 0.000000000000e+00 0.000000000000e+00
0.000000000000e+00 0.000000000000e+00 0.000000000000e+00
0.000000000000e+00 0.000000000000e+00 0.000000000000e+00
0.000000000000e+00 0.000000000000e+00 0.000000000000e+00
0.000000000000e+00 0.000000000000e+00 0.000000000000e+00
0.000000000000e+00 0.000000000000e+00 0.000000000000e+00
0.000000000000e+00 0.000000000000e+00 0.000000000000e+00
0.000000000000e+00 0.000000000000e+00 0.000000000000e+00
2.943785166653e-02 -3.283473448172e-03 -4.757277727270e-03
0.000000000000e+00 0.000000000000e+00 0.000000000000e+00
0.000000000000e+00 0.000000000000e+00 0.000000000000e+00
0.000000000000e+00 0.000000000000e+00 0.000000000000e+00
0.000000000000e+00 0.000000000000e+00 0.000000000000e+00
-9.793269546406e-01 1.382926551390e-01 1.085995278487e-01
Mode 57
0.000000000000e+00 0.000000000000e+00 0.000000000000e+00
8.327109417113e-02 -2.560828595085e-02 2.846296833085e-02
0.000000000000e+00 0.000000000000e+00 0.000000000000e+00
0.000000000000e+00 0.000000000000e+00 0.000000000000e+00
0.000000000000e+00 0.000000000000e+00 0.000000000000e+00
0.000000000000e+00 0.000000000000e+00 0.000000000000e+00
0.000000000000e+00 0.000000000000e+00 0.000000000000e+00
0.000000000000e+00 0.000000000000e+00 0.000000000000e+00
0.000000000000e+00 0.000000000000e+00 0.000000000000e+00
0.000000000000e+00 0.000000000000e+00 0.000000000000e+00
0.000000000000e+00 0.000000000000e+00 0.000000000000e+00
0.000000000000e+00 0.000000000000e+00 0.000000000000e+00
0.000000000000e+00 0.000000000000e+00 0.000000000000e+00
0.000000000000e+00 0.000000000000e+00 0.000000000000e+00
0.000000000000e+00 0.000000000000e+00 0.000000000000e+00
0.000000000000e+00 0.000000000000e+00 0.000000000000e+00
0.000000000000e+00 0.000000000000e+00 0.000000000000e+00
0.000000000000e+00 0.000000000000e+00 0.000000000000e+00
-8.951630060492e-01 3.039858955453e-01 -3.047552590368e-01
1.148425893145e-02 -3.515212960741e-04 8.245497533437e-03
0.000000000000e+00 0.000000000000e+00 0.000000000000e+00
0.000000000000e+00 0.000000000000e+00 0.000000000000e+00
Mode 58
0.000000000000e+00 0.000000000000e+00 0.000000000000e+00
0.000000000000e+00 0.000000000000e+00 0.000000000000e+00
0.000000000000e+00 0.000000000000e+00 0.000000000000e+00
7.465227233784e-02 -3.006241675150e-05 4.155763866063e-02
0.000000000000e+00 0.000000000000e+00 0.000000000000e+00
0.000000000000e+00 0.000000000000e+00 0.000000000000e+00
0.000000000000e+00 0.000000000000e+00 0.000000000000e+00
0.000000000000e+00 0.000000000000e+00 0.000000000000e+00
0.000000000000e+00 0.000000000000e+00 0.000000000000e+00
0.000000000000e+00 0.000000000000e+00 0.000000000000e+00
0.000000000000e+00 0.000000000000e+00 0.000000000000e+00
1.148425893145e-02 -3.515212960741e-04 8.245497533437e-03
0.000000000000e+00 0.000000000000e+00 0.000000000000e+00
0.000000000000e+00 0.000000000000e+00 0.000000000000e+00
0.000000000000e+00 0.000000000000e+00 0.000000000000e+00
0.000000000000e+00 0.000000000000e+00 0.000000000000e+00
0.000000000000e+00 0.000000000000e+00 0.000000000000e+00
0.000000000000e+00 0.000000000000e+00 0.000000000000e+00
-1.794441416820e-02 7.441604167559e-03 -1.107341535271e-02
-8.419731558348e-01 4.444888367654e-02 -5.111804980567e-01
-9.762079020073e-02 7.331050088997e-04 -5.804863372751e-02
0.000000000000e+00 0.000000000000e+00 0.000000000000e+00
Mode 59
0.000000000000e+00 0.000000000000e+00 0.000000000000e+00
0.000000000000e+00 0.000000000000e+00 0.000000000000e+00
0.000000000000e+00 0.000000000000e+00 0.000000000000e+00
-1.148425893145e-02 3.515212960741e-04 -8.245497533437e-03
0.000000000000e+00 0.000000000000e+00 0.000000000000e+00
0.000000000000e+00 0.000000000000e+00 0.000000000000e+00
0.000000000000e+00 0.000000000000e+00 0.000000000000e+00
0.000000000000e+00 0.000000000000e+00 0.000000000000e+00
0.000000000000e+00 0.000000000000e+00 0.000000000000e+00
0.000000000000e+00 0.000000000000e+00 0.000000000000e+00
0.000000000000e+00 0.000000000000e+00 0.000000000000e+00
7.465227233784e-02 -3.006241675150e-05 4.155763866063e-02
0.000000000000e+00 0.000000000000e+00 0.000000000000e+00
0.000000000000e+00 0.000000000000e+00 0.000000000000e+00
0.000000000000e+00 0.000000000000e+00 0.000000000000e+00
0.000000000000e+00 0.000000000000e+00 0.000000000000e+00
0.000000000000e+00 0.000000000000e+00 0.000000000000e+00
0.000000000000e+00 0.000000000000e+00 0.000000000000e+00
0.000000000000e+00 0.000000000000e+00 0.000000000000e+00
9.762079020073e-02 -7.331050088997e-04 5.804863372751e-02
-8.527464908596e-01 -2.176238640584e-02 -5.111260322705e-01
0.000000000000e+00 0.000000000000e+00 0.000000000000e+00
--
Dipole derivatives 
Mode 0
1.867483656881e-03 2.844896282317e-03 1.835557367583e-02
Mode 1
2.023383270420e-02 2.608482264115e-03 2.732663208236e-02
Mode 2
7.278496649467e-03 -3.355026741941e-03 -2.180073773531e-02
Mode 3
-1.862735180704e-02 1.933245151597e-02 -6.204874085359e-03
Mode 4
8.298045557848e-03 -1.240113293869e-03 2.246827392101e-02
Mode 5
2.775045025178e-03 8.136871639799e-03 2.385824054527e-02
Mode 6
-1.891521347043e-02 -1.700343041390e-02 -2.641310622438e-02
Mode 7
7.306198989521e-03 -1.938891281328e-02 6.760406824159e-03
Mode 8
2.850109880525e-03 -1.032906871517e-02 6.683421931056e-04
Mode 9
2.418532672170e-02 2.362737236752e-03 -8.879200767299e-03
Mode 10
4.454426872852e-02 7.199361892430e-02 3.189187719305e-02
Mode 11
3.079585947103e-02 -2.975886619247e-03 1.355065756913e-01
Mode 12
-1.311769318331e-02 5.917896574538e-02 -5.058934816091e-02
Mode 13
8.677032734707e-03 3.584449824817e-02 1.764355553559e-02
Mode 14
-1.944895421020e-02 -4.100210861493e-03 -1.630482723922e-02
Mode 15
7.693452869087e-03 6.426607026426e-02 -9.983167708790e-03
Mode 16
-2.576425009639e-02 -5.390194869338e-02 -3.340284031925e-02
Mode 17
-1.461013444067e-02 -4.483999803950e-03 2.352955495897e-02
Mode 18
-1.720906206869e-02 1.002652455593e-02 5.011977884224e-02
Mode 19
-8.707497620035e-02 2.996768847977e-02 3.125476309908e-02
Mode 20
-1.359669502914e-02 4.151771289300e-02 -1.169891275283e-02
Mode 21
-5.428801734590e-02 4.041816931397e-02 7.048597442398e-02
Mode 22
-2.239797326480e-02 -8.509282795699e-02 -2.996337505476e-02
Mode 23
-4.890571760835e-02 -6.661519213008e-03 5.188117341555e-02
Mode 24
-6.465120946546e-04 5.498003091492e-02 -5.465815133864e-03
Mode 25
7.530291167495e-03 4.758829065519e-02 7.226842241580e-02
Mode 26
-2.388158277148e-03 3.186210626890e-02 -3.135130260910e-02
Mode 27
-5.124199260762e-02 5.245110259623e-02 2.925385047309e-02
Mode 28
6.864854645297e-02 -4.451745389378e-02 3.539202917443e-02
Mode 29
1.002441889022e-01 2.051144363213e-02 -6.857921593897e-02
Mode 30
-7.659757345366e-02 6.317943826210e-03 -6.232221174898e-02
Mode 31
1.324803655809e-02 -1.887258703984e-01 -7.579570216776e-02
Mode 32
1.068571593227e-01 -3.408649720734e-02 -8.242682316844e-02
Mode 33
3.063639422184e-02 -5.726155442096e-02 2.467849023910e-02
Mode 34
-4.948015805908e-02 -1.229760656050e-01 1.303873439038e-01
Mode 35
8.342446893088e-02 4.663274065600e-02 7.291070411716e-02
Mode 36
7.942025004081e-02 -4.232788706547e-02 -5.888502134244e-02
Mode 37
-1.404685983303e-01 -1.106630720022e-01 6.970730051575e-02
Mode 38
2.164018592616e-01 -8.997520814471e-02 3.251071726263e-01
Mode 39
1.481606969491e-01 -1.679584099304e-01 -1.934073356511e-01
Mode 40
7.610635728076e-02 7.063742850067e-02 -1.002929677836e-01
Mode 41
6.473714590122e-02 -3.372865653903e-01 -6.397914531187e-02
Mode 42
-2.795010404183e-01 -4.214916177098e-01 4.220236323317e-01
Mode 43
-1.770356216177e-02 -1.049100084679e-01 -7.133222806836e-01
Mode 44
-1.079312528316e-01 -1.609003661891e-01 1.685476319723e-01
Mode 45
2.213510328649e-01 -1.994490153422e-01 -1.673191115270e-01
Mode 46
6.784216812505e-01 -9.939610391200e-02 -3.593924059760e-01
Mode 47
5.524194925180e-02 2.122802447165e-01 -2.320068049466e-02
Mode 48
-7.641716966002e-02 6.036486841202e-02 -1.116444778521e-01
Mode 49
1.418647864519e-02 9.557184693013e-02 2.887685955671e-02
Mode 50
3.239834491840e-01 1.714104936084e-02 -2.221339776501e-01
Mode 51
-2.642109018033e-01 1.549252265605e-01 1.626653964770e-01
Mode 52
-1.657059198087e-01 5.715111914941e-02 1.245127062034e-01
Mode 53
-9.760802477841e-02 9.639832480996e-02 1.167458807994e-02
Mode 54
1.035308118691e-01 -3.452585531543e-01 7.171109544795e-02
Mode 55
1.443505967942e-01 -2.779993288621e-01 2.560061458107e-01
Mode 56
-5.168409490990e-02 -2.003339623115e-02 3.544597644866e-02
Mode 57
1.422399667001e-01 1.384390424111e-01 -3.946684004030e-02
Mode 58
-7.399158511941e-03 -2.006976485723e-02 1.421973902592e-02
Mode 59
-4.349742367880e-02 -5.409158087149e-02 3.938437612084e-02
--
Polarizability derivatives 
Mode 0
1.579893754148e-01 2.208060758832e-01 8.341014169182e-02
2.208060758832e-01 6.405207040812e-02 4.249323298975e-01
8.341014169182e-02 4.249323298975e-01 -3.525927981124e-01
Mode 1
4.098807080985e-01 -3.139083067151e-02 2.522962226274e-01
-3.139083067151e-02 4.212218947084e-03 -1.675529886416e-01
2.522962226274e-01 -1.675529886416e-01 -4.495494999019e-01
Mode 2
2.986020036614e-01 -1.846536504840e-01 -5.799584136649e-01
-1.846536504840e-01 8.953383289106e-01 -2.093978738400e-01
-5.799584136649e-01 -2.093978738400e-01 -6.516690746052e-01
Mode 3
2.493735139737e-01 2.243630237019e-02 -5.333084424057e-02
2.243630237019e-02 -2.347668078882e-01 3.550320279637e-01
-5.333084424057e-02 3.550320279637e-01 -8.963769879592e-02
Mode 4
-2.050894966268e-01 5.454914654509e-01 -1.115537014396e-01
5.454914654509e-01 2.689773020610e-01 6.852023033011e-01
-1.115537014396e-01 6.852023033011e-01 -2.358648465178e-01
Mode 5
-3.497634048120e-01 -5.376164698888e-02 -4.325959116375e-01
-5.376164698888e-02 3.108869514948e-01 -5.809144440234e-02
-4.325959116375e-01 -5.809144440234e-02 4.378836075869e-01
Mode 6
4.020048549611e-01 -3.189334643028e-01 3.913445392169e-01
-3.189334643028e-01 -4.970878837684e-02 -4.696113346478e-02
3.913445392169e-01 -4.696113346478e-02 -9.099688428058e-01
Mode 7
1.583856631763e-01 -4.077091574887e-01 -3.380878232498e-01
-4.077091574887e-01 -6.297346636042e-01 -1.788147221493e-02
-3.380878232498e-01 -1.788147221493e-02 5.185938789604e-01
Mode 8
1.583299119622e-01 -1.037214048268e-01 9.601735448991e-02
-1.037214048268e-01 -2.908216890168e-02 -3.692038157477e-01
9.601735448991e-02 -3.692038157477e-01 2.543640950948e-01
Mode 9
-3.128341307109e-01 -3.905890778232e-01 -2.895395687252e-01
-3.905890778232e-01 2.409616684118e-01 -6.734327481589e-01
-2.895395687252e-01 -6.734327481589e-01 1.201244769484e-01
Mode 10
8.952951344504e-01 -3.361519182602e-01 4.081130190483e-01
-3.361519182602e-01 -5.280653174723e-01 4.538491424126e-01
4.081130190483e-01 4.538491424126e-01 -6.722151637965e-01
Mode 11
1.670256345508e+00 3.355982296921e-01 8.220947234529e-01
3.355982296921e-01 -1.152967594654e+00 -4.383046077666e-01
8.220947234529e-01 -4.383046077666e-01 -1.232182507752e+00
Mode 12
-2.767210292183e-01 4.247467574615e-01 -3.974624764597e-01
4.247467574615e-01 -1.140637113566e+00 -3.622349538194e-01
-3.974624764597e-01 -3.622349538194e-01 4.379599305955e-01
Mode 13
-1.370657414649e+00 4.874544403036e-01 9.406183778491e-01
4.874544403036e-01 -9.069203627871e-01 -4.308760867914e-01
9.406183778491e-01 -4.308760867914e-01 -6.067279244978e-01
Mode 14
6.826732785689e-01 -2.196105881789e-01 2.484045767229e-01
-2.196105881789e-01 3.270617648115e-01 1.043220956039e-01
2.484045767229e-01 1.043220956039e-01 -3.595868846047e-01
Mode 15
7.186954656337e-01 -6.201131497030e-01 -3.925323321671e-01
-6.201131497030e-01 3.527107224020e-01 3.201085819337e-01
-3.925323321671e-01 3.201085819337e-01 2.407779166484e-01
Mode 16
-9.414701837361e-02 -2.738236654498e-01 1.248485311888e-01
-2.738236654498e-01 -7.218006379215e-01 4.417499648241e-02
1.248485311888e-01 4.417499648241e-02 -1.727397562031e-01
Mode 17
-1.087691147509e-01 2.605801937156e-01 -1.152528010162e-01
2.605801937156e-01 -4.844996509439e-01 -1.960016415559e-01
-1.152528010162e-01 -1.960016415559e-01 -1.833086291581e-01
Mode 18
-4.438148741714e-01 -7.042754651011e-02 6.479581371460e-02
-7.042754651011e-02 -2.730015097585e-02 2.240456764517e-01
6.479581371460e-02 2.240456764517e-01 1.944158401716e-01
Mode 19
-3.780813453130e-01 2.325464068949e-01 3.439235278468e-01
2.325464068949e-01 4.943662828449e-02 4.915109288957e-02
3.439235278468e-01 4.915109288957e-02 -2.490161771441e-02
Mode 20
1.357519517438e-01 3.857309248556e-01 6.794247799207e-02
3.857309248556e-01 3.139932591809e-01 -1.174895895202e-01
6.794247799207e-02 -1.174895895202e-01 2.636555683010e-01
Mode 21
4.105706129595e-01 -4.778885933562e-01 -3.828546432479e-02
-4.778885933562e-01 -1.101519970850e-01 -1.029423167734e-01
-3.828546432479e-02 -1.029423167734e-01 9.326096233987e-01
Mode 22
-1.893180146899e-02 -6.464572168567e-01 2.837298022257e-01
-6.464572168567e-01 -3.474279252515e-01 5.255447924510e-01
2.837298022257e-01 5.255447924510e-01 -4.400235785757e-01
Mode 23
2.820046533297e-01 4.564837311193e-01 4.482601944916e-02
4.564837311193e-01 -8.377289987812e-01 -8.610763783838e-02
4.482601944916e-02 -8.610763783838e-02 -1.647068666839e-01
Mode 24
-4.171478332660e-02 1.167658814698e-01 -6.850130454389e-01
1.167658814698e-01 1.912850627743e-01 -2.711821837474e-01
-6.850130454389e-01 -2.711821837474e-01 -7.157344525117e-02
Mode 25
1.454054274965e-01 1.122124236701e-01 -2.151488739021e-01
1.122124236701e-01 2.939748546338e-01 -3.991769460653e-01
-2.151488739021e-01 -3.991769460653e-01 -2.765844333785e-01
Mode 26
8.187606523418e-01 -4.939660646030e-01 -1.283618010627e-01
-4.939660646030e-01 -8.917209405481e-01 2.969295687392e-01
-1.283618010627e-01 2.969295687392e-01 -5.568445973668e-01
Mode 27
-1.025243156263e+00 -6.581782488037e-01 4.537820967181e-01
-6.581782488037e-01 -1.168350815873e+00 3.502884822565e-01
4.537820967181e-01 3.502884822565e-01 -3.804967785598e-01
Mode 28
-1.037800667043e+00 -5.209636237504e-01 3.550485224727e-01
-5.209636237504e-01 -1.572622708461e+00 2.181321144201e-01
3.550485224727e-01 2.181321144201e-01 -5.819591710549e-02
Mode 29
-6.882969934607e-02 -2.532874379630e-01 -3.401239800033e-02
-2.532874379630e-01 -7.900940129515e-01 5.035833896797e-01
-3.401239800033e-02 5.035833896797e-01 -6.919443699889e-01
Mode 30
-1.330041336733e-01 1.363697345129e-01 -4.160021393581e-01
1.363697345129e-01 8.848379700403e-01 4.260194741093e-03
-4.160021393581e-01 4.260194741093e-03 1.022132027876e+00
Mode 31
-1.290033059855e+00 -1.951960999344e-01 2.852780602184e-01
-1.951960999344e-01 -2.081664547718e+00 1.324770779764e-01
2.852780602184e-01 1.324770779764e-01 -5.863985840996e-01
Mode 32
-5.087395825246e-01 3.749070760695e-01 -1.509400760138e-02
3.749070760695e-01 -8.835248748392e-01 3.860012808231e-01
-1.509400760138e-02 3.860012808231e-01 -9.778346538896e-02
Mode 33
9.689244042194e-01 7.869688815991e-01 1.336466715339e-01
7.869688815991e-01 9.324735624677e-03 3.717393672186e-01
1.336466715339e-01 3.717393672186e-01 -3.029061857746e-01
Mode 34
1.581972843622e-01 -7.829870521235e-01 3.809357557187e-02
-7.829870521235e-01 3.061155547592e-01 -2.711596511329e-01
3.809357557187e-02 -2.711596511329e-01 1.459293543824e+00
Mode 35
2.300159731543e-01 -2.988934433109e-01 -1.628688727490e-01
-2.988934433109e-01 -4.279870074008e-01 3.431760324861e-01
-1.628688727490e-01 3.431760324861e-01 -3.432611334891e-01
Mode 36
1.531496526716e+00 -1.542639650557e+00 -9.604692892423e-01
-1.542639650557e+00 -1.210724594176e+00 1.344198669225e+00
-9.604692892423e-01 1.344198669225e+00 3.160491713037e-01
Mode 37
2.164625902648e-01 -8.943059913104e-01 4.537460681449e-02
-8.943059913104e-01 1.614306846950e+00 4.421007048099e-01
4.537460681449e-02 4.421007048099e-01 -5.886365395017e-01
Mode 38
1.266858772286e+00 -8.711794542278e-01 4.769869917556e-01
-8.711794542278e-01 1.189995610436e+00 8.770400046486e-02
4.769869917556e-01 8.770400046486e-02 -1.916492378510e-01
Mode 39
1.064152339363e+00 -1.201485798421e+00 -6.647851901375e-01
-1.201485798421e+00 2.246673530677e+00 7.393416334525e-01
-6.647851901375e-01 7.393416334525e-01 1.198702188559e+00
Mode 40
-1.918681397974e+00 -5.297776169206e-01 1.519582066807e+00
-5.297776169206e-01 -5.183699297458e-01 -7.594160609289e-02
1.519582066807e+00 -7.594160609289e-02 -8.002390608282e-01
Mode 41
4.692014170084e-02 -1.161460998862e+00 2.388472778121e-01
-1.161460998862e+00 5.361457649991e-01 4.085137807130e-01
2.388472778121e-01 4.085137807130e-01 -9.047841018803e-02
Mode 42
-1.637412479249e+00 2.304420222034e-01 1.083245770724e+00
2.304420222034e-01 -2.178355767809e-01 -1.717584140138e-01
1.083245770724e+00 -1.717584140138e-01 -1.067173299551e+00
Mode 43
1.276222819568e+00 3.661004739343e-01 -1.474153155570e+00
3.661004739343e-01 -3.153900433636e-01 -5.890881612713e-01
-1.474153155570e+00 -5.890881612713e-01 1.048607001368e+00
Mode 44
-1.374838303044e+00 1.306219463295e-01 7.271238886931e-01
1.306219463295e-01 -5.772801129420e-01 -2.266989386213e-01
7.271238886931e-01 -2.266989386213e-01 -5.581851939709e-01
Mode 45
3.095066385375e+00 -1.118740225837e+00 -2.141781803456e+00
-1.118740225837e+00 4.639490137993e+00 5.519824104760e-01
-2.141781803456e+00 5.519824104760e-01 1.946284982275e+00
Mode 46
6.334357015048e-01 3.279151779431e-01 -5.203226840308e-01
3.279151779431e-01 5.557024021283e-02 -1.399339899077e-01
-5.203226840308e-01 -1.399339899077e-01 6.399336639658e-01
Mode 47
1.544811650860e+00 -1.396486465916e-01 -1.095417322529e+00
-1.396486465916e-01 -9.127153457293e-01 2.220733075724e-01
-1.095417322529e+00 2.220733075724e-01 8.373015621155e-01
Mode 48
5.220345002793e-01 9.529931718972e-01 7.302636480611e-01
9.529931718972e-01 -1.350534635895e+00 1.487278541017e+00
7.302636480611e-01 1.487278541017e+00 -3.542974516061e-02
Mode 49
-2.812762561305e-01 1.159003228173e+00 4.073232428587e-01
1.159003228173e+00 -2.098590903487e+00 -1.014776558535e+00
4.073232428587e-01 -1.014776558535e+00 -5.702171839495e-01
Mode 50
5.765272642202e+00 -7.800257287206e-01 -3.434581629824e+00
-7.800257287206e-01 1.431525761129e+00 -9.080145859783e-01
-3.434581629824e+00 -9.080145859783e-01 3.477451231565e+00
Mode 51
-1.264531266182e+00 5.725581592752e-01 7.093597516124e-01
5.725581592752e-01 -2.156756036467e+00 -2.907893108620e-01
7.093597516124e-01 -2.907893108620e-01 -1.119174800493e+00
Mode 52
1.444513305921e+00 -7.556933781368e-03 -8.229155859170e-01
-7.556933781368e-03 -7.108005518635e-01 1.611496732761e-01
-8.229155859170e-01 1.611496732761e-01 3.743760352726e-01
Mode 53
-3.572667071371e+00 8.365407341448e-01 2.394484197418e+00
8.365407341448e-01 -1.554859415399e+00 -4.376778967654e-01
2.394484197418e+00 -4.376778967654e-01 -1.479075326879e+00
Mode 54
-1.922054270553e+00 -3.972129408898e+00 2.199536403923e+00
-3.972129408898e+00 8.177306771667e+00 2.303490325381e+00
2.199536403923e+00 2.303490325381e+00 -1.997720955081e+00
Mode 55
2.005148374317e+00 2.101366225483e-02 -1.706840635460e-01
2.101366225483e-02 -2.795374632406e+00 -1.066580376228e-02
-1.706840635460e-01 -1.066580376228e-02 -5.191542107052e-01
Mode 56
-7.532590594813e+00 1.075221996033e+00 3.955288323629e+00
1.075221996033e+00 -2.872042745871e+00 -2.908945634674e-01
3.955288323629e+00 -2.908945634674e-01 -2.034243888629e+00
Mode 57
-3.035689344705e+00 -3.231162480144e+00 3.813015761368e-01
-3.231162480144e+00 -7.531570923305e+00 1.325690095703e-01
3.813015761368e-01 1.325690095703e-01 -9.977300160463e-01
Mode 58
-2.257962283226e+00 -2.721851470510e+00 1.257535590761e+00
-2.721851470510e+00 -6.068199803768e+00 1.527003321171e+00
1.257535590761e+00 1.527003321171e+00 -1.199943526764e+00
Mode 59
2.472244945760e+00 2.722472517414e+00 -1.564178937219e+00
2.722472517414e+00 5.486549893831e+00 -2.181142271612e+00
-1.564178937219e+00 -2.181142271612e+00 1.612227387617e+00
--
