Number of atoms 
22
--
Anisotropy 
88.063
--
Frequencies 
38.740100000000
57.521000000000
72.905500000000
96.816900000000
130.243800000000
137.835500000000
151.487600000000
173.865900000000
208.168100000000
240.461300000000
256.966000000000
285.730400000000
317.503400000000
375.184200000000
401.266200000000
423.589300000000
474.456400000000
494.819800000000
516.368900000000
578.615200000000
592.588100000000
639.287700000000
655.049000000000
671.509400000000
775.795000000000
804.214500000000
822.132400000000
862.427000000000
911.801800000000
914.591200000000
949.887400000000
1004.112300000000
1033.118600000000
1044.327600000000
1096.426300000000
1163.109500000000
1175.622700000000
1202.030800000000
1255.484900000000
1266.485700000000
1300.191900000000
1343.137000000000
1397.090700000000
1410.586700000000
1424.882500000000
1449.681600000000
1458.746400000000
1501.231700000000
1601.814100000000
1642.337900000000
1806.481400000000
2359.797000000000
2656.446600000000
3032.648200000000
3103.074600000000
3104.520900000000
3158.206000000000
3176.407300000000
3204.734900000000
3218.045900000000
--
Displacements 
Mode 0
1.928317306168e-01 -1.058503942670e-02 -3.157592130210e-01
4.464573176356e-02 -1.638630232742e-01 -1.328746335413e-01
3.527275681672e-03 4.401679982019e-02 1.124725729227e-01
1.202393207576e-02 1.413032770192e-01 3.550898604031e-01
-3.325877005214e-02 6.711175061794e-02 4.679601632206e-02
-4.862856136636e-02 -1.388946954809e-02 4.519231854100e-02
-4.244494105289e-02 -1.012566018126e-01 3.384564327037e-02
-4.060645241392e-02 -7.688289604064e-02 3.225114445660e-02
-3.509725869111e-02 4.273804484599e-02 4.839051513583e-02
-3.470714727698e-02 1.043586966301e-01 5.004674180768e-02
-9.601507378923e-02 1.826982339033e-01 4.798396538269e-02
-4.567890879789e-02 7.673132678727e-02 5.409011721654e-02
-3.809980937839e-02 -2.129974398490e-01 2.409346681351e-02
-2.645989346092e-02 -3.458583195865e-01 1.348691257533e-02
7.541667536245e-02 -2.343597007962e-01 -2.342815735819e-01
-4.169252756706e-02 -3.291292808873e-01 -6.193262151490e-02
-4.205482963876e-02 -3.963595002849e-02 3.550186994222e-02
-3.626132073943e-02 -1.886237340771e-01 2.249896799974e-02
-4.898459124396e-02 2.291040377399e-01 1.217039428776e-01
-5.329836194800e-02 1.083457579223e-01 2.684178373170e-02
-4.239204293408e-02 6.385808654707e-02 4.924489291715e-02
-3.366142585446e-02 9.849074597545e-02 8.698552389130e-02
Mode 1
2.160866506136e-01 7.573617678331e-02 8.983646783365e-02
2.307350355360e-02 -1.799764046337e-02 -6.036305469005e-02
-4.775780725472e-02 -4.532419045058e-03 -6.163318119179e-02
-1.112817894319e-01 -1.051868864694e-01 -1.056034197160e-01
-4.192394462477e-02 1.045941324076e-01 -1.739109924640e-02
-3.056834388382e-02 2.403419776053e-01 1.144619137131e-03
-2.183145461011e-02 2.284748134629e-01 1.796238299074e-02
-2.372284136788e-02 3.898641933129e-02 4.157632157727e-03
-3.179784843913e-02 -6.313484253581e-02 1.699556595348e-03
-4.526998080147e-02 -1.147492141038e-03 -7.022257473248e-03
-6.024966070155e-02 -2.052806052297e-02 -6.969728582459e-03
-3.881458969967e-02 -2.641237021991e-01 -5.665471124500e-03
-2.194352304182e-02 -5.525473968562e-02 8.086750817721e-03
-1.103093183381e-02 -1.462422346317e-01 9.566992882625e-03
6.731657951484e-02 -1.504816683801e-01 -1.530481806621e-01
-1.204338788961e-01 3.105892017211e-02 -4.038594175923e-02
-2.761869131535e-02 3.309627739407e-01 1.004241781267e-02
-1.888180204163e-02 3.190956097982e-01 2.686018166628e-02
-1.373174899422e-01 -8.481039519982e-02 -1.229242946036e-02
5.349841803525e-02 -3.095700533632e-01 3.323102960253e-02
9.399251848957e-04 -3.360973273739e-01 6.140282790060e-03
-1.662060395434e-01 -3.154387769015e-01 -5.894005807734e-02
Mode 2
-1.020830740430e-01 -2.981818118051e-02 -1.344987809054e-01
1.100926386072e-01 5.982440182956e-02 1.634033410620e-01
-1.281025015988e-02 -5.200107561475e-02 5.637874222631e-03
-1.163103404572e-01 -2.770714286371e-01 -2.302245167998e-01
9.049013792669e-03 7.063809356522e-02 8.676620936086e-02
-5.540554693275e-03 1.128781769674e-01 8.847496492349e-02
-1.683698512132e-02 9.574519655853e-02 6.441562906620e-02
-8.418492560662e-03 4.787259827926e-02 3.220781453310e-02
1.641551273673e-02 7.513326951139e-02 3.854247986468e-02
2.587345452581e-02 6.789254414829e-02 6.419631453575e-02
1.098459565952e-01 4.943418533997e-02 6.700841096048e-02
2.522411671152e-02 8.888132301622e-02 7.990892003433e-03
-1.865665717802e-02 -6.812797992582e-02 3.241526518330e-03
-3.145436294971e-02 -2.131287026822e-01 -3.296633350013e-02
6.226956578373e-02 1.492206229683e-01 4.713339653134e-01
4.742469474483e-01 5.160883288271e-02 8.140246436345e-02
-1.323172254447e-02 1.188773904552e-01 1.085959831535e-01
-3.983250177975e-02 9.285823109834e-02 5.648646492084e-02
2.582131949535e-01 1.409873444591e-01 6.965246176580e-03
5.702823734474e-02 1.055163419812e-01 -1.463153171246e-02
1.320663376810e-02 6.712190382804e-02 -2.490451467133e-02
4.894068588532e-02 9.639472725573e-02 2.475612696625e-02
Mode 3
2.620439562704e-02 1.089833114353e-02 7.137615868136e-02
-5.761213265203e-02 -1.241252189525e-02 -6.802037541417e-02
-9.457941789082e-03 7.240725363096e-03 -2.565383467107e-02
1.753922105442e-02 4.838071293320e-02 7.189043112903e-03
3.963836082280e-04 1.512082821329e-02 -1.926664044870e-02
-4.338859480406e-03 6.524101446564e-02 -1.117069066369e-02
-3.309411012347e-04 5.699421300476e-02 -7.179844145614e-03
2.228600053104e-03 8.599435755603e-02 6.172785807816e-05
-6.514561414701e-03 1.443613452693e-01 4.166831125017e-03
-2.890482255573e-03 2.799406845349e-02 -1.442141614931e-02
-3.729875396745e-03 -2.138620999035e-01 -1.221025201924e-02
-1.447750005423e-02 3.259696365507e-01 1.158438773565e-02
4.735243088634e-03 -5.012018625235e-02 -8.095949785011e-03
1.999296597114e-02 -2.528485192348e-01 -1.636788417697e-02
-3.373958968789e-02 -4.666832950284e-02 -1.878395781221e-01
-1.989500853615e-01 4.023531507407e-03 -4.245791715151e-02
-4.338859480406e-03 6.524101446564e-02 -1.117069066369e-02
-2.890482255573e-03 2.799406845349e-02 -1.442141614931e-02
8.742788611178e-02 -1.661004580372e-01 -1.804632997866e-01
-1.712569587790e-01 2.357892521400e-01 8.291249993211e-02
-7.028250503776e-02 5.704299382814e-01 4.658384911044e-02
1.974388092575e-01 3.321779688109e-01 -8.818000700627e-02
Mode 4
1.371954207501e-01 2.651500847171e-01 -1.160726027093e-01
2.698461845531e-02 1.341396347117e-01 7.468861202506e-02
-7.372806525799e-02 8.795911344260e-02 5.231324469491e-03
-1.009656379194e-01 -1.007091418790e-02 -1.449293505366e-01
-4.094366570925e-02 2.661114053493e-02 4.599416743153e-02
-4.427715749777e-02 -1.721301311553e-01 1.451727496359e-02
-3.993202582327e-02 -2.838709691918e-01 4.765098506734e-03
-5.085088922537e-02 -1.463836506749e-01 2.420772356237e-02
-4.606274801793e-02 -3.138914856762e-02 3.151102342414e-02
-3.877423596905e-02 -6.009366697893e-03 5.157951276337e-02
7.470834417351e-02 -1.659421053153e-01 5.815394220844e-02
-3.726041623722e-02 2.885872850801e-02 2.188230268344e-02
-5.519602089987e-02 -3.464281263848e-02 3.395990001923e-02
-4.857566324755e-02 1.512252188116e-01 6.059156818778e-02
3.814389167529e-02 5.354235625525e-02 1.725637841915e-01
1.296200498969e-01 1.373094322584e-01 5.333631481092e-02
-3.553399602996e-02 -2.304971188685e-01 1.041217169665e-02
-3.485956943931e-02 -4.374851920197e-01 -1.707387425321e-02
-2.066627903611e-01 -3.875910612185e-01 -1.423504841710e-01
-8.667547262595e-02 -6.177222103745e-02 8.468503500129e-02
-7.189584881311e-02 1.588326427853e-01 2.455969277626e-02
6.473194958413e-02 6.517481351834e-03 -7.659828418357e-02
Mode 5
5.846407018139e-03 1.612690431107e-02 2.396347704301e-03
-7.836650486917e-02 -2.230477694100e-02 -1.177335459425e-01
1.649977182600e-02 7.748840017038e-03 -5.067260609126e-02
4.653711852133e-02 2.562537085735e-02 -1.190698827082e-01
5.544897510592e-02 -1.466794442731e-03 4.151216296178e-02
9.086463051009e-02 -8.199405151886e-03 4.214722621265e-02
1.050515431937e-01 -1.906049319653e-02 8.062797821926e-02
9.223502083974e-02 -2.456174524048e-02 1.071887195624e-01
5.754041795095e-02 -1.320269575200e-02 1.153897271290e-01
3.822815076456e-02 -1.384207323910e-02 8.334869823558e-02
-6.000297868959e-02 -1.013784403338e-02 8.942520151910e-02
4.728343675132e-02 1.029619675532e-02 1.491920404759e-01
-1.017899430445e-02 2.614286583769e-03 -3.448990548853e-02
-2.758280362135e-01 3.654246265367e-02 -4.493145255406e-01
-6.467295620947e-02 -5.394629796482e-02 -2.720426541390e-01
-2.390884394662e-01 -3.212331867269e-02 -7.684276485846e-02
1.044022053794e-01 1.928285671393e-03 2.442255568694e-02
1.364592802187e-01 -1.754630244481e-02 7.727219495206e-02
-1.046236216768e-01 -3.227411504234e-02 1.386083665782e-01
1.027537720673e-01 2.403995271244e-01 -3.239953216167e-02
9.179201130680e-02 -2.512970853842e-01 9.013324324380e-02
-7.754202280576e-02 1.075251244353e-01 4.253534792550e-01
Mode 6
-9.133272881940e-03 -3.253664070865e-03 2.448876595090e-03
-9.854325397310e-03 -7.880102850193e-03 -6.387194222373e-03
9.133272881940e-03 3.253664070865e-03 -2.448876595090e-03
7.691167851200e-03 -5.999213487789e-03 -2.012101823002e-02
1.386224377648e-02 -3.666986106828e-04 1.037804074044e-02
8.015836758342e-03 -1.649360292175e-02 7.981693036144e-03
4.007918379171e-03 -8.246801460875e-03 3.990846518072e-03
7.210525153701e-04 4.626438779327e-03 8.836070817463e-03
1.057537791268e-02 1.250654162952e-02 1.522326503984e-02
1.057537791268e-02 1.250654162952e-02 1.522326503984e-02
-2.484027749148e-02 1.923915233867e-02 1.458820178896e-02
2.812714335528e-02 -3.211239257888e-02 -1.943342608835e-02
0.000000000000e+00 0.000000000000e+00 0.000000000000e+00
-1.931226718639e-02 -6.393774870964e-04 -3.204102889344e-02
-6.171075925281e-03 -5.632514877106e-03 -3.049905897046e-02
-3.212878954036e-02 -6.140629531048e-03 -5.480287550265e-03
1.202375513751e-02 -2.474040438263e-02 1.197253955422e-02
8.015836758342e-03 -1.649360292175e-02 7.981693036144e-03
4.197684274358e-02 6.052055595204e-02 3.279034889318e-02
-1.079784736754e-01 -4.625855115444e-01 3.302352097096e-01
-4.846986700993e-02 4.814545955309e-01 9.139006748134e-02
2.675210812698e-01 -2.030713554314e-01 -5.379539902998e-01
Mode 7
5.846407018139e-03 1.612690431107e-02 2.396347704301e-03
-2.371656917379e-02 -7.513404239510e-03 -1.676523496282e-02
-4.007918379171e-03 8.246801460875e-03 -3.990846518072e-03
-4.728970894541e-03 3.620362681548e-03 -1.282691733553e-02
5.450023409911e-03 1.006076097779e-03 2.166298815300e-02
-1.844760833061e-03 2.212611779886e-02 2.251736593432e-02
-5.125354502769e-03 -1.150046553174e-02 6.439723113162e-03
-7.684895657107e-03 -4.050061008301e-02 -8.018488905302e-04
1.448377224833e-03 -3.724694601215e-02 -3.250725485620e-03
1.202375513751e-02 -2.474040438263e-02 1.197253955422e-02
-1.970865079462e-02 -1.576020570039e-02 -1.277438844475e-02
4.404301987399e-03 6.874026752413e-03 -1.527579393062e-02
-5.846407018139e-03 -1.612690431107e-02 -2.396347704301e-03
-5.852679212232e-03 3.037291925973e-02 1.852651941624e-02
-2.219647724787e-02 -1.914513260441e-02 -6.738531216329e-02
-7.851620646543e-02 -2.703538866470e-02 -2.071975392279e-03
-1.170535842446e-02 6.074583851947e-02 3.705303883249e-02
-1.754549324851e-02 -1.880889362403e-03 1.373382400764e-02
8.082696497444e-01 5.569704052557e-01 3.852455024116e-02
-2.097715039117e-03 5.823572488007e-02 -5.295469704670e-02
2.962196956659e-03 -2.378850806241e-03 -3.294793556555e-02
4.013835410461e-02 3.614685018010e-02 3.438484770695e-02
Mode 8
-6.242790626367e-03 -3.124773252436e-02 1.687029274440e-02
-1.969430785440e-01 -1.063716217094e-01 -2.224825878772e-01
-4.703675473935e-02 9.401973426922e-05 -5.279711037433e-02
-6.424030131338e-03 3.047709220411e-02 -1.059711219515e-01
6.489472638331e-03 4.163794901395e-02 7.952463735716e-02
-2.931629417997e-02 -1.325009206099e-02 7.723334743444e-02
-6.905826467635e-02 -3.427611402780e-02 2.358185927879e-02
-5.512430619878e-02 -9.027594991230e-03 -1.340945169562e-02
-2.890482255573e-03 2.799406845349e-02 -1.442141614931e-02
2.916032038961e-02 5.501930390809e-02 5.935109023636e-02
1.741035356760e-01 6.171544440207e-02 7.796898606101e-02
4.942760077691e-02 -2.368697596137e-03 -1.046484665589e-01
-6.353652656535e-02 -7.654820282768e-03 -2.124504283068e-03
1.410892578844e-02 1.002351787891e-02 1.067729708420e-01
-1.556937374482e-01 -1.700213623677e-01 -5.207227635298e-01
-5.059668089923e-01 -1.356282813421e-01 -1.479951266035e-01
-5.639144391864e-02 -3.350547370755e-02 1.126826884859e-01
-1.088719498738e-01 -8.091735364186e-02 1.729972283799e-02
-1.022919459521e-01 -1.531636576931e-01 -1.331359288133e-02
1.590268753602e-01 3.667527125425e-02 -1.340349857000e-01
1.698668671759e-02 -9.101458483482e-02 -1.800771996165e-01
2.419093967720e-02 1.749626529248e-03 -7.079362432128e-02
Mode 9
8.081279265335e-03 5.562143829630e-02 -1.846479155817e-02
-3.509098649702e-02 -3.761778724807e-03 2.746764801528e-02
-2.955924762566e-03 -4.412097276456e-02 1.202506844500e-02
5.479963729164e-02 1.952198442519e-02 -1.469325957054e-02
4.345131674498e-03 -1.117408380364e-01 -9.752176456860e-03
2.122803815487e-03 -2.442350191633e-01 -3.073677143548e-02
-1.130270262214e-02 2.936684316195e-02 -3.136468736753e-03
-1.927191345577e-02 2.574749580142e-01 2.520395499443e-02
-1.893470016044e-02 1.539809214386e-01 1.146093201950e-02
-8.022108952435e-03 6.299342649255e-02 1.294117408440e-02
-1.117436123598e-03 -1.974726699262e-02 1.043056963123e-02
-6.626629846410e-03 -1.393682078792e-01 -5.708801047999e-03
-1.236724062693e-02 1.747342645290e-01 2.269335054126e-02
-3.339763982609e-03 -1.522414481194e-01 -1.055402534739e-02
-3.581203901239e-02 -8.388217504134e-03 1.863157719782e-02
-4.823217775813e-02 1.231358665203e-03 2.592567809230e-02
4.966660146344e-03 -4.838435995472e-01 -5.263747205350e-02
-1.314119126111e-02 4.993137390010e-03 -1.541969922982e-03
3.784595621505e-01 2.181530725862e-01 -5.456735963952e-02
1.952856524718e-01 -1.457705901929e-01 3.801180537958e-03
4.805466681943e-02 -3.570759530318e-01 -9.354825671008e-03
-2.724655501441e-01 -2.022412976325e-01 -1.899951358887e-02
Mode 10
-1.944942439447e-02 -9.836963635240e-02 4.177480741572e-02
7.018197299404e-02 7.523557449614e-03 -5.493529603057e-02
-3.535021289717e-02 7.884765192721e-02 -2.708154784518e-02
-1.374017490314e-01 -1.742596570547e-02 7.692265649559e-02
-4.331315153670e-02 2.604559432086e-01 -1.966399123455e-02
3.075839921071e-02 2.250296961964e-02 -5.956120579951e-02
7.045374378237e-02 -1.680855203440e-01 -4.223183441119e-02
4.855684666527e-02 -1.172574809916e-02 2.177033173857e-03
-1.821364764507e-02 1.586073602179e-01 2.029700283696e-02
-4.587896488513e-02 2.779556222281e-01 -5.982696117694e-03
3.942984597743e-02 -6.147923574083e-02 -1.629695735160e-02
-4.540713800955e-02 -9.887775100634e-02 6.679357883592e-02
5.985954928742e-02 -4.109259126112e-02 5.313501910610e-03
6.314505327453e-03 5.686295017161e-02 -6.423964445925e-02
5.992499179441e-02 3.102244995693e-02 -2.113298268370e-02
8.844851875792e-02 1.403088559134e-02 -5.983304922075e-02
5.489016857500e-02 -9.436226863996e-02 -1.248312126470e-01
9.485101174091e-02 -4.140600128264e-01 -7.387551251878e-02
3.645128823465e-01 1.198605192894e-01 -3.188476352729e-01
7.903465926573e-02 -1.381834726393e-01 1.111703671132e-01
3.041864228756e-02 -2.450725893290e-01 1.145169514131e-01
-2.735892584618e-01 -1.754887410543e-01 1.235392316291e-02
Mode 11
1.838488638968e-03 2.437370577194e-02 -1.594498813771e-03
-6.169176573229e-02 -2.978093808163e-02 -2.464187021738e-02
-1.175371244464e-01 -4.343497185218e-02 -4.688739273047e-02
-9.758806383395e-02 2.921527390859e-02 8.320479293638e-02
-9.196952224550e-02 -1.045475089823e-01 -7.356239082251e-02
1.906558517443e-02 -9.750839002492e-03 -6.435390120812e-02
7.378096337680e-02 7.715557491705e-02 1.016792517729e-02
4.631570222398e-02 -4.720458513597e-03 4.396103955687e-02
-5.959405069317e-02 -8.801666296169e-02 2.831282682931e-02
-9.236590585373e-02 -1.196683371956e-01 -5.429575037381e-02
2.224854150304e-01 6.521469746057e-02 -6.361826258154e-02
-1.740908143495e-01 1.132858985817e-02 2.233026005467e-01
6.674540553398e-02 1.566618596612e-02 6.557149881908e-02
-2.692544814241e-02 -1.552476992286e-02 -8.021222949883e-02
-5.815194566243e-02 -7.876378540304e-02 4.598496846424e-02
-1.707739493920e-02 3.885515649814e-02 -5.290216815591e-02
5.534572249613e-02 3.937342436218e-02 -1.496214705695e-01
1.198311670065e-01 2.015443706263e-01 2.050263599424e-02
2.353019373843e-01 7.071594950452e-02 -9.017900392472e-02
-4.324537108993e-01 -1.343893663246e-01 3.319989249204e-01
-1.205179610471e-01 2.644870310683e-01 3.919464650456e-01
-5.599506031042e-02 -1.838464549426e-02 9.341604803717e-02
Mode 12
5.322664724691e-02 -1.339609755696e-01 2.052756798316e-02
2.301703106875e-01 1.057153075436e-01 -6.281641369101e-02
1.247286560796e-01 6.315514895602e-02 -1.451006185821e-01
2.241363919703e-01 1.978130515318e-01 -1.671313089706e-01
3.260316004377e-02 3.768518207865e-04 -8.207857173383e-02
-6.050261490761e-02 1.558154655824e-02 -8.244179156347e-02
-8.718138103806e-02 1.044699312497e-02 -6.625909096074e-02
-1.475807433359e-01 -1.481167912170e-02 4.243275100706e-02
-1.030318150498e-01 -1.829062575999e-02 4.061893766284e-02
-6.249080514284e-02 -1.352277093740e-02 3.481427780055e-02
4.263245275196e-02 -6.968046486683e-03 6.807290430496e-02
-1.414096674106e-01 -9.179164244593e-03 7.293180997752e-02
-1.640805151619e-01 -2.256051913874e-02 9.310535709832e-02
-1.757796013922e-01 -8.314504190072e-03 1.092355288103e-01
1.918831665483e-01 1.669861973957e-01 2.024758263960e-01
4.844598463511e-01 1.875650239692e-01 -1.490570999885e-01
-9.711369333055e-02 2.345149619833e-02 -4.354066347714e-03
-4.657256193455e-03 2.923558032880e-02 -6.019626905039e-02
1.961250456130e-01 9.608557816414e-02 1.590016407892e-03
-2.064600137078e-01 -5.170207973327e-02 1.005045157744e-01
-1.089624811572e-01 3.296689942329e-02 1.274376759145e-01
-1.435728249567e-01 -2.305848058257e-02 4.642359752513e-02
Mode 13
-8.015836758342e-03 1.649360292175e-02 -7.981693036144e-03
-5.046705000533e-02 -3.826317532003e-02 4.678681735477e-02
1.112226191190e-01 -1.342797831942e-02 1.111270371897e-01
1.454238579839e-01 -4.556746078708e-02 -8.986383057999e-02
5.504631930360e-02 2.991220091478e-02 8.170167053102e-02
-6.986357628099e-02 2.848187668723e-02 1.039608744173e-01
-1.001413327942e-01 -4.628469421348e-02 5.504035381215e-02
-2.916659258370e-02 -8.519480337289e-03 -3.842822311581e-02
6.288091655698e-02 7.514342272149e-02 -3.315805112870e-02
7.129313692355e-02 7.377064801303e-02 -4.444299854126e-02
3.111898552923e-03 2.351760917459e-03 -1.486095061158e-01
-8.282352803713e-02 -2.824981065123e-02 2.252603191902e-01
-7.035066811083e-02 -3.879837986275e-02 -1.097518529064e-01
1.201748294342e-02 2.175941918817e-02 3.289540667476e-02
-3.663007194346e-02 -1.867426104935e-02 -2.022609942715e-01
-2.463391414122e-01 -1.704583605654e-01 1.206688639279e-01
-9.806243433736e-02 3.497905161885e-02 1.707636522205e-01
-1.640679707737e-01 -1.155601662803e-01 5.125962285723e-02
-9.518467340821e-02 -6.605905109488e-02 -1.160865182380e-01
-2.808650491842e-01 -1.278244886638e-01 2.935570204314e-01
1.074866484664e-01 -1.474657325032e-02 4.629569731399e-01
-2.584471556390e-01 -7.833352668840e-02 1.979114103296e-01
Mode 14
-5.125354502769e-03 -1.150046553174e-02 6.439723113162e-03
1.794187685674e-02 1.700171757569e-02 -3.300046445634e-02
-5.456295604004e-03 4.549374747302e-02 -7.401210324520e-04
-5.368220116804e-02 2.252825674241e-04 4.262689939305e-03
-1.419318487772e-02 5.736091161545e-02 -1.755788488606e-02
-4.198311493767e-02 -1.402073238124e-02 -1.186748177264e-02
3.158897652996e-02 -6.021063397674e-02 1.194856314287e-01
-4.300984283966e-02 1.839142896283e-02 2.315424556310e-01
9.800971315679e-02 -3.405005857666e-02 1.569544189816e-01
1.794814905083e-02 -2.949810599511e-02 -5.392333157688e-02
1.239487303113e-02 1.033603671202e-02 -2.667199532611e-01
2.556661981873e-01 1.898755276618e-02 -4.212206006820e-02
-1.135227569349e-01 6.786208451798e-02 2.792979075159e-01
-2.338598323536e-01 -6.146307194586e-02 1.078511455596e-01
2.234617884414e-02 2.387574432811e-02 -4.827625838696e-02
-3.246689071421e-04 1.049438943396e-02 -2.810271126616e-02
-5.768420122961e-03 -3.701151023462e-02 -7.068856653970e-02
1.929665211353e-01 -1.178806946838e-01 1.138774057564e-01
-1.085725466813e-01 -7.145613019446e-02 -2.140234182625e-01
4.463474925845e-01 6.756723126173e-02 -8.311789893385e-02
8.795515473399e-02 -6.749547387833e-03 -2.526229094239e-01
3.871435533054e-01 4.117122008413e-02 -5.314884543269e-02
Mode 15
3.390810786643e-02 -8.810052948586e-02 9.409406210259e-03
8.410965927751e-02 7.927190005698e-02 -7.100373988443e-02
-5.507768027407e-02 2.025869169392e-01 2.291266507171e-02
-1.587400165558e-01 6.578559933476e-02 -5.544242115941e-02
-1.212055861497e-02 1.851244810186e-01 1.190882806428e-01
-2.498370689365e-02 -3.199128295583e-02 1.093269052187e-01
-5.268937786434e-02 -1.707573564469e-01 2.580222237615e-02
1.984580800270e-02 1.134904645657e-01 -6.104144786442e-02
5.403195885155e-02 -1.967189662846e-01 -5.985144715533e-02
6.197608090881e-02 -2.388277868536e-01 -4.500402404328e-03
-2.628238252222e-02 9.986274780020e-03 -3.083939845964e-03
-1.433661427989e-02 6.130476320944e-03 7.718081854365e-02
-1.025443757181e-02 3.945684880315e-01 -1.265328208908e-01
1.157237245838e-01 -1.669380282030e-01 -3.520957693794e-02
8.331689206106e-02 4.903024363040e-02 -3.247045898704e-02
1.158483374037e-01 2.379187780394e-02 -6.717967900602e-02
-3.379231086845e-02 -4.573933646065e-02 1.398784930799e-01
-1.491349167983e-01 -3.077941098289e-01 1.488497719911e-02
-6.135437549872e-02 3.276870674465e-02 3.047324276565e-01
-2.775505509162e-01 4.437257233706e-02 4.468519341216e-02
3.196027136182e-02 1.409094885197e-01 1.839104594622e-01
1.166600981407e-01 8.057774491996e-02 1.746357595838e-01
Mode 16
8.102284950096e-02 -1.090791551437e-01 -6.085702250809e-03
-5.455295527968e-02 -9.131767935603e-03 1.110881896721e-01
-2.340473440527e-01 4.676157635340e-02 5.932597984323e-03
-3.619333460461e-02 2.545609026652e-01 -1.642826508323e-01
-1.104637565008e-01 -9.490084292421e-02 1.152891517533e-01
-2.761496274908e-02 -8.660664515435e-02 1.494546849298e-01
-1.770773923296e-02 8.638814605550e-02 1.712411287990e-01
7.155236332369e-02 -8.838782638982e-03 1.010619731921e-02
-7.301056437064e-03 6.761986527188e-02 2.177724490186e-02
-4.415881687197e-02 6.509959842238e-02 3.470040016064e-03
-1.779217526047e-02 -1.227110585199e-02 -8.266110609392e-02
3.036201560248e-02 7.382141406355e-03 -4.029456535082e-02
9.752889352105e-02 -1.478301386974e-01 -7.768117546262e-02
1.019798214332e-01 7.065839998542e-02 -5.663485262592e-02
-6.138200790292e-02 -1.523015944964e-01 5.487590303764e-01
3.640700497518e-01 5.916886054750e-02 7.214209257354e-03
1.629089991683e-02 -1.155966364955e-01 7.051258193276e-02
-1.221224890006e-01 1.774595075257e-01 1.886643073531e-01
-2.468430370113e-02 -2.253005950843e-02 -1.219962358818e-01
1.555965800942e-01 -1.681923800052e-03 -3.445105797091e-02
-6.814141545473e-03 -3.114355957998e-02 -1.076273486233e-01
2.747780554100e-02 -1.112361371095e-02 -7.563884862067e-02
Mode 17
-1.242013874574e-02 9.619576169337e-03 7.294100894480e-03
6.664215292418e-02 5.650640477103e-02 -1.255621347122e-01
-3.382384877716e-02 2.071609999151e-02 -9.862449216620e-02
-1.242605577703e-01 -2.241910309548e-02 7.846462641857e-02
2.964096308711e-02 2.755702627028e-03 -4.913063616828e-02
-3.506589772065e-02 -1.897610730080e-01 -5.622382046690e-02
-3.392065225461e-02 1.811001766275e-01 3.243632803083e-02
-2.812087116119e-02 -1.438743099192e-02 -1.489441032193e-03
1.467225336124e-01 -8.754501852293e-02 2.254701448465e-02
7.417734698503e-02 9.227640313034e-02 -9.098715271406e-03
-8.087551459428e-03 -9.121614725500e-03 3.938765867871e-02
1.633847283611e-01 -2.021532521952e-03 1.574844244509e-01
-1.852439923137e-01 -1.206176366580e-01 -2.386127595891e-01
1.121844353287e-02 3.801758633240e-02 9.235155469270e-02
4.710219724635e-02 7.202102148378e-02 2.635062578002e-02
1.638867312687e-01 1.772849910088e-01 -1.741010375531e-01
-2.966250023545e-02 -4.003695088407e-01 -7.088294908123e-02
-3.908394335647e-03 3.849760017510e-01 4.773051989603e-02
3.877423596905e-02 6.009366697893e-03 -5.157951276337e-02
-2.315149044878e-02 3.888224638692e-02 1.286552735254e-01
2.049589153024e-01 8.987801878760e-02 2.304642809133e-01
2.425440004467e-01 5.052490084563e-02 2.366846894960e-01
Mode 18
1.838488638968e-03 2.437370577194e-02 -1.594498813771e-03
-1.129643042805e-02 -1.713298040885e-02 -2.405933585730e-02
-8.644151194041e-02 -1.244260388081e-01 -1.201916215049e-01
-1.282279454806e-02 4.099857152685e-02 4.748360846372e-02
-1.168026964809e-02 -1.252534557637e-01 -4.663842964969e-02
-3.023740278258e-02 1.833477646005e-01 8.324463282744e-03
-7.744065970008e-03 -1.591154748719e-01 4.721768583234e-03
2.559541154338e-03 2.900014455127e-02 7.241572003692e-03
6.246571636647e-02 1.995220652206e-01 4.887719068163e-02
2.990646168135e-02 -1.263535515958e-01 -1.550430742836e-02
1.442105030740e-03 9.252877558655e-03 1.767214163493e-02
1.003225722992e-01 -1.544013051498e-02 6.780106088372e-02
-9.367712587048e-02 1.530886768183e-02 -1.248608611974e-01
1.017899430445e-02 -2.614286583769e-03 3.448990548853e-02
-3.947002276981e-02 -3.059141835858e-02 3.021692943126e-01
2.650020707843e-01 1.920865169204e-01 -1.448332575668e-01
-2.723485209530e-02 4.390832492956e-01 3.262151160507e-02
2.505915016101e-02 -3.599629184919e-01 -1.728398981636e-02
6.339771042067e-03 3.690733729025e-02 1.951862079074e-01
2.718073965079e-01 -1.013396954530e-01 1.440520924148e-01
1.480991961362e-01 -1.504071821823e-01 6.666564071388e-02
-1.460481070218e-01 -1.194430546282e-01 -5.003306043451e-02
Mode 19
2.884819587065e-02 -2.748595379955e-02 -1.059735527089e-02
-1.558834388986e-01 -1.007789467890e-01 2.239284648303e-01
-6.400462487467e-02 -4.839086614331e-02 6.451148788048e-02
7.425533388020e-02 7.139179720679e-02 -7.739093410681e-02
-6.739474334826e-02 5.322592901807e-03 -1.217769213514e-01
-4.465845308999e-02 9.081898901400e-02 -1.683969530665e-01
4.022261319388e-02 -3.123757931425e-02 -5.483023824899e-02
9.405043670274e-03 -1.723554137227e-01 1.025458502429e-02
5.795561814145e-02 -1.375813382511e-01 3.335448531869e-02
-6.446390736206e-02 2.354428599496e-01 -5.011052131422e-02
7.216797347794e-03 -2.354357775279e-04 6.743784105408e-02
1.185891180630e-01 -8.932802373252e-03 6.290330769354e-02
-9.507887717060e-02 2.641703256244e-01 -8.528801894441e-02
7.229341735979e-03 -9.323508291913e-02 2.559210681299e-02
-1.368832962311e-01 -1.826448270095e-01 1.860210482165e-01
-1.446461787834e-01 -2.022608311690e-01 2.535114181614e-01
-7.267151838777e-03 2.061903429421e-01 -2.431722249386e-01
1.837766215683e-01 1.313203719807e-01 -3.848523441248e-02
8.001730487083e-02 -1.114055038963e-02 -3.288968212954e-01
4.454265609201e-02 4.302087693251e-02 1.910905377633e-02
5.623547012829e-02 7.527468555465e-02 2.390174918493e-02
3.003838215902e-01 4.678342854103e-02 1.207512755245e-01
Mode 20
-2.957552058012e-02 6.935933859102e-02 2.268415157397e-02
7.138366820691e-02 -4.011360505212e-02 -1.545809516177e-01
-5.346947738363e-03 -2.078899763045e-01 -1.736466754706e-01
7.804810815612e-02 -1.370065719584e-02 6.870796755583e-02
9.379954893904e-03 1.364388056045e-02 9.394605350647e-02
6.021374329017e-03 9.019031534062e-04 1.461606295207e-01
-2.827057275745e-02 -1.911804271562e-02 1.141721295181e-01
1.564783429664e-02 -1.411076811984e-01 -6.615707720107e-03
-4.020379661160e-02 -1.082618913981e-01 -7.938363112645e-03
-9.483030565452e-03 1.932400196463e-01 5.803763381111e-02
-1.162109933519e-02 -6.638590974886e-03 -5.216204712346e-02
-7.443657338517e-02 -9.666972478327e-03 -4.545048058906e-02
4.131496054111e-02 1.745089819616e-01 1.843066060196e-02
3.470087508288e-02 -5.785887305928e-02 -2.912387468713e-02
1.785767458404e-03 2.530269881413e-02 3.261235723883e-01
4.511695383902e-01 3.211322110393e-01 -3.407640689125e-01
2.338124856988e-03 -1.345684819680e-03 1.702724942688e-01
-1.330162636263e-01 1.289475317593e-01 1.244154639266e-01
-2.709414325920e-02 -4.679959233600e-02 -2.448993784358e-01
-1.353418440951e-01 3.729356943743e-02 -8.770276458329e-02
-1.149121407851e-01 5.768021391714e-02 -6.609230532109e-02
5.295487645858e-02 4.164810222405e-02 7.824106363778e-03
Mode 21
0.000000000000e+00 0.000000000000e+00 0.000000000000e+00
3.284984205573e-02 1.076706831038e-02 1.431635836773e-02
5.327954536572e-02 3.115371279009e-02 3.592681762994e-02
3.357716676519e-02 -3.110631648110e-02 2.229562064645e-03
-2.484027749148e-02 1.923915233867e-02 1.458820178896e-02
2.124876602309e-01 6.104159315872e-03 2.473324662579e-02
2.247580973804e-01 -8.246028577166e-03 1.331007162816e-01
8.309547576371e-02 1.868441425945e-02 1.305604632781e-01
-1.352385914853e-01 -3.546649367486e-03 1.034308689480e-01
-1.169657735273e-01 -4.353914479656e-02 7.761024863725e-02
7.366498944058e-03 4.495175946172e-03 -4.822372949617e-02
-1.700301747898e-01 2.152795355107e-03 -1.004246241373e-01
-2.416795185292e-01 5.331973228201e-03 -3.225873221083e-01
1.667473913688e-02 -7.476161140624e-03 9.309167572515e-02
4.845359405548e-02 2.911447070575e-02 -1.889566003574e-01
-1.560584062094e-01 -8.555394563129e-02 8.016418301392e-02
3.014168216863e-01 -3.212855637385e-02 -1.435815289996e-01
3.153043311774e-01 -5.245086786589e-02 1.262223641075e-01
-1.010100740927e-02 -1.827031933978e-02 -1.027821243239e-01
5.527400779505e-02 1.375820671493e-02 -1.022521188546e-01
-3.457570550015e-01 -7.090701877153e-03 -3.189071665291e-01
-4.688705314309e-02 4.824631457969e-03 -1.684586809246e-01
Mode 22
2.556133000685e-02 -1.461271355935e-02 -5.752130971498e-03
-1.392402376704e-01 -4.179967147741e-02 7.851715530936e-02
-1.241108561740e-01 -1.768849137178e-02 -3.719694413169e-02
-8.469982677890e-02 6.033174359979e-02 9.274699878351e-03
1.660222564106e-01 6.094006105768e-03 9.643377761918e-02
3.172145345174e-01 -2.461944446697e-03 7.725851357889e-02
1.149523175775e-01 3.439044018227e-02 -2.197800316399e-01
-4.150874443427e-02 -1.978451009150e-02 -9.942634105673e-02
4.910293186977e-02 8.125691837824e-03 -1.327511778251e-01
1.719403781299e-01 4.783612806409e-02 5.146077360863e-02
-1.530434880722e-02 -8.886178947972e-03 -2.805018237537e-02
-7.299446835443e-02 -4.140949196722e-04 -2.777833895414e-02
-1.432544282437e-01 1.294695355426e-02 9.544917591183e-02
-1.724927355284e-01 -2.118774443027e-02 1.043903045109e-01
-1.411251752958e-01 -1.117442077780e-01 3.869068582047e-01
1.745779061794e-01 5.595166669181e-02 -9.589873223083e-03
2.670658812252e-01 -4.719685629887e-03 1.730709093204e-01
2.841400215963e-02 7.034847801012e-02 -2.089108329478e-01
-7.545702909307e-02 -2.375463470505e-02 1.770365896940e-01
-3.118362258086e-01 -2.214719710277e-02 -8.226173711039e-03
1.067403302364e-01 5.826008517128e-04 1.946950499557e-01
-2.045498103677e-01 -1.713156314072e-03 5.154066524575e-02
Mode 23
-1.058165010677e-02 3.399328194128e-02 5.699602080710e-03
-5.341670257380e-02 -1.288839716554e-01 3.788901867923e-02
-2.994681541197e-02 -1.317607839055e-01 -4.174067645951e-02
9.606169971394e-02 2.891627802711e-02 -1.166184861536e-02
-4.081905288936e-02 2.173410465418e-01 1.402406536345e-02
-1.162737152929e-02 3.986123259592e-02 -3.123918000291e-02
1.169908623037e-02 -1.424601494866e-02 -1.613017171194e-02
-2.843856330857e-03 2.396085803839e-01 2.190070061802e-02
6.514561414701e-03 -1.443613452693e-01 -4.166831125017e-03
-2.154713943359e-02 -4.013391147233e-02 -1.117988963097e-02
7.210525153701e-04 4.626438779327e-03 8.836070817463e-03
1.714910964028e-02 -1.323993885089e-02 5.532816441054e-03
-2.222327859011e-03 -1.324941811268e-01 -2.098459497862e-02
-1.448377224833e-03 3.724694601215e-02 3.250725485620e-03
-9.065185309641e-02 -1.199808560287e-01 3.191971737293e-01
1.972550261247e-01 2.283319801515e-02 -5.068628746443e-02
1.897233332500e-02 -4.329798628634e-01 -1.369981347428e-01
4.551394224737e-02 -5.255755682954e-01 -7.936499903634e-02
-9.607643385346e-03 2.510113639396e-03 9.000773587919e-02
-1.360691688046e-01 7.916695422890e-02 -7.561596828021e-02
-4.120289210940e-02 1.092205711869e-01 -8.555028428940e-03
2.353989178000e-01 7.637555427041e-02 1.218774967271e-01
Mode 24
-3.542192759825e-02 5.323243427996e-02 2.028780386967e-02
7.294784242972e-02 -2.112004170108e-01 -8.543777813189e-03
-3.036201560248e-02 -7.382141406355e-03 4.029456535082e-02
3.220050424145e-02 3.175584717830e-02 -4.188906416459e-02
-4.739278461696e-02 2.430875270222e-01 2.371451396224e-02
-1.056283352450e-02 -1.055061887711e-01 -5.706899928093e-02
1.576617492244e-02 9.612204837931e-02 -1.766294266764e-02
8.690263348996e-03 -2.234816760729e-01 -1.950435291372e-02
-1.236724062693e-02 1.747342645290e-01 2.269335054126e-02
-6.620357652318e-03 -1.858680314500e-01 -2.663166816854e-02
8.412220366570e-03 -1.372774708462e-03 -1.128494741255e-02
8.405948172477e-03 4.512704886234e-02 9.637919707993e-03
-8.743161467805e-03 5.836698771322e-02 4.105103266939e-03
-5.846407018139e-03 -1.612690431107e-02 -2.396347704301e-03
5.373255565903e-02 -2.061801897320e-01 1.714716939452e-01
1.858339828768e-01 -1.850296884006e-01 -4.277552125366e-02
9.891958561865e-03 -2.711188385746e-01 -1.191500085009e-01
4.761064928628e-02 3.708714028456e-01 1.695961750434e-02
-2.200878861057e-02 3.867390049817e-02 3.776505562609e-01
2.407960430911e-01 -8.773305799147e-02 1.281412352333e-01
5.763094923431e-02 -1.270869488172e-01 5.251774052532e-03
-2.605575920046e-01 -9.314183606857e-02 -1.563148733248e-01
Mode 25
6.939547797168e-02 -6.921792254776e-02 -3.732488225372e-02
-2.763864888679e-01 2.757343512601e-01 7.057674054825e-02
5.961913946954e-02 -9.798263132151e-02 -1.120042953115e-01
4.296339385319e-02 -6.396225949144e-02 7.525274845057e-02
2.929747759769e-02 1.527495627734e-01 -1.446474607280e-02
-5.985327709332e-02 -5.407232309682e-03 -2.623636903116e-02
-1.939652627566e-02 6.674505200725e-02 5.717405706250e-02
4.669800581640e-03 -1.222352274704e-01 1.835053480930e-02
-3.293138057893e-03 5.937306381100e-02 2.576809141994e-02
2.076691660532e-02 -8.310739209585e-02 7.867436287277e-03
8.412220366570e-03 -1.372774708462e-03 -1.128494741255e-02
-3.501927179593e-02 2.185343892244e-02 -1.990170369957e-02
1.609711602368e-02 3.912783537455e-02 -1.048309852202e-02
2.155341162768e-02 -6.365912098472e-03 -9.742977489570e-03
-3.012330385535e-01 3.414733271696e-01 1.060878094578e-01
-8.452231584020e-02 4.161763379663e-01 -7.296152542943e-03
-4.279741930247e-02 -4.418761950215e-01 -9.334778612475e-02
2.365112666680e-02 -6.460163697854e-02 4.321171955713e-02
4.423295507920e-03 3.341823744185e-02 2.650729255566e-01
7.516389809464e-02 -3.220641231315e-02 3.336368428598e-02
-2.371029697970e-02 -5.401322781031e-02 -3.768810208336e-02
-1.408573100120e-01 -3.582754787840e-02 -8.291926814198e-02
Mode 26
0.000000000000e+00 0.000000000000e+00 0.000000000000e+00
-1.570700460954e-02 2.249281640954e-02 1.213932519387e-02
1.169908623037e-02 -1.424601494866e-02 -1.613017171194e-02
1.787016215565e-02 -8.613500071558e-03 1.436888725852e-02
1.306320436593e-02 1.589146853354e-02 6.983418875838e-02
9.014357799472e-02 -1.282584393121e-02 3.331115539519e-02
-7.301973406905e-02 1.954151796169e-02 -2.872041913208e-01
-1.084101237586e-01 6.318515789483e-03 -2.841340220501e-02
-1.378761195348e-01 -1.166218799521e-02 1.644815157797e-01
-1.200776720803e-01 -4.589090571402e-02 2.262197547531e-01
2.637528049517e-03 8.115538627720e-03 -6.105064683171e-02
1.173936950443e-01 -7.795463442317e-03 1.416260961602e-01
4.718645633562e-02 4.636591989431e-03 -6.286446017592e-02
8.332316425515e-02 2.530420059603e-03 -5.339332610759e-02
-7.619453150114e-03 3.161443113504e-02 -2.724833348484e-02
-3.798146875259e-02 2.423228972868e-02 1.304623186598e-02
-4.452993476558e-02 3.002315732773e-02 2.821625328314e-01
-1.971431346313e-01 9.485267373151e-02 -2.825554012114e-01
-2.196878875643e-02 -3.529912680426e-02 -2.513391015489e-01
4.877128076166e-01 3.612130605874e-02 1.110471455526e-01
-1.326980438515e-01 -1.090715505654e-03 -1.696762785355e-01
3.599966888657e-01 -4.699379209679e-03 2.966984733359e-02
Mode 27
1.314119126111e-02 -4.993137390010e-03 1.541969922982e-03
-6.353652656535e-02 -7.654820282768e-03 -2.124504283068e-03
1.314119126111e-02 -4.993137390010e-03 1.541969922982e-03
1.714910964028e-02 -1.323993885089e-02 5.532816441054e-03
1.536979131421e-02 8.100122016602e-02 1.603697781060e-03
-1.825400137570e-02 -9.950697528333e-02 -3.694798105091e-02
5.066184189868e-03 -1.071143992571e-01 -9.161056393970e-04
2.553268960246e-03 7.549996812207e-02 2.816443912424e-02
4.007918379171e-03 -8.246801460875e-03 3.990846518072e-03
1.314119126111e-02 -4.993137390010e-03 1.541969922982e-03
0.000000000000e+00 0.000000000000e+00 0.000000000000e+00
-2.299551665842e-02 -2.886965460183e-03 -7.929164145355e-03
7.273247094626e-04 -4.187338479147e-02 -1.208679630308e-02
5.125354502769e-03 1.150046553174e-02 -6.439723113162e-03
-9.694499821376e-02 5.472631861147e-02 1.603330825892e-01
1.264237153164e-01 3.629841943346e-02 -5.195641396618e-02
-6.372758989244e-02 6.841829285134e-01 9.966200187330e-02
3.595191678654e-02 6.432317532955e-01 9.033477310416e-02
9.854325397310e-03 7.880102850193e-03 6.387194222373e-03
-2.700343503759e-02 5.359836000693e-03 -1.192001066343e-02
-3.173240593213e-02 8.980198682241e-03 -2.474692799896e-02
-4.007918379171e-03 8.246801460875e-03 -3.990846518072e-03
Mode 28
-7.210525153701e-04 -4.626438779327e-03 -8.836070817463e-03
3.796892436441e-02 6.876735741292e-02 2.879950237511e-02
-7.282239854787e-03 -7.187960544052e-02 -4.099135645977e-02
4.526998080147e-02 1.147492141038e-03 7.022257473248e-03
-1.183487082452e-01 6.582284243364e-02 5.441448952856e-02
9.992618869094e-02 -3.056095872827e-02 8.706770133242e-02
2.187808053482e-02 -1.686030153243e-02 1.835973377659e-02
3.003734669534e-02 1.787653084032e-02 -6.839727661698e-02
3.033911657745e-03 2.323636684101e-02 -8.031728728040e-02
-8.861094168061e-02 -9.180553157528e-02 -1.257769668368e-01
-1.866920156620e-02 2.487166721578e-02 4.508726075942e-02
7.811982285720e-02 1.191456045141e-02 2.133861584098e-02
-2.194979523591e-02 -8.754916114817e-03 2.900961793827e-02
-4.823217775813e-02 1.231358665203e-03 2.592567809230e-02
6.928595316779e-02 1.812211982795e-02 -2.075356486644e-01
-2.088949420422e-01 1.100276817224e-01 6.129284170261e-02
1.523034420363e-01 5.769114001095e-02 -8.682966550976e-03
-1.843856056520e-01 1.477827423885e-01 3.952479576804e-02
6.307689020147e-02 -4.059881642804e-02 -7.987321466093e-01
4.920618447956e-02 -3.271452696709e-02 5.838245570617e-02
1.776496279399e-01 -3.376722649015e-02 1.276729576221e-01
-3.252517314859e-02 -2.126145774434e-02 1.378635289843e-02
Mode 29
-1.386224377648e-02 3.666986106828e-04 -1.037804074044e-02
1.100989108013e-01 1.332457825876e-02 1.424804739415e-01
-4.510773481702e-02 -8.941652755894e-02 -1.645295622646e-01
-1.386851597057e-02 4.686652218148e-02 1.054482638010e-02
2.955924762566e-03 4.412097276456e-02 -1.202506844500e-02
-1.025070900554e-02 -2.300093106348e-02 1.287944622632e-02
-1.537606350831e-02 -3.450139659522e-02 1.931916933948e-02
-3.286865863801e-03 1.287324024020e-02 4.845224299391e-03
4.007918379171e-03 -8.246801460875e-03 3.990846518072e-03
1.786388996156e-02 3.788632349924e-02 3.529175437906e-02
1.169908623037e-02 -1.424601494866e-02 -1.613017171194e-02
-7.210525153701e-04 -4.626438779327e-03 -8.836070817463e-03
4.007918379171e-03 -8.246801460875e-03 3.990846518072e-03
9.133272881940e-03 3.253664070865e-03 -2.448876595090e-03
2.330077178860e-01 -2.534371306714e-01 -4.069115680373e-01
-5.407392218380e-01 6.265905547181e-02 2.716154206473e-01
-1.827909015207e-02 8.649231899987e-02 4.674348743127e-02
-3.904600675738e-02 1.695997110957e-01 3.887605114399e-02
-3.746283901405e-02 2.505710982650e-02 4.652619444358e-01
-5.400687007518e-02 1.071967200139e-02 -2.384002132685e-02
6.567459533509e-03 2.075334309040e-02 1.123241852176e-02
1.129643042805e-02 1.713298040885e-02 2.405933585730e-02
Mode 30
-4.007918379171e-03 8.246801460875e-03 -3.990846518072e-03
-1.585534432912e-03 -6.048331285316e-02 7.706656179478e-02
-1.695059236797e-03 2.685672952256e-02 -9.314420461594e-02
-5.112266001370e-02 2.922542711869e-02 1.150426194300e-02
1.574350687332e-01 2.269178197189e-02 -3.604555678468e-02
-5.985327709332e-02 -5.407232309682e-03 -2.623636903116e-02
-3.325249785805e-02 2.061192704714e-02 2.587314920151e-02
-1.649977182600e-02 -7.748840017038e-03 5.067260609126e-02
3.317451096287e-02 2.726788764136e-04 4.241906963389e-02
9.993246088503e-02 -7.706078229907e-02 6.614483421187e-02
-1.570700460954e-02 2.249281640954e-02 1.213932519387e-02
-7.187703223084e-02 1.933317207294e-02 -3.820890858537e-02
1.754549324851e-02 1.880889362403e-03 -1.373382400764e-02
2.667876613045e-02 5.134553433269e-03 -1.618270060273e-02
2.543044499287e-02 -1.588427959954e-01 4.714083821712e-02
-6.952636298566e-02 -7.501215988834e-02 9.021785144234e-02
-1.363560276089e-01 -2.329391636010e-02 1.138614385792e-01
8.975973877467e-02 -1.209463192861e-01 1.073206160280e-02
5.001368583554e-02 -5.649028496158e-02 -8.685663353677e-01
-2.523038890562e-02 -4.238149944541e-02 1.293197511711e-02
-4.598476112275e-02 -5.227375449117e-02 -3.678119541126e-02
-1.762729654162e-01 -2.909493716925e-02 -8.355433139286e-02
Mode 31
0.000000000000e+00 0.000000000000e+00 0.000000000000e+00
-7.210525153701e-04 -4.626438779327e-03 -8.836070817463e-03
-3.286865863801e-03 1.287324024020e-02 4.845224299391e-03
-1.314119126111e-02 4.993137390010e-03 -1.541969922982e-03
1.130270262214e-02 -2.936684316195e-02 3.136468736753e-03
-7.631997538299e-03 1.246140782766e-01 1.459740075625e-02
-1.501275343641e-03 -1.278677423475e-01 -1.214852416116e-02
-1.058165010677e-02 3.399328194128e-02 5.699602080710e-03
4.007918379171e-03 -8.246801460875e-03 3.990846518072e-03
1.787016215565e-02 -8.613500071558e-03 1.436888725852e-02
0.000000000000e+00 0.000000000000e+00 0.000000000000e+00
-4.007918379171e-03 8.246801460875e-03 -3.990846518072e-03
3.286865863801e-03 -1.287324024020e-02 -4.845224299391e-03
0.000000000000e+00 0.000000000000e+00 0.000000000000e+00
7.210525153701e-04 4.626438779327e-03 8.836070817463e-03
2.043597550408e-02 -2.611317909109e-02 6.875921416633e-04
3.639948594771e-02 -6.683287030787e-01 -1.396847238029e-01
-5.641086736999e-03 6.908316726983e-01 8.012351800337e-02
-2.487826453252e-03 -3.384926904020e-03 -5.461092371855e-02
2.588599891399e-02 -2.510710299331e-02 2.235058029466e-02
1.130270262214e-02 -2.936684316195e-02 3.136468736753e-03
-6.057432960869e-02 -1.003367108901e-02 -3.507243984862e-02
Mode 32
0.000000000000e+00 0.000000000000e+00 0.000000000000e+00
-4.404301987399e-03 -6.874026752413e-03 1.527579393062e-02
4.404301987399e-03 6.874026752413e-03 -1.527579393062e-02
-1.314119126111e-02 4.993137390010e-03 -1.541969922982e-03
2.595771361508e-02 5.081146539414e-04 -2.501877142019e-02
1.490796519899e-02 -6.234649265317e-03 4.731682282407e-02
-8.412220366570e-03 1.372774708462e-03 1.128494741255e-02
1.722082434137e-02 1.237527879636e-02 -4.183653527380e-02
1.058165010677e-02 -3.399328194128e-02 -5.699602080710e-03
6.336155925447e-02 2.287982144043e-02 -1.416397775333e-01
-3.683249472029e-03 -2.247587973086e-03 2.411186474809e-02
-9.654234241144e-02 2.334732325396e-02 1.201435750200e-01
-4.404301987399e-03 -6.874026752413e-03 1.527579393062e-02
-1.754549324851e-02 -1.880889362403e-03 1.373382400764e-02
2.169429740203e-03 -3.262050723282e-02 5.585345331843e-03
-4.404301987399e-03 -6.874026752413e-03 1.527579393062e-02
9.740067214264e-04 -3.148316830188e-02 8.430813379848e-02
-1.387721393611e-01 -1.063625616872e-03 1.188116314581e-02
3.208878968623e-03 8.011365683348e-03 6.344699453601e-02
5.801629725596e-01 8.840521376000e-02 7.612780997046e-02
-4.964624182167e-01 -9.729817617655e-02 -4.291364960140e-01
2.186460148297e-01 -6.130736006726e-02 -2.460392810115e-01
Mode 33
0.000000000000e+00 0.000000000000e+00 0.000000000000e+00
-5.125354502769e-03 -1.150046553174e-02 6.439723113162e-03
4.404301987399e-03 6.874026752413e-03 -1.527579393062e-02
-9.133272881940e-03 -3.253664070865e-03 2.448876595090e-03
1.754549324851e-02 1.880889362403e-03 -1.373382400764e-02
7.210525153701e-04 4.626438779327e-03 8.836070817463e-03
-5.125354502769e-03 -1.150046553174e-02 6.439723113162e-03
5.852679212232e-03 -3.037291925973e-02 -1.852651941624e-02
-5.793508899331e-03 1.489877840486e-01 1.300290194248e-02
1.827281795797e-02 -3.999249542907e-02 -2.582062031072e-02
7.210525153701e-04 4.626438779327e-03 8.836070817463e-03
-2.088525723112e-02 -1.541223374819e-01 3.179798660252e-03
-3.286865863801e-03 1.287324024020e-02 4.845224299391e-03
0.000000000000e+00 0.000000000000e+00 0.000000000000e+00
-4.404301987399e-03 -6.874026752413e-03 1.527579393062e-02
1.202375513751e-02 -2.474040438263e-02 1.197253955422e-02
-1.507547537734e-03 -8.136791877671e-02 8.774342959385e-03
-3.687030482309e-02 9.047938029210e-02 2.353852935529e-02
4.743705034063e-04 -5.763777710261e-03 -8.755885928410e-02
-3.087809539408e-01 2.326592945501e-01 -3.116471965908e-01
-2.466020963786e-01 3.297204891817e-01 -7.329259904974e-02
6.035738663467e-01 1.329572181229e-01 3.451390531543e-01
Mode 34
9.854325397310e-03 7.880102850193e-03 6.387194222373e-03
-6.768160215260e-02 -9.713827768719e-02 6.770048550802e-02
1.320888828296e-01 1.141501484730e-01 -1.724014809577e-01
-3.581203901239e-02 -8.388217504134e-03 1.863157719782e-02
3.556535700043e-02 -2.001998985455e-03 -1.150265072994e-01
9.158568302546e-02 -3.572966372559e-03 5.098329703012e-02
-4.141176401857e-02 -1.412490532561e-02 1.126301595951e-01
-1.490796519899e-02 6.234649265317e-03 -4.731682282407e-02
-7.811982285720e-02 -1.191456045141e-02 -2.133861584098e-02
-8.837680405683e-02 1.158433205591e-02 1.246369750589e-02
9.133272881940e-03 3.253664070865e-03 -2.448876595090e-03
7.339085196266e-02 1.553492313296e-02 8.511698505441e-03
4.728970894541e-03 -3.620362681548e-03 1.282691733553e-02
0.000000000000e+00 0.000000000000e+00 0.000000000000e+00
-1.723806670967e-01 2.625418087182e-01 1.142659366839e-01
2.095480084228e-01 -5.485858796853e-01 1.343248479469e-01
1.592798295662e-01 5.656641730346e-04 -5.856292271900e-02
-5.135735408159e-01 -3.096981594679e-02 1.260281265194e-01
-1.008201388875e-02 8.273891349657e-03 1.775665951633e-01
3.215151162715e-03 -3.848845788745e-02 4.252412741546e-02
1.656258728024e-01 -9.026822107521e-03 1.157004180679e-01
-2.050769020517e-02 4.979614438377e-04 4.668175957319e-02
Mode 35
-7.210525153701e-04 -4.626438779327e-03 -8.836070817463e-03
-4.728970894541e-03 3.620362681548e-03 -1.282691733553e-02
3.605262576851e-03 2.313219389664e-02 4.418035408731e-02
3.286865863801e-03 -1.287324024020e-02 -4.845224299391e-03
2.628238252222e-02 -9.986274780020e-03 3.083939845964e-03
-1.194576824233e-02 3.855798459076e-03 -8.026475838962e-02
-1.104974841609e-02 -6.742763919259e-03 7.233559424426e-02
2.859524166460e-02 8.623653281662e-03 -8.606941825190e-02
-2.877020897547e-02 6.601347876000e-03 -5.769486356451e-02
3.158270433587e-02 -1.371081040594e-02 1.404084985492e-01
-4.728970894541e-03 3.620362681548e-03 -1.282691733553e-02
1.045721422512e-03 -5.867950654634e-03 3.693878208362e-02
-4.404301987399e-03 -6.874026752413e-03 1.527579393062e-02
-2.667876613045e-02 -5.134553433269e-03 1.618270060273e-02
8.371700423555e-02 -3.534183472513e-01 8.767516768143e-02
-9.501970685770e-02 3.827851904133e-01 -9.081163641818e-02
2.776309045010e-01 1.397687358618e-01 -6.164298673341e-01
-3.364235490940e-01 -3.901765184531e-02 8.183409105894e-02
-3.208878968623e-03 -8.011365683348e-03 -6.344699453601e-02
1.467817039253e-01 3.106984626592e-02 1.702339701088e-02
-4.599103331684e-02 -5.773930920365e-03 -1.585832829071e-02
1.157766227027e-01 -1.823339843310e-03 -1.981032729116e-02
Mode 36
9.854325397310e-03 7.880102850193e-03 6.387194222373e-03
2.923830728479e-02 3.413469798454e-02 -8.941128599040e-03
-5.222755174912e-02 -8.352148701552e-02 -1.991090266686e-02
1.838488638968e-03 2.437370577194e-02 -1.594498813771e-03
-3.805318345368e-02 -1.382927918566e-03 6.041558358083e-02
-5.544897510592e-02 1.466794442731e-03 -4.151216296178e-02
2.227446414305e-02 -1.739473319145e-03 -9.069066721076e-04
3.404526507451e-02 9.629729379441e-03 -6.440643009891e-02
2.122874272054e-02 4.128477335490e-03 -3.784568875573e-02
6.194471993835e-02 -6.328668999586e-03 1.001139331984e-01
-4.728970894541e-03 3.620362681548e-03 -1.282691733553e-02
-2.595771361508e-02 -5.081146539414e-04 2.501877142019e-02
-8.412220366570e-03 1.372774708462e-03 1.128494741255e-02
-1.754549324851e-02 -1.880889362403e-03 1.373382400764e-02
-1.126935414924e-01 6.077438141390e-01 -1.845199774596e-01
1.200600404364e-01 -6.032486381928e-01 1.362962479635e-01
5.404704686756e-02 8.135098209803e-02 -2.620323156341e-01
1.336467848583e-01 -1.043683991487e-02 -5.441440032645e-03
-1.378425688130e-02 -2.051790731287e-02 -7.867025957585e-02
1.059160251113e-01 3.679638087730e-02 -5.274654392990e-03
-8.829881716166e-02 -9.300273867644e-03 -5.582852132951e-02
7.891886226775e-02 -4.343606692810e-03 -3.811753217696e-02
Mode 37
0.000000000000e+00 0.000000000000e+00 0.000000000000e+00
-1.938398188748e-02 -2.625459513435e-02 1.532832282141e-02
4.718018414153e-02 5.113641556023e-02 -4.194159305538e-02
-5.125354502769e-03 -1.150046553174e-02 6.439723113162e-03
1.787016215565e-02 -8.613500071558e-03 1.436888725852e-02
-9.350215855960e-02 8.386652416550e-05 1.890342061905e-02
8.685671213092e-02 4.739630898942e-05 3.815637969458e-02
8.195277392550e-02 1.889276014820e-02 -1.184348194574e-01
-1.126647241497e-01 4.175100760769e-03 -1.287991788246e-01
-4.718645633562e-02 -4.636591989431e-03 6.286446017592e-02
0.000000000000e+00 0.000000000000e+00 0.000000000000e+00
4.631570222398e-02 -4.720458513597e-03 4.396103955687e-02
-1.754549324851e-02 -1.880889362403e-03 1.373382400764e-02
-4.422425937896e-02 -7.015442795672e-03 2.991652461037e-02
1.662184101807e-02 -1.725908495003e-01 7.769242607837e-02
-1.051620759978e-02 1.061083231593e-01 -2.074688251360e-02
-3.274084398997e-01 -1.069500359503e-01 4.335497702602e-01
6.809661875562e-01 2.070148196396e-02 3.544714444954e-02
-8.412220366570e-03 1.372774708462e-03 1.128494741255e-02
1.960596031060e-01 2.397053694608e-02 2.803650100220e-02
7.804810815612e-02 -1.370065719584e-02 6.870796755583e-02
1.672176794294e-01 4.956667174834e-03 1.771098915255e-02
Mode 38
0.000000000000e+00 0.000000000000e+00 0.000000000000e+00
0.000000000000e+00 0.000000000000e+00 0.000000000000e+00
-4.404301987399e-03 -6.874026752413e-03 1.527579393062e-02
0.000000000000e+00 0.000000000000e+00 0.000000000000e+00
-9.457941789082e-03 7.240725363096e-03 -2.565383467107e-02
-5.945689348510e-02 9.713595903607e-03 -4.550300947985e-02
1.177080093146e-02 1.136920269859e-02 -6.349952342680e-02
2.782653312375e-01 6.753690013072e-03 -1.492625547415e-02
8.317346265889e-02 -2.200191664097e-03 6.226824444267e-02
-6.545300209950e-02 -1.114392013116e-02 6.776221336610e-02
0.000000000000e+00 0.000000000000e+00 0.000000000000e+00
-3.245345844750e-02 4.353759902914e-03 -3.358299881642e-02
-4.054100990693e-02 -4.767854822586e-03 5.804659862287e-03
-6.176975262747e-02 -8.896332158075e-03 4.365034861802e-02
-2.169429740203e-03 3.262050723282e-02 -5.585345331843e-03
-8.015836758342e-03 1.649360292175e-02 -7.981693036144e-03
-3.182751670177e-01 -1.036963718794e-01 4.311008936651e-01
-7.528432197871e-01 -1.368309891016e-03 -7.365605303491e-02
4.728970894541e-03 -3.620362681548e-03 1.282691733553e-02
-8.324517735997e-02 -2.341502598315e-02 -1.489889272781e-02
-3.245345844750e-02 4.353759902914e-03 -3.358299881642e-02
-7.083131080832e-02 1.346522141831e-02 -1.270126501749e-03
Mode 39
8.412220366570e-03 -1.372774708462e-03 -1.128494741255e-02
2.726893363183e-02 -1.344690902235e-01 4.554633940335e-02
6.567459533509e-03 2.075334309040e-02 1.123241852176e-02
-1.714910964028e-02 1.323993885089e-02 -5.532816441054e-03
3.286865863801e-03 -1.287324024020e-02 -4.845224299391e-03
0.000000000000e+00 0.000000000000e+00 0.000000000000e+00
0.000000000000e+00 0.000000000000e+00 0.000000000000e+00
0.000000000000e+00 0.000000000000e+00 0.000000000000e+00
0.000000000000e+00 0.000000000000e+00 0.000000000000e+00
0.000000000000e+00 0.000000000000e+00 0.000000000000e+00
0.000000000000e+00 0.000000000000e+00 0.000000000000e+00
0.000000000000e+00 0.000000000000e+00 0.000000000000e+00
0.000000000000e+00 0.000000000000e+00 0.000000000000e+00
0.000000000000e+00 0.000000000000e+00 0.000000000000e+00
-1.916249481483e-01 7.050870679734e-01 -1.045567110416e-01
-2.252612852264e-01 6.175785196656e-01 -1.012626556325e-01
3.286865863801e-03 -1.287324024020e-02 -4.845224299391e-03
1.314119126111e-02 -4.993137390010e-03 1.541969922982e-03
-7.210525153701e-04 -4.626438779327e-03 -8.836070817463e-03
0.000000000000e+00 0.000000000000e+00 0.000000000000e+00
0.000000000000e+00 0.000000000000e+00 0.000000000000e+00
0.000000000000e+00 0.000000000000e+00 0.000000000000e+00
Mode 40
-4.007918379171e-03 8.246801460875e-03 -3.990846518072e-03
-5.270192225252e-02 -7.775770930526e-02 6.764795661724e-02
2.066688856169e-01 1.750475562458e-01 -2.216897037984e-01
-1.513819731826e-03 -3.486809520590e-02 2.969721007993e-02
-2.110857319925e-01 -8.892193585663e-02 2.788112319701e-01
-6.281547404998e-02 -3.028381503441e-03 6.711566534395e-03
-5.858613937346e-02 1.907064640663e-02 -1.523285092126e-01
7.876916067149e-02 -9.074218416510e-03 7.754403837329e-02
2.114419388084e-01 1.197210997051e-02 -1.220553545783e-02
-4.855684666527e-02 1.172574809916e-02 -2.177033173857e-03
0.000000000000e+00 0.000000000000e+00 0.000000000000e+00
-5.440325368341e-02 -4.401156211903e-03 -4.573380878158e-03
-1.314119126111e-02 4.993137390010e-03 -1.541969922982e-03
-8.412220366570e-03 1.372774708462e-03 1.128494741255e-02
-1.012236761938e-02 -2.498404441516e-01 1.203216112754e-01
3.547482571706e-02 1.118822540797e-01 -4.888554222890e-03
1.931185894212e-01 9.187583116230e-02 -5.052366198804e-01
3.120639143001e-01 5.993202902924e-03 -1.757276156746e-01
-1.353757486934e-02 -1.012769082328e-02 1.772467052571e-02
-1.097867862823e-01 6.918067944888e-02 -7.253202843425e-02
-1.969556229322e-01 -1.337197456775e-02 -1.806368536361e-01
-8.092604602351e-02 -5.130492149227e-02 -1.249751179462e-01
Mode 41
0.000000000000e+00 0.000000000000e+00 0.000000000000e+00
2.339190026665e-02 1.800779367347e-02 -1.133747630334e-02
-7.017570079995e-02 -5.402338102041e-02 3.401242891002e-02
-2.956924838602e-02 2.285951502022e-02 1.761284453426e-03
2.900613978836e-01 -1.832720169704e-03 1.810000734657e-01
1.639055478510e-01 3.778552029640e-02 -2.368696389147e-01
-2.680863369331e-01 -9.367976596841e-03 4.941616096268e-02
7.262335046082e-02 -3.466234617498e-02 3.064708317695e-01
8.225217711803e-02 2.835398359560e-02 -3.497579605579e-01
-3.205731150823e-01 -1.028003296035e-02 -2.504393756465e-02
0.000000000000e+00 0.000000000000e+00 0.000000000000e+00
-6.320777521545e-03 -1.036312660081e-02 8.516251157980e-02
-5.450023409911e-03 -1.006076097779e-03 -2.166298815300e-02
3.068668450962e-02 -3.112248027607e-03 -1.219185408466e-02
-1.707603624982e-03 1.198563766642e-01 -5.129847037485e-02
-2.746526115281e-02 -8.187603343065e-02 3.379311437958e-02
-5.613848971259e-02 -6.961508078876e-02 1.881547514669e-01
9.559360140463e-02 -1.181976783343e-02 5.497414354819e-02
-2.170311322395e-02 1.635300374772e-03 1.254045480398e-01
2.248511722915e-01 2.489393138819e-01 -1.373723710326e-01
-3.765052765136e-02 -3.276192327608e-02 2.022607601159e-02
2.223355364959e-01 -1.055595956650e-01 -2.910740128801e-01
Mode 42
0.000000000000e+00 0.000000000000e+00 0.000000000000e+00
-7.210525153701e-04 -4.626438779327e-03 -8.836070817463e-03
-4.404301987399e-03 -6.874026752413e-03 1.527579393062e-02
0.000000000000e+00 0.000000000000e+00 0.000000000000e+00
-2.804915646010e-02 1.122778665533e-02 -4.885879274705e-02
2.227446414305e-02 -1.739473319145e-03 -9.069066721076e-04
9.457941789082e-03 -7.240725363096e-03 2.565383467107e-02
-2.332018556556e-02 7.607423973779e-03 -3.603187541151e-02
4.054100990693e-02 4.767854822586e-03 -5.804659862287e-03
-1.649977182600e-02 -7.748840017038e-03 5.067260609126e-02
0.000000000000e+00 0.000000000000e+00 0.000000000000e+00
9.191035193260e-02 -1.406735580652e-02 7.908600829628e-02
4.728970894541e-03 -3.620362681548e-03 1.282691733553e-02
0.000000000000e+00 0.000000000000e+00 0.000000000000e+00
-6.645446428688e-03 1.312628331549e-04 5.705980031364e-02
-4.454892828610e-02 3.478946638289e-03 1.813813344215e-03
-2.899162527282e-02 -2.374448149495e-02 1.053360587006e-01
5.472792259055e-02 -6.093233222058e-03 3.267609214432e-02
-7.210525153701e-04 -4.626438779327e-03 -8.836070817463e-03
-4.632726422996e-01 3.470881324843e-01 -2.457809740100e-01
-2.701313307916e-01 4.793875524104e-02 -3.312566072861e-01
-3.655060595267e-01 -2.809652430788e-01 -3.889265388617e-01
Mode 43
0.000000000000e+00 0.000000000000e+00 0.000000000000e+00
-4.317853795645e-02 -1.288339345031e-02 6.685530669400e-02
-9.133272881940e-03 -3.253664070865e-03 2.448876595090e-03
-4.007918379171e-03 8.246801460875e-03 -3.990846518072e-03
1.314119126111e-02 -4.993137390010e-03 1.541969922982e-03
0.000000000000e+00 0.000000000000e+00 0.000000000000e+00
0.000000000000e+00 0.000000000000e+00 0.000000000000e+00
0.000000000000e+00 0.000000000000e+00 0.000000000000e+00
-9.133272881940e-03 -3.253664070865e-03 2.448876595090e-03
0.000000000000e+00 0.000000000000e+00 0.000000000000e+00
0.000000000000e+00 0.000000000000e+00 0.000000000000e+00
1.386224377648e-02 -3.666986106828e-04 1.037804074044e-02
0.000000000000e+00 0.000000000000e+00 0.000000000000e+00
0.000000000000e+00 0.000000000000e+00 0.000000000000e+00
6.622032666310e-02 -1.047024919627e-01 -7.088386674790e-01
6.399847117442e-01 1.602678825218e-01 -1.361388062445e-01
-7.210525153701e-04 -4.626438779327e-03 -8.836070817463e-03
-2.227446414305e-02 1.739473319145e-03 9.069066721076e-04
9.133272881940e-03 3.253664070865e-03 -2.448876595090e-03
-2.076064441123e-02 3.660756852505e-02 -2.879030340782e-02
-1.130270262214e-02 2.936684316195e-02 -3.136468736753e-03
-4.342521996841e-02 -2.327360993990e-02 -2.953962340756e-02
Mode 44
0.000000000000e+00 0.000000000000e+00 0.000000000000e+00
-1.826654576388e-02 -6.507328141731e-03 4.897753190179e-03
-2.241144441289e-03 7.005289585568e-03 4.178400638301e-02
2.556133000685e-02 -1.461271355935e-02 -5.752130971498e-03
-1.538550718709e-01 2.039602480611e-02 -1.791999414947e-01
1.394931918764e-01 5.690064396200e-03 -3.045092328344e-03
-6.072403120496e-02 -1.476428281271e-02 8.058913070164e-02
-1.247601939883e-01 3.300287496145e-03 -9.340236666400e-02
3.147984227653e-01 1.976834629653e-02 -2.472176185451e-02
-8.859822035418e-02 -1.876149731504e-02 1.754946197710e-01
-7.210525153701e-04 -4.626438779327e-03 -8.836070817463e-03
-1.616959413184e-01 2.166462657020e-02 -4.341735271440e-02
1.859121467102e-02 -3.987061292231e-03 2.320495807598e-02
8.412220366570e-03 -1.372774708462e-03 -1.128494741255e-02
1.835080485315e-02 -6.087710135262e-02 -9.411283914612e-02
1.158420652096e-01 7.029170137474e-02 -4.625681188547e-02
-6.044581128429e-02 -7.082950277528e-02 4.154870460493e-01
2.781156296413e-01 2.023078289372e-03 1.007353150761e-01
-5.125354502769e-03 -1.150046553174e-02 6.439723113162e-03
1.783832248435e-01 -1.221404348524e-01 9.466329419846e-02
6.873105214138e-02 -3.262990920625e-01 1.086505636928e-01
4.682130287311e-01 1.437065768709e-01 -2.291243091617e-02
Mode 45
0.000000000000e+00 0.000000000000e+00 0.000000000000e+00
0.000000000000e+00 0.000000000000e+00 0.000000000000e+00
9.133272881940e-03 3.253664070865e-03 -2.448876595090e-03
0.000000000000e+00 0.000000000000e+00 0.000000000000e+00
-4.999895169601e-02 2.472870540510e-03 -1.984917480878e-02
0.000000000000e+00 0.000000000000e+00 0.000000000000e+00
3.140773702499e-02 1.514190751721e-03 -3.355783267197e-03
-2.122874272054e-02 -4.128477335490e-03 3.784568875573e-02
2.565813348431e-03 -1.749967901953e-02 -1.368129511685e-02
3.685776043490e-02 2.520266849500e-03 1.830720488580e-02
0.000000000000e+00 0.000000000000e+00 0.000000000000e+00
-4.822590556404e-02 -4.526846490560e-02 5.002810971757e-03
0.000000000000e+00 0.000000000000e+00 0.000000000000e+00
9.133272881940e-03 3.253664070865e-03 -2.448876595090e-03
3.246689071421e-04 -1.049438943396e-02 2.810271126616e-02
-2.227446414305e-02 1.739473319145e-03 9.069066721076e-04
-4.317853795645e-02 -1.288339345031e-02 6.685530669400e-02
-1.219476986279e-01 -3.809175033796e-03 -1.068873167930e-02
-1.057537791268e-02 -1.250654162952e-02 -1.522326503984e-02
4.263947034057e-01 4.124864045960e-01 -3.526223517179e-01
1.927478254040e-01 3.888867528713e-01 4.596905146326e-01
-1.151337340207e-01 -1.387092968557e-01 -2.461787039048e-01
Mode 46
0.000000000000e+00 0.000000000000e+00 0.000000000000e+00
0.000000000000e+00 0.000000000000e+00 0.000000000000e+00
-9.133272881940e-03 -3.253664070865e-03 2.448876595090e-03
0.000000000000e+00 0.000000000000e+00 0.000000000000e+00
1.754549324851e-02 1.880889362403e-03 -1.373382400764e-02
2.227446414305e-02 -1.739473319145e-03 -9.069066721076e-04
-4.895323027350e-02 -3.395080114124e-03 1.708960727484e-02
7.366498944058e-03 4.495175946172e-03 -4.822372949617e-02
4.927789918064e-02 -7.099309319838e-03 1.101310399132e-02
-3.981995739156e-02 -1.414160432586e-04 1.464073067975e-02
0.000000000000e+00 0.000000000000e+00 0.000000000000e+00
1.426489957880e-02 -3.174569396819e-02 -2.981146682880e-02
7.210525153701e-04 4.626438779327e-03 8.836070817463e-03
-9.133272881940e-03 -3.253664070865e-03 2.448876595090e-03
-4.728970894541e-03 3.620362681548e-03 -1.282691733553e-02
9.133272881940e-03 3.253664070865e-03 -2.448876595090e-03
3.981995739156e-02 1.414160432586e-04 -1.464073067975e-02
1.580844065475e-01 1.703003103969e-03 2.015986574764e-02
9.854325397310e-03 7.880102850193e-03 6.387194222373e-03
2.839091385406e-01 -1.469647057592e-01 8.773241313362e-02
-2.738118596976e-01 5.828044441940e-01 -1.243625559269e-01
-4.854399483283e-01 5.646164930537e-02 4.287891541594e-01
Mode 47
0.000000000000e+00 0.000000000000e+00 0.000000000000e+00
9.133272881940e-03 3.253664070865e-03 -2.448876595090e-03
-3.180412063322e-02 -1.663501896501e-02 2.262242371589e-02
-4.007918379171e-03 8.246801460875e-03 -3.990846518072e-03
1.519850453233e-01 2.168570587411e-02 -5.770854493768e-02
-3.195382222948e-02 -2.136563068871e-02 1.382839942661e-01
-1.222723675351e-01 6.685214400165e-03 -3.879144294546e-02
1.173684293297e-01 1.216014943904e-02 -1.177997562065e-01
3.631167523041e-02 -1.733117308749e-02 1.532354158848e-01
-1.229934200504e-01 2.058775620838e-03 -4.762751376292e-02
0.000000000000e+00 0.000000000000e+00 0.000000000000e+00
-3.685776043490e-02 -2.520266849500e-03 -1.830720488580e-02
-9.133272881940e-03 -3.253664070865e-03 2.448876595090e-03
-2.667876613045e-02 -5.134553433269e-03 1.618270060273e-02
-2.890482255573e-03 2.799406845349e-02 -1.442141614931e-02
-5.125354502769e-03 -1.150046553174e-02 6.439723113162e-03
2.674834481053e-01 7.592758599338e-02 -4.124167875765e-01
4.835361941206e-01 1.309328510647e-02 -5.763084990244e-02
-1.520091925919e-03 1.163172836490e-02 5.062007720047e-02
-2.626102231212e-02 2.415563995918e-01 -2.261876754453e-01
2.343972786744e-01 -7.721157866872e-02 2.815959656485e-01
9.237200110958e-02 -9.287516777702e-02 -3.097444375956e-01
Mode 48
0.000000000000e+00 0.000000000000e+00 0.000000000000e+00
0.000000000000e+00 0.000000000000e+00 0.000000000000e+00
-2.924457947888e-02 1.236512558626e-02 2.986399571959e-02
2.956924838602e-02 -2.285951502022e-02 -1.761284453426e-03
-1.313591914305e-01 4.900238085791e-02 -3.431377704319e-01
-3.145418601146e-02 -4.708502128033e-02 3.101509873487e-01
-1.805338380014e-01 1.526147137284e-02 -1.630172408919e-01
2.044253744861e-01 -2.297306829099e-02 3.235467576712e-01
-8.143195443562e-02 2.091429267015e-02 -2.759192439083e-01
1.488014320693e-01 -6.281272690597e-03 1.382703128930e-01
0.000000000000e+00 0.000000000000e+00 0.000000000000e+00
4.158673132944e-02 -1.100095832048e-03 3.113412222133e-02
-1.859121467102e-02 3.987061292231e-03 -2.320495807598e-02
7.210525153701e-04 4.626438779327e-03 8.836070817463e-03
2.565813348431e-03 -1.749967901953e-02 -1.368129511685e-02
2.851725476942e-02 2.950825920521e-02 -1.777719941650e-02
3.202948951617e-01 6.634525292292e-02 -3.098539777830e-01
2.639034512430e-01 3.283977921538e-02 -1.971712892972e-01
-7.613180956022e-03 -1.488539243576e-02 -4.817120060539e-02
2.278664474926e-02 -1.204585110524e-01 1.291143521694e-01
-1.414349331252e-01 1.077644863677e-02 -1.864940423892e-01
5.650787250134e-04 4.639565062643e-02 1.454205084883e-01
Mode 49
0.000000000000e+00 0.000000000000e+00 0.000000000000e+00
0.000000000000e+00 0.000000000000e+00 0.000000000000e+00
-4.054100990693e-02 -4.767854822586e-03 5.804659862287e-03
0.000000000000e+00 0.000000000000e+00 0.000000000000e+00
2.012629445039e-01 1.458639655428e-02 -4.669544094636e-02
-2.759989210816e-01 -3.371459248000e-02 2.325681014578e-01
3.926715636105e-01 2.129269025836e-02 -9.977807611509e-02
-2.042251414606e-01 -1.220754574803e-02 7.964337651191e-02
2.014126461002e-01 1.931700827798e-02 -1.623570114966e-01
-2.688073894484e-01 -1.399441537617e-02 4.058009014522e-02
0.000000000000e+00 0.000000000000e+00 0.000000000000e+00
-2.667876613045e-02 -5.134553433269e-03 1.618270060273e-02
9.133272881940e-03 3.253664070865e-03 -2.448876595090e-03
1.754549324851e-02 1.880889362403e-03 -1.373382400764e-02
-3.611534770943e-03 2.336762967416e-02 -2.325748696677e-02
-5.125354502769e-03 -1.150046553174e-02 6.439723113162e-03
3.376704515384e-02 6.569494934202e-02 -3.993043454466e-01
-4.884401323260e-01 5.752078732738e-03 -9.896034924951e-02
2.487826453252e-03 3.384926904020e-03 5.461092371855e-02
1.028883856476e-01 -3.293980953451e-02 5.411976576687e-02
-1.269296237285e-01 3.592079472896e-02 -9.898771199585e-02
-7.990394105485e-04 1.625816714422e-02 5.945614801794e-02
Mode 50
0.000000000000e+00 0.000000000000e+00 0.000000000000e+00
2.187808053482e-02 -1.686030153243e-02 1.835973377659e-02
-6.224933015529e-01 4.651373331001e-01 -1.927416687648e-01
4.199908517333e-01 -3.191313071297e-01 1.215026471727e-01
3.974824269048e-02 -2.547380160399e-02 3.272862103511e-02
-1.045721422512e-03 5.867950654634e-03 -3.693878208362e-02
4.728970894541e-03 -3.620362681548e-03 1.282691733553e-02
-4.728970894541e-03 3.620362681548e-03 -1.282691733553e-02
-8.412220366570e-03 1.372774708462e-03 1.128494741255e-02
1.754549324851e-02 1.880889362403e-03 -1.373382400764e-02
0.000000000000e+00 0.000000000000e+00 0.000000000000e+00
0.000000000000e+00 0.000000000000e+00 0.000000000000e+00
0.000000000000e+00 0.000000000000e+00 0.000000000000e+00
0.000000000000e+00 0.000000000000e+00 0.000000000000e+00
-3.152980621706e-02 1.788254987656e-01 -1.250092489024e-01
-6.242790626367e-03 -3.124773252436e-02 1.687029274440e-02
-6.360824126644e-02 -3.327003793002e-02 4.524484743179e-02
-2.667876613045e-02 -5.134553433269e-03 1.618270060273e-02
4.404301987399e-03 6.874026752413e-03 -1.527579393062e-02
-4.007918379171e-03 8.246801460875e-03 -3.990846518072e-03
4.728970894541e-03 -3.620362681548e-03 1.282691733553e-02
-7.210525153701e-04 -4.626438779327e-03 -8.836070817463e-03
Mode 51
0.000000000000e+00 0.000000000000e+00 0.000000000000e+00
0.000000000000e+00 0.000000000000e+00 0.000000000000e+00
0.000000000000e+00 0.000000000000e+00 0.000000000000e+00
0.000000000000e+00 0.000000000000e+00 0.000000000000e+00
0.000000000000e+00 0.000000000000e+00 0.000000000000e+00
9.133272881940e-03 3.253664070865e-03 -2.448876595090e-03
-9.133272881940e-03 -3.253664070865e-03 2.448876595090e-03
-1.015897100190e-01 -9.037748201334e-03 5.829107929777e-02
-8.412220366570e-03 1.372774708462e-03 1.128494741255e-02
9.133272881940e-03 3.253664070865e-03 -2.448876595090e-03
0.000000000000e+00 0.000000000000e+00 0.000000000000e+00
0.000000000000e+00 0.000000000000e+00 0.000000000000e+00
6.735491571829e-01 5.611753178051e-02 -4.351808307876e-01
-4.886362829088e-01 -4.454936351957e-02 3.234964253823e-01
0.000000000000e+00 0.000000000000e+00 0.000000000000e+00
0.000000000000e+00 0.000000000000e+00 0.000000000000e+00
0.000000000000e+00 0.000000000000e+00 0.000000000000e+00
0.000000000000e+00 0.000000000000e+00 0.000000000000e+00
0.000000000000e+00 0.000000000000e+00 0.000000000000e+00
-9.133272881940e-03 -3.253664070865e-03 2.448876595090e-03
-9.133272881940e-03 -3.253664070865e-03 2.448876595090e-03
0.000000000000e+00 0.000000000000e+00 0.000000000000e+00
Mode 52
0.000000000000e+00 0.000000000000e+00 0.000000000000e+00
0.000000000000e+00 0.000000000000e+00 0.000000000000e+00
0.000000000000e+00 0.000000000000e+00 0.000000000000e+00
0.000000000000e+00 0.000000000000e+00 0.000000000000e+00
0.000000000000e+00 0.000000000000e+00 0.000000000000e+00
0.000000000000e+00 0.000000000000e+00 0.000000000000e+00
0.000000000000e+00 0.000000000000e+00 0.000000000000e+00
0.000000000000e+00 0.000000000000e+00 0.000000000000e+00
0.000000000000e+00 0.000000000000e+00 0.000000000000e+00
0.000000000000e+00 0.000000000000e+00 0.000000000000e+00
2.043597550408e-02 -2.611317909109e-02 6.875921416633e-04
0.000000000000e+00 0.000000000000e+00 0.000000000000e+00
0.000000000000e+00 0.000000000000e+00 0.000000000000e+00
0.000000000000e+00 0.000000000000e+00 0.000000000000e+00
0.000000000000e+00 0.000000000000e+00 0.000000000000e+00
0.000000000000e+00 0.000000000000e+00 0.000000000000e+00
0.000000000000e+00 0.000000000000e+00 0.000000000000e+00
0.000000000000e+00 0.000000000000e+00 0.000000000000e+00
-5.651000415704e-01 8.182736211487e-01 -1.220255053232e-01
0.000000000000e+00 0.000000000000e+00 0.000000000000e+00
0.000000000000e+00 0.000000000000e+00 0.000000000000e+00
-4.007918379171e-03 8.246801460875e-03 -3.990846518072e-03
Mode 53
0.000000000000e+00 0.000000000000e+00 0.000000000000e+00
0.000000000000e+00 0.000000000000e+00 0.000000000000e+00
0.000000000000e+00 0.000000000000e+00 0.000000000000e+00
0.000000000000e+00 0.000000000000e+00 0.000000000000e+00
0.000000000000e+00 0.000000000000e+00 0.000000000000e+00
0.000000000000e+00 0.000000000000e+00 0.000000000000e+00
0.000000000000e+00 0.000000000000e+00 0.000000000000e+00
0.000000000000e+00 0.000000000000e+00 0.000000000000e+00
0.000000000000e+00 0.000000000000e+00 0.000000000000e+00
0.000000000000e+00 0.000000000000e+00 0.000000000000e+00
0.000000000000e+00 0.000000000000e+00 0.000000000000e+00
3.061496980854e-02 -2.872746567486e-02 3.517749763020e-02
0.000000000000e+00 0.000000000000e+00 0.000000000000e+00
0.000000000000e+00 0.000000000000e+00 0.000000000000e+00
0.000000000000e+00 0.000000000000e+00 0.000000000000e+00
0.000000000000e+00 0.000000000000e+00 0.000000000000e+00
0.000000000000e+00 0.000000000000e+00 0.000000000000e+00
0.000000000000e+00 0.000000000000e+00 0.000000000000e+00
0.000000000000e+00 0.000000000000e+00 0.000000000000e+00
1.492660484303e-02 -3.117778013796e-01 -3.585690993864e-01
-2.763890324958e-01 -9.533524426409e-02 2.309118747860e-01
-1.490177611110e-01 7.180746343681e-01 -2.959096591033e-01
Mode 54
0.000000000000e+00 0.000000000000e+00 0.000000000000e+00
-4.278215434822e-02 2.237434762982e-03 4.758866624530e-02
0.000000000000e+00 0.000000000000e+00 0.000000000000e+00
0.000000000000e+00 0.000000000000e+00 0.000000000000e+00
0.000000000000e+00 0.000000000000e+00 0.000000000000e+00
0.000000000000e+00 0.000000000000e+00 0.000000000000e+00
0.000000000000e+00 0.000000000000e+00 0.000000000000e+00
0.000000000000e+00 0.000000000000e+00 0.000000000000e+00
0.000000000000e+00 0.000000000000e+00 0.000000000000e+00
0.000000000000e+00 0.000000000000e+00 0.000000000000e+00
0.000000000000e+00 0.000000000000e+00 0.000000000000e+00
0.000000000000e+00 0.000000000000e+00 0.000000000000e+00
0.000000000000e+00 0.000000000000e+00 0.000000000000e+00
0.000000000000e+00 0.000000000000e+00 0.000000000000e+00
6.641946449419e-01 1.885617197405e-01 7.341628892143e-02
-1.584282459134e-01 -1.837965057613e-01 -6.717286173499e-01
0.000000000000e+00 0.000000000000e+00 0.000000000000e+00
0.000000000000e+00 0.000000000000e+00 0.000000000000e+00
0.000000000000e+00 0.000000000000e+00 0.000000000000e+00
-1.123708317691e-03 2.675255657818e-02 3.135343675178e-02
8.412220366570e-03 -1.372774708462e-03 -1.128494741255e-02
-2.890482255573e-03 2.799406845349e-02 -1.442141614931e-02
Mode 55
0.000000000000e+00 0.000000000000e+00 0.000000000000e+00
0.000000000000e+00 0.000000000000e+00 0.000000000000e+00
0.000000000000e+00 0.000000000000e+00 0.000000000000e+00
0.000000000000e+00 0.000000000000e+00 0.000000000000e+00
0.000000000000e+00 0.000000000000e+00 0.000000000000e+00
0.000000000000e+00 0.000000000000e+00 0.000000000000e+00
0.000000000000e+00 0.000000000000e+00 0.000000000000e+00
0.000000000000e+00 0.000000000000e+00 0.000000000000e+00
0.000000000000e+00 0.000000000000e+00 0.000000000000e+00
0.000000000000e+00 0.000000000000e+00 0.000000000000e+00
0.000000000000e+00 0.000000000000e+00 0.000000000000e+00
7.678623463015e-03 8.700043365381e-02 2.172471601108e-02
0.000000000000e+00 0.000000000000e+00 0.000000000000e+00
0.000000000000e+00 0.000000000000e+00 0.000000000000e+00
4.126206242230e-02 9.394293601913e-03 3.031410955176e-03
-6.892128440651e-03 -1.025895365643e-02 -3.933512978792e-02
0.000000000000e+00 0.000000000000e+00 0.000000000000e+00
0.000000000000e+00 0.000000000000e+00 0.000000000000e+00
0.000000000000e+00 0.000000000000e+00 0.000000000000e+00
1.918102829592e-02 -4.756780677527e-01 -6.013006436156e-01
-2.083764892419e-01 -5.519117958166e-02 1.703912334235e-01
1.126809971042e-01 -5.147441669974e-01 2.263657117007e-01
Mode 56
0.000000000000e+00 0.000000000000e+00 0.000000000000e+00
0.000000000000e+00 0.000000000000e+00 0.000000000000e+00
0.000000000000e+00 0.000000000000e+00 0.000000000000e+00
0.000000000000e+00 0.000000000000e+00 0.000000000000e+00
0.000000000000e+00 0.000000000000e+00 0.000000000000e+00
0.000000000000e+00 0.000000000000e+00 0.000000000000e+00
0.000000000000e+00 0.000000000000e+00 0.000000000000e+00
0.000000000000e+00 0.000000000000e+00 0.000000000000e+00
0.000000000000e+00 0.000000000000e+00 0.000000000000e+00
0.000000000000e+00 0.000000000000e+00 0.000000000000e+00
0.000000000000e+00 0.000000000000e+00 0.000000000000e+00
-5.559867670219e-02 -3.263817280969e-03 7.414940758848e-02
0.000000000000e+00 0.000000000000e+00 0.000000000000e+00
0.000000000000e+00 0.000000000000e+00 0.000000000000e+00
9.133272881940e-03 3.253664070865e-03 -2.448876595090e-03
0.000000000000e+00 0.000000000000e+00 0.000000000000e+00
0.000000000000e+00 0.000000000000e+00 0.000000000000e+00
0.000000000000e+00 0.000000000000e+00 0.000000000000e+00
0.000000000000e+00 0.000000000000e+00 0.000000000000e+00
1.382757779596e-03 -2.754056686320e-01 -3.199215617402e-01
6.638974315007e-01 2.180827290137e-01 -5.418303459135e-01
-3.640220651377e-02 1.312154261526e-01 -4.309746280826e-02
Mode 57
0.000000000000e+00 0.000000000000e+00 0.000000000000e+00
-7.187076003674e-02 -2.716665149786e-02 -5.913177570592e-02
0.000000000000e+00 0.000000000000e+00 0.000000000000e+00
0.000000000000e+00 0.000000000000e+00 0.000000000000e+00
0.000000000000e+00 0.000000000000e+00 0.000000000000e+00
0.000000000000e+00 0.000000000000e+00 0.000000000000e+00
0.000000000000e+00 0.000000000000e+00 0.000000000000e+00
0.000000000000e+00 0.000000000000e+00 0.000000000000e+00
0.000000000000e+00 0.000000000000e+00 0.000000000000e+00
0.000000000000e+00 0.000000000000e+00 0.000000000000e+00
0.000000000000e+00 0.000000000000e+00 0.000000000000e+00
0.000000000000e+00 0.000000000000e+00 0.000000000000e+00
0.000000000000e+00 0.000000000000e+00 0.000000000000e+00
0.000000000000e+00 0.000000000000e+00 0.000000000000e+00
6.824611907058e-01 1.950690478823e-01 6.851853573125e-02
1.347116767396e-01 1.762831015218e-01 6.549633823870e-01
0.000000000000e+00 0.000000000000e+00 0.000000000000e+00
0.000000000000e+00 0.000000000000e+00 0.000000000000e+00
0.000000000000e+00 0.000000000000e+00 0.000000000000e+00
0.000000000000e+00 0.000000000000e+00 0.000000000000e+00
0.000000000000e+00 0.000000000000e+00 0.000000000000e+00
0.000000000000e+00 0.000000000000e+00 0.000000000000e+00
Mode 58
0.000000000000e+00 0.000000000000e+00 0.000000000000e+00
0.000000000000e+00 0.000000000000e+00 0.000000000000e+00
0.000000000000e+00 0.000000000000e+00 0.000000000000e+00
0.000000000000e+00 0.000000000000e+00 0.000000000000e+00
0.000000000000e+00 0.000000000000e+00 0.000000000000e+00
-5.072000421138e-02 -2.153568238817e-03 -2.868524562624e-02
6.495744832423e-03 -4.861874556855e-03 5.860177023662e-02
0.000000000000e+00 0.000000000000e+00 0.000000000000e+00
0.000000000000e+00 0.000000000000e+00 0.000000000000e+00
0.000000000000e+00 0.000000000000e+00 0.000000000000e+00
0.000000000000e+00 0.000000000000e+00 0.000000000000e+00
0.000000000000e+00 0.000000000000e+00 0.000000000000e+00
0.000000000000e+00 0.000000000000e+00 0.000000000000e+00
0.000000000000e+00 0.000000000000e+00 0.000000000000e+00
0.000000000000e+00 0.000000000000e+00 0.000000000000e+00
0.000000000000e+00 0.000000000000e+00 0.000000000000e+00
6.086463227307e-01 -2.065700470500e-02 3.233000803944e-01
-1.329497530013e-02 8.574458195765e-02 -7.115273081876e-01
0.000000000000e+00 0.000000000000e+00 0.000000000000e+00
0.000000000000e+00 0.000000000000e+00 0.000000000000e+00
0.000000000000e+00 0.000000000000e+00 0.000000000000e+00
0.000000000000e+00 0.000000000000e+00 0.000000000000e+00
Mode 59
0.000000000000e+00 0.000000000000e+00 0.000000000000e+00
0.000000000000e+00 0.000000000000e+00 0.000000000000e+00
0.000000000000e+00 0.000000000000e+00 0.000000000000e+00
0.000000000000e+00 0.000000000000e+00 0.000000000000e+00
0.000000000000e+00 0.000000000000e+00 0.000000000000e+00
6.386119547249e-02 -2.839569151193e-03 3.022721554923e-02
-2.637528049517e-03 -8.115538627720e-03 6.105064683171e-02
0.000000000000e+00 0.000000000000e+00 0.000000000000e+00
0.000000000000e+00 0.000000000000e+00 0.000000000000e+00
0.000000000000e+00 0.000000000000e+00 0.000000000000e+00
0.000000000000e+00 0.000000000000e+00 0.000000000000e+00
0.000000000000e+00 0.000000000000e+00 0.000000000000e+00
0.000000000000e+00 0.000000000000e+00 0.000000000000e+00
0.000000000000e+00 0.000000000000e+00 0.000000000000e+00
0.000000000000e+00 0.000000000000e+00 0.000000000000e+00
0.000000000000e+00 0.000000000000e+00 0.000000000000e+00
-6.356497577683e-01 2.601684070569e-02 -3.352200910578e-01
-3.837033511049e-03 7.850385659455e-02 -6.858734735165e-01
0.000000000000e+00 0.000000000000e+00 0.000000000000e+00
0.000000000000e+00 0.000000000000e+00 0.000000000000e+00
0.000000000000e+00 0.000000000000e+00 0.000000000000e+00
0.000000000000e+00 0.000000000000e+00 0.000000000000e+00
--
Dipole derivatives 
Mode 0
-7.768094706911e-03 -8.565563095986e-03 9.480808629610e-03
Mode 1
-3.012689427026e-03 -1.339786532461e-02 -1.208145684620e-02
Mode 2
2.939016189810e-02 1.612735975937e-02 -1.003158230700e-01
Mode 3
-1.161095637190e-02 -4.147633704569e-02 -1.947660576127e-02
Mode 4
-1.999513848999e-02 2.424260499429e-02 4.499018815168e-02
Mode 5
-1.004619881994e-02 6.373592939565e-02 -2.558708005906e-02
Mode 6
1.471637268866e-02 2.458593226642e-02 8.886905218911e-04
Mode 7
7.465233996028e-02 6.683986851465e-02 -1.137080332262e-01
Mode 8
-3.723879645584e-02 -3.403550975861e-02 6.972863030350e-02
Mode 9
-2.538544077450e-02 2.159109548015e-02 -9.387423160542e-03
Mode 10
7.525131630933e-02 -4.445835498702e-03 -2.204002401478e-03
Mode 11
-1.121177401408e-02 -5.054912295649e-03 -2.156513349511e-03
Mode 12
1.603468485065e-02 3.717822139703e-03 -2.070239315215e-02
Mode 13
-6.142059486354e-02 3.130121528517e-02 2.086211908576e-02
Mode 14
5.154299069876e-02 -1.892631651763e-03 -1.815718819866e-02
Mode 15
3.073310081937e-02 -1.613908318931e-02 -7.056468318216e-02
Mode 16
-7.779808543178e-02 2.856049850359e-02 3.501275206100e-02
Mode 17
5.647064807140e-02 -3.357965183658e-02 1.590620371256e-03
Mode 18
2.020101608379e-03 6.189193924575e-03 3.462709607634e-02
Mode 19
-9.863620617874e-02 -7.119842807958e-03 -4.759354378097e-03
Mode 20
1.774395557040e-02 8.306512918490e-03 3.214065545555e-02
Mode 21
1.553310917734e-02 -1.747176925240e-02 6.494624372980e-03
Mode 22
-5.945806581700e-02 1.194556386405e-02 -1.869667963934e-03
Mode 23
-3.434903344981e-02 7.016933240678e-02 1.094538093952e-01
Mode 24
2.113742964747e-02 5.103810589268e-02 6.131162474118e-02
Mode 25
-2.310738806163e-03 -7.156709107561e-02 -7.058157690776e-02
Mode 26
-3.310546993946e-02 -1.149401233213e-03 -2.392614904608e-02
Mode 27
-2.917685289414e-02 -5.797532902016e-02 -1.381740730556e-01
Mode 28
-2.422659190334e-02 -5.650973849426e-02 -1.581823921811e-02
Mode 29
-2.065312744297e-02 1.097328023507e-03 4.123183730923e-02
Mode 30
-2.776783817940e-02 3.969021901875e-03 -5.886356850723e-02
Mode 31
2.119933146631e-02 -3.961770121461e-03 -1.026844788706e-02
Mode 32
5.397428606518e-02 -9.315188491867e-02 5.424441304538e-02
Mode 33
-9.182325355087e-03 -5.716690114460e-02 -2.611668272108e-02
Mode 34
1.710613411866e-01 -9.387907609681e-02 -7.904589571541e-02
Mode 35
-3.139191363447e-02 -3.245226672880e-03 -1.778942985732e-02
Mode 36
-2.798327120056e-02 5.028477016390e-02 9.997184103052e-03
Mode 37
7.958209069077e-02 -1.990783759102e-02 -4.400688401967e-02
Mode 38
-5.803893860018e-02 6.306134536273e-02 -8.586867292214e-03
Mode 39
7.779598679905e-02 3.945123711315e-02 6.179357273363e-02
Mode 40
3.043007466088e-01 -1.206689807562e-01 -1.141139113089e-01
Mode 41
-8.547649052231e-02 9.896432649928e-02 -4.927097243063e-03
Mode 42
-3.752836906943e-02 1.427893825133e-03 2.561624573858e-02
Mode 43
1.150968524131e-01 -1.096116520331e-01 -3.416434284015e-02
Mode 44
1.191461048869e-02 1.277768374718e-01 -4.817826400235e-02
Mode 45
7.077415181712e-02 -3.040912045946e-02 -8.693320036219e-02
Mode 46
-5.495970800260e-02 1.814427057473e-02 -8.147046333392e-02
Mode 47
2.216213101189e-02 1.440884191641e-02 1.926319540233e-02
Mode 48
-1.119259033656e-01 1.347402803987e-02 2.583577517954e-03
Mode 49
-5.852774284797e-02 -1.687186908553e-02 1.299683989979e-02
Mode 50
-3.532339752128e-01 -2.658914709059e-01 -4.785176984115e-02
Mode 51
1.586167656673e-01 -4.827787088404e-02 -3.049215808196e-03
Mode 52
-1.234180433893e-02 3.159848024832e-02 6.426784323343e-03
Mode 53
3.346970542799e-02 7.145463839055e-02 -3.679736849339e-03
Mode 54
-3.941038736307e-02 -3.455672718573e-02 -2.711292981865e-02
Mode 55
1.174591544610e-02 -3.471962458678e-02 -5.061276449214e-02
Mode 56
-4.229518551083e-02 2.585793700233e-03 1.092526090352e-02
Mode 57
-2.294302709752e-02 1.214482077607e-02 6.291395990780e-03
Mode 58
4.609741158260e-03 6.935120903020e-03 -1.911825075994e-03
Mode 59
-1.591863108920e-02 1.609934255248e-02 -5.010821873385e-03
--
Polarizability derivatives 
Mode 0
1.313325610929e-01 -3.428656933391e-01 -9.748774343920e-01
-3.428656933391e-01 9.479550465396e-01 4.208993797315e-01
-9.748774343920e-01 4.208993797315e-01 -5.435398567037e-01
Mode 1
-6.295040600206e-01 -5.731592462772e-01 -3.309625175601e-01
-5.731592462772e-01 -1.090055182398e+00 -3.451848058789e-01
-3.309625175601e-01 -3.451848058789e-01 1.248283256780e+00
Mode 2
-6.153464623409e-01 -2.505116210148e-02 -1.979223897424e-01
-2.505116210148e-02 -9.114329754207e-02 3.617659867606e-01
-1.979223897424e-01 3.617659867606e-01 -1.278133112520e-01
Mode 3
-1.989874009645e-01 -2.707064951285e-01 -4.012961112014e-02
-2.707064951285e-01 1.809504501116e-01 -9.100900473638e-02
-4.012961112014e-02 -9.100900473638e-02 1.561161121210e-01
Mode 4
-2.384364445480e-01 5.689914492343e-02 3.195417598143e-01
5.689914492343e-02 7.120216289082e-01 2.586171284065e-01
3.195417598143e-01 2.586171284065e-01 -7.231164652533e-03
Mode 5
1.086280237461e-01 1.212066736746e+00 -5.188279717354e-01
1.212066736746e+00 -6.424772053388e-01 2.526142476546e-01
-5.188279717354e-01 2.526142476546e-01 -7.286689344601e-02
Mode 6
-7.112439784156e-01 -4.258049558743e-02 -9.042559794610e-02
-4.258049558743e-02 -3.688370239468e-02 -3.097092849023e-02
-9.042559794610e-02 -3.097092849023e-02 1.829630878636e-01
Mode 7
-6.019241740672e-01 -7.130550136054e-01 -2.736451388515e-01
-7.130550136054e-01 -1.078630966286e+00 1.781080111232e+00
-2.736451388515e-01 1.781080111232e+00 4.397196804487e-01
Mode 8
4.700665658383e-01 -8.414534724662e-01 3.042169265166e-01
-8.414534724662e-01 1.068099511240e-01 -2.770787830203e-02
3.042169265166e-01 -2.770787830203e-02 -2.813780410540e-01
Mode 9
5.908635680076e-01 1.525732868143e-01 -2.691226889569e-02
1.525732868143e-01 4.521290992123e-01 7.125918648613e-01
-2.691226889569e-02 7.125918648613e-01 -2.709915694045e-01
Mode 10
1.539257706164e-01 -4.617783983963e-01 -7.358709812283e-01
-4.617783983963e-01 4.873541981367e-01 5.221226486122e-01
-7.358709812283e-01 5.221226486122e-01 -4.251642746334e-01
Mode 11
-2.681026603038e-02 -8.347227859481e-02 8.696180845423e-02
-8.347227859481e-02 -2.222482798768e-01 -6.955933170163e-02
8.696180845423e-02 -6.955933170163e-02 2.447271258393e-01
Mode 12
1.992634510702e+00 -2.809872704272e-01 -3.499308677751e-01
-2.809872704272e-01 -4.328871019769e-01 -3.506684664825e-01
-3.499308677751e-01 -3.506684664825e-01 -2.166636579842e-01
Mode 13
6.176168937077e-01 -3.704823071018e-01 6.052460572615e-01
-3.704823071018e-01 6.748512630744e-01 -1.060725476035e-01
6.052460572615e-01 -1.060725476035e-01 2.849875950803e-01
Mode 14
1.190166981506e+00 -1.345609626977e+00 3.033557824210e-01
-1.345609626977e+00 7.772111878618e-01 -1.754814783988e-01
3.033557824210e-01 -1.754814783988e-01 6.692066672890e-02
Mode 15
-1.379677985956e+00 -6.461179965386e-01 -7.353400200580e-01
-6.461179965386e-01 -6.317450721964e-01 1.426323141758e-01
-7.353400200580e-01 1.426323141758e-01 -2.020209945519e-01
Mode 16
-6.789517026452e-01 -6.422481797757e-02 4.912099512249e-01
-6.422481797757e-02 -1.323096590159e-01 -1.366382597431e+00
4.912099512249e-01 -1.366382597431e+00 -2.837648078732e-01
Mode 17
3.670021063269e-02 -8.771544954262e-01 8.615043998324e-01
-8.771544954262e-01 1.029498888038e-01 6.417436122910e-02
8.615043998324e-01 6.417436122910e-02 -9.388543749635e-02
Mode 18
-1.352284008911e+00 -1.944474613711e-01 4.227568078588e-01
-1.944474613711e-01 -9.861716036017e-02 9.543167419778e-02
4.227568078588e-01 9.543167419778e-02 -2.078854004120e-01
Mode 19
-1.464289612985e+00 -8.035107236997e-01 -6.814776933230e-01
-8.035107236997e-01 -6.535300059848e-01 3.260105317705e-01
-6.814776933230e-01 3.260105317705e-01 -5.622767544056e-01
Mode 20
1.688397884558e+00 -4.194976313406e-01 -9.015711216394e-01
-4.194976313406e-01 2.588710885541e+00 -4.893976945781e-01
-9.015711216394e-01 -4.893976945781e-01 1.340353544496e+00
Mode 21
1.749060981674e+00 -1.654389327629e-01 -5.396215276632e-02
-1.654389327629e-01 1.661594784308e+00 -5.886746100072e-01
-5.396215276632e-02 -5.886746100072e-01 5.502818015104e-01
Mode 22
5.165011221218e-01 1.123020318645e+00 -8.548291646182e-01
1.123020318645e+00 -2.335106521613e-01 -6.636289706227e-01
-8.548291646182e-01 -6.636289706227e-01 4.542845626428e-01
Mode 23
-9.126956866921e-02 5.546888335969e-01 4.166780056658e-01
5.546888335969e-01 -1.614261523047e-01 4.002318602062e-01
4.166780056658e-01 4.002318602062e-01 9.447649865957e-02
Mode 24
2.904363616003e-01 3.884982795374e-01 -2.421322588278e-01
3.884982795374e-01 -4.851334818821e-01 9.442427261594e-01
-2.421322588278e-01 9.442427261594e-01 5.319095594541e-01
Mode 25
-8.733270728510e-01 -6.796263290008e-01 -1.213962307547e+00
-6.796263290008e-01 -3.109856550564e-01 -1.511180651551e-01
-1.213962307547e+00 -1.511180651551e-01 -7.674299503655e-01
Mode 26
-9.745917121106e-01 5.202630277339e-01 -2.511217149057e-01
5.202630277339e-01 -1.481276107884e+00 6.204614269723e-01
-2.511217149057e-01 6.204614269723e-01 -6.949144464458e-01
Mode 27
7.345354935775e-01 -6.159002158605e-02 2.361436167470e-02
-6.159002158605e-02 -6.501136958979e-01 -6.850500180522e-01
2.361436167470e-02 -6.850500180522e-01 8.453317642614e-01
Mode 28
-4.625690744349e-01 -2.408510239589e-01 -7.404271974133e-01
-2.408510239589e-01 3.075933651593e+00 -4.855600260475e-01
-7.404271974133e-01 -4.855600260475e-01 -4.558134146751e-01
Mode 29
-8.455020028925e-02 4.605850113395e-01 -2.034687389564e-01
4.605850113395e-01 -1.315693904362e+00 6.189044304351e-01
-2.034687389564e-01 6.189044304351e-01 -4.591850992594e-01
Mode 30
-2.875248752160e-01 -1.681316644074e-01 -2.033980370555e-01
-1.681316644074e-01 2.876055064989e+00 -4.707910778373e-01
-2.033980370555e-01 -4.707910778373e-01 -4.434427836376e-01
Mode 31
2.672397761861e-01 3.156781433183e-01 5.301598092245e-01
3.156781433183e-01 -6.836242416683e-02 -1.167862041861e-01
5.301598092245e-01 -1.167862041861e-01 -9.111195780989e-02
Mode 32
-1.256245579853e-02 2.145185530015e-02 -2.457360837532e-01
2.145185530015e-02 4.024516873519e-01 -1.730074323769e-01
-2.457360837532e-01 -1.730074323769e-01 -8.994057900611e-02
Mode 33
-7.007528221361e-01 -8.584204956471e-02 -9.313166086053e-02
-8.584204956471e-02 2.352787894158e-01 -2.448527676150e-01
-9.313166086053e-02 -2.448527676150e-01 1.522059234889e-02
Mode 34
-1.622489728707e-01 -1.495005630173e-01 3.624726682843e-01
-1.495005630173e-01 -1.695487487840e-01 -2.247300955539e-01
3.624726682843e-01 -2.247300955539e-01 1.060855284634e+00
Mode 35
1.495453896512e-02 2.593352709527e-01 1.251836394467e-01
2.593352709527e-01 -4.081048082538e-01 4.954401626187e-01
1.251836394467e-01 4.954401626187e-01 -1.172681806410e+00
Mode 36
-3.952437522208e+00 -1.070448440013e-01 7.650697986939e-02
-1.070448440013e-01 -2.521492780227e+00 5.580507875908e-01
7.650697986939e-02 5.580507875908e-01 9.747546408087e-01
Mode 37
-9.916509466668e-01 6.154181264691e-01 9.932700961050e-02
6.154181264691e-01 8.604962726782e-01 -4.921365036278e-01
9.932700961050e-02 -4.921365036278e-01 -1.609043711065e-01
Mode 38
-5.533995510176e+00 7.898821534358e-01 5.784360057179e-01
7.898821534358e-01 -2.565950874974e+00 1.181817745512e+00
5.784360057179e-01 1.181817745512e+00 -7.159585146873e-01
Mode 39
-1.735131138753e+00 -2.815983153019e-01 -5.242099819617e-01
-2.815983153019e-01 7.333304946422e-01 6.236983533074e-01
-5.242099819617e-01 6.236983533074e-01 1.168615625250e-01
Mode 40
-4.617654649210e+00 9.905508770442e-01 4.685162409140e-01
9.905508770442e-01 -2.393759854190e+00 1.338207326890e+00
4.685162409140e-01 1.338207326890e+00 -1.216617707337e+00
Mode 41
5.893380867579e+00 -1.293655160006e+00 -7.212846832550e-01
-1.293655160006e+00 -1.786127131892e-01 6.637819329496e-01
-7.212846832550e-01 6.637819329496e-01 -3.500875947888e-01
Mode 42
6.802737662138e-01 1.664936430380e+00 -1.000463514543e+00
1.664936430380e+00 2.211117734452e+00 -1.523890842632e+00
-1.000463514543e+00 -1.523890842632e+00 2.427415298134e-01
Mode 43
2.197519236800e+00 -1.054948341009e+00 1.325065391991e+00
-1.054948341009e+00 4.992694082295e-01 -6.535289907885e-01
1.325065391991e+00 -6.535289907885e-01 -1.301035858974e+00
Mode 44
1.109771332509e+00 -9.021748946659e-01 -8.682457199717e-02
-9.021748946659e-01 -1.684664127642e+00 1.023002379989e+00
-8.682457199717e-02 1.023002379989e+00 -1.810483120243e-01
Mode 45
7.708916046021e-01 2.448159108137e-01 9.273856848831e-01
2.448159108137e-01 1.889759812739e+00 -6.671185031634e-01
9.273856848831e-01 -6.671185031634e-01 -1.599171789699e+00
Mode 46
1.383940267116e+00 1.695292319311e+00 8.927789400251e-01
1.695292319311e+00 -8.152209793252e-01 1.099777522524e+00
8.927789400251e-01 1.099777522524e+00 -1.120588934805e+00
Mode 47
-1.650600432281e+00 6.220698075447e-01 -3.472942610909e-01
6.220698075447e-01 1.803038951482e-01 -4.050279588034e-01
-3.472942610909e-01 -4.050279588034e-01 -1.610480396526e-01
Mode 48
3.177810573230e+00 8.537894576707e-01 -9.491555261109e-01
8.537894576707e-01 -8.714229052910e-01 5.155039894598e-01
-9.491555261109e-01 5.155039894598e-01 1.400855055930e-01
Mode 49
1.279506888692e+01 -2.881328227350e+00 -8.756159993629e-01
-2.881328227350e+00 -1.792531592968e+00 1.398082878434e+00
-8.756159993629e-01 1.398082878434e+00 -3.961962619481e-01
Mode 50
6.681356558391e+00 1.392013029485e+00 -1.800971218522e-01
1.392013029485e+00 2.145137063244e+00 1.594799307614e-01
-1.800971218522e-01 1.594799307614e-01 5.972893159453e-01
Mode 51
2.069890008441e+01 -5.245599627413e+00 -6.287411312880e-01
-5.245599627413e+00 2.299772106017e+00 -8.654778585834e-02
-6.287411312879e-01 -8.654778585834e-02 7.656688715494e-01
Mode 52
1.579622080771e+00 1.619242439483e+00 1.228699573885e+00
1.619242439483e+00 1.063796797176e+01 1.659741157893e+00
1.228699573885e+00 1.659741157893e+00 1.128347005875e+00
Mode 53
4.989566294420e+00 2.534539798519e+00 -6.324104409644e-01
2.534539798519e+00 8.194907002447e+00 -2.993902193760e-01
-6.324104409644e-01 -2.993902193760e-01 5.117602982960e+00
Mode 54
8.848239728828e+00 -1.104514369529e+00 -1.827753300457e+00
-1.104514369529e+00 3.079083083303e+00 -1.193904982516e+00
-1.827753300457e+00 -1.193904982516e+00 4.017399587255e+00
Mode 55
2.486797109257e+00 -1.909497907082e+00 -8.879058352695e-01
-1.909497907082e+00 -3.041690176698e+00 -3.623778914209e+00
-8.879058352695e-01 -3.623778914209e+00 5.518932491266e+00
Mode 56
-5.264976718333e+00 1.198131413770e+00 1.726191441561e+00
1.198131413770e+00 1.110028920955e+00 -8.692745726974e-01
1.726191441561e+00 -8.692745726974e-01 2.528318839203e+00
Mode 57
5.817822947113e+00 2.312719893450e+00 -4.692746267501e+00
2.312719893450e+00 -1.881530218689e+00 1.244144948407e+00
-4.692746267501e+00 1.244144948407e+00 -1.148442706930e-01
Mode 58
1.266258972214e+00 4.449701552311e+00 -2.359024728793e+00
4.449701552311e+00 -2.080476068613e+00 3.296155719996e-01
-2.359024728793e+00 3.296155719996e-01 2.010849029995e-01
Mode 59
-3.385308187625e+00 -2.907287202772e-01 6.596906715598e-01
-2.907287202772e-01 -9.625808707616e+00 4.459408716557e+00
6.596906715598e-01 4.459408716557e+00 -2.811999736936e+00
--
