Number of atoms 
22
--
Anisotropy 
87.815
--
Frequencies 
50.893600000000
51.688400000000
74.879500000000
93.183800000000
141.039500000000
153.043200000000
177.770700000000
184.231500000000
200.296100000000
242.074200000000
273.454700000000
279.015500000000
321.346100000000
328.681200000000
364.069600000000
411.711500000000
456.878900000000
477.720400000000
494.832600000000
579.134400000000
598.542200000000
638.426800000000
694.325700000000
718.464400000000
734.156000000000
794.643200000000
808.023700000000
882.912300000000
904.469000000000
934.229700000000
961.568900000000
1020.540000000000
1086.969900000000
1107.011900000000
1126.612000000000
1151.906200000000
1169.172600000000
1201.016200000000
1218.780600000000
1265.831900000000
1324.084600000000
1347.541800000000
1378.949500000000
1404.574500000000
1426.283800000000
1437.799300000000
1470.893400000000
1474.763000000000
1487.945100000000
1528.863500000000
1615.066800000000
1660.288000000000
1698.654000000000
2674.037800000000
3013.146800000000
3078.595600000000
3093.110900000000
3162.473000000000
3228.767800000000
3247.433700000000
--
Displacements 
Mode 0
-6.283677165495e-02 1.847486533346e-01 1.787386972766e-02
-3.895645924189e-02 5.400468462953e-02 -2.378840729011e-02
-4.030803361845e-03 1.755582895364e-02 -1.659956306680e-02
-5.816090692377e-03 -4.260584171603e-03 -2.116649502338e-02
-1.545597447978e-02 -2.983415630026e-03 -2.349919326400e-02
-2.272373301889e-02 -6.566377864917e-02 -2.778309074237e-02
1.159660167655e-01 -1.477688549801e-02 1.128429289346e-01
-3.284861908432e-02 -2.823362020866e-01 -6.170281367618e-02
-2.158858821460e-02 5.421922390296e-02 -9.706112417485e-03
-1.736787102729e-02 -2.145392734358e-04 -1.408229487263e-02
1.975201156002e-03 -1.506152109751e-02 -1.640881356536e-02
2.568269618494e-02 -8.406769759752e-02 1.931376031030e-02
1.548609135684e-01 -5.401858458061e-01 2.646079164340e-01
-6.638765389567e-02 3.085219975972e-01 -1.997670053059e-01
-2.078706289412e-02 2.107055921774e-01 -1.307866359419e-02
-1.065275752324e-02 1.979594843963e-01 1.095379445430e-01
-1.036589192772e-01 2.043697115975e-01 -5.989865971655e-02
-8.264007253902e-02 2.607842903628e-01 1.273468926675e-02
1.899138254699e-04 -3.687793422275e-02 -2.097574552194e-02
-1.141174248264e-01 2.430065388234e-02 -1.152679121520e-01
-1.736787102729e-02 -2.145392734358e-04 -1.408229487263e-02
6.571407845719e-03 1.978994551692e-01 8.119496439214e-02
Mode 1
4.570836160763e-02 3.364353675355e-01 -4.689259043113e-03
3.560057198355e-02 1.446228020804e-01 1.780012339456e-02
-4.284021795804e-03 6.672640791731e-02 1.136809762912e-02
-4.157412578825e-03 4.214111843548e-02 -2.615732718839e-03
-7.791291848379e-03 1.080093692591e-02 -4.757681458022e-03
-9.053045869641e-03 -8.449677614439e-02 -8.850829434949e-03
1.065622549707e-01 -8.753015390240e-02 2.613346462652e-02
-2.167666640035e-02 -2.126263785393e-01 -2.683552278306e-02
-1.570919291374e-02 4.618716333365e-02 4.468467431915e-03
-9.766493004381e-03 2.586245802341e-02 1.165113210733e-02
-1.346367688242e-02 6.814921254758e-03 1.650109854213e-02
-2.232680892660e-02 -1.145597891124e-01 -1.332547641476e-02
-2.407530739544e-02 5.588982625773e-02 -1.699903141202e-01
-2.547394374857e-02 -4.116472990624e-01 1.371042645746e-01
-2.587261001041e-02 1.209456318203e-01 1.661985211635e-03
1.037084664317e-01 3.539067827688e-01 1.081413107957e-01
-2.232855109614e-02 3.691371313070e-01 -1.343101414501e-01
6.618657859521e-02 4.414713882636e-01 1.106120058904e-02
-2.245516031312e-03 3.937224207889e-02 -1.203263111022e-02
-9.205151146971e-02 -6.624736724246e-02 -4.168699520934e-02
-1.161508494340e-02 1.633868963909e-02 1.407611532473e-02
3.038841565028e-02 7.944813120510e-02 4.652460254835e-02
Mode 2
-3.730545826424e-02 -1.538720019643e-01 2.705013484637e-02
-3.102146173518e-02 4.347831620408e-02 2.339454919144e-02
-1.589910673921e-02 8.306509755640e-02 2.544421295385e-02
-6.322527560296e-03 9.408057375574e-02 3.476882636846e-02
5.165948166127e-03 1.023271735985e-01 3.467654139168e-02
2.410441912123e-02 -1.179021869632e-01 5.018018820327e-02
7.216706652743e-02 -3.231668935295e-01 -3.894291635655e-01
1.169337686983e-03 1.696027185167e-01 1.308951890679e-01
1.071172398319e-02 1.308984787515e-01 2.740159173949e-02
2.920432134814e-03 1.416994156774e-01 2.264391028147e-02
-2.498734465272e-03 8.854282104256e-02 1.593502958570e-02
-7.331063147598e-03 -5.038771827823e-02 2.708017695612e-03
7.235004622537e-02 -1.614405323943e-01 -1.557341139075e-03
-7.447663017560e-02 -7.805090420949e-02 7.828659512836e-03
-1.596241134770e-02 9.535774229732e-02 3.243612812783e-02
-1.239548995752e-01 -1.918226325542e-01 -6.433708503870e-02
5.574691165687e-02 -1.974347318887e-01 1.330857185605e-01
-4.635850413388e-02 -2.383687781086e-01 1.819930541142e-02
-1.193160798585e-02 7.780191334368e-02 4.903569119463e-02
3.075797018634e-02 -3.911324389720e-01 3.017770078283e-01
1.447221246973e-02 1.376533707792e-01 1.555971013071e-02
2.259842524647e-01 -1.209611423559e-01 -1.412514346625e-02
Mode 3
-2.862456290964e-02 2.586590318265e-01 4.556467549325e-02
-8.069283859590e-03 -2.191667312936e-01 -9.113463016589e-04
8.901663075409e-03 -1.700561815569e-01 -1.286665756647e-03
8.838358466919e-03 -1.577635368160e-01 5.705249417332e-03
1.795470894505e-02 -8.555940541253e-02 7.564163678302e-03
2.152528360611e-02 -4.192657916204e-02 1.669802759146e-02
-6.909165645822e-02 -7.461402553925e-02 -9.828067053438e-02
2.807959501048e-02 1.311130180249e-01 4.148388661211e-02
1.564588830525e-02 -3.389451859273e-02 2.523447742065e-03
1.386060097472e-02 -5.571093171797e-02 -2.043484214517e-03
8.441434374629e-03 -1.088675263528e-01 -8.752364910282e-03
3.697183878044e-03 1.904753676866e-02 -4.849966434796e-03
-4.290686155390e-02 8.412772682454e-02 9.029219840603e-03
4.938077190843e-02 7.634465712104e-02 -3.366055101746e-02
3.047041351794e-03 1.171141261955e-01 8.660079933508e-03
2.194212647632e-01 3.883004762345e-01 2.489519004261e-01
-2.822546974308e-01 3.918771741896e-01 -1.194343590739e-01
-5.634576485907e-02 3.700808952625e-01 4.965164392229e-02
1.108387449823e-02 -1.971357788949e-01 1.773788052755e-02
8.960840447703e-02 -1.117808456568e-01 8.291788945300e-02
1.148847572642e-02 8.246599842750e-03 -9.228497677371e-05
5.951507727931e-02 6.359854933991e-02 8.895605711978e-02
Mode 4
-5.439533728032e-02 7.588112698179e-02 9.121504817376e-03
-2.281181120463e-02 -3.325093810914e-01 -4.491250110795e-02
-7.664682631399e-03 -1.378435255593e-02 -1.874151180598e-02
-1.847824225432e-02 1.590407053576e-01 -8.037947657957e-03
-1.484436298477e-02 1.903808868672e-01 -5.895998918773e-03
-1.010011248818e-02 6.246582374571e-02 -9.798397394259e-03
1.633373946352e-01 2.690957675595e-02 -1.722701926053e-02
-4.179649032687e-02 -7.512751780648e-02 2.984872625934e-03
-2.032683419334e-02 1.495169369733e-01 -5.612964440559e-03
-2.811812604172e-02 1.603178738992e-01 -1.037064589858e-02
-8.251520549159e-03 7.198959213004e-02 -1.222338061166e-02
3.904194144865e-03 7.029460528194e-03 3.058339341476e-02
7.934997506709e-03 -1.052636842545e-02 4.718295648155e-02
1.948677784162e-02 -1.457241332362e-02 4.009875633080e-02
-1.638410901724e-02 -1.348844944226e-01 -6.142811739336e-03
3.226054548773e-01 3.628058743896e-01 -1.994036087433e-02
-4.273157789216e-01 3.296770449866e-01 1.030255846550e-01
-6.828071183229e-02 -1.475461884834e-01 -1.295633650766e-02
-1.062364579745e-02 1.359471236908e-01 -1.027218137391e-02
-9.843734363850e-02 4.012585125420e-02 7.374633309386e-05
-2.626953410270e-02 1.698416422835e-01 -1.279562911598e-02
1.030204159809e-02 -1.862159766563e-01 -1.873965794161e-01
Mode 5
-2.127934864365e-01 -4.089370448271e-03 2.340987167404e-01
-8.819352549199e-02 -2.206540399106e-02 5.229741875088e-02
3.487944771291e-02 7.036470473276e-04 7.058986476878e-02
6.604461510642e-02 -4.250010065629e-02 8.962059060087e-02
6.195050713609e-02 -1.265162696173e-02 8.001294270805e-02
-3.502315337124e-02 -9.782155477837e-04 -1.130151397923e-01
-1.602612415576e-01 2.819218873409e-02 -9.392302672292e-02
1.474623184649e-01 -6.376976306324e-02 -3.442212688836e-01
5.957838188780e-02 5.130590459899e-02 8.196414194580e-02
6.294194628204e-02 1.069568070899e-01 5.566464600941e-02
4.966818322509e-02 7.689379412195e-02 5.118999902960e-02
9.432873520580e-03 1.074090769888e-02 -3.310066160893e-02
8.823973365913e-02 -1.508709873215e-02 -1.156984392964e-01
-1.096726009310e-01 -1.729132755222e-02 -2.780162938605e-02
4.861343947065e-02 -3.042199518881e-02 8.253021090223e-02
-1.796189250043e-01 -1.263492328482e-02 3.495388397501e-01
-1.952819097509e-01 -3.600262674379e-03 2.906062866366e-01
-3.632711385484e-01 2.310021824470e-02 1.849336632817e-01
6.644153919872e-02 -9.139611111951e-02 1.040782049285e-01
-2.107232729673e-01 4.909041553858e-02 -1.740282544077e-01
7.033631403813e-02 1.450518806273e-01 4.596471313982e-02
-5.802921654988e-02 4.454094547222e-02 6.979556078193e-03
Mode 6
-1.962878493592e-01 -5.522242177572e-03 -6.370638528137e-03
-1.277077109259e-01 5.570086461894e-02 -8.478298326186e-02
-8.135688392787e-02 3.979125352672e-02 -7.069450884134e-02
-6.008481875572e-02 4.703525332835e-02 -2.602882055396e-02
-6.556728996429e-02 6.171303434451e-03 -2.574578607575e-02
-8.280855177460e-02 -1.862852532082e-02 -5.381191129633e-02
-9.047323440600e-02 -3.241287787675e-02 -7.255342310231e-02
-6.749628295316e-02 -1.591967819125e-02 -7.273799305586e-02
-4.233712007749e-02 -2.650607584372e-02 -5.389801672521e-02
-8.664944131098e-02 -3.795063058993e-02 -9.138721988507e-02
-7.350228747100e-02 1.669767185990e-02 -7.292874255730e-02
1.218990757672e-02 -1.524041563726e-02 1.556249847694e-01
-1.163775521212e-01 7.998802118248e-03 3.138348045182e-01
2.401835540801e-01 -1.015433631261e-01 2.379092384808e-01
3.747938071576e-01 3.486609756263e-02 -7.220773751546e-02
-2.038088263323e-01 -1.903202623305e-02 1.731312468941e-02
-1.535538051895e-01 -2.791217679707e-02 6.198499252469e-02
-2.751922069890e-01 -1.712130697020e-02 -2.959915640971e-02
-7.169990369912e-02 6.337394296744e-02 -1.195270522923e-02
-1.096092963225e-01 -2.958397229314e-02 -3.479354456003e-02
-7.873154024562e-02 -7.333685699767e-02 -1.006133687750e-01
-4.474269520011e-02 4.406144243112e-01 2.117947598860e-01
Mode 7
-5.517976615945e-02 -5.574538331035e-02 6.890316136558e-02
-1.537557342994e-02 9.583797611348e-03 2.591799693351e-02
5.752786083887e-03 1.655322891252e-02 2.815841019736e-02
-1.426894269480e-03 2.207184683356e-01 4.100392308457e-02
1.256031592221e-02 1.404222471358e-01 2.497660852209e-02
-4.364422845645e-03 5.415919467594e-02 -3.804909256839e-02
1.478643237141e-01 -9.336968563718e-04 -9.713531789603e-02
1.166129311054e-02 -5.349119236230e-02 -7.747713587020e-02
8.585140032959e-03 -1.085929578523e-01 3.367291011325e-02
1.391622844730e-02 -3.222819656598e-01 2.325238044344e-02
7.386690620188e-03 -2.161833156636e-01 2.258784696234e-02
-2.100175029684e-02 -3.155472078301e-02 -1.622424361181e-02
-1.085374561267e-01 1.025916749999e-01 -9.724651061165e-03
3.207620548963e-02 6.383747310668e-02 -5.473476106407e-02
-2.150818716476e-02 6.678643714433e-02 3.971107778003e-02
4.348428016621e-02 5.951685970806e-02 -1.042442362384e-01
-1.338720323655e-01 3.236955232665e-02 3.137363399935e-01
-8.412419109891e-02 -3.310521248688e-01 3.778374110415e-02
-2.600570105001e-03 3.922663577076e-01 5.404018547322e-02
-1.387821661186e-01 2.341811229526e-02 -1.382397858598e-02
1.496329506585e-02 -4.692445655499e-01 2.419994840275e-02
-3.283586079151e-02 8.367426378433e-02 1.386377431518e-01
Mode 8
2.668893971158e-01 1.453132515336e-02 -1.518515403164e-01
1.085545525680e-01 -7.773181701762e-02 6.613375643266e-02
-3.253643419041e-02 -2.648817902550e-03 4.726906191043e-02
-4.448513861761e-02 5.029323745883e-02 3.989564773357e-02
-5.009421904317e-02 3.401457704677e-02 5.416251255975e-02
-8.457674266379e-02 -1.558508046377e-02 -1.969737881423e-03
-8.848093680865e-02 -2.261454099197e-02 -3.255313129618e-02
-4.418571201651e-02 -3.602984422805e-02 -5.147303350781e-02
-3.075114685987e-02 1.916759522270e-02 5.183599386702e-02
-3.068784225138e-02 6.874950481778e-03 4.484407869304e-02
-4.593680646434e-02 -8.126541388710e-03 5.677824527859e-02
-9.824742981303e-02 3.247917031445e-03 -2.090199918884e-02
-4.821651537835e-02 -1.847401527441e-02 -6.807259657461e-02
-1.738515276570e-01 5.959239947069e-02 -6.343809783283e-02
1.733912989562e-01 1.596255733445e-03 5.597239867920e-02
3.691069216611e-01 1.485665364400e-01 -3.722741793787e-01
8.896085792977e-02 1.288320563009e-01 -1.684881806706e-01
4.877418942970e-01 -1.590372748364e-01 -8.783501443137e-02
-2.732427785714e-02 6.252585297273e-02 1.854458275665e-02
-1.517856143003e-01 -3.095562165411e-02 1.014281910978e-02
-3.062453764289e-02 -5.417694259140e-03 3.785216351906e-02
-8.193864068872e-02 2.372972748828e-01 1.684519590129e-01
Mode 9
-1.346367688242e-02 6.814921254758e-03 1.650109854213e-02
1.848591939022e-03 9.523768384328e-03 -2.424983217398e-03
1.512235499598e-02 3.958678135232e-02 2.049663762410e-03
3.633879269554e-03 3.134018150957e-02 2.141948739184e-03
2.372125248292e-03 -6.395753156072e-02 -1.951199237743e-03
-7.394367756088e-03 -3.809507353731e-02 9.699932869592e-03
-7.288125667054e-02 -1.935655686149e-02 3.337133699136e-02
-5.672385034046e-03 -3.986015671147e-03 2.125878000015e-02
7.981205673849e-03 -4.767887114866e-02 -1.621806406392e-02
1.340037227394e-02 5.477723486160e-03 -9.509183368151e-03
1.703425154349e-02 3.681790499573e-02 -7.367234628968e-03
3.452873178776e-02 1.244715478733e-02 -7.268770104301e-03
4.423192018365e-02 -1.122658495162e-03 -1.192798703766e-02
1.934307218329e-02 -1.484698182407e-02 -2.326518692731e-03
-1.367068714925e-02 1.883299749522e-02 -1.893226130742e-02
2.718047228269e-01 3.085753902463e-01 -3.541234547207e-01
-3.023797133153e-01 2.442834098609e-01 4.402182693189e-01
-1.905899985399e-02 -5.800328782645e-01 -2.446660288478e-02
1.102824702564e-02 6.943525504688e-02 -7.557984130408e-03
3.677424781907e-02 -2.692508729155e-02 4.763861005915e-03
1.848591939022e-03 9.523768384328e-03 -2.424983217398e-03
1.736787102729e-02 2.145392734358e-04 1.408229487263e-02
Mode 10
1.120106440976e-02 7.697462841838e-03 -8.494283502384e-02
-3.486235127156e-02 2.415621093496e-02 -1.418075939729e-02
-4.813611432851e-02 -5.906802033032e-03 -1.865540637710e-02
-2.482554339187e-02 -2.601696806983e-02 2.609553170945e-03
3.486235127156e-02 -2.415621093496e-02 1.418075939729e-02
5.004801087603e-02 3.137925676441e-03 9.238507985723e-03
2.106505490533e-02 1.926207604209e-02 9.232328437830e-03
9.974530582690e-02 1.801935909289e-02 -5.938161890164e-02
2.700775481469e-02 -1.062629268142e-03 1.641499311325e-02
-4.030803361845e-03 1.755582895364e-02 -1.659956306680e-02
-4.813611432851e-02 -5.906802033032e-03 -1.865540637710e-02
-5.763229245758e-02 -4.355064990998e-03 2.143717040581e-02
-7.861694631308e-02 -1.104992779172e-02 6.162203216549e-02
-1.907275730798e-02 -9.463739157307e-03 3.076796336830e-02
-7.647586190048e-03 1.107550542636e-02 3.766759356551e-02
5.071784582262e-02 7.247750676262e-02 -2.127785495030e-01
-4.668444648178e-02 5.251297681451e-02 -3.553800392211e-02
8.527309335717e-02 -1.196340116863e-01 -7.494132903235e-02
-3.240982497343e-02 -2.723410738439e-02 3.328523156248e-02
3.452873178776e-02 1.244715478733e-02 -7.268770104301e-03
1.497864933765e-02 3.931221285187e-02 -4.037561126112e-02
6.971615432244e-01 -6.074235086108e-01 1.569661088404e-03
Mode 11
7.934997506709e-03 -1.052636842545e-02 4.718295648155e-02
1.955008245011e-02 -2.686505806453e-02 3.310684115682e-02
2.503255365869e-02 1.399889182937e-02 3.282380667861e-02
-6.195918343317e-03 6.949528427390e-02 2.078499602050e-02
-5.030122930999e-02 4.603265328723e-02 1.872915271019e-02
-8.840053575881e-02 -1.004732775059e-02 1.686405890133e-02
-9.619182760719e-02 7.536091753107e-04 1.210637744331e-02
-1.132260791507e-01 -3.606429582042e-02 1.947361207228e-02
-1.367068714925e-02 1.883299749522e-02 -1.893226130742e-02
6.330460848997e-05 -1.229264474092e-02 -6.991915173979e-03
5.023792470150e-02 -3.374000854631e-02 -1.173723753622e-02
6.924737740099e-02 -1.198362464809e-02 -3.551328573054e-02
5.366479370423e-02 9.618249203723e-03 -4.502864864658e-02
8.449634161394e-02 3.017867222401e-03 -4.744745231609e-02
1.524896421296e-02 1.500149187049e-02 -1.193416658555e-02
-6.795910763293e-02 -9.727733551789e-02 1.847124242824e-01
1.003954483532e-01 -8.004723033400e-02 -7.289166526994e-02
-8.821262025569e-03 1.826233947983e-01 5.070385595416e-02
1.472543090369e-02 8.848279181554e-02 -1.240795056520e-02
-9.804041954621e-02 -8.770159209017e-03 1.453136066071e-02
-2.270663657754e-02 -4.080392066688e-02 2.862601462912e-02
6.852761434057e-01 -5.667740979903e-01 -1.279566826244e-02
Mode 12
1.794269366061e-02 1.312813275260e-03 1.837833949668e-01
8.994970109673e-02 1.058941778218e-01 7.207963912266e-02
4.899326712158e-02 -1.041778636343e-01 4.057871985835e-02
5.250687364504e-03 -2.262562210488e-01 -5.983771986732e-02
-4.267073956129e-02 1.009728987858e-02 -7.534754622681e-02
-2.576309723478e-02 7.150048435615e-02 -6.873095050781e-02
1.379079168842e-01 6.180669538980e-02 -6.450844026675e-02
-1.117744113039e-01 2.235548302712e-02 2.591014527266e-03
-5.626102566069e-02 4.149750061517e-02 -4.486261733672e-02
-3.068784225138e-02 6.874950481778e-03 4.484407869304e-02
1.011720892953e-02 -3.760596576342e-02 6.620750276575e-02
-5.181620176521e-02 -9.448081939503e-05 4.260366542919e-02
-2.119166412231e-02 5.323213439745e-03 4.751501910129e-03
-1.289352720644e-01 1.012286751322e-02 2.394207950419e-02
5.946378795526e-02 -1.098102460697e-02 -8.027125899470e-02
1.339113064051e-01 1.290822403080e-01 3.171020740943e-02
-6.634155652960e-02 9.800894648248e-02 4.992925437923e-01
-1.050284439046e-01 -3.251797744281e-01 1.273857930613e-01
2.675887452927e-02 -2.930426581931e-01 -9.954879764735e-02
-8.742492344212e-04 8.522480768506e-02 -7.833241885274e-02
-6.513617298930e-02 6.995008935819e-03 1.015300389948e-01
3.578151830867e-01 -2.685228413749e-01 -3.954463822853e-02
Mode 13
-1.497876013871e-03 -2.126727612433e-02 8.028361809048e-02
6.092487510744e-02 -1.819797769780e-01 -8.456971336281e-03
2.602399280464e-02 1.336073258810e-01 8.475509979960e-03
4.355003540195e-03 1.752593365426e-01 -5.064779263504e-02
1.397011375034e-02 -1.051560791821e-01 -7.243641993397e-02
5.214982124901e-02 -3.650888490290e-02 -2.115413592759e-02
1.169548599324e-02 -3.771476397711e-03 3.534107487278e-02
5.750568324060e-02 2.894035447283e-02 -7.453340057848e-03
-9.871667631473e-03 -2.658430024011e-01 -6.188738362973e-02
-1.054743754441e-03 -1.073157893108e-01 3.134021187263e-02
-1.073315857308e-02 1.853922711549e-01 6.012075434554e-02
-6.381111435955e-02 9.000007726520e-02 9.863127179780e-02
5.783930272441e-02 -7.663011249464e-03 1.399618944375e-02
-2.478166398078e-01 -5.067585996055e-03 1.210835769481e-01
8.748538111629e-03 5.908778116119e-02 -1.324088259836e-01
-5.714046685309e-02 -1.583703167613e-01 4.066371967943e-01
9.271366928040e-02 -1.186914408722e-01 -1.480422824474e-01
-8.875558983250e-02 3.428467878781e-01 8.293687548476e-02
1.538325056584e-02 2.446945915895e-01 -5.820577676544e-02
1.423989489468e-01 -1.693778876798e-02 -4.044317804632e-02
-1.412149654458e-02 -1.493968785192e-01 6.229892474237e-02
3.115327418541e-01 -1.531737983535e-01 1.720033088369e-01
Mode 14
1.162534280821e-01 -1.422774849710e-02 1.976934789816e-01
9.670334563202e-02 1.263730956743e-02 1.645866378248e-01
-4.367419399168e-02 -2.263892548531e-02 1.252199817603e-01
-7.775211638411e-02 1.331437957418e-01 5.125756581480e-02
7.474768805929e-03 5.066228677869e-02 3.971725732792e-02
4.894705895445e-02 -6.702536091111e-02 1.039797404038e-01
-1.127487540085e-01 -7.239309304226e-02 8.334841659740e-02
2.020868436103e-01 -1.507703163312e-02 -2.887197181998e-02
5.808310185292e-02 1.725849410054e-01 -1.026683564556e-01
7.401640147482e-02 1.392395594136e-01 -1.529435866647e-02
-2.199318944280e-02 -1.511631548347e-01 8.124053086837e-03
-9.759728728678e-02 -9.481867239544e-02 -3.441204555715e-02
-2.401690536177e-01 -1.614309142242e-02 8.341598338260e-02
4.969729495088e-02 1.488143341645e-02 -6.862012688736e-02
-2.007869691629e-02 -1.138571866050e-02 -2.662089617964e-01
8.384360310871e-02 -4.146185588149e-02 2.309787105441e-01
1.511157793537e-01 -3.838395943207e-02 2.118742383789e-01
6.983929647566e-02 1.397450733603e-02 1.905969197351e-01
-7.048435784500e-02 1.958241587609e-01 5.554146329317e-02
-2.742533593782e-03 -9.170513121234e-02 1.325995754850e-01
5.824390395260e-02 1.977193674882e-01 -3.833976060577e-03
-2.140209367740e-01 1.236931808375e-01 -4.196367901372e-01
Mode 15
2.254583447785e-02 1.566949418413e-02 -1.274603950241e-01
-1.994735152125e-01 -1.117886020349e-02 1.751723431748e-01
-1.206495586326e-01 -1.214700865223e-02 1.489836708588e-01
-1.062021197401e-01 -1.536318850562e-01 1.404220554500e-01
-5.614643172815e-02 1.037844298211e-01 1.173727836038e-01
-5.028413286864e-02 7.089251126952e-02 7.513825808169e-02
7.109596934001e-02 -2.459856263759e-03 -3.793826894794e-02
4.600011107283e-02 -4.166103352208e-03 -6.377016045257e-02
5.735689642536e-03 -8.306629069771e-03 -2.825069517413e-02
3.372720646728e-02 -1.440392134871e-01 -3.896218927592e-03
1.671772850104e-02 9.828112870032e-02 2.759234124093e-02
8.029272086798e-02 8.231148838109e-02 1.333783551054e-02
1.768643761261e-01 7.802010760271e-03 -4.072003297664e-02
3.870324080793e-02 -4.834105665853e-03 5.175606798603e-02
-1.403849951575e-02 5.716647252933e-03 -1.532000015520e-01
-9.337861207313e-03 5.750039938547e-02 -3.586174959739e-01
-7.264253869894e-02 4.915931872333e-02 -3.159215455679e-01
3.542693820028e-01 -3.301742044222e-02 -2.455717660214e-02
-8.225850271853e-02 -2.966684985022e-01 9.176786325824e-02
-2.269585951693e-01 2.621256628650e-02 9.488254553639e-02
1.979562374817e-02 -3.303140262291e-01 3.742696029284e-02
-5.846033352487e-02 4.371723997085e-02 -1.202962689924e-01
Mode 16
1.160464178153e-01 -2.209672256641e-03 1.622601191321e-01
3.932427160840e-02 -4.088833438724e-02 1.580561475347e-01
-1.406598697834e-01 7.590670461644e-02 1.084111305484e-01
-1.711919910921e-01 -3.815995089123e-03 1.946125297649e-02
-8.525165876729e-02 -1.966567382200e-01 -1.258101705267e-02
-3.494275232140e-02 1.158899769359e-02 -6.359794959480e-02
1.903451494499e-01 2.584694748780e-02 -8.120261472836e-04
-1.269634444464e-02 1.135815735646e-01 -9.968966337756e-02
-7.878542554866e-02 -2.904627434753e-01 -4.924568397598e-03
-1.051105871239e-01 1.459499327499e-01 -4.301606217153e-02
-8.622774364144e-02 1.922916061300e-01 -5.280828001790e-02
-1.233361323506e-02 1.496584713681e-02 -1.980502597929e-01
-7.646892777296e-02 -8.784924109427e-02 -3.217163229330e-02
2.732290211174e-01 -5.468939062009e-02 -1.302112613134e-01
2.136003255683e-03 1.007290538524e-02 8.242556682967e-02
1.066135442947e-01 -1.295057995553e-02 1.953607807410e-01
9.662294458218e-02 7.009632605761e-05 1.151694476273e-01
1.118890052365e-01 3.993144617884e-02 1.596443864132e-01
-1.717788290098e-01 8.195794959685e-02 2.597938417082e-02
-3.151588331867e-02 5.494725544363e-02 -9.688936070517e-02
-1.122902674773e-01 3.501151721730e-01 -3.017054928433e-02
-4.982968468183e-03 5.939918753664e-02 3.531952810348e-01
Mode 17
-5.039872680118e-02 8.605582063564e-03 -8.709714285881e-02
-1.041730332810e-01 4.843248032397e-02 2.832444150723e-02
1.465444915930e-02 -1.535029526444e-01 2.687174444071e-02
-1.062364579745e-02 1.359471236908e-01 -1.027218137391e-02
-6.861433131609e-02 -1.109428227611e-01 -3.440586600926e-02
-9.449969961931e-03 -3.560076568118e-02 -2.330844376256e-02
7.547748862701e-02 -3.175919295741e-02 5.651992899194e-02
3.201290088114e-02 7.613011784760e-02 -4.774284589009e-02
-1.033962815378e-01 -7.421939858475e-02 8.305647909634e-04
-8.955711515298e-02 1.863604196036e-01 8.630942666147e-02
4.239274755008e-02 -2.400649580981e-01 7.919388138317e-02
7.198731501578e-02 -6.282480596653e-02 9.680325527629e-02
1.167795573704e-01 5.483726408862e-02 -6.674885353061e-02
-3.881275358356e-02 5.427925312998e-02 1.863686773342e-02
1.913606191647e-02 -2.828905583611e-03 -3.775987854228e-02
-1.140712166593e-01 -1.285184884087e-02 -1.786689326974e-01
-2.922415912021e-02 -2.157748935847e-02 -1.482577501404e-01
7.479315321805e-02 1.658768050490e-02 -4.278823538273e-02
1.744652990758e-02 4.964786729342e-01 -5.748517996523e-02
2.323016988681e-02 -3.267737927817e-02 -2.815223064947e-02
-1.401500939282e-01 5.729945437786e-01 1.641194807811e-01
4.275114061113e-02 2.469923362797e-03 1.247647364243e-01
Mode 18
-1.183919165157e-02 3.496907897255e-03 -7.776634989631e-02
-1.114236953788e-01 1.061197528711e-02 8.044964940035e-02
1.605990883889e-02 -5.793067107365e-02 7.339016744117e-02
8.282564821595e-02 4.348838330311e-02 1.102210166678e-01
1.684956656654e-01 -1.250416388464e-01 4.973730196309e-02
3.371778716183e-02 8.537931773147e-02 -9.259310413102e-02
-2.459884070471e-02 1.293711262028e-01 -1.704640980999e-01
-2.028712724894e-01 -1.165494786590e-01 8.865362836817e-02
2.419637602537e-01 -1.914590266709e-01 9.847833777405e-03
2.299765247953e-01 1.529139206145e-01 3.358766031408e-02
4.826272354549e-02 -1.867848744880e-02 4.671576029142e-03
-6.153648660245e-02 -1.138452551919e-02 -9.146223008950e-03
-1.132089827093e-01 -1.120443783813e-02 7.588271744377e-02
-2.482554339187e-02 -2.601696806983e-02 2.609553170945e-03
-2.721476508151e-02 1.308070550860e-02 -5.184835296280e-02
-5.650222881022e-02 3.795860891049e-03 -1.931141879293e-01
-2.567068090050e-02 -2.804521090273e-03 -1.955329915988e-01
1.826171622100e-01 2.435523967279e-02 -1.256162277929e-02
4.865530948925e-02 2.735761099766e-01 1.630606418133e-01
8.104295686441e-02 1.642182827086e-01 -1.592620317806e-01
2.698516992692e-01 4.602288459962e-01 -4.867719912391e-02
-3.699835452724e-02 1.408330554972e-02 -9.660632622696e-02
Mode 19
5.997530598009e-02 2.409894135776e-03 9.642175627341e-02
8.417981857149e-02 6.448109092699e-02 -1.248787644619e-02
-1.427744384492e-01 -2.504569506752e-01 -6.153678236632e-02
-1.986137664404e-01 2.128278665994e-02 -6.782045983586e-02
-2.204881691538e-02 1.154078791071e-01 -1.717181157112e-02
1.206717362308e-01 1.487389433046e-01 1.400537711726e-01
-1.227829659092e-01 1.203263984933e-01 -1.983580124627e-01
1.830406020491e-01 -2.290994440267e-01 1.470019821232e-01
-5.481703494986e-02 -1.543611097381e-01 -2.945743504979e-02
-1.064527421951e-01 3.808500643827e-02 -9.652640034597e-02
-1.135134904673e-01 -3.661343282134e-02 -6.537693797479e-02
2.826950883595e-02 9.423508380216e-02 2.050814109018e-02
1.539507292818e-01 -2.098383366615e-02 -4.752737819708e-02
4.047899803195e-03 7.304029028650e-03 7.300866843829e-02
1.992297597353e-03 9.798336884784e-03 4.000029180613e-02
5.450993121286e-02 -1.359419777583e-02 1.531138961231e-01
1.124296349871e-01 -8.689995783922e-03 2.165272757644e-01
-9.592151273188e-02 -2.355711180607e-02 4.054782211888e-02
-2.617499646964e-01 2.923545216814e-01 4.142209113318e-02
1.113021673187e-01 1.257053908648e-01 1.661625176076e-01
-7.594713663324e-02 3.223663793801e-01 -1.526825133490e-01
-2.271865186197e-02 4.606829802091e-02 2.048452459176e-01
Mode 20
-2.885634675371e-02 -8.461139116186e-03 -1.399000989585e-02
-1.241568286851e-01 -6.807247964364e-02 1.328578917717e-01
-3.778712155491e-02 2.236074031462e-01 1.071067817778e-01
-9.682995484900e-02 1.194797991440e-02 -1.506028074768e-01
1.954500129320e-02 -1.385971347346e-01 -1.995214955031e-01
2.037746334496e-01 -3.068768973154e-02 -1.301313354324e-01
-6.062544850634e-02 9.565669529111e-02 -8.291170990511e-02
5.673835080282e-02 -7.782629783701e-02 1.087374218618e-01
-9.374872061450e-02 1.787818220745e-01 -2.912451680035e-02
-1.469123802099e-02 -3.876307585096e-02 1.252261613082e-01
-1.290865747051e-03 -3.328535236480e-02 1.157169779400e-01
2.198551230689e-02 -1.031152343662e-01 2.416372674510e-02
-6.086405567687e-03 2.005013680978e-02 -4.960793969895e-02
6.508996482216e-02 3.015749378739e-02 -3.812901844938e-02
2.324726632816e-02 -7.817521295879e-03 2.825687472203e-02
-3.508645797973e-02 1.131442919313e-02 -1.060232246183e-01
-8.336627796658e-02 5.133058659646e-03 -1.671039060190e-01
1.770884828343e-01 2.064379250210e-02 5.112243224440e-02
-6.074771957478e-02 -2.209086231157e-01 -2.128593310137e-01
5.126846276004e-01 7.181293497014e-02 -1.931252831537e-01
-7.040221462561e-02 -2.753055484171e-01 2.259433185260e-01
4.259033851145e-02 -2.266450311995e-02 2.593035602929e-02
Mode 21
-7.152708631500e-02 1.636150762391e-03 -8.933755612266e-02
1.317626556576e-02 -7.364058255670e-03 -1.013516485892e-01
1.645358440480e-01 1.344999345672e-01 -6.141956109628e-03
2.165051707770e-01 -9.454954733156e-02 8.237653868815e-02
-7.160240620793e-02 1.008010141911e-01 9.387359033977e-02
-1.758689657855e-02 9.867575565482e-02 1.267035765663e-01
-1.599660423040e-02 4.563802633273e-02 -8.038208261515e-02
1.104664491155e-01 -8.050069337421e-02 5.671685804128e-02
-1.734280878179e-01 -1.938622842288e-01 9.612550706970e-02
-1.714110166433e-01 9.507429983913e-02 1.602471244154e-01
5.753987612331e-02 7.866007043742e-02 1.053648706851e-01
-1.071840195792e-03 -1.321756472931e-01 -2.506889349886e-02
-1.175271973878e-01 5.802254114599e-03 -2.556739567009e-02
6.698476492832e-02 2.528759448509e-03 -1.039550222122e-01
1.624485230851e-03 -3.318013357503e-03 -9.426744843844e-02
-4.458263610880e-02 1.286616623517e-02 -6.593064783543e-02
-8.307886664991e-02 5.682195660559e-03 -8.225335597191e-02
-9.265544582882e-02 -5.333280538782e-03 -9.157796938651e-02
2.698748760286e-01 -3.397588243296e-01 -1.521488017357e-02
-1.094143013401e-01 4.527017015419e-02 1.768590465780e-01
-2.612923319747e-01 8.861955394650e-02 3.138039067787e-01
8.202920405238e-02 -1.265908301232e-03 3.462219045045e-01
Mode 22
-3.855953514960e-02 5.108674166309e-03 -9.330792962497e-03
-1.154374022993e-01 5.302766222305e-02 1.202591917050e-01
1.506598888014e-01 -3.183459121166e-01 6.047708776876e-02
8.572390275251e-02 4.859586432811e-02 -1.561725150821e-01
-4.625073352780e-02 1.958829948467e-01 -1.731782953434e-01
2.329347449530e-02 -4.497002401909e-02 -3.514414582344e-02
-5.141927767292e-02 -4.899049128261e-02 5.706127975680e-02
3.849623054111e-02 7.183970574609e-03 1.632270813648e-02
-6.545777718866e-02 -4.327384402968e-02 -9.613872179520e-02
5.046203140967e-02 -2.089822680448e-02 8.010522768483e-02
1.314758765483e-01 2.053324166097e-01 4.065332182115e-02
-5.146288986107e-02 1.307083239714e-01 -1.444538161896e-01
-9.756309440408e-02 -4.509895643086e-02 7.840616518583e-02
1.008301604683e-02 -8.732568172800e-02 -4.661070797723e-02
7.871692898219e-03 1.766276315469e-03 5.417487165553e-02
-9.697366050733e-02 1.167341141395e-02 -1.930280825004e-01
-5.047912785102e-02 -3.961631177810e-03 -1.365143330563e-01
2.004623583794e-01 -1.175901827561e-02 6.539547661847e-02
2.218200165594e-01 2.931448198289e-01 -3.703538778804e-01
8.543389545686e-02 -9.449958520358e-02 2.389305136267e-02
-4.206940118117e-02 -1.933631093559e-01 2.394595444422e-01
1.037550852040e-02 2.495553194300e-02 2.708681787298e-01
Mode 23
3.664763860209e-02 -2.339797809719e-03 1.874769135387e-02
-3.253643419041e-02 -2.648817902550e-03 4.726906191043e-02
7.592062088643e-02 -1.178077061438e-01 7.576522774088e-03
1.982510352308e-01 7.733293976786e-02 1.661810562512e-01
-1.887342417706e-02 -2.757602045986e-01 9.848910304979e-02
2.864933648689e-02 2.047921535665e-02 -2.144334995370e-02
3.398810203714e-02 6.106859675009e-02 -6.415165945545e-02
2.918996623751e-02 -2.814222660611e-02 3.543953939745e-02
-1.225075698770e-01 2.077477541820e-01 6.271176887280e-02
-2.365402555051e-01 -9.653498658293e-02 -1.470704045382e-01
2.605310453043e-02 7.159496517554e-02 -1.113346159370e-01
-4.698042329445e-03 9.076256039824e-02 -5.949862206998e-02
-9.432873520580e-03 -1.074090769888e-02 3.310066160893e-02
-2.476223878338e-02 -3.830961281075e-02 -4.382362003034e-03
-5.816090692377e-03 -4.260584171603e-03 -2.116649502338e-02
5.735689642536e-03 -8.306629069771e-03 -2.825069517413e-02
3.841582949127e-02 -5.383242666765e-03 -3.309448206103e-02
1.154886916233e-01 2.155191172383e-02 4.896812440943e-02
2.199986833755e-01 5.319450627671e-01 1.537368840284e-01
1.453655892488e-01 8.760912418619e-02 -8.120028831033e-02
-2.600484174031e-01 -2.938252755242e-01 -1.150718387323e-01
-4.352407561207e-03 -3.271302401185e-02 -2.142683238568e-01
Mode 24
5.607111183522e-02 -4.619566392417e-03 6.583836285865e-02
-1.031550783883e-01 -3.651775886063e-02 1.490821353835e-01
7.575548063822e-02 1.982084752621e-01 5.267359383558e-02
8.113277721970e-02 -5.263303526855e-02 -2.114795637970e-02
-7.197021857443e-02 8.768466394882e-02 -4.039414990480e-02
-2.890255492085e-02 2.869136360702e-02 4.941101064962e-02
-9.639883787401e-03 1.277168541577e-03 -2.332698240624e-03
3.671094321058e-02 -1.463244255064e-02 1.175577617989e-02
-5.533760532628e-03 -1.154435238408e-01 -1.689442816363e-01
-7.461773985495e-02 6.422083982083e-02 -2.995127320026e-01
1.676967363239e-01 -1.389816945901e-01 -2.118062633521e-01
1.045237492062e-01 -6.017598806398e-02 4.953419336586e-02
-1.752359197006e-02 8.638311091390e-02 1.197116613923e-01
-1.634811002935e-01 -2.718414525640e-02 -2.519825576300e-02
-9.352472470740e-03 1.826305542489e-03 8.251785180644e-02
3.629692267694e-02 9.403709930287e-03 -5.911094351921e-02
9.289167862250e-03 1.046633919843e-02 -7.552593663246e-02
2.680219459411e-01 -8.131984825281e-03 1.311415545003e-01
2.118405783218e-01 -4.069499555275e-01 -2.408636607553e-01
-4.012071577196e-02 -3.865957217106e-03 7.794474030196e-02
-8.595483278714e-02 3.105271976794e-01 -2.892829518342e-01
-6.943729122646e-02 4.886155887084e-02 5.648903125248e-02
Mode 25
7.727987239889e-03 1.491707815013e-03 1.174959663200e-02
5.545775817066e-03 2.857130515298e-02 -7.274949652194e-03
-1.810609173928e-02 -1.689935522888e-01 -1.770165886990e-02
-8.669564947812e-02 -7.981278667226e-04 -2.798619933960e-02
-3.215660653947e-02 -7.640468634806e-02 5.317570866558e-03
-4.236623180328e-02 3.550628486178e-02 6.591210919175e-02
1.531226882145e-02 2.708847129570e-03 -1.892608175953e-02
1.911896547512e-03 -2.768876356590e-03 -9.416898391377e-03
4.784870301185e-02 5.357665032119e-03 -6.619514366996e-02
5.927387412979e-02 2.589690961579e-02 -5.929551347276e-02
3.804367897623e-02 3.226510149796e-01 -2.343077084909e-02
1.304861795719e-01 -3.979729378614e-01 1.859862835552e-01
-5.294366943359e-02 1.343009058293e-01 -7.761092727636e-03
-5.092226011045e-02 8.208688200862e-02 -8.757092683846e-02
-5.735689642536e-03 8.306629069771e-03 2.825069517413e-02
-3.760488486534e-03 -6.754892027737e-03 1.184188160878e-02
2.133536978064e-02 -5.048644939289e-03 3.767377311340e-02
-2.707105942318e-02 1.335527400906e-02 -9.423077939271e-03
-9.742113091530e-02 4.388725324890e-01 -1.532248259982e-04
-1.173663952882e-01 3.093668059735e-02 7.326698472493e-02
7.316532899984e-02 -5.755233032271e-01 -6.016445856887e-02
-2.721476508151e-02 1.308070550860e-02 -5.184835296280e-02
Mode 26
5.983160032176e-02 2.135325635320e-03 5.399648124988e-02
-5.952709256375e-02 2.327366934788e-02 8.726317416868e-02
-3.223700758931e-02 -8.897189958943e-02 -4.409961933095e-02
1.231533742547e-01 3.533626427976e-02 6.770963621541e-02
1.657342934607e-01 2.420902923784e-01 4.943107041278e-03
1.618806456315e-01 -1.432422787617e-01 -2.329727583755e-01
-5.154588688990e-02 -2.440520180077e-02 7.104511010476e-02
-6.178970503641e-02 3.778605344448e-02 1.882143768697e-02
4.985453646106e-03 -9.021342339733e-02 1.443491721170e-01
-1.928780767979e-01 1.297615759017e-02 -9.607115501000e-02
-1.353552971159e-01 6.677637004530e-02 -4.711538969635e-02
-3.147227113052e-02 -1.247515598104e-01 1.046257352412e-01
1.502485750479e-02 2.159710128658e-03 -1.037766318066e-01
5.342867171162e-02 8.364868614969e-02 3.934811742082e-02
-9.783589445731e-03 1.002600041121e-03 -4.475797326416e-02
4.416861557516e-02 1.116998624576e-02 -4.936071863676e-03
5.004801087603e-02 3.137925676441e-03 9.238507985723e-03
1.602612415576e-01 -2.819218873409e-02 9.392302672292e-02
3.845176454352e-02 -4.393604471216e-01 2.007083937173e-01
3.367065159932e-01 -1.080861021630e-01 -2.502920626128e-01
-7.409420654568e-02 -9.260460124217e-03 -2.990389480229e-01
4.883754617882e-02 -1.758021344698e-02 1.743726761233e-01
Mode 27
2.055602205843e-03 -2.494307856134e-03 3.300837663215e-02
-5.742528219076e-02 -1.637314123146e-02 5.687053025536e-02
8.041933008496e-02 5.772619889925e-02 -6.459948374160e-04
1.408035754418e-01 -7.563213611598e-02 -6.598585552484e-02
-4.233712007749e-02 -2.650607584372e-02 -5.389801672521e-02
-8.678806581240e-02 7.350687757970e-02 9.881584175134e-02
7.854596456869e-03 -2.309358166682e-02 -2.234233715957e-03
1.934307218329e-02 -1.484698182407e-02 -2.326518692731e-03
3.621652162710e-02 -3.163503311087e-03 -1.085281337167e-01
2.302315961999e-02 -2.065930303771e-02 -6.358559049902e-02
-5.011131548452e-02 9.154719064477e-03 -2.246592811744e-03
-2.303221595635e-01 -2.943833620446e-02 1.211820414728e-01
-3.453381294467e-02 -1.241792314574e-01 -2.253595665556e-01
1.305186302850e-01 1.354436985226e-01 1.778198292628e-01
1.992297597353e-03 9.798336884784e-03 4.000029180613e-02
-1.375108819909e-02 6.265784253846e-03 -6.834945150493e-02
-1.368778359060e-02 -6.026860487072e-03 -7.534136667891e-02
1.502244336779e-01 2.198099027070e-02 7.713271415468e-02
2.649124537902e-01 5.132897666703e-01 -2.564273917864e-01
-1.748549820874e-01 2.685618410681e-02 1.371294301543e-01
8.123287068988e-02 1.273403484859e-01 -1.802377773026e-01
-4.355006995262e-02 -1.640997910645e-02 -3.863083017395e-01
Mode 28
-9.639883787401e-03 1.277168541577e-03 -2.332698240624e-03
3.697183878044e-03 1.904753676866e-02 -4.849966434796e-03
1.795470894505e-02 -8.555940541253e-02 7.564163678302e-03
7.382207119916e-04 1.687790130153e-01 3.619363997271e-03
-3.215660653947e-02 -7.640468634806e-02 5.317570866558e-03
-2.692735376485e-02 1.362984250952e-02 3.300219708426e-02
1.524896421296e-02 1.500149187049e-02 -1.193416658555e-02
9.639883787401e-03 -1.277168541577e-03 2.332698240624e-03
-2.070102668205e-04 1.201807624046e-02 -3.543335984955e-02
1.570919291374e-02 -4.618716333365e-02 -4.468467431915e-03
1.327376305696e-02 3.006301296800e-02 4.474646979808e-03
-2.680074454787e-02 -1.095544697232e-02 1.901836673630e-02
-5.752786083887e-03 -1.655322891252e-02 -2.815841019736e-02
1.915315835782e-02 2.203095239868e-02 1.864922682921e-02
7.727987239889e-03 1.491707815013e-03 1.174959663200e-02
-9.639883787401e-03 1.277168541577e-03 -2.332698240624e-03
-9.639883787401e-03 1.277168541577e-03 -2.332698240624e-03
-3.633879269554e-03 -3.134018150957e-02 -2.141948739184e-03
5.438432115706e-02 -9.255885132722e-01 -8.847739661002e-02
-3.287005367421e-02 3.395454781975e-02 2.581953240884e-02
6.157387312078e-03 2.219356076502e-01 1.032824469304e-02
-1.779898800228e-02 -1.038244774804e-03 -1.413581199432e-01
Mode 29
0.000000000000e+00 0.000000000000e+00 0.000000000000e+00
0.000000000000e+00 0.000000000000e+00 0.000000000000e+00
6.330460848997e-05 -1.229264474092e-02 -6.991915173979e-03
1.136186650944e-02 3.283188932459e-02 1.389154537119e-02
-5.545775817066e-03 -2.857130515298e-02 7.274949652194e-03
-7.520976973068e-03 -1.350978405547e-02 2.368376321755e-02
5.609080425556e-03 1.627866041207e-02 -1.426686482617e-02
0.000000000000e+00 0.000000000000e+00 0.000000000000e+00
7.584281581558e-03 1.217139314557e-03 -3.067567839153e-02
3.360827438620e-02 1.348244651956e-01 -2.220016841157e-02
8.044510282339e-03 -5.997151588958e-02 -2.320997923790e-02
-3.868614436658e-02 2.969396364815e-02 4.653037385462e-03
3.887097703514e-03 -1.783039745410e-02 -2.582571195673e-02
1.348077332378e-02 1.804493672753e-02 3.990800682936e-02
-9.576579178911e-03 -1.101547619934e-02 -9.324613414604e-03
7.727987239889e-03 1.491707815013e-03 1.174959663200e-02
0.000000000000e+00 0.000000000000e+00 0.000000000000e+00
-1.848591939022e-03 -9.523768384328e-03 2.424983217398e-03
1.854154686281e-02 -1.713333500985e-01 1.046032483977e-03
-1.911896547512e-03 2.768876356590e-03 9.416898391377e-03
5.150575904084e-02 -7.632898237841e-01 -3.059087598044e-02
2.868601454752e-02 3.938469546054e-02 5.889193139411e-01
Mode 30
-9.639883787401e-03 1.277168541577e-03 -2.332698240624e-03
0.000000000000e+00 0.000000000000e+00 0.000000000000e+00
7.791291848379e-03 -1.080093692591e-02 4.757681458022e-03
-7.791291848379e-03 1.080093692591e-02 -4.757681458022e-03
1.848591939022e-03 9.523768384328e-03 -2.424983217398e-03
9.369568912090e-03 2.303355243980e-02 -2.610874643495e-02
-3.697183878044e-03 -1.904753676866e-02 4.849966434796e-03
9.639883787401e-03 -1.277168541577e-03 2.332698240624e-03
8.314825157649e-03 -8.428223687096e-02 5.231465437677e-03
-4.481875810141e-02 8.689660318113e-02 1.844611823198e-02
4.094107970335e-03 -2.984847369456e-02 9.607647892818e-03
5.609080425556e-03 1.627866041207e-02 -1.426686482617e-02
7.727987239889e-03 1.491707815013e-03 1.174959663200e-02
6.330460848997e-05 -1.229264474092e-02 -6.991915173979e-03
1.915315835782e-02 2.203095239868e-02 1.864922682921e-02
0.000000000000e+00 0.000000000000e+00 0.000000000000e+00
-9.639883787401e-03 1.277168541577e-03 -2.332698240624e-03
-9.639883787401e-03 1.277168541577e-03 -2.332698240624e-03
-9.053045869641e-03 -8.449677614439e-02 -8.850829434949e-03
5.609080425556e-03 1.627866041207e-02 -1.426686482617e-02
-7.877600624321e-02 -5.198812746939e-01 8.377231680583e-02
-4.486051731895e-02 -4.374095359285e-02 -8.245448823228e-01
Mode 31
-1.565178495124e-01 1.008722277954e-02 -1.621740137032e-01
1.885598621194e-01 4.030534362559e-03 -5.378958103865e-03
1.027801102921e-02 -1.247153928067e-02 1.650418831608e-01
-7.012422261440e-02 -4.533788019763e-02 2.220969833697e-01
-1.408668800503e-01 8.792478085690e-02 7.297777069882e-02
8.174872686325e-02 -2.004193406600e-01 -1.474762134910e-01
5.085547116286e-03 8.975996035712e-02 -1.474064880583e-02
1.539266987129e-02 1.527606037094e-02 3.049110843798e-02
-3.539096573774e-02 -1.409456579007e-02 -2.472828800369e-01
2.678364810652e-02 -1.390441100997e-02 -7.542747210779e-02
1.422090351214e-01 1.994014545477e-02 -1.946743252438e-02
-6.139278094412e-02 -1.110995701874e-02 3.327905201458e-02
-3.454582822911e-02 -3.730701276963e-02 -4.914033526719e-02
1.144226755928e-02 4.539910256596e-02 6.330873556870e-02
1.437056583305e-04 2.745685004561e-04 4.242527502353e-02
-1.057684067861e-01 -1.026186702403e-02 2.781764028706e-03
-8.655194381979e-02 -5.235593662665e-04 1.443907568393e-02
-3.317577404077e-01 -1.032801338233e-03 -2.157214291650e-01
-9.828855682326e-02 1.521324964247e-01 2.751273580166e-01
3.350016297125e-01 -1.173353020469e-01 -2.054418043718e-01
-1.963289763695e-01 1.433623372157e-01 2.896587186773e-01
-4.096585328060e-02 1.934648976245e-02 -1.201978044677e-01
Mode 32
2.815660238733e-01 -2.379692838665e-03 1.640576461557e-01
-2.507977805721e-01 8.071955598261e-03 -1.594845346513e-01
-5.444662660437e-02 1.301553034915e-03 -1.601058112971e-01
8.123027471089e-02 -1.520596404489e-02 8.467833918930e-02
-1.176367101635e-01 5.524740157873e-02 4.482554004936e-02
-7.845180606486e-02 -3.270661091976e-01 1.652496110400e-02
3.697183878044e-02 1.904753676866e-01 -4.849966434796e-02
3.843292593262e-02 1.947661531553e-02 2.331462331046e-02
-4.268783600264e-02 -1.476256810371e-02 -1.317566515983e-01
1.140541202180e-01 -1.200800914142e-02 1.222598273259e-01
-5.195990742354e-02 -3.690493198511e-04 1.783904056541e-04
9.639883787401e-03 -1.277168541577e-03 2.332698240624e-03
9.576579178911e-03 1.101547619934e-02 9.324613414604e-03
1.911896547512e-03 -2.768876356590e-03 -9.416898391377e-03
5.816090692377e-03 4.260584171603e-03 2.116649502338e-02
2.125718649063e-01 -3.956664715425e-02 1.716032711903e-01
2.005598558706e-01 2.566805294805e-02 1.712217721875e-01
8.116697010240e-02 -2.913319303968e-03 9.167025436328e-02
2.336186026070e-02 5.446940791008e-02 1.904922756625e-01
-1.685201485392e-02 -3.279742284194e-01 1.867926893897e-02
-3.745609805010e-02 4.445772489317e-02 3.934724277712e-01
-3.757317716056e-02 1.298503154790e-02 -2.663074263211e-01
Mode 33
-1.252551846277e-01 4.310546299586e-03 -3.731699230209e-02
9.647923892385e-02 -2.044721743985e-04 7.274417260375e-02
5.025502114285e-02 -8.880150564020e-03 4.467186783528e-02
-2.162278109731e-02 4.499507938376e-03 -1.225243231605e-01
2.488884800036e-02 1.372432332891e-02 -9.601468344925e-03
-3.001118397833e-02 -2.957503121814e-01 1.764400228997e-01
3.703514338893e-02 1.781827229456e-01 -5.549157952194e-02
-2.139867438913e-02 1.734128968021e-02 -3.068185793942e-02
3.523016363806e-02 -1.103986069268e-02 1.484484996419e-01
-5.216691769036e-02 1.164902692061e-02 -3.525496944390e-02
-4.799240867018e-02 -5.632233532576e-03 2.376986864643e-02
1.340037227394e-02 5.477723486160e-03 -9.509183368151e-03
9.576579178911e-03 1.101547619934e-02 9.324613414604e-03
-7.664682631399e-03 -1.378435255593e-02 -1.874151180598e-02
5.672385034046e-03 3.986015671147e-03 -2.125878000015e-02
-1.065331432449e-01 2.551779319690e-02 -1.459435905435e-01
-9.458443881769e-02 -2.742426216448e-02 -1.385701763666e-01
8.484705753910e-02 -8.725640517605e-03 3.041118255700e-02
1.254768061580e-01 3.934547130293e-02 -3.683849956287e-01
-1.660072043150e-01 -3.603258839278e-01 2.315315647750e-01
2.257918534613e-01 -5.326897227244e-02 -4.906938510961e-01
-4.110955893893e-02 1.907192126199e-02 -1.626230794913e-01
Mode 34
3.664763860209e-02 -2.339797809719e-03 1.874769135387e-02
-4.628752238949e-02 3.616966351296e-03 -2.108038959450e-02
4.026442143030e-02 4.140525717563e-03 -3.551946527843e-02
-8.478375293061e-02 -3.567004223313e-03 -3.740309773098e-02
1.288719674559e-01 2.169777227695e-03 -1.695016433021e-02
1.721808342590e-01 -1.912188338998e-02 2.211065668167e-01
-5.879395300867e-03 8.032060569315e-03 -1.417457984940e-02
-1.159027121570e-01 2.484240757097e-03 -1.198348441085e-01
1.340037227394e-02 5.477723486160e-03 -9.509183368151e-03
-9.421662645119e-02 -1.430791192220e-02 -4.302436122047e-03
1.787762726736e-01 5.033134403680e-03 -5.013693136802e-02
-3.274344445723e-02 9.369258337912e-03 1.183570206088e-02
-3.836962132413e-02 -3.176926005645e-02 -3.030653848444e-02
3.840889536375e-03 1.932210526911e-02 3.757530858874e-02
0.000000000000e+00 0.000000000000e+00 0.000000000000e+00
3.097525356805e-02 -6.325813480866e-03 4.000647135403e-02
3.282384550707e-02 3.197954903462e-03 3.758148813663e-02
2.891965136220e-02 -3.831505624732e-03 6.998094721873e-03
-3.161555750917e-01 -2.858905306844e-02 3.477474922744e-01
1.416829058331e-01 -4.912486713095e-02 2.449748999878e-01
-4.313688706828e-01 3.728039089644e-02 5.598491492005e-01
-3.677424781907e-02 2.692508729155e-02 -4.763861005915e-03
Mode 35
7.890435762974e-02 1.159906479263e-02 2.322851788158e-02
-7.719947134905e-02 -2.349864908756e-03 -6.807877612251e-02
1.116478020870e-01 2.229806454715e-03 1.139281582069e-02
-2.773915148532e-01 -1.490156761452e-02 -1.050328080654e-01
-2.480844695052e-02 -1.157110087537e-03 5.901865854244e-02
-1.910003731330e-01 -3.951243473100e-02 -2.183062641444e-01
1.327376305696e-02 3.006301296800e-02 4.474646979808e-03
1.236306993969e-01 -9.925329420839e-04 1.315844407405e-01
5.516515489602e-02 7.128946736587e-05 3.722321864148e-01
-1.545597447978e-02 -2.983415630026e-03 -2.349919326400e-02
4.054012483591e-01 1.542393383948e-02 -1.664690064060e-01
-7.109596934001e-02 2.459856263759e-03 3.793826894794e-02
-7.489065070924e-02 -5.401475172856e-02 -6.303806018627e-02
3.857985977725e-03 4.418196325140e-02 9.398441396023e-02
-1.437056583305e-04 -2.745685004561e-04 -4.242527502353e-02
1.578959396358e-02 -3.361995009227e-02 4.494872276560e-02
9.265544582882e-02 5.333280538782e-03 9.157796938651e-02
-7.884105302125e-02 -2.389170953355e-02 -3.022043305555e-02
-2.491561988999e-01 2.961380022305e-02 -1.973428777182e-01
-4.205089920916e-01 6.633786511786e-04 -2.767160051367e-01
-5.200611559068e-02 3.678345340336e-02 6.357941095112e-02
2.331057093665e-02 -2.011016603680e-02 2.126495954805e-02
Mode 36
-4.807555105075e-03 1.402077078624e-01 1.089431364947e-02
2.372125248292e-03 -6.395753156072e-02 -1.951199237743e-03
0.000000000000e+00 0.000000000000e+00 0.000000000000e+00
0.000000000000e+00 0.000000000000e+00 0.000000000000e+00
0.000000000000e+00 0.000000000000e+00 0.000000000000e+00
0.000000000000e+00 0.000000000000e+00 0.000000000000e+00
0.000000000000e+00 0.000000000000e+00 0.000000000000e+00
0.000000000000e+00 0.000000000000e+00 0.000000000000e+00
0.000000000000e+00 0.000000000000e+00 0.000000000000e+00
0.000000000000e+00 0.000000000000e+00 0.000000000000e+00
0.000000000000e+00 0.000000000000e+00 0.000000000000e+00
0.000000000000e+00 0.000000000000e+00 0.000000000000e+00
0.000000000000e+00 0.000000000000e+00 0.000000000000e+00
0.000000000000e+00 0.000000000000e+00 0.000000000000e+00
0.000000000000e+00 0.000000000000e+00 0.000000000000e+00
-5.560789766103e-01 -1.748205642639e-01 -3.269769748507e-01
5.604015294373e-01 -1.833367355775e-01 2.844956365081e-01
2.334910196788e-02 -3.115410579609e-01 -9.848281165488e-03
-1.848591939022e-03 -9.523768384328e-03 2.424983217398e-03
9.639883787401e-03 -1.277168541577e-03 2.332698240624e-03
0.000000000000e+00 0.000000000000e+00 0.000000000000e+00
0.000000000000e+00 0.000000000000e+00 0.000000000000e+00
Mode 37
-9.392921513453e-02 -1.375877492129e-02 8.054811392502e-02
5.572039591007e-02 7.123941347589e-03 -1.202027201443e-02
5.528679375716e-03 3.711447170691e-03 -6.368405502368e-02
0.000000000000e+00 0.000000000000e+00 0.000000000000e+00
5.578370051856e-02 -5.168703393329e-03 -1.901218718841e-02
-6.735257729483e-02 -1.564510969080e-02 -3.031271803233e-02
1.848591939022e-03 9.523768384328e-03 -2.424983217398e-03
3.282384550707e-02 3.197954903462e-03 3.758148813663e-02
3.253643419041e-02 2.648817902550e-03 -4.726906191043e-02
-1.340037227394e-02 -5.477723486160e-03 9.509183368151e-03
-2.700775481469e-02 1.062629268142e-03 -1.641499311325e-02
0.000000000000e+00 0.000000000000e+00 0.000000000000e+00
9.639883787401e-03 -1.277168541577e-03 2.332698240624e-03
1.911896547512e-03 -2.768876356590e-03 -9.416898391377e-03
0.000000000000e+00 0.000000000000e+00 0.000000000000e+00
-7.119087085221e-02 1.075790975709e-01 -3.328041431129e-01
-9.114555453052e-02 -7.093822310224e-02 -3.480808187654e-01
5.398847814185e-01 3.058135618550e-03 2.998584175894e-01
-1.893392098416e-01 -2.392496798461e-02 2.977889513120e-01
-2.598799381675e-01 -1.441245984063e-02 -4.852523816924e-02
-1.800329455380e-01 1.140122919611e-02 2.786721200510e-01
-1.768190889182e-03 3.043444857046e-03 5.184217341491e-02
Mode 38
-1.687344944381e-02 -1.168347851299e-02 1.062016150240e-01
3.473077169873e-03 6.205755026825e-03 -9.669243165584e-02
4.232002363614e-02 1.646217861428e-03 -2.511088646278e-03
-6.330467749163e-02 -8.341080662146e-03 4.269595040596e-02
-1.557993212208e-01 1.146006528182e-02 4.995236141447e-02
1.134330894175e-01 2.404621957996e-02 1.595974777727e-02
-3.697183878044e-03 -1.904753676866e-02 4.849966434796e-03
-4.055183274696e-02 -4.689662718475e-03 -4.933108476863e-02
-3.629692267694e-02 -9.403709930287e-03 5.911094351921e-02
4.813611432851e-02 5.906802033032e-03 1.865540637710e-02
3.459203639625e-02 1.545100464154e-04 -1.426068527828e-02
0.000000000000e+00 0.000000000000e+00 0.000000000000e+00
-9.576579178911e-03 -1.101547619934e-02 -9.324613414604e-03
-1.911896547512e-03 2.768876356590e-03 9.416898391377e-03
0.000000000000e+00 0.000000000000e+00 0.000000000000e+00
-3.242432543579e-02 9.045234716410e-02 -2.880399903009e-01
-5.462452514540e-02 -4.869273143013e-02 -3.153492970636e-01
4.069016095509e-01 5.876974103123e-03 2.507918286553e-01
6.663404900317e-02 1.427226718851e-02 -1.818136570853e-01
5.249549362270e-01 6.913973257425e-02 1.191689181320e-02
2.644659825434e-01 3.909282767210e-03 -3.191276571931e-01
3.680087436694e-03 -5.812321213637e-03 -6.125907180629e-02
Mode 39
-5.672385034046e-03 -3.986015671147e-03 2.125878000015e-02
1.531226882145e-02 2.708847129570e-03 -1.892608175953e-02
-6.918407279250e-02 -3.090200928308e-04 2.852137055656e-02
1.911896547512e-03 -2.768876356590e-03 -9.416898391377e-03
1.183919165157e-02 -3.496907897255e-03 7.776634989631e-02
2.310356066983e-02 -8.092089796335e-03 -1.416840030151e-02
0.000000000000e+00 0.000000000000e+00 0.000000000000e+00
-9.639883787401e-03 1.277168541577e-03 -2.332698240624e-03
5.968789466343e-02 1.860757134864e-03 1.157120622635e-02
3.823793095024e-03 -5.537752713181e-03 -1.883379678275e-02
-4.246372929447e-02 -1.920786361885e-03 -3.991418637725e-02
9.639883787401e-03 -1.277168541577e-03 2.332698240624e-03
0.000000000000e+00 0.000000000000e+00 0.000000000000e+00
0.000000000000e+00 0.000000000000e+00 0.000000000000e+00
0.000000000000e+00 0.000000000000e+00 0.000000000000e+00
-1.381439280758e-02 1.855842899476e-02 -6.135753633095e-02
-7.808388289729e-03 -1.405892105639e-02 -6.116678682951e-02
-1.531226882145e-02 -2.708847129570e-03 1.892608175953e-02
3.958221840023e-01 3.522269350083e-02 -6.733380729724e-01
5.672385034046e-03 3.986015671147e-03 -2.125878000015e-02
-3.196748604287e-01 2.357694627944e-03 5.078409444757e-01
-1.768190889182e-03 3.043444857046e-03 5.184217341491e-02
Mode 40
-9.271875043731e-02 6.959364202136e-03 -8.458605421253e-02
6.614211259762e-02 -5.073029432626e-03 1.954468861699e-01
-1.027897511997e-01 7.412827242345e-03 -2.141945775237e-01
1.037761091887e-01 4.635301392462e-04 -4.278205583484e-02
-1.290789777227e-01 9.848299012767e-03 -1.848319551934e-02
-4.238332824463e-02 1.064642687949e-02 9.503003820258e-03
9.639883787401e-03 -1.277168541577e-03 2.332698240624e-03
3.823793095024e-03 -5.537752713181e-03 -1.883379678275e-02
-8.981801072284e-02 -1.874739063355e-02 1.465648671893e-01
1.733912989562e-01 1.596255733445e-03 5.597239867920e-02
8.921355495748e-03 -2.650011043858e-03 -2.097936768770e-01
-3.056123303440e-02 -1.771033900006e-02 3.086024834508e-02
2.106505490533e-02 1.926207604209e-02 9.232328437830e-03
-9.639883787401e-03 1.277168541577e-03 -2.332698240624e-03
3.760488486534e-03 6.754892027737e-03 -1.184188160878e-02
5.076653916768e-02 4.510768178722e-03 2.213648831034e-01
4.713265989812e-02 -2.682941333085e-02 2.192229343642e-01
1.443279419357e-01 5.153192857721e-03 6.549028933791e-03
-3.968959879697e-02 -3.042251715738e-03 2.052205653726e-01
5.649293503616e-01 -6.981519123988e-02 1.564629929796e-01
-3.889066945548e-02 1.089780402792e-02 4.667641306877e-01
-1.383148924893e-02 -6.301428987529e-03 -1.177666417024e-01
Mode 41
1.913606191647e-02 -2.828905583611e-03 -3.775987854228e-02
-3.062453764289e-02 -5.417694259140e-03 3.785216351906e-02
2.635600256042e-01 8.600138626993e-03 -1.273383363705e-02
-1.246170573859e-01 -6.883824439507e-03 1.253921926181e-01
-1.276615027587e-01 1.854836189573e-02 -1.481840038073e-01
-1.192320836685e-01 -3.446945769272e-03 1.928286257084e-02
1.155178033491e-02 -4.046044898168e-03 -7.084200150753e-03
2.310356066983e-02 -8.092089796335e-03 -1.416840030151e-02
3.462248717205e-01 2.695409544736e-02 -1.347197364246e-03
-1.631132879270e-01 -1.406779501412e-02 1.090694844816e-01
-1.638951208272e-01 -3.147992775479e-03 -9.606497546210e-02
-4.799240867018e-02 -5.632233532576e-03 2.376986864643e-02
6.140987738547e-02 3.596981500103e-02 2.313005335691e-02
9.622787346050e-03 -2.613702652387e-02 -5.407640713087e-02
-9.639883787401e-03 1.277168541577e-03 -2.332698240624e-03
2.742177534833e-02 -2.509878174907e-02 8.728171281236e-02
3.099235000940e-02 1.853404450143e-02 9.641557672552e-02
-1.253988902861e-01 4.035977799130e-03 -7.974226732563e-02
-4.635082699798e-02 1.590961109221e-02 -1.408847442052e-02
7.021700282782e-01 6.519823559451e-02 4.905549370964e-02
-1.978319335403e-01 1.036298442130e-02 1.373140001078e-01
-1.691965761095e-02 2.546902421022e-02 1.696026355695e-01
Mode 42
7.727987239889e-03 1.491707815013e-03 1.174959663200e-02
5.672385034046e-03 3.986015671147e-03 -2.125878000015e-02
-7.584281581558e-03 -1.217139314557e-03 3.067567839153e-02
5.816090692377e-03 4.260584171603e-03 2.116649502338e-02
3.887097703514e-03 -1.783039745410e-02 -2.582571195673e-02
-8.109446259313e-04 7.293216294414e-02 -8.532433402672e-02
-1.266092169799e-04 2.458528948184e-02 1.398383034796e-02
6.330460848997e-05 -1.229264474092e-02 -6.991915173979e-03
0.000000000000e+00 0.000000000000e+00 0.000000000000e+00
0.000000000000e+00 0.000000000000e+00 0.000000000000e+00
1.911896547512e-03 -2.768876356590e-03 -9.416898391377e-03
1.155178033491e-02 -4.046044898168e-03 -7.084200150753e-03
-9.639883787401e-03 1.277168541577e-03 -2.332698240624e-03
-1.911896547512e-03 2.768876356590e-03 9.416898391377e-03
0.000000000000e+00 0.000000000000e+00 0.000000000000e+00
-9.783589445731e-03 1.002600041121e-03 -4.475797326416e-02
-9.783589445731e-03 1.002600041121e-03 -4.475797326416e-02
-4.040812708863e-02 -4.415094218019e-03 -6.905809745099e-03
4.030803361845e-03 -1.755582895364e-02 1.659956306680e-02
2.284689244744e-02 -7.277110563137e-01 6.646161584135e-01
0.000000000000e+00 0.000000000000e+00 0.000000000000e+00
5.879395300867e-03 -8.032060569315e-03 1.417457984940e-02
Mode 43
2.318396171967e-02 4.475123445039e-03 3.524878989601e-02
-1.437056583305e-04 -2.745685004561e-04 -4.242527502353e-02
-8.435263595561e-02 -2.743298721945e-03 8.987272733962e-02
5.181620176521e-02 9.448081939503e-05 -4.260366542919e-02
9.216102424534e-02 1.680221977833e-02 -2.870594051011e-02
-2.076326194273e-01 -1.349427351987e-02 3.614692147217e-02
1.155178033491e-02 -4.046044898168e-03 -7.084200150753e-03
2.310356066983e-02 -8.092089796335e-03 -1.416840030151e-02
-1.531226882145e-02 -2.708847129570e-03 1.892608175953e-02
-4.111204411685e-03 4.988615712268e-03 -6.601675326431e-02
2.715146047302e-02 -7.880607676854e-04 5.884026813678e-02
5.763229245758e-02 4.355064990998e-03 -2.143717040581e-02
-4.034482248014e-02 -1.670773895894e-02 -1.389772491908e-02
-5.798994251026e-03 2.059927381069e-02 3.524261034811e-02
0.000000000000e+00 0.000000000000e+00 0.000000000000e+00
-8.891205378364e-02 -2.343824649334e-02 -1.598289563668e-01
-9.128417903193e-02 4.051928506739e-02 -1.578777571290e-01
-1.482954406891e-01 1.099913550035e-04 -3.014050717457e-02
-5.344068699606e-02 3.223532538107e-03 1.368711138676e-01
8.747503826085e-01 1.397266542721e-01 1.970355836212e-02
-7.485645782654e-02 -4.295035763978e-03 4.978015055671e-02
-3.967498753355e-03 5.263184212724e-03 -2.359147824078e-02
Mode 44
5.672385034046e-03 3.986015671147e-03 -2.125878000015e-02
9.783589445731e-03 -1.002600041121e-03 4.475797326416e-02
9.427993105968e-02 2.015267181280e-03 -2.689479051933e-03
7.871692898219e-03 1.766276315469e-03 5.417487165553e-02
-1.273911878834e-01 -5.762359085654e-03 -1.197425591318e-01
9.263834938747e-02 -1.952657744351e-02 3.516886401502e-02
-9.639883787401e-03 1.277168541577e-03 -2.332698240624e-03
-6.330460848997e-05 1.229264474092e-02 6.991915173979e-03
5.791970377425e-02 4.904201991911e-03 6.341337964126e-02
3.679134426042e-02 -2.065229309263e-03 6.117296637741e-02
-1.927514675809e-01 -1.160913189166e-02 -1.100549853580e-01
5.149934482402e-01 2.014804815033e-02 -1.880845672175e-01
-2.765514585014e-01 -1.498460912642e-01 -1.395185999556e-01
-1.038976372488e-01 1.358538360127e-01 2.893942228427e-01
0.000000000000e+00 0.000000000000e+00 0.000000000000e+00
-1.090053619634e-01 -9.049805899682e-02 1.509742961714e-02
-9.862725746397e-02 7.700378547695e-02 2.104949185503e-02
-6.359208880829e-02 -8.890217663058e-03 -4.215459964110e-02
-4.558609053919e-02 -1.987004912872e-02 1.346368801517e-01
-4.424603115158e-01 1.534983289819e-01 -1.880615211389e-01
-1.652273351866e-02 -2.342698625299e-02 1.840602498971e-01
1.911896547512e-03 -2.768876356590e-03 -9.416898391377e-03
Mode 45
5.415921528771e-02 -1.850690035827e-03 7.525526125003e-02
2.686404915636e-02 -1.337197768598e-03 -2.601028191028e-02
-6.110536962746e-02 -1.056082001782e-02 1.181296020616e-01
5.224731874020e-02 9.181863207634e-04 8.467215964141e-02
5.097562400724e-03 2.887741669323e-03 -1.909598800943e-01
2.721476508151e-02 -1.308070550860e-02 5.184835296280e-02
-9.639883787401e-03 1.277168541577e-03 -2.332698240624e-03
0.000000000000e+00 0.000000000000e+00 0.000000000000e+00
-5.748858679925e-02 -4.080496490542e-03 6.386244542934e-02
4.451933150031e-02 -5.735214942497e-04 7.292256300941e-02
-8.302809873211e-03 -2.589981816837e-03 -1.814506967261e-01
-5.941757978812e-02 -2.617147811624e-02 1.687023844923e-02
4.992140165905e-02 2.772321515828e-02 2.322233833368e-02
1.911896547512e-03 -2.768876356590e-03 -9.416898391377e-03
0.000000000000e+00 0.000000000000e+00 0.000000000000e+00
-1.457649985190e-01 -7.898877862282e-03 -4.308017791691e-01
-1.518976122538e-01 4.930376167070e-02 -4.170086983226e-01
-5.470379460251e-01 -3.451569431738e-03 -1.419069141273e-01
5.812671404107e-02 -7.113874248551e-03 9.884673949081e-02
-3.051760214111e-01 1.088129405623e-01 -9.395392446239e-02
7.323197259569e-02 7.613049121480e-03 4.448729788173e-02
-1.992297597353e-03 -9.798336884784e-03 -4.000029180613e-02
Mode 46
-4.220717187314e-03 5.443376317640e-02 4.376182455141e-03
1.848591939022e-03 9.523768384328e-03 -2.424983217398e-03
0.000000000000e+00 0.000000000000e+00 0.000000000000e+00
0.000000000000e+00 0.000000000000e+00 0.000000000000e+00
0.000000000000e+00 0.000000000000e+00 0.000000000000e+00
0.000000000000e+00 0.000000000000e+00 0.000000000000e+00
0.000000000000e+00 0.000000000000e+00 0.000000000000e+00
0.000000000000e+00 0.000000000000e+00 0.000000000000e+00
0.000000000000e+00 0.000000000000e+00 0.000000000000e+00
0.000000000000e+00 0.000000000000e+00 0.000000000000e+00
0.000000000000e+00 0.000000000000e+00 0.000000000000e+00
0.000000000000e+00 0.000000000000e+00 0.000000000000e+00
0.000000000000e+00 0.000000000000e+00 0.000000000000e+00
0.000000000000e+00 0.000000000000e+00 0.000000000000e+00
0.000000000000e+00 0.000000000000e+00 0.000000000000e+00
4.286506973728e-03 -9.754064377801e-02 4.861763555227e-01
-2.846190783935e-02 -2.654291371871e-02 -4.970768487201e-01
1.063740325144e-02 -7.065162627980e-01 -4.496238487917e-02
-7.854596456869e-03 2.309358166682e-02 2.234233715957e-03
0.000000000000e+00 0.000000000000e+00 0.000000000000e+00
0.000000000000e+00 0.000000000000e+00 0.000000000000e+00
0.000000000000e+00 0.000000000000e+00 0.000000000000e+00
Mode 47
-6.351168775845e-02 3.676995578316e-03 7.262590556407e-03
-9.639883787401e-03 1.277168541577e-03 -2.332698240624e-03
-1.927976757480e-02 2.554337083155e-03 -4.665396481248e-03
-7.584281581558e-03 -1.217139314557e-03 3.067567839153e-02
2.686404915636e-02 -1.337197768598e-03 -2.601028191028e-02
-1.340037227394e-02 -5.477723486160e-03 9.509183368151e-03
0.000000000000e+00 0.000000000000e+00 0.000000000000e+00
0.000000000000e+00 0.000000000000e+00 0.000000000000e+00
-7.727987239889e-03 -1.491707815013e-03 -1.174959663200e-02
-1.722416536896e-02 6.002922702036e-05 2.834298015091e-02
2.304025606134e-02 4.200554944583e-03 -7.176485127527e-03
1.340037227394e-02 5.477723486160e-03 -9.509183368151e-03
-1.148847572642e-02 -8.246599842750e-03 9.228497677371e-05
-1.911896547512e-03 2.768876356590e-03 9.416898391377e-03
0.000000000000e+00 0.000000000000e+00 0.000000000000e+00
5.433852281446e-01 4.309484503593e-01 -3.762880501873e-02
5.625273703792e-01 -3.967279835324e-01 -9.833546998217e-02
-1.193124847184e-01 -1.601415901065e-02 -3.013432762667e-02
5.557669025174e-02 6.849372847132e-03 -5.444554703796e-02
2.297695145285e-02 1.649319968550e-02 -1.845699535474e-04
3.636022728543e-02 -2.888934810631e-03 -6.610285869319e-02
1.911896547512e-03 -2.768876356590e-03 -9.416898391377e-03
Mode 48
-3.870324080793e-02 4.834105665853e-03 -5.175606798603e-02
7.440575923228e-03 9.425708141008e-04 -7.310095341506e-02
-7.280085562070e-02 -6.789343620112e-03 8.278852718887e-02
-3.473077169873e-03 -6.205755026825e-03 9.669243165584e-02
7.265714996237e-02 6.514775119656e-03 -1.252138022124e-01
-3.835252488278e-02 -6.909402074153e-03 2.610256688706e-02
0.000000000000e+00 0.000000000000e+00 0.000000000000e+00
0.000000000000e+00 0.000000000000e+00 0.000000000000e+00
-3.268013984874e-02 -2.923386403006e-03 4.843786886903e-03
-2.480844695052e-02 -1.157110087537e-03 5.901865854244e-02
3.636022728543e-02 -2.888934810631e-03 -6.610285869319e-02
6.330460848997e-05 -1.229264474092e-02 -6.991915173979e-03
0.000000000000e+00 0.000000000000e+00 0.000000000000e+00
-3.823793095024e-03 5.537752713181e-03 1.883379678275e-02
0.000000000000e+00 0.000000000000e+00 0.000000000000e+00
-5.433777863513e-03 -1.088306884778e-01 4.344264670846e-01
-1.427213633043e-02 4.893284833821e-02 4.287212176672e-01
6.588927583789e-01 -6.336700354008e-03 1.887330897976e-01
1.705538638503e-01 1.501036582822e-02 -1.821704378966e-01
-6.006004517847e-03 3.261735005115e-02 -1.907495014407e-04
9.002502098966e-02 6.729314393092e-03 -1.111315073398e-01
3.823793095024e-03 -5.537752713181e-03 -1.883379678275e-02
Mode 49
-2.509585826718e-02 -1.706247088449e-03 -2.583189150463e-02
-3.884694646626e-02 4.559537165397e-03 -9.418134300956e-02
2.970148426234e-02 -1.475130786337e-02 2.121325546656e-01
8.620122789464e-02 1.226706710627e-02 -9.229771055702e-02
-1.580790301348e-01 1.112591396125e-03 -7.489848043872e-02
5.968789466343e-02 1.860757134864e-03 1.157120622635e-02
0.000000000000e+00 0.000000000000e+00 0.000000000000e+00
0.000000000000e+00 0.000000000000e+00 0.000000000000e+00
4.671863936448e-02 -2.793260849928e-03 1.483562146651e-01
1.031379819469e-01 1.165790087834e-02 -2.054912407550e-01
-9.980861043539e-02 -5.726714351971e-03 6.637353407562e-02
-4.225671902765e-02 -1.393886260235e-02 -4.480826527701e-03
3.843292593262e-02 1.947661531553e-02 2.331462331046e-02
3.823793095024e-03 -5.537752713181e-03 -1.883379678275e-02
0.000000000000e+00 0.000000000000e+00 0.000000000000e+00
2.191894809192e-01 1.211803052918e-01 1.893972150370e-01
2.227985866115e-01 -1.266177603818e-01 1.674178382366e-01
2.542708577420e-01 -1.866200571435e-03 6.279210299541e-02
-2.253487212019e-01 -3.277954091399e-02 4.417504448783e-01
-1.561500371459e-01 2.320357302183e-02 -2.790627345861e-02
-2.794275354397e-01 -1.836163763679e-02 4.159123738258e-01
5.879395300867e-03 -8.032060569315e-03 1.417457984940e-02
Mode 50
-2.055602205843e-03 2.494307856134e-03 -3.300837663215e-02
-5.004801087603e-02 -3.137925676441e-03 -9.238507985723e-03
4.334782473906e-01 3.990639333613e-03 1.399309966980e-01
-2.040158365991e-01 -7.013949992585e-03 -1.812023516014e-02
3.085104740795e-01 8.850322634112e-03 1.874645544430e-01
-6.932777845083e-02 -5.835885932869e-04 -1.390390446697e-02
0.000000000000e+00 0.000000000000e+00 0.000000000000e+00
0.000000000000e+00 0.000000000000e+00 0.000000000000e+00
-3.964798928633e-01 -1.807394488334e-02 -4.332467047103e-02
2.153606066672e-01 1.498598133488e-02 -2.439732484017e-02
-2.990142959505e-01 -1.040205967615e-02 -2.275571312259e-01
-4.399579819104e-02 -7.290777845080e-02 -7.244877902975e-02
6.913786462536e-02 3.746152281604e-02 3.487964998891e-02
-7.710890798538e-03 2.336815016728e-02 4.465950873949e-02
9.639883787401e-03 -1.277168541577e-03 2.332698240624e-03
7.304205877022e-02 4.449098334423e-02 6.546304340367e-02
8.326878047538e-02 -4.256012988331e-02 6.127761044997e-02
-2.055602205843e-03 2.494307856134e-03 -3.300837663215e-02
-1.315023922951e-01 -7.737433733852e-04 -1.857593123961e-01
2.370295959317e-01 -2.666602932671e-02 3.472597777483e-02
5.296584703185e-02 2.291028823044e-03 2.967985347591e-01
-4.191605461526e-03 -7.578597529106e-03 -1.154339434618e-01
Mode 51
-7.727987239889e-03 -1.491707815013e-03 -1.174959663200e-02
-2.055602205843e-03 2.494307856134e-03 -3.300837663215e-02
-1.012260853994e-01 -1.442677723493e-02 1.960743423636e-01
1.623947596354e-01 1.269495251184e-02 -3.211958595992e-01
-7.598652147391e-02 -1.244596164603e-02 2.643315088918e-01
2.098465385549e-02 6.694862800717e-03 -4.018486175968e-02
0.000000000000e+00 0.000000000000e+00 0.000000000000e+00
0.000000000000e+00 0.000000000000e+00 0.000000000000e+00
1.476573134472e-01 1.108437938409e-02 -1.325686777456e-01
-1.740269410201e-01 -2.121612085504e-02 2.788628695525e-01
2.232172776968e-02 2.827712442302e-03 -2.193028602452e-01
-9.780937871051e-02 -1.945326728251e-01 -3.024737420666e-01
1.133235766419e-01 7.349136704409e-02 8.635268349672e-02
-3.084356319415e-02 9.347260066912e-02 1.786380349580e-01
0.000000000000e+00 0.000000000000e+00 0.000000000000e+00
5.382559580391e-02 3.475267568647e-02 5.380573174844e-02
6.398901290058e-02 -4.000579280016e-02 5.661221396872e-02
7.896766223823e-02 -6.935799482904e-04 1.623660270760e-02
-2.640519620098e-01 -2.794543524813e-02 3.899943768923e-01
6.172640042792e-02 -2.549340870356e-02 -1.182952251299e-02
1.490747884113e-01 1.978444226705e-02 -2.622694860336e-01
5.959796350707e-03 4.535152672059e-03 6.359177004691e-02
Mode 52
1.736787102729e-02 2.145392734358e-04 1.408229487263e-02
-3.616782828204e-03 -6.480323527281e-03 5.426715663231e-02
1.247483371546e-02 1.612295722434e-02 -2.570689183354e-01
-9.144249595369e-02 -1.542937727605e-02 2.408323156278e-01
7.009458948236e-03 1.188653127325e-04 -2.003767784857e-01
-7.584281581558e-03 -1.217139314557e-03 3.067567839153e-02
0.000000000000e+00 0.000000000000e+00 0.000000000000e+00
0.000000000000e+00 0.000000000000e+00 0.000000000000e+00
-1.311296095727e-02 -4.928586485248e-03 9.435973341521e-02
5.308997107091e-02 8.519975201898e-03 -2.147297487407e-01
7.409420654568e-02 9.260460124217e-03 2.990389480229e-01
-1.594604592455e-01 -2.682041275502e-01 -4.738553660161e-01
1.575092886584e-01 1.095212112721e-01 1.378257170045e-01
-2.309847951291e-02 1.198241664664e-01 2.467967369614e-01
0.000000000000e+00 0.000000000000e+00 0.000000000000e+00
-6.921826567520e-02 -5.002873605742e-02 -8.429684018642e-02
-6.986840820145e-02 4.803785336947e-02 -7.078679381812e-02
-8.272815072476e-02 -6.061312079447e-03 -4.394721098821e-03
2.163469646563e-01 2.286233871647e-02 -2.813739581988e-01
-6.166309581943e-02 1.320076396264e-02 4.837607339009e-03
-1.900406416919e-01 -4.379525046005e-04 1.420716815658e-01
-7.727987239889e-03 -1.491707815013e-03 -1.174959663200e-02
Mode 53
0.000000000000e+00 0.000000000000e+00 0.000000000000e+00
0.000000000000e+00 0.000000000000e+00 0.000000000000e+00
0.000000000000e+00 0.000000000000e+00 0.000000000000e+00
0.000000000000e+00 0.000000000000e+00 0.000000000000e+00
0.000000000000e+00 0.000000000000e+00 0.000000000000e+00
0.000000000000e+00 0.000000000000e+00 0.000000000000e+00
0.000000000000e+00 0.000000000000e+00 0.000000000000e+00
0.000000000000e+00 0.000000000000e+00 0.000000000000e+00
0.000000000000e+00 0.000000000000e+00 0.000000000000e+00
0.000000000000e+00 0.000000000000e+00 0.000000000000e+00
0.000000000000e+00 0.000000000000e+00 0.000000000000e+00
0.000000000000e+00 0.000000000000e+00 0.000000000000e+00
0.000000000000e+00 0.000000000000e+00 0.000000000000e+00
0.000000000000e+00 0.000000000000e+00 0.000000000000e+00
2.482554339187e-02 2.601696806983e-02 -2.609553170945e-03
0.000000000000e+00 0.000000000000e+00 0.000000000000e+00
0.000000000000e+00 0.000000000000e+00 0.000000000000e+00
0.000000000000e+00 0.000000000000e+00 0.000000000000e+00
0.000000000000e+00 0.000000000000e+00 0.000000000000e+00
0.000000000000e+00 0.000000000000e+00 0.000000000000e+00
0.000000000000e+00 0.000000000000e+00 0.000000000000e+00
-6.544367730084e-01 -7.483707327186e-01 1.084147432071e-01
Mode 54
5.004801087603e-02 3.137925676441e-03 9.238507985723e-03
0.000000000000e+00 0.000000000000e+00 0.000000000000e+00
0.000000000000e+00 0.000000000000e+00 0.000000000000e+00
0.000000000000e+00 0.000000000000e+00 0.000000000000e+00
0.000000000000e+00 0.000000000000e+00 0.000000000000e+00
0.000000000000e+00 0.000000000000e+00 0.000000000000e+00
0.000000000000e+00 0.000000000000e+00 0.000000000000e+00
0.000000000000e+00 0.000000000000e+00 0.000000000000e+00
0.000000000000e+00 0.000000000000e+00 0.000000000000e+00
0.000000000000e+00 0.000000000000e+00 0.000000000000e+00
0.000000000000e+00 0.000000000000e+00 0.000000000000e+00
0.000000000000e+00 0.000000000000e+00 0.000000000000e+00
0.000000000000e+00 0.000000000000e+00 0.000000000000e+00
0.000000000000e+00 0.000000000000e+00 0.000000000000e+00
0.000000000000e+00 0.000000000000e+00 0.000000000000e+00
-3.882712414940e-01 5.425179627994e-01 1.439434023107e-01
-3.325695388431e-01 -5.543438713443e-01 8.485501833554e-02
1.066110591168e-01 1.786365590517e-02 -3.021836724108e-01
7.727987239889e-03 1.491707815013e-03 1.174959663200e-02
0.000000000000e+00 0.000000000000e+00 0.000000000000e+00
0.000000000000e+00 0.000000000000e+00 0.000000000000e+00
0.000000000000e+00 0.000000000000e+00 0.000000000000e+00
Mode 55
0.000000000000e+00 0.000000000000e+00 0.000000000000e+00
0.000000000000e+00 0.000000000000e+00 0.000000000000e+00
0.000000000000e+00 0.000000000000e+00 0.000000000000e+00
0.000000000000e+00 0.000000000000e+00 0.000000000000e+00
0.000000000000e+00 0.000000000000e+00 0.000000000000e+00
-7.900804624008e-03 6.024608439003e-02 6.563525426143e-02
0.000000000000e+00 0.000000000000e+00 0.000000000000e+00
0.000000000000e+00 0.000000000000e+00 0.000000000000e+00
0.000000000000e+00 0.000000000000e+00 0.000000000000e+00
0.000000000000e+00 0.000000000000e+00 0.000000000000e+00
0.000000000000e+00 0.000000000000e+00 0.000000000000e+00
0.000000000000e+00 0.000000000000e+00 0.000000000000e+00
0.000000000000e+00 0.000000000000e+00 0.000000000000e+00
0.000000000000e+00 0.000000000000e+00 0.000000000000e+00
0.000000000000e+00 0.000000000000e+00 0.000000000000e+00
0.000000000000e+00 0.000000000000e+00 0.000000000000e+00
0.000000000000e+00 0.000000000000e+00 0.000000000000e+00
0.000000000000e+00 0.000000000000e+00 0.000000000000e+00
0.000000000000e+00 0.000000000000e+00 0.000000000000e+00
7.733227168518e-02 -6.737224044897e-01 -7.313124102903e-01
0.000000000000e+00 0.000000000000e+00 0.000000000000e+00
1.848591939022e-03 9.523768384328e-03 -2.424983217398e-03
Mode 56
1.261754021262e-03 9.529771307030e-02 4.093147976926e-03
0.000000000000e+00 0.000000000000e+00 0.000000000000e+00
0.000000000000e+00 0.000000000000e+00 0.000000000000e+00
0.000000000000e+00 0.000000000000e+00 0.000000000000e+00
0.000000000000e+00 0.000000000000e+00 0.000000000000e+00
0.000000000000e+00 0.000000000000e+00 0.000000000000e+00
0.000000000000e+00 0.000000000000e+00 0.000000000000e+00
0.000000000000e+00 0.000000000000e+00 0.000000000000e+00
0.000000000000e+00 0.000000000000e+00 0.000000000000e+00
0.000000000000e+00 0.000000000000e+00 0.000000000000e+00
0.000000000000e+00 0.000000000000e+00 0.000000000000e+00
0.000000000000e+00 0.000000000000e+00 0.000000000000e+00
0.000000000000e+00 0.000000000000e+00 0.000000000000e+00
0.000000000000e+00 0.000000000000e+00 0.000000000000e+00
0.000000000000e+00 0.000000000000e+00 0.000000000000e+00
3.939436265280e-01 -5.385319471282e-01 -1.652021823108e-01
-3.841325221743e-01 -6.036089311274e-01 9.949102306881e-02
5.609080425556e-03 1.627866041207e-02 -1.426686482617e-02
0.000000000000e+00 0.000000000000e+00 0.000000000000e+00
0.000000000000e+00 0.000000000000e+00 0.000000000000e+00
0.000000000000e+00 0.000000000000e+00 0.000000000000e+00
0.000000000000e+00 0.000000000000e+00 0.000000000000e+00
Mode 57
-4.012071577196e-02 -3.865957217106e-03 7.794474030196e-02
0.000000000000e+00 0.000000000000e+00 0.000000000000e+00
0.000000000000e+00 0.000000000000e+00 0.000000000000e+00
0.000000000000e+00 0.000000000000e+00 0.000000000000e+00
0.000000000000e+00 0.000000000000e+00 0.000000000000e+00
0.000000000000e+00 0.000000000000e+00 0.000000000000e+00
0.000000000000e+00 0.000000000000e+00 0.000000000000e+00
0.000000000000e+00 0.000000000000e+00 0.000000000000e+00
0.000000000000e+00 0.000000000000e+00 0.000000000000e+00
0.000000000000e+00 0.000000000000e+00 0.000000000000e+00
0.000000000000e+00 0.000000000000e+00 0.000000000000e+00
0.000000000000e+00 0.000000000000e+00 0.000000000000e+00
0.000000000000e+00 0.000000000000e+00 0.000000000000e+00
0.000000000000e+00 0.000000000000e+00 0.000000000000e+00
0.000000000000e+00 0.000000000000e+00 0.000000000000e+00
1.126777722642e-01 -1.695926514177e-01 -4.406872159149e-02
1.140276044712e-01 1.925506640949e-01 -2.284616324899e-02
3.063695004680e-01 6.040588897025e-02 -8.900499186904e-01
-1.736787102729e-02 -2.145392734358e-04 -1.408229487263e-02
0.000000000000e+00 0.000000000000e+00 0.000000000000e+00
0.000000000000e+00 0.000000000000e+00 0.000000000000e+00
0.000000000000e+00 0.000000000000e+00 0.000000000000e+00
Mode 58
0.000000000000e+00 0.000000000000e+00 0.000000000000e+00
0.000000000000e+00 0.000000000000e+00 0.000000000000e+00
0.000000000000e+00 0.000000000000e+00 0.000000000000e+00
0.000000000000e+00 0.000000000000e+00 0.000000000000e+00
0.000000000000e+00 0.000000000000e+00 0.000000000000e+00
0.000000000000e+00 0.000000000000e+00 0.000000000000e+00
0.000000000000e+00 0.000000000000e+00 0.000000000000e+00
0.000000000000e+00 0.000000000000e+00 0.000000000000e+00
0.000000000000e+00 0.000000000000e+00 0.000000000000e+00
-7.138338065667e-02 1.910719262847e-03 -4.691228109913e-02
0.000000000000e+00 0.000000000000e+00 0.000000000000e+00
0.000000000000e+00 0.000000000000e+00 0.000000000000e+00
0.000000000000e+00 0.000000000000e+00 0.000000000000e+00
0.000000000000e+00 0.000000000000e+00 0.000000000000e+00
0.000000000000e+00 0.000000000000e+00 0.000000000000e+00
0.000000000000e+00 0.000000000000e+00 0.000000000000e+00
0.000000000000e+00 0.000000000000e+00 0.000000000000e+00
0.000000000000e+00 0.000000000000e+00 0.000000000000e+00
3.664763860209e-02 -2.339797809719e-03 1.874769135387e-02
0.000000000000e+00 0.000000000000e+00 0.000000000000e+00
8.523627542514e-01 6.645274039937e-03 5.109144502732e-01
0.000000000000e+00 0.000000000000e+00 0.000000000000e+00
Mode 59
0.000000000000e+00 0.000000000000e+00 0.000000000000e+00
0.000000000000e+00 0.000000000000e+00 0.000000000000e+00
0.000000000000e+00 0.000000000000e+00 0.000000000000e+00
-7.138338065667e-02 1.910719262847e-03 -4.691228109913e-02
0.000000000000e+00 0.000000000000e+00 0.000000000000e+00
0.000000000000e+00 0.000000000000e+00 0.000000000000e+00
0.000000000000e+00 0.000000000000e+00 0.000000000000e+00
0.000000000000e+00 0.000000000000e+00 0.000000000000e+00
0.000000000000e+00 0.000000000000e+00 0.000000000000e+00
0.000000000000e+00 0.000000000000e+00 0.000000000000e+00
0.000000000000e+00 0.000000000000e+00 0.000000000000e+00
0.000000000000e+00 0.000000000000e+00 0.000000000000e+00
0.000000000000e+00 0.000000000000e+00 0.000000000000e+00
0.000000000000e+00 0.000000000000e+00 0.000000000000e+00
0.000000000000e+00 0.000000000000e+00 0.000000000000e+00
9.703188395891e-03 -1.356981328250e-02 -4.659216933355e-03
1.848591939022e-03 9.523768384328e-03 -2.424983217398e-03
3.760488486534e-03 6.754892027737e-03 -1.184188160878e-02
8.486655703733e-01 -1.240226272872e-02 5.157644167080e-01
0.000000000000e+00 0.000000000000e+00 0.000000000000e+00
-3.664763860209e-02 2.339797809719e-03 -1.874769135387e-02
0.000000000000e+00 0.000000000000e+00 0.000000000000e+00
--
Dipole derivatives 
Mode 0
2.437780175968e-02 -1.320014762175e-02 3.135649879385e-02
Mode 1
4.037048401649e-02 -2.140525838963e-02 -7.505744672021e-03
Mode 2
-2.105405693558e-02 -4.036421938724e-03 -1.394139677060e-02
Mode 3
4.666005476186e-03 -2.200685916322e-02 -1.626203659152e-02
Mode 4
4.902360853208e-02 -1.289844617718e-02 3.125980578445e-02
Mode 5
-1.458337154355e-02 -5.927121541735e-02 1.976203336463e-02
Mode 6
1.687814519565e-02 -1.793565287821e-02 3.235344992053e-02
Mode 7
-2.621904078999e-02 1.481674277957e-03 2.442374748135e-02
Mode 8
1.004024009292e-02 -1.459421848394e-02 3.917469282035e-03
Mode 9
8.009023728534e-03 8.577039376622e-04 -2.901599589877e-02
Mode 10
-2.166309512854e-02 9.986415872677e-02 -6.933924577099e-02
Mode 11
-2.256966806241e-02 7.228666793197e-02 -8.812922271717e-02
Mode 12
-4.339586341890e-02 1.501746463367e-02 -9.094993003582e-03
Mode 13
1.793218195802e-02 -1.244835914332e-02 -2.925952433512e-02
Mode 14
-8.141408934891e-03 -8.368049748162e-03 -9.522577138363e-03
Mode 15
2.776009407681e-02 2.766732584018e-02 4.419288261468e-02
Mode 16
1.055578739652e-02 -4.964737920636e-02 4.790515332718e-02
Mode 17
-2.901332157491e-03 -1.744919506641e-02 4.486173976141e-02
Mode 18
5.000272438065e-02 4.191253489222e-03 -3.812199921462e-02
Mode 19
2.771634098341e-02 -6.719359417229e-02 -2.719576928335e-03
Mode 20
-1.217663751765e-02 6.745884452746e-02 -6.126407444601e-02
Mode 21
-4.544097330831e-02 -8.817775147444e-02 3.798763943911e-02
Mode 22
4.773747027176e-02 7.487661922644e-02 -3.703483580976e-02
Mode 23
1.527441664973e-02 -1.318905763920e-02 -8.698104251413e-03
Mode 24
7.255169029927e-02 9.730853369430e-02 -1.084218088629e-01
Mode 25
-8.897174990661e-02 1.371575482225e-02 1.282060388451e-04
Mode 26
-5.697819720955e-02 1.026621846292e-01 -6.365756261023e-02
Mode 27
6.030348449796e-02 -8.612911368357e-02 2.071135816334e-01
Mode 28
-9.881867897517e-02 1.907753297915e-02 8.691924033265e-02
Mode 29
-1.375884218736e-01 3.398385189850e-02 1.100136302433e-01
Mode 30
2.668706321125e-02 -2.640962209928e-02 -2.638503496410e-03
Mode 31
-2.895855954592e-02 1.012403566904e-01 1.123792944988e-01
Mode 32
-2.582720358459e-01 -1.056332080061e-01 -2.331340298584e-02
Mode 33
-2.525758490424e-01 3.376873632018e-02 7.602051430820e-02
Mode 34
-1.556785695710e-01 -1.714380603798e-01 -1.383478266111e-01
Mode 35
-4.824805262462e-03 -4.728349749470e-02 1.873340050920e-01
Mode 36
2.461973905812e-02 -1.600400605977e-02 1.271870974466e-03
Mode 37
4.943167871434e-02 7.557525295514e-02 2.326923605291e-01
Mode 38
-7.367181773822e-02 -1.470851783240e-01 -2.682462458383e-01
Mode 39
-5.862517176981e-02 -8.009958303746e-02 -7.900448269605e-02
Mode 40
1.640311157062e-01 2.288465108837e-01 2.360861110073e-01
Mode 41
5.462825774674e-02 9.817927830021e-02 2.979417354634e-01
Mode 42
5.187245959630e-02 7.860472783639e-03 -1.106603969884e-01
Mode 43
-1.665694524415e-01 -2.501091540935e-01 9.220214650367e-02
Mode 44
7.582701579113e-02 1.553042504418e-01 -4.703664876391e-01
Mode 45
-1.903541900748e-01 -2.520335519456e-01 1.296297660797e-01
Mode 46
-8.447081540195e-02 4.415734069212e-02 5.670882793636e-03
Mode 47
1.100487909146e-01 1.888757034309e-01 2.060191350319e-02
Mode 48
-1.011397693985e-01 -1.187302174284e-01 5.263786071449e-02
Mode 49
-2.255773875402e-01 -3.223531098217e-01 -6.728034711053e-02
Mode 50
-4.500357886726e-02 2.120047311043e-02 -3.285973259086e-02
Mode 51
-1.148394038565e-01 1.397492467409e-01 7.472039248637e-02
Mode 52
6.133084784349e-02 5.176590443516e-01 1.380437160733e-01
Mode 53
1.690218082883e-03 2.342584107055e-02 4.081825375588e-02
Mode 54
-9.868012938035e-02 -1.431015014385e-01 -1.557438385285e-01
Mode 55
5.982665598552e-02 -1.190899970296e-01 8.115675976236e-03
Mode 56
1.323138859048e-01 -8.478759086930e-02 -6.859784404631e-03
Mode 57
-4.978499010879e-02 -8.117108629641e-02 2.205230337162e-02
Mode 58
-1.233442493796e-02 -2.863424955593e-02 -7.513161551039e-02
Mode 59
1.179538555750e-02 2.273506931623e-02 -4.326886520233e-02
--
Polarizability derivatives 
Mode 0
3.770124376967e-01 -7.085696030189e-01 -4.139844592240e-01
-7.085696030189e-01 -2.565551207216e-01 7.058111024066e-03
-4.139844592240e-01 7.058111024066e-03 -5.863135940584e-01
Mode 1
-2.879895041537e-01 5.204358644349e-01 -5.159331431934e-02
5.204358644349e-01 2.651249844243e-01 2.118288095338e-01
-5.159331431934e-02 2.118288095338e-01 5.336092474079e-01
Mode 2
2.110577227809e-01 3.146298684940e-01 -5.663189230620e-02
3.146298684940e-01 1.561524870195e-02 -1.350189432215e-01
-5.663189230620e-02 -1.350189432215e-01 -9.591732751702e-02
Mode 3
1.219856402808e-01 1.775084400080e-01 3.291127772570e-01
1.775084400080e-01 -1.004653509211e-01 -1.168717051182e-02
3.291127772570e-01 -1.168717051182e-02 -1.366796292325e-01
Mode 4
-2.163032374543e-02 1.041563372234e-01 -3.805096201021e-01
1.041563372234e-01 1.624123174018e-01 -9.877613556894e-02
-3.805096201021e-01 -9.877613556894e-02 -2.432307095798e-01
Mode 5
1.816286250281e-01 4.976408693704e-02 2.392467250812e-01
4.976408693704e-02 5.354853926959e-02 -4.841192796706e-01
2.392467250812e-01 -4.841192796706e-01 -1.924082084358e-01
Mode 6
1.357917150787e-01 -1.579091212580e-01 -5.909318241176e-01
-1.579091212580e-01 -3.505845778778e-01 -4.435469364746e-01
-5.909318241176e-01 -4.435469364746e-01 -1.638571323090e-01
Mode 7
-1.838806811332e-01 5.938474605275e-02 -8.994281455702e-01
5.938474605275e-02 2.977218338229e-01 8.505395362433e-01
-8.994281455702e-01 8.505395362433e-01 6.237656065836e-01
Mode 8
-7.686870288872e-02 -7.354585754078e-01 3.804935631368e-02
-7.354585754078e-01 -8.639113843702e-01 -1.059283436410e-02
3.804935631368e-02 -1.059283436410e-02 -1.657144994899e-01
Mode 9
-4.991884335050e-01 -1.516417966011e-01 2.208701689867e-01
-1.516417966011e-01 4.782348595900e-01 1.225725287597e-01
2.208701689867e-01 1.225725287597e-01 -3.084576208974e-01
Mode 10
-1.360816146420e+00 6.399180967081e-01 -4.757168048704e-02
6.399180967081e-01 1.091815445990e+00 -2.639495348172e-01
-4.757168048704e-02 -2.639495348172e-01 2.002173147275e+00
Mode 11
-1.078755375175e+00 8.602171560513e-01 2.039174945655e-02
8.602171560513e-01 1.320494927204e+00 3.993021966499e-01
2.039174945655e-02 3.993021966499e-01 -2.283682002919e-02
Mode 12
2.434382329469e-01 8.741822108440e-01 -2.171402863743e-01
8.741822108440e-01 1.288520894643e+00 -6.389015620717e-01
-2.171402863743e-01 -6.389015620717e-01 6.296770352032e-01
Mode 13
-6.096674747293e-01 9.873317349923e-02 2.093118871270e-01
9.873317349923e-02 1.772555593850e+00 -5.702561751956e-01
2.093118871270e-01 -5.702561751956e-01 5.504106765108e-01
Mode 14
1.076571631472e+00 1.017249085515e+00 -4.102867254383e-02
1.017249085515e+00 1.317624878397e+00 5.328933329369e-01
-4.102867254383e-02 5.328933329369e-01 4.855341173944e-01
Mode 15
1.569109284118e-01 3.460356447946e-01 -1.852455775692e-01
3.460356447946e-01 5.515861330009e-01 -1.124010767166e-01
-1.852455775692e-01 -1.124010767166e-01 -9.389626498272e-01
Mode 16
-2.687894404401e-01 -1.555537904702e-01 3.549561873818e-01
-1.555537904702e-01 1.995253631465e-02 7.211370473548e-01
3.549561873818e-01 7.211370473548e-01 4.199878649869e-01
Mode 17
-3.672678439531e-01 -4.780437843989e-01 -6.627372789475e-02
-4.780437843989e-01 -4.551239274819e-01 -5.525595239285e-01
-6.627372789475e-02 -5.525595239285e-01 -8.378002439123e-01
Mode 18
4.006067366218e-01 3.391604346720e-01 -3.574808878831e-02
3.391604346720e-01 1.978712875521e-01 -1.258818477812e-01
-3.574808878831e-02 -1.258818477812e-01 -9.908586324922e-01
Mode 19
4.274030689523e-01 1.682113032993e-01 3.711876016857e-01
1.682113032993e-01 -2.385270370640e-01 8.333626661764e-02
3.711876016857e-01 8.333626661764e-02 2.700478200237e-01
Mode 20
1.196216759894e-02 1.028400424062e-01 -3.814304393632e-01
1.028400424062e-01 6.211848018890e-01 -1.215244343578e+00
-3.814304393632e-01 -1.215244343578e+00 2.818935993326e-01
Mode 21
-4.243064919501e-01 -6.334383277259e-01 4.902274981325e-01
-6.334383277259e-01 -6.187867494852e-01 6.602183940718e-01
4.902274981325e-01 6.602183940718e-01 1.468231789606e+00
Mode 22
-1.329185080569e-02 -1.903943272438e-01 -9.948281010750e-02
-1.903943272438e-01 -8.239330691356e-01 1.919693832720e-01
-9.948281010750e-02 1.919693832720e-01 -8.343528598733e-01
Mode 23
1.032424785354e+00 1.066082716182e+00 4.160289447782e-01
1.066082716182e+00 1.264108494342e+00 4.975197636529e-01
4.160289447782e-01 4.975197636529e-01 2.215745834822e+00
Mode 24
3.177100034161e-01 5.422869657625e-01 1.755782617184e-01
5.422869657625e-01 6.662490661993e-01 -6.685528185339e-02
1.755782617184e-01 -6.685528185339e-02 1.641995350354e-01
Mode 25
-3.465613885430e-01 -3.688993403657e-01 5.630139976381e-01
-3.688993403657e-01 -6.235813199475e-01 -3.545781794886e-01
5.630139976381e-01 -3.545781794886e-01 -6.972492444131e-01
Mode 26
1.527933378499e-01 1.327292322454e-01 5.664941858351e-01
1.327292322454e-01 1.200392690889e+00 4.749059348952e-01
5.664941858351e-01 4.749059348952e-01 1.886712921691e+00
Mode 27
6.203019243566e-01 7.165274088849e-01 -1.354452324823e-01
7.165274088849e-01 2.161724650708e+00 2.695340996197e-01
-1.354452324823e-01 2.695340996197e-01 5.356311660088e-01
Mode 28
1.055172359995e+00 6.711992973949e-01 3.484750199692e-01
6.711992973949e-01 -1.180745913438e-01 -4.616008548093e-01
3.484750199692e-01 -4.616008548093e-01 -3.171583394984e-01
Mode 29
-1.157667364470e+00 -1.285770081390e+00 1.159887439137e-02
-1.285770081390e+00 -2.079914393398e-01 1.315907167490e+00
1.159887439137e-02 1.315907167490e+00 -2.963201714271e-01
Mode 30
1.456922090099e+00 1.744040770617e+00 -1.222729969478e+00
1.744040770617e+00 9.624506292716e-01 -1.147657078972e+00
-1.222729969478e+00 -1.147657078972e+00 -9.200128346686e-01
Mode 31
7.521419736801e-01 1.445171106729e-01 -4.177888278863e-01
1.445171106729e-01 7.839372433262e-01 -5.688546705872e-01
-4.177888278863e-01 -5.688546705872e-01 1.508232598067e-01
Mode 32
1.049154435177e+00 6.299578796172e-01 -2.530984204722e-01
6.299578796172e-01 3.874214635470e-01 2.458414289185e-02
-2.530984204722e-01 2.458414289185e-02 1.123387977610e+00
Mode 33
1.127027111333e+00 -1.843527036308e-01 -7.159684017863e-01
-1.843527036308e-01 -3.836530464467e-01 -1.650675485303e-01
-7.159684017863e-01 -1.650675485303e-01 8.149866541173e-01
Mode 34
1.451526512038e-01 -1.693652676134e-02 -1.930271199947e-01
-1.693652676134e-02 4.336143047549e-01 -1.148505771701e-01
-1.930271199947e-01 -1.148505771701e-01 -1.848599886285e+00
Mode 35
-1.255516874431e+00 -1.513580150084e+00 2.391185263381e-01
-1.513580150084e+00 -2.562114474207e+00 1.317638172070e+00
2.391185263381e-01 1.317638172070e+00 -3.421967726555e+00
Mode 36
-4.876847713188e-01 -2.120219291759e-01 -9.834625168139e-01
-2.120219291759e-01 4.557305484432e-01 5.334126579452e-01
-9.834625168139e-01 5.334126579452e-01 -1.678226704999e-01
Mode 37
8.305322374797e-01 1.197565093593e+00 2.483528942960e-01
1.197565093593e+00 1.785651628158e+00 5.508858559092e-01
2.483528942960e-01 5.508858559092e-01 -6.740350235642e-01
Mode 38
-1.144880107553e+00 -9.457928372442e-01 -4.527684538113e-02
-9.457928372442e-01 -1.633313104579e+00 -4.100188400811e-01
-4.527684538113e-02 -4.100188400811e-01 -2.209591449562e+00
Mode 39
-2.899290992172e-02 1.521857055468e-01 -1.157196116254e-02
1.521857055468e-01 2.400526122448e-01 -2.853516143257e-01
-1.157196116254e-02 -2.853516143257e-01 1.031121279961e+00
Mode 40
-5.570887456628e-01 -1.099675983364e+00 5.512182393825e-01
-1.099675983364e+00 -1.682082042368e+00 4.312766463570e-01
5.512182393825e-01 4.312766463570e-01 -4.327533636791e+00
Mode 41
5.738942892116e-02 1.955211204764e-01 2.004928599088e-01
1.955211204764e-01 1.462146853499e-01 -1.619916676220e-01
2.004928599088e-01 -1.619916676220e-01 -2.409664586970e+00
Mode 42
4.764783507020e-01 -1.505109733691e+00 4.823545539882e-01
-1.505109733691e+00 -5.219713253737e-01 1.479878104495e-01
4.823545539882e-01 1.479878104495e-01 -4.606875024047e-01
Mode 43
3.505835052870e-01 7.525558699849e-01 -6.016382758063e-01
7.525558699849e-01 1.489805394067e+00 -1.864309393523e+00
-6.016382758063e-01 -1.864309393523e+00 4.729027762224e+00
Mode 44
3.082805852185e-01 2.632302092421e-01 -1.305325593656e+00
2.632302092421e-01 2.777904560465e+00 -1.836501903751e+00
-1.305325593656e+00 -1.836501903751e+00 8.092166332971e+00
Mode 45
-2.731924181644e-01 -1.457214102370e-01 -1.616587099270e-01
-1.457214102370e-01 -7.472010521655e-01 -2.486630310509e-01
-1.616587099270e-01 -2.486630310509e-01 -2.564686053810e+00
Mode 46
3.329513804861e+00 1.622970360412e+00 8.385594244291e-01
1.622970360412e+00 -3.218315584643e+00 -6.801292102680e-01
8.385594244291e-01 -6.801292102680e-01 -1.159024578705e-01
Mode 47
-1.153265105996e+00 3.616935583337e-01 3.240496926232e-01
3.616935583337e-01 -7.440740846615e-01 3.824761103262e-01
3.240496926232e-01 3.824761103262e-01 2.923913963470e+00
Mode 48
8.673396554978e-01 9.091509268875e-01 5.686066919410e-01
9.091509268875e-01 1.771281044880e+00 8.940149590784e-01
5.686066919410e-01 8.940149590784e-01 -3.636488839588e-01
Mode 49
-7.536438055751e-01 -9.553447828684e-01 3.751278894883e-01
-9.553447828684e-01 -2.031190586871e+00 2.368513814242e-01
3.751278894883e-01 2.368513814242e-01 2.195864309282e+00
Mode 50
5.745259565675e-01 1.285907380031e+00 -6.864295822903e-01
1.285907380031e+00 2.123044301722e+00 -2.232273519336e+00
-6.864295822903e-01 -2.232273519336e+00 5.194222786045e+00
Mode 51
1.381451476407e+00 2.555405993096e+00 1.254620790713e+00
2.555405993096e+00 4.663838440868e+00 1.064196455421e+00
1.254620790713e+00 1.064196455421e+00 -4.787732849391e+00
Mode 52
-9.190395065000e-01 -1.481929235708e+00 -5.014338558890e-01
-1.481929235708e+00 -1.214191874585e+00 -2.518054149119e+00
-5.014338558890e-01 -2.518054149119e+00 1.916121593876e+00
Mode 53
-7.931202423353e+00 -2.579010402920e+00 4.821495127315e+00
-2.579010402920e+00 -2.717043579362e+00 3.635103916157e-01
4.821495127315e+00 3.635103916157e-01 -3.944980385635e+00
Mode 54
-7.490985623267e+00 8.468311929163e-02 -9.719096914234e-01
8.468311929163e-02 -7.085604109332e+00 -1.598134480953e+00
-9.719096914234e-01 -1.598134480953e+00 -4.417581527207e+00
Mode 55
1.447991448054e+00 -1.084894704488e+00 5.796804298796e-01
-1.084894704488e+00 7.862060186722e+00 -3.080774220139e+00
5.796804298796e-01 -3.080774220139e+00 3.396939591003e+00
Mode 56
2.304647619695e+00 1.024385743057e+00 4.565268410221e+00
1.024385743057e+00 -2.536655205015e+00 -2.912416153225e+00
4.565268410221e+00 -2.912416153225e+00 -5.090920659699e-01
Mode 57
-1.403916431509e+00 -5.952445535354e+00 1.223923671549e+00
-5.952445535354e+00 -7.528961051921e+00 2.181516257769e+00
1.223923671549e+00 2.181516257769e+00 7.013436143115e-01
Mode 58
-9.646168491077e-01 -9.110955899100e-01 -1.704089582989e+00
-9.110955899100e-01 -1.764505224448e+00 -2.238968623362e+00
-1.704089582989e+00 -2.238968623362e+00 -5.151803834004e+00
Mode 59
1.481181924767e+00 1.615109876763e+00 1.867489818952e+00
1.615109876763e+00 2.863800320252e+00 2.704791575374e+00
1.867489818952e+00 2.704791575374e+00 5.783105471363e+00
--
