Number of atoms 
22
--
Anisotropy 
40.180
--
Frequencies 
30.173800000000
71.167700000000
75.288600000000
107.769200000000
121.991900000000
168.558800000000
182.777100000000
192.802400000000
229.736700000000
281.652000000000
288.106000000000
307.430400000000
329.943800000000
389.084300000000
436.764600000000
503.839600000000
564.374000000000
648.925800000000
710.043100000000
733.712100000000
778.968200000000
895.371800000000
944.894400000000
960.684900000000
1020.087300000000
1057.346400000000
1063.025100000000
1122.953200000000
1136.439900000000
1157.255200000000
1171.326300000000
1179.812100000000
1187.963700000000
1222.151900000000
1241.946700000000
1259.928000000000
1307.458300000000
1370.753100000000
1377.026000000000
1381.045800000000
1387.960800000000
1442.756800000000
1455.226500000000
1456.769200000000
1463.400700000000
1467.476800000000
1484.281100000000
1488.397700000000
1490.346800000000
1503.072900000000
2665.212000000000
2888.390500000000
2984.948700000000
2998.597900000000
3070.555700000000
3089.227500000000
3099.326200000000
3139.275800000000
3153.949800000000
3162.007800000000
--
Displacements 
Mode 0
1.584439297861e-01 -1.171393898448e-01 1.085075318156e-01
1.416288707180e-01 -9.723421940649e-02 8.358689822903e-02
1.324275747281e-02 -1.717914186117e-02 5.431984851799e-03
2.339852209916e-02 -1.639420805739e-02 -1.684455715494e-02
2.685536589031e-02 -3.817730464289e-02 -2.052517315643e-02
4.365427609727e-02 -1.623308346582e-01 -3.070837504014e-02
4.808173738602e-02 -1.536378370681e-01 -5.082874728908e-02
2.365291523973e-02 -3.927029698630e-02 -7.140296475126e-02
9.340231326317e-03 3.262404226792e-02 -4.846062262159e-02
-3.967249716385e-02 1.990439197918e-01 -4.698522068367e-02
-1.385056728543e-01 1.181094248717e-02 9.887709656301e-02
-2.605627162090e-01 1.182530713423e-01 3.351540004055e-02
6.339391514305e-02 -9.727669887859e-02 2.005453948066e-01
1.747374750882e-01 -8.482340611653e-02 -1.310742440752e-02
2.718011347608e-01 -1.786523112404e-01 1.714861359737e-01
1.629354530208e-02 3.231598372828e-02 -1.216149562232e-01
4.106874086073e-02 -2.488035232849e-02 -3.153294455207e-02
2.436913959677e-02 1.408188611817e-02 -3.328431340238e-02
-7.880000302937e-02 2.848764604714e-01 -4.833178862648e-02
-2.468346499874e-01 1.163119765689e-01 3.072750676863e-02
-2.493967076916e-01 1.927722339530e-01 -7.099399981223e-02
-3.774560177618e-01 1.150328200607e-01 1.058036150812e-01
Mode 1
3.101092000314e-01 4.331017695242e-02 6.210082630879e-02
3.142768101056e-03 1.295424185434e-01 -2.980739269733e-03
-1.037053137345e-02 6.534928975650e-02 1.104184800446e-02
-6.479748751112e-02 8.835171593781e-02 1.397354296844e-02
-5.512703163358e-02 7.389860265380e-02 -8.312091457871e-05
-5.275626314415e-02 2.582343884393e-03 -1.049324540492e-02
-5.244218745406e-02 -1.487431712445e-01 -1.119312213668e-02
-6.152802563981e-02 -2.042433024413e-01 -1.729090711141e-02
-7.784162709796e-02 -6.485172533825e-02 -1.532758335142e-02
-7.557016755152e-02 -5.097669253904e-02 -1.380313710774e-02
7.702609379793e-02 9.669083380239e-02 -1.085649726343e-02
1.064831437859e-01 2.531140640678e-02 4.546734562401e-03
5.681025298650e-01 1.667559475167e-01 6.286469222664e-02
3.392399327631e-01 -2.569480152996e-01 1.276478963889e-01
2.598949384354e-01 1.411398242841e-01 3.367745502156e-02
-2.641310491122e-03 -1.005601187864e-02 2.986469661634e-02
-7.852555373274e-02 9.029281071119e-02 1.676143624036e-02
-6.528279625992e-02 7.311366885003e-02 2.219342109216e-02
-5.314226294997e-02 -9.784699477200e-02 -1.420793801523e-02
3.654197062899e-02 5.161794165005e-02 5.219984308893e-04
9.594137935374e-02 -7.590286605339e-02 2.310858395883e-02
2.013942230925e-01 4.738187237780e-02 -9.763456095893e-03
Mode 2
-1.710061820004e-01 -1.315433402292e-01 7.452003327288e-02
-1.032572156030e-01 -8.520863900896e-02 -5.456588003649e-02
-1.154578041193e-04 -1.905706800834e-02 -2.316926473630e-02
-9.006585398838e-03 3.101613806591e-02 -1.376839881719e-01
-3.541626893380e-02 4.117335516522e-02 -5.958559154063e-02
-1.054132173453e-01 -8.002660379983e-02 -3.292106154387e-02
-1.162093749180e-01 -1.583647873311e-01 4.019919544888e-02
-3.658159702244e-02 -9.487607628142e-02 6.527110316771e-02
1.205737322810e-02 1.847898752354e-02 1.063704709697e-02
9.541253691654e-02 1.415568726358e-01 1.257376668831e-02
1.212972853092e-01 7.290347381730e-02 8.488349779333e-03
2.097403593889e-01 1.105200454157e-01 5.911261459889e-02
-6.797988200563e-02 -8.444883723694e-02 8.274738383677e-02
-1.898255799895e-01 -1.548582678278e-01 2.491689508487e-01
-3.110201349795e-01 -2.022356973280e-01 8.197460803225e-03
1.261215655375e-03 -5.985919600772e-02 8.375730408973e-02
4.901614986642e-02 -5.570254163815e-02 -2.220239714700e-01
-6.290860639424e-02 1.125147459664e-01 -2.087652729303e-01
1.293728796039e-01 5.466937620719e-02 9.681899260012e-02
1.872366233767e-01 1.815914142717e-01 -2.944495082852e-02
2.019157368585e-01 -4.839281788800e-03 1.367721337139e-01
3.359107883422e-01 1.640964292795e-01 1.050538156042e-01
Mode 3
3.538006391660e-02 2.628584608917e-02 -9.516987639287e-02
4.691250200244e-02 -1.373134810644e-02 -1.051984957357e-02
-4.173068148193e-03 -3.156908651897e-02 -3.443803534739e-02
-1.875629406330e-02 -4.104701791281e-02 7.958878908278e-03
-1.697014326566e-02 -4.241003220139e-02 1.770320327569e-02
-6.698920835195e-03 -2.256803038927e-02 1.859592600525e-02
-1.194191542398e-02 5.780804848052e-04 1.253221763933e-02
-1.945636955921e-02 9.849158559677e-03 4.944063029728e-03
-1.421337497042e-02 -1.329695231440e-02 1.100777139565e-02
-3.366974452963e-02 -3.447793754723e-03 1.595183442537e-02
-8.141392869323e-02 -6.212569676109e-02 -3.481623208623e-02
1.346716494473e-01 1.790297595414e-01 7.219343483776e-02
-1.034719823501e-01 -1.907441544870e-02 -6.580057403877e-02
4.561508132986e-02 1.135870491557e-01 -2.490326215968e-01
1.738226328452e-01 3.220699391623e-02 -2.735693428835e-02
-4.618750503538e-03 -3.548998975389e-03 -9.201125882227e-02
-6.698920835195e-03 -2.256803038927e-02 1.859592600525e-02
-2.102775360973e-02 -5.492205071201e-02 6.434432664594e-03
-5.788379992882e-02 4.478552276681e-02 6.612310965460e-03
5.587857760710e-01 7.314168030322e-02 1.042837777930e-02
1.219391697744e-01 5.851822521668e-01 2.647500153422e-01
-1.144667578088e-01 7.296998415727e-02 3.118882442205e-02
Mode 4
-5.617348054184e-02 6.762357510126e-02 -7.260573100203e-02
1.143278224724e-01 -3.103682722002e-02 4.653884791058e-02
5.227095439535e-02 -1.782039097218e-02 1.871312352865e-02
-2.302867115448e-02 1.257518713683e-02 -1.454458570509e-02
-2.994235873678e-02 5.614138030783e-02 -7.183353702110e-03
-3.448527782966e-02 2.839131470942e-02 -1.023224618948e-02
-3.605666188018e-02 -3.637989456227e-02 -8.741876554612e-03
-2.508536395381e-02 -6.743406922264e-02 -4.834337946497e-03
-2.578543944972e-02 -1.653789275016e-02 -7.849153825048e-03
-1.778567656569e-02 -1.057092373724e-02 -8.480877339167e-03
8.222946199326e-02 3.028658829695e-02 6.100031270109e-02
1.300842048832e-03 -1.660106137636e-02 1.796420249113e-02
-5.399536505971e-01 -5.629572901343e-02 7.057510964732e-02
-4.993687684181e-02 4.006365897512e-01 -4.889750824774e-01
3.106541913297e-01 -6.990120215977e-02 1.077394790496e-01
5.728303337589e-02 -7.908063786294e-02 -2.156169757804e-02
-4.308580726661e-02 -1.187076939962e-02 -2.454990928794e-02
-3.281458483614e-02 7.971232412499e-03 -2.365718655837e-02
-2.875697449207e-02 2.048325092313e-02 -1.238841594728e-02
-1.787950854323e-01 7.231138760590e-02 1.838653796432e-03
1.153976675704e-02 -2.052557787182e-01 -5.135074571997e-02
1.275867288063e-01 5.603239049577e-02 8.707466823271e-02
Mode 5
6.411356087634e-02 6.679282011163e-02 1.811547662334e-02
-8.202202391735e-02 6.881777266533e-02 8.623515384045e-02
-9.207847960070e-02 -1.715845270706e-02 9.657712511316e-02
-8.992247785839e-02 -2.234048791620e-02 7.493230662054e-02
-4.223064757312e-02 -4.517432323954e-04 -6.415893027169e-02
-3.650234423553e-02 -8.359807018689e-03 -6.631510002949e-02
-4.044449677548e-02 -1.814757520973e-03 -5.441460590428e-02
-3.817303722905e-02 1.206027527823e-02 -5.289015966059e-02
-3.995918802668e-02 1.342328956681e-02 -6.263448402800e-02
1.941341620979e-01 3.377686152377e-02 -7.191001830182e-02
-7.858132898733e-02 -5.721368349713e-02 4.745070236863e-02
1.926165896817e-02 -1.154224958307e-01 1.034728754312e-01
-1.041197039677e-01 6.861091934636e-02 1.210439134865e-01
9.014066598175e-02 6.692360024168e-02 -2.842461821504e-01
3.312127850518e-01 7.403116104142e-02 1.446287599791e-01
-9.829209168710e-02 -2.448843600855e-02 1.069531729947e-01
-2.059606197177e-01 -1.414171303062e-02 1.076115006775e-01
1.830719033170e-02 -4.165023042936e-02 1.550164671489e-01
3.492406131919e-01 -3.184782841355e-01 1.479951912445e-01
2.060168808910e-01 -2.250250490551e-01 1.667955997192e-01
1.259503585524e-02 7.050619293389e-02 1.922764723771e-01
-8.909961588716e-02 -2.194181809029e-01 -3.488438530387e-02
Mode 6
-4.065926352259e-02 6.431946603930e-02 -6.564929990655e-02
1.085995191348e-01 -2.312876343372e-02 4.869501766838e-02
5.751394898413e-02 -4.096650184625e-02 2.477683189456e-02
-2.794144119204e-02 -1.135585754102e-02 1.379566466757e-02
-1.800044331280e-02 5.556329982302e-02 -1.971557134144e-02
-2.600020619683e-02 4.959633081011e-02 -1.908384782732e-02
-2.578543944972e-02 -1.653789275016e-02 -7.849153825048e-03
-3.259981808903e-02 -5.816299114777e-02 -1.242249255610e-02
-1.957182736333e-02 -9.207909448667e-03 -1.822520170657e-02
1.815552751037e-02 6.751902816683e-03 -2.290826552086e-02
1.417374857696e-02 -2.996118231696e-02 5.478533020295e-02
-3.761189706958e-02 3.097255742993e-03 2.785232855058e-02
3.071718925688e-01 -3.518015295668e-02 -3.998847149537e-01
-9.053399445876e-02 -2.114354375525e-03 4.165322620793e-01
-4.950587009192e-01 2.798950574461e-01 -3.011239602912e-01
4.976857924067e-02 -6.980955978807e-02 -2.914985218764e-02
-8.739662517138e-02 -3.134154404590e-02 2.189834526790e-02
-2.318375535205e-02 -4.974001550288e-02 2.807925115721e-02
2.135797816096e-02 7.844895160089e-03 2.796952607398e-02
5.044517720425e-02 -5.971551131496e-02 7.476190075984e-02
-3.312866052623e-02 1.592967475414e-01 -2.295730982662e-02
-1.956659197549e-01 -5.528993616410e-02 7.607286338089e-03
Mode 7
2.176745549910e-02 4.728400887089e-02 -6.921271838464e-02
-9.670455877544e-03 1.445311328401e-02 1.405666388301e-02
-3.021290073848e-02 -2.523089034022e-02 1.227121842389e-02
-1.648483451686e-02 -2.717198511360e-02 9.483325151962e-03
-3.357534848163e-03 -6.340819498311e-02 -8.253954732540e-03
4.156919287061e-03 -7.267927305798e-02 -6.658001229375e-04
-1.786150797635e-03 1.363014288578e-03 -9.744324367407e-03
-8.214529631135e-03 6.016725454736e-02 -1.060297048815e-02
-7.514454135225e-03 9.271078074872e-03 -7.588154609603e-03
1.945636955921e-02 -9.849158559677e-03 -4.944063029728e-03
-3.415505327843e-02 -1.868584084251e-02 2.417171254910e-02
1.277359758514e-02 7.183117062801e-02 4.875569844585e-02
1.482157551253e-01 1.699407886019e-02 -1.787268620446e-01
2.481482195211e-02 -1.393820142541e-02 2.428891007249e-02
-6.471823472420e-02 1.748679852005e-01 -1.176126602288e-01
-3.378520233375e-02 -2.250486176307e-02 -7.217430310928e-03
-2.756768295241e-03 -2.911307988699e-02 6.695431880039e-03
1.786150797635e-03 -1.363014288578e-03 9.744324367407e-03
2.875697449207e-02 -2.048325092313e-02 1.238841594728e-02
-3.358427715215e-01 3.636143449140e-01 -1.851870432549e-01
3.179829850361e-04 -4.272814355372e-01 8.384792026109e-02
4.278033775419e-01 3.451684888150e-01 2.879982369615e-01
Mode 8
1.037053137345e-02 -6.534928975650e-02 -1.104184800446e-02
-4.190042302189e-02 -4.752889878432e-02 -2.975497153311e-02
-3.962896347545e-02 -3.365386598512e-02 -2.823052528943e-02
1.584444157048e-02 -5.038126461389e-02 4.136038983406e-02
2.541558850503e-02 2.035691367072e-02 3.923829668507e-02
6.300010074735e-02 3.542058032816e-01 2.773510821058e-02
6.259795208040e-02 1.495281050483e-01 -1.108341987006e-02
2.856959257223e-02 -2.912951727167e-01 -1.519541813108e-02
1.228917933112e-03 -2.683559151616e-01 1.354963314907e-02
3.258225905176e-03 1.485994865517e-01 2.018852546657e-02
-1.353717249432e-01 -1.281335830690e-01 -7.520825071632e-02
1.599952576806e-02 1.193393802582e-02 -1.263447028240e-03
-2.712590789201e-02 -4.319496600516e-02 3.997974528242e-02
2.078068914036e-02 -8.744044488163e-02 -8.787679760753e-02
8.794161646972e-02 -8.186983506630e-02 2.374030747295e-02
-4.281526526491e-02 6.950150124843e-02 -4.400448141393e-02
-2.128214675030e-02 -3.204596178311e-02 6.099284026092e-02
1.535913282168e-02 -6.561931170167e-02 4.958026795778e-02
9.982042796791e-02 -6.471582523688e-02 1.778981285012e-01
-1.595500612439e-01 2.393137884922e-01 -2.348886727677e-01
1.634973895000e-03 -3.396341373366e-01 1.369159582225e-01
3.615572924555e-01 2.225674789669e-01 1.906306417618e-01
Mode 9
4.314891119239e-02 -5.861320914609e-03 -1.421401293796e-01
-1.623263997765e-01 -4.764986857448e-03 -4.274850682586e-02
5.573219140013e-03 -7.022326642600e-02 4.046766710449e-02
4.642228035864e-03 -5.744122597020e-02 -8.885678246660e-03
3.671610538258e-03 -8.791732014577e-02 7.554078000785e-03
1.778567656569e-02 1.057092373724e-02 8.480877339167e-03
1.302799072571e-02 4.895508169910e-02 -5.802709150474e-03
3.942152539954e-03 -6.545049497716e-03 -1.190049412521e-02
-2.056692799331e-03 -8.000925635947e-02 9.710247758589e-03
-1.885560300628e-02 4.414427365580e-02 1.989344964231e-02
1.764008394105e-01 5.999509610910e-02 1.094684077628e-01
-8.388400612564e-02 9.438185357693e-02 -1.247153686186e-02
9.460433228771e-02 8.157396577358e-03 -1.496110864658e-01
7.121313885974e-02 -1.406869798878e-01 -2.687673018501e-01
1.532205054347e-01 1.209724164920e-01 -8.300091061205e-02
-1.089496677978e-03 -1.602504980697e-01 2.138190610432e-01
3.031220968146e-02 -5.996040122839e-02 -2.420578915791e-02
5.612845533470e-03 -2.696513179464e-02 -2.532543449411e-02
2.070545096093e-01 -4.882369656021e-01 6.821360179708e-02
-9.456470589425e-02 3.510073805401e-02 8.381798486720e-02
-6.366836443968e-02 2.918603486388e-01 -2.656386196734e-01
-3.766170069295e-01 2.220348665094e-02 3.109075862714e-02
Mode 10
3.106806043196e-02 3.664991650744e-02 -5.188023940763e-02
-4.334020040717e-02 1.100531952929e-02 3.000849830839e-02
-3.355428672551e-02 1.560927425362e-02 3.912109916168e-02
4.289451805183e-02 1.701476801429e-02 -8.758172178327e-02
3.019675187734e-02 -7.901746923673e-02 -4.737505389422e-02
-3.638688643141e-02 1.069726098965e-02 -4.314583529319e-02
-3.831197256549e-02 5.399343221548e-02 2.483751267203e-02
2.038736066336e-02 -2.263119901548e-02 4.440928232143e-02
6.085533497117e-02 -8.180666644009e-02 -2.073048843225e-03
-1.786150797635e-03 1.363014288578e-03 -9.744324367407e-03
-1.971076269977e-02 3.272524748858e-02 5.950247062605e-02
5.203368195329e-03 -6.640424550544e-02 7.185680996452e-02
6.856449969742e-02 1.449559275611e-02 -1.029018326945e-01
4.407990229654e-02 -1.864336137041e-02 -9.278678402844e-02
5.496804014106e-02 1.397421151148e-01 -4.184083921596e-02
-3.571028846783e-02 2.079130946276e-02 6.076591765429e-02
1.558295182036e-01 -7.746829078330e-02 -1.830732781690e-01
4.559160379754e-02 1.745772741013e-01 -1.481356845279e-01
-3.337376321387e-01 7.563686800044e-01 -8.958578460255e-02
4.764878251556e-02 -1.320867258333e-01 1.472504342385e-01
-5.652471926928e-03 -1.629300283673e-02 9.111853609271e-02
-1.828713417563e-02 -1.300573304020e-01 -3.536483468578e-02
Mode 11
-3.835159895895e-02 1.073529758411e-02 9.063061427063e-02
3.869797237131e-02 4.643590644092e-02 -2.112282006173e-02
1.636937671274e-02 8.114917105261e-03 -3.265258988826e-02
-6.953511719503e-02 -4.497168693167e-02 1.193415889420e-01
-4.875442805467e-02 -1.324121318133e-01 3.146479133444e-02
-9.706174976060e-04 -3.047609417557e-02 1.643975624745e-02
1.941234995212e-03 6.095218835113e-02 -3.287951249489e-02
-6.038617508349e-02 -7.203646049079e-03 -4.125066475083e-02
-7.714155160205e-02 -1.157479018107e-01 -1.231276747287e-02
6.685418031045e-02 -8.342459578337e-03 -2.368379072703e-02
1.033961509394e-01 4.327548207172e-02 -2.316179229614e-02
-4.718059446526e-03 8.164229259322e-02 -8.007668808824e-02
-7.967473296025e-02 5.849173884151e-02 1.767219664190e-01
-5.530559336348e-02 7.257362495968e-02 1.434376530166e-01
-6.500834696329e-02 -1.214699809102e-01 8.728664595900e-02
2.171168024451e-02 -1.002224853374e-01 -3.852345225637e-02
-1.245701685568e-01 1.089742086761e-01 2.433246698326e-01
1.396729615567e-03 -2.125096888307e-01 2.265782012892e-01
-2.117436927098e-01 6.676586414634e-01 1.424659505874e-01
-4.590225811138e-02 8.746557691337e-02 -7.171300827247e-02
5.361873769159e-03 1.066282930200e-01 -1.913155964299e-01
-7.994185358569e-02 8.783680407921e-02 -2.437203098707e-02
Mode 12
1.565315235570e-02 -4.523726599921e-02 -7.077124123715e-02
-1.410838794197e-01 -1.597715970570e-02 -3.794824548818e-02
1.357298202404e-02 -6.425629741309e-02 3.983594359037e-02
-1.149623306864e-02 -2.744200705878e-02 7.010544111421e-02
2.558150409266e-03 1.994956630242e-01 1.717370958802e-02
3.211450934023e-02 4.292494405999e-02 2.064237067982e-02
3.112774298149e-02 -9.179950969253e-02 1.978291456938e-03
9.185147128741e-03 -2.969116037179e-02 -5.836785759292e-03
1.520014132916e-02 1.480214060669e-01 7.656307827238e-03
4.415573370720e-02 -4.284442799343e-02 -3.824417693536e-03
1.512821721344e-02 -1.037334477184e-01 3.241738485177e-03
-4.724272655367e-02 6.080850365837e-02 -2.388410916500e-02
2.961213418555e-02 -9.064224755904e-03 -2.722060503647e-02
4.253199577834e-02 -1.444047955877e-01 -1.921933514625e-01
1.298816658851e-01 8.917198349386e-03 -1.229782259254e-02
5.064432858884e-03 -2.447108856819e-02 1.495844822971e-01
-1.493776618377e-01 -4.232617442107e-02 8.303498722087e-02
-2.549484129195e-02 -1.068731829334e-01 9.234790651213e-02
-2.953102017691e-01 7.214323157972e-01 -9.125403253828e-02
-7.153261336352e-02 1.332428868029e-01 -1.221859989598e-01
-3.801795303147e-02 7.437547791794e-02 -9.551399652289e-02
-9.503386578192e-02 1.241110505432e-01 1.271416984613e-01
Mode 13
1.124916859927e-02 -1.149204885349e-01 -1.515478060571e-01
9.168998267609e-03 -1.339395199487e-01 -4.094062122962e-02
-6.823085376994e-02 4.914458757772e-02 -8.324277809901e-02
-5.832948228416e-02 7.280561031039e-02 -5.096091250942e-02
-7.811949777085e-02 1.901458853625e-02 1.401277613138e-01
1.256454938111e-01 -4.919797855358e-03 1.199541807276e-01
1.385056728543e-01 -1.181094248717e-02 -9.887709656301e-02
-6.630576763586e-02 5.848416351893e-03 -1.512261260642e-01
-1.745227083411e-01 1.868918255626e-02 2.434211840980e-02
6.347316792996e-02 -1.076042961586e-02 6.895919160936e-02
-4.878181288193e-02 2.045340135406e-01 4.781393141053e-02
2.823203934981e-02 -7.897943264227e-02 8.640139566960e-02
6.224275847811e-02 -1.771300430763e-01 -2.516958220886e-01
1.470601239042e-02 -1.367035851204e-01 -1.552284220586e-01
-1.122280318930e-03 1.792603907048e-02 -1.614849764224e-01
-6.700584313177e-02 5.674459282438e-02 -1.542409419428e-01
1.293366745867e-01 1.221285774616e-01 -5.793647533339e-02
-2.083441156920e-01 6.364352204758e-02 -1.376307798346e-01
-3.838240516247e-02 2.369641070523e-01 3.275283238788e-01
3.826892479578e-02 -2.079689027326e-01 2.615041584587e-01
2.160894992527e-02 -1.257485296546e-01 1.939596880098e-01
1.315596875498e-01 -1.767414684701e-01 -1.617235355007e-01
Mode 14
3.110470378793e-03 -7.895430061053e-02 -7.318841021039e-02
5.012078980548e-03 -6.126024689076e-02 -4.027482110668e-02
-2.168820271219e-02 3.923226039184e-02 -6.237348481256e-02
-1.402208575564e-02 -1.844095092908e-02 1.231394024668e-01
4.203935835834e-02 5.595741847073e-03 -4.797270079952e-02
-3.638688643141e-02 1.069726098965e-02 -4.314583529319e-02
-4.025320756070e-02 -6.958756135651e-03 5.771702516693e-02
4.974510170834e-02 -8.819334842476e-03 7.174708488129e-02
9.442577055780e-02 6.832418883241e-03 -6.090312534571e-03
-2.087266941216e-02 7.393151927694e-03 -3.618940419770e-02
-2.874082563094e-02 1.247316105001e-01 2.271541952305e-02
1.465905732577e-02 -1.472313522918e-02 4.656545207923e-02
3.272260456435e-02 -8.801852536643e-02 -1.004090152469e-01
8.390108323552e-04 -9.282933340973e-02 -7.471285645408e-02
-5.589368001144e-03 -3.402509315095e-02 -7.557150257482e-02
-1.677543267463e-02 6.316330506969e-02 -9.071373518521e-02
-3.011407495073e-01 3.171410789724e-01 4.484816440106e-01
1.702870221858e-01 -4.191994350551e-01 4.130062514353e-01
-4.479815167093e-03 -4.548215591264e-02 -1.697389311549e-01
-1.153585946209e-02 -7.070014169014e-02 1.358985427128e-01
2.562057704207e-03 -7.646025738409e-02 1.017215065809e-01
9.586554794308e-02 -5.170179943037e-02 -6.585378237607e-02
Mode 15
1.555235189397e-03 -3.947715030526e-02 -3.659420510520e-02
-1.432883277454e-02 -3.235402032274e-02 -1.216149334066e-02
4.357111601541e-02 2.710881648740e-02 1.633003116422e-02
1.008702982524e-01 5.227653820142e-02 2.987216905651e-02
-2.628583006244e-03 -1.652498818744e-02 2.855171016188e-01
-7.269744044891e-04 1.169065532327e-03 3.184306907225e-01
1.638210419762e-02 1.645940796466e-03 2.229998151142e-01
-1.060609389629e-01 7.658730995230e-03 1.539234259814e-01
-8.143740622555e-02 -1.135471815502e-03 6.608070498270e-02
2.404966509299e-02 6.637793033301e-03 -4.242376142123e-01
-7.999762884028e-03 -5.966969012911e-03 6.317235141198e-04
5.728303337589e-03 -7.908063786294e-03 -2.156169757804e-03
9.439540269305e-03 -5.256724930070e-02 -6.039519335562e-02
5.381929925232e-03 -6.507926781132e-02 -7.166396396671e-02
2.209768005033e-02 2.068533189673e-04 -3.480875964607e-02
3.952965453247e-02 1.188451575537e-01 4.016509602345e-02
4.457661243187e-01 -7.766113837567e-02 -1.541470401794e-01
-1.767349712567e-01 2.630379798511e-01 -2.284201634943e-01
1.198721652664e-01 -1.990394769142e-01 -2.037497254577e-01
7.514454135225e-03 -9.271078074872e-03 7.588154609603e-03
1.786150797635e-03 -1.363014288578e-03 9.744324367407e-03
5.728303337589e-03 -7.908063786294e-03 -2.156169757804e-03
Mode 16
-1.479799266221e-02 5.665629216643e-02 3.116222025340e-02
2.274149437296e-02 1.884774389322e-01 -3.062010441642e-01
1.219053805334e-01 -5.803999560912e-02 -1.125630361473e-01
2.732452577798e-02 -1.271876171321e-01 -6.384888675048e-02
-9.670455877544e-03 1.445311328401e-02 1.405666388301e-02
5.843761141709e-03 1.114900422205e-02 2.101309497850e-02
5.728303337589e-03 -7.908063786294e-03 -2.156169757804e-03
-1.778567656569e-02 -1.057092373724e-02 -8.480877339167e-03
-1.718491001277e-02 2.372419135888e-02 6.468509273412e-03
0.000000000000e+00 0.000000000000e+00 0.000000000000e+00
-3.217761326601e-02 -2.519285374576e-02 1.460476679877e-01
-6.755767718261e-02 -5.147869983493e-02 2.412175443806e-01
-2.535441443676e-02 2.859191887514e-01 3.217256147284e-01
-3.886038524008e-02 5.648747544192e-02 1.997474294633e-01
-9.082608413527e-02 -3.465045928143e-01 9.229821193295e-03
1.419859941778e-01 -9.458426401826e-02 -2.034546496334e-01
7.983614022896e-03 -9.828139056404e-02 -3.573555898445e-02
-6.305978329688e-02 -2.257563770816e-01 -8.159363907515e-02
-8.551596934867e-04 -1.141902616722e-02 3.960902098375e-02
-5.874238099856e-02 -7.735083928616e-02 2.667699014813e-01
-7.165491392014e-02 -1.072488529769e-01 2.957418753681e-01
3.608506612475e-03 -7.018522983154e-02 1.742441166683e-01
Mode 17
-1.288905538926e-02 -9.088823863635e-02 -7.192496318215e-02
-2.947319884911e-02 -3.286893218134e-02 -5.050706729616e-02
2.258553429611e-01 1.415110514499e-01 8.101843230696e-02
2.401841757356e-01 1.738650717727e-01 9.317992564761e-02
3.881343017543e-02 6.549297444926e-02 2.046444674573e-03
-9.001445813018e-02 -1.023877808701e-01 -4.913389518469e-02
-1.019005982996e-01 4.569679382300e-02 -6.729094367363e-02
-1.252991203987e-01 6.209100188039e-02 -5.044638651869e-02
-9.910029631593e-02 -1.578879120669e-01 -5.523168015943e-02
-3.698509446837e-04 3.819020920561e-03 3.138914286002e-02
-2.032767811382e-02 -1.058182271845e-01 9.449248543145e-03
-2.258298879913e-02 -1.544490040675e-02 4.302863776979e-02
3.056660282203e-02 -8.283649015729e-02 -7.876419675424e-02
1.027855110166e-02 -1.453965827104e-01 -1.351080498097e-01
4.501089340069e-02 -3.142540182621e-02 -4.343343867728e-02
2.209910195069e-01 4.303250855029e-01 2.146701890906e-01
1.563760010206e-01 2.440458587266e-01 1.696707551207e-01
2.838149743006e-01 7.252446206008e-02 1.633684876764e-01
1.084509007481e-02 4.410005968083e-03 3.372876159432e-01
-2.601684097665e-03 3.320212275272e-02 -3.592840498226e-02
-1.852537845506e-02 -2.932881896123e-03 5.429740838088e-02
-1.078000871159e-02 2.591017604569e-02 1.082240924631e-01
Mode 18
7.999762884028e-03 5.966969012911e-03 -6.317235141198e-04
-1.064107337515e-02 -1.602298089156e-02 3.049642013046e-02
5.789994878995e-02 5.946283681014e-02 2.849152450487e-02
2.576670125773e-01 -1.054329942921e-01 5.090770417211e-02
4.332795884098e-02 -3.912095995145e-01 1.943546321412e-02
-7.641308567882e-02 3.178085612790e-01 -2.363807764650e-02
-7.964392675673e-02 -1.677370706266e-01 -6.017574318916e-02
-1.352562671391e-01 -1.090765150606e-01 -5.203898598001e-02
-1.042987516163e-01 4.539591979463e-01 -4.053167910720e-02
1.287290652813e-02 -1.336012094060e-02 3.682112771182e-02
-1.097129792638e-02 3.105417466037e-02 -3.907538608115e-03
1.015576462635e-02 7.849338037725e-04 -2.227654200674e-02
1.182645761986e-02 -1.963514849315e-02 -3.570148237563e-02
1.182645761986e-02 -1.963514849315e-02 -3.570148237563e-02
2.508536395381e-02 6.743406922264e-02 4.834337946497e-03
5.566078696577e-02 2.540845231648e-01 9.717474920185e-02
3.728661436043e-01 -2.080243576791e-02 9.294136656928e-02
3.064811231815e-01 -1.014702886787e-01 7.330144370225e-02
-1.134114887106e-02 3.487319558093e-02 2.748160425191e-02
-6.213612086392e-03 -7.329983301489e-03 1.037604788153e-02
3.942152539954e-03 -6.545049497716e-03 -1.190049412521e-02
3.403959547431e-02 -3.712271658379e-04 -4.734097728540e-02
Mode 19
-4.057610344073e-03 -1.251201851063e-02 -1.126877061109e-02
0.000000000000e+00 0.000000000000e+00 0.000000000000e+00
2.578543944972e-02 1.653789275016e-02 7.849153825048e-03
1.562967482337e-02 1.575295894638e-02 3.012569583179e-02
-9.670455877544e-03 1.445311328401e-02 1.405666388301e-02
-1.872890923603e-02 -3.779931632667e-01 -8.390261167811e-03
-6.399988406178e-03 5.432568798210e-01 -1.519877217293e-02
-2.187167733709e-02 -5.075355818101e-01 -5.409521898079e-03
-8.357372262521e-03 3.780563318929e-01 -1.742309514837e-02
1.551421701925e-02 -3.304109061961e-03 6.956431095483e-03
-2.271459546438e-03 -1.387503279920e-02 -1.524446243684e-03
0.000000000000e+00 0.000000000000e+00 0.000000000000e+00
3.942152539954e-03 -6.545049497716e-03 -1.190049412521e-02
1.670692993516e-03 -2.042008229692e-02 -1.342494036889e-02
5.728303337589e-03 -7.908063786294e-03 -2.156169757804e-03
2.232859565857e-02 3.832098933565e-02 1.152976982654e-02
8.427000593146e-02 6.047485079468e-03 1.618622947217e-02
-3.972827241844e-02 5.153742558350e-02 -1.629595455540e-02
3.795287166826e-02 -1.046956599317e-01 -3.499977118834e-01
0.000000000000e+00 0.000000000000e+00 0.000000000000e+00
0.000000000000e+00 0.000000000000e+00 0.000000000000e+00
1.786150797635e-03 -1.363014288578e-03 9.744324367407e-03
Mode 20
-1.910266747565e-02 -9.821822193784e-02 -6.154891530063e-02
5.089428093585e-02 2.298173702721e-02 -8.821344529739e-02
-1.897106081040e-02 2.508720564746e-02 -3.275815093995e-03
-2.134628322868e-01 3.753336450295e-01 5.057938454534e-02
-4.325704032531e-02 -1.784343316163e-01 -1.702990789597e-02
2.545521489849e-02 6.361504830208e-02 -2.655480491353e-02
3.448527782966e-02 -2.839131470942e-02 1.023224618948e-02
6.205686807701e-02 -1.321643624784e-02 2.782572438193e-02
4.287104051950e-02 7.800499295989e-02 1.331521528566e-02
0.000000000000e+00 0.000000000000e+00 0.000000000000e+00
6.237094376710e-02 -1.645419513767e-01 2.712584765018e-02
-3.322406217428e-02 -3.146788129830e-02 7.352505790025e-02
-2.854220774496e-02 -4.565097263714e-02 -1.153721945009e-03
-2.281390440737e-02 -5.355903642344e-02 -3.309891702813e-03
-4.251733843595e-02 -1.860723734574e-01 -7.980819361602e-02
3.754770620114e-03 -2.773569712913e-01 -3.948432820357e-02
-3.391189610400e-02 3.996325751594e-01 2.106628049919e-02
-7.950740719648e-02 5.010112214665e-01 8.465416803423e-02
4.329548704672e-04 -2.155111123479e-02 -1.980791815276e-01
-9.630829484086e-03 5.771124791537e-02 -5.173643771559e-02
-2.242790460155e-02 4.687030223296e-02 4.048009074928e-04
-1.403549275778e-01 3.090604708997e-02 2.558228108631e-01
Mode 21
1.110290459163e-02 9.225125292493e-02 6.218063881475e-02
-5.900950162400e-02 -4.800577404846e-02 6.567590407520e-02
1.580823655327e-02 1.707793664050e-02 -1.133950780994e-01
2.994578011303e-02 5.457595557792e-02 -2.133652158300e-01
-1.901608601755e-03 -1.769405371977e-02 -3.291358910371e-02
2.228896926511e-02 -4.937145295710e-03 7.732287142514e-02
3.151374278731e-02 8.629828963861e-03 5.692984067244e-03
-1.421337497042e-02 -1.329695231440e-02 1.100777139565e-02
-3.712658832078e-02 1.833530283078e-02 1.963245042686e-02
-1.786150797635e-03 1.363014288578e-03 -9.744324367407e-03
3.339920252793e-02 -7.792447689333e-02 3.502737700622e-03
-8.854922577514e-03 -1.738599518013e-02 4.024074449787e-02
2.854220774496e-02 4.565097263714e-02 1.153721945009e-03
2.102775360973e-02 5.492205071201e-02 -6.434432664594e-03
5.278856086641e-02 2.059143752695e-01 8.070091634558e-02
1.786150797635e-03 -1.363014288578e-03 9.744324367407e-03
-2.331809236577e-01 5.732974770406e-01 2.460826277107e-01
1.399297872972e-01 -5.612667766718e-01 1.113519646501e-01
-9.363708858643e-03 2.836618267768e-02 1.493575596905e-01
-1.324275747281e-02 1.717914186117e-02 -5.431984851799e-03
-9.670455877544e-03 1.445311328401e-02 1.405666388301e-02
-6.833358408919e-02 2.361854326058e-02 1.492403621671e-01
Mode 22
-3.942152539954e-03 6.545049497716e-03 1.190049412521e-02
-2.221313785445e-02 -1.926392132731e-02 1.163949490977e-02
1.030262999948e-01 4.709450299228e-02 8.227350563889e-03
-4.308580726661e-02 -1.187076939962e-02 -2.454990928794e-02
-4.215481616246e-02 -2.465280985542e-02 2.480343606322e-02
-6.098154282273e-03 1.172708470685e-02 3.354531261783e-02
-5.843761141709e-03 -1.114900422205e-02 -2.101309497850e-02
-1.287290652813e-02 1.336012094060e-02 -3.682112771182e-02
1.669960126397e-02 -3.896223844666e-02 1.751368850311e-03
2.935774104499e-02 1.381186417300e-02 2.733780255986e-02
-1.551421701925e-02 3.304109061961e-03 -6.956431095483e-03
-1.786150797635e-03 1.363014288578e-03 -9.744324367407e-03
1.588406796394e-02 -7.123129982521e-03 -2.443271176454e-02
9.554998073424e-03 -3.351018129235e-02 -3.722592861932e-02
3.092912509552e-02 7.858307344469e-02 2.584743292500e-02
9.910029631593e-02 1.578879120669e-01 5.523168015943e-02
-8.081316214031e-02 -2.783058166497e-02 -1.986684547365e-02
-1.535272524536e-01 -1.348854858856e-01 -5.229998519546e-02
2.996456513497e-03 -3.534630506112e-02 -9.291079915526e-01
7.514454135225e-03 -9.271078074872e-03 7.588154609603e-03
-2.641310491122e-03 -1.005601187864e-02 2.986469661634e-02
3.188359373199e-02 4.810808043301e-03 -2.569615879278e-02
Mode 23
-1.205737322810e-02 -1.847898752354e-02 -1.063704709697e-02
-2.124252035684e-02 1.121217284825e-02 -4.800261337679e-03
2.239141079659e-01 8.055886309878e-02 1.138979448018e-01
-1.469276405614e-01 -2.712616392775e-02 -5.896134046668e-02
-4.201588082601e-02 -6.658596679266e-02 -5.292423626941e-02
3.366974452963e-02 3.447793754723e-03 -1.595183442537e-02
4.881411060420e-02 3.962705613323e-03 2.239373953013e-02
7.362893255631e-02 -9.975495812087e-03 4.668264960263e-02
-1.555235189397e-03 3.947715030526e-02 3.659420510520e-02
-2.135797816096e-02 -7.844895160089e-03 -2.796952607398e-02
-6.994117315692e-02 2.630653524327e-02 -4.024736131511e-03
8.551596934867e-04 1.141902616722e-02 -3.960902098375e-02
2.722521683500e-02 -4.199632556345e-02 -5.191431601645e-02
3.110470378793e-03 -7.895430061053e-02 -7.318841021039e-02
4.238573177070e-02 6.276694587210e-02 2.153509340939e-02
2.022185765825e-01 2.850297080132e-01 1.875252325286e-01
-3.795973621618e-01 -2.102623137753e-01 -1.445531115047e-01
-2.307681129986e-01 -1.654420961278e-01 -5.267818193430e-02
-6.327092453081e-03 2.166522101817e-02 5.994085302190e-01
4.464104245600e-02 -2.760638090565e-02 -1.204429581726e-02
-9.340231326317e-03 -3.262404226792e-02 4.846062262159e-02
1.039049372206e-01 -2.476695786091e-03 -1.322786074888e-01
Mode 24
4.896621176429e-03 -8.031731489911e-02 -6.344408584299e-02
6.318256977219e-02 7.957486056743e-02 -3.123786872781e-02
-5.617690191810e-02 -4.309376078449e-02 1.479428385301e-01
3.668090596543e-02 9.684784712806e-03 -7.720567390174e-02
3.458800814890e-02 -2.865270392282e-03 -2.222508940767e-01
1.495293246591e-01 -6.075958824968e-03 9.488974544894e-02
1.290265061916e-01 -2.501827817836e-03 2.731119839121e-02
-2.398847573879e-01 5.286582143560e-03 1.781217426992e-01
-1.189861993694e-01 -1.577030638674e-02 -7.275700513425e-02
-2.156001742319e-03 5.182035209139e-03 2.164481849262e-02
-3.485512877434e-02 3.221033562998e-02 2.115689667055e-02
1.852537845506e-02 2.932881896123e-03 -5.429740838088e-02
-5.409673158644e-02 -2.407472937061e-02 3.733565370255e-02
-2.246753099501e-02 3.612167601594e-03 6.619790250609e-02
-8.765983850188e-02 -2.779523992165e-01 -9.464785514537e-02
-6.157498070446e-02 -8.226285255013e-02 1.845029670264e-01
-3.992919760004e-01 -7.328870670974e-02 -4.994680540830e-02
4.762388170114e-01 8.346327124940e-02 1.706765113421e-01
-8.203779583687e-03 5.646005910561e-03 -3.671523125595e-01
3.046729387904e-02 2.354801411317e-03 -6.682962602021e-02
1.458322591510e-02 9.477931393839e-03 -4.239691425567e-02
4.240920930302e-02 1.776720926512e-03 -7.936184365954e-02
Mode 25
1.063374470396e-02 1.812615654141e-01 1.055043524088e-01
-9.947014726062e-02 -1.540688911464e-01 -2.384253729941e-02
1.397903660420e-01 -1.326603634405e-01 -1.160167295422e-01
-3.715006585310e-02 7.932552777637e-02 1.205293874958e-01
1.730036781689e-02 -4.667123350538e-03 1.670075546289e-02
6.825775267852e-02 5.825233624412e-04 -2.382027285020e-01
1.391822708179e-01 -1.716894014063e-03 5.034656384472e-03
-1.636145143405e-01 5.367098210117e-03 1.949396956854e-01
-5.502772269059e-02 -1.129268891481e-02 -1.201769164861e-02
0.000000000000e+00 0.000000000000e+00 0.000000000000e+00
-3.269912703202e-02 2.702830042084e-02 -4.879218220716e-04
-2.875697449207e-02 2.048325092313e-02 -1.238841594728e-02
6.962709746682e-02 1.250189798856e-01 4.724612863267e-03
4.036866536482e-02 2.601582414399e-02 -3.454776043062e-02
1.114047340134e-01 3.187293951841e-01 1.473110921993e-01
1.508086190331e-01 -2.856949879920e-01 -3.139030650720e-01
3.559752531256e-01 2.330380129344e-02 -2.094163335224e-02
-1.960396779945e-01 2.244850051648e-01 -4.555136779473e-02
2.543931405645e-04 -2.287608892890e-02 -5.455840759633e-02
7.611515884985e-02 -6.223468657315e-02 5.944178984858e-02
-4.520560399172e-02 -7.414793544486e-02 1.518503771382e-01
1.572854444500e-01 -3.175414951995e-02 -2.077329125402e-01
Mode 26
-1.935706061622e-02 -7.534213300894e-02 -6.990507704301e-03
2.947319884911e-02 3.286893218134e-02 5.050706729616e-02
-9.108829186571e-02 2.282833369312e-01 -1.053073651961e-01
-4.075466517064e-02 -1.264451628004e-01 3.083306782032e-02
-1.502890827045e-02 1.854215614974e-02 -1.517630921921e-02
5.650712646932e-02 -3.983394767431e-03 -1.135388797915e-01
8.999830926905e-02 -1.860578706825e-03 1.403005971436e-02
-7.823495557497e-02 -4.247947209674e-05 1.169584965775e-01
-3.724204612490e-02 -7.217651775676e-04 -3.536814309440e-03
0.000000000000e+00 0.000000000000e+00 0.000000000000e+00
1.392057483503e-01 -6.270711895965e-02 -9.586228068446e-02
-4.460483743880e-02 -3.985282034874e-02 1.667997637508e-01
4.180396819387e-03 -1.336694980036e-01 -1.015627371919e-01
-1.143312914285e-02 -4.517409737300e-02 -9.658459755332e-02
2.092844466675e-02 1.401133422806e-01 5.500138069435e-03
-9.197083638647e-02 5.538104561179e-01 -4.934920413622e-02
9.724955007377e-02 -2.577425119523e-01 -9.492798608930e-02
-2.539719245068e-01 -4.347455079929e-02 -1.442505632403e-01
7.884305079908e-03 -1.309009899543e-02 -2.380098825042e-02
-1.246225224351e-01 7.218505035349e-02 5.346536642879e-02
-1.141698028172e-02 5.907426220395e-02 -6.148076208299e-02
-2.465313243448e-01 1.950771007686e-02 3.865769721082e-01
Mode 27
-8.946902849308e-03 -9.743328813407e-02 -8.382545730736e-02
3.737365279015e-02 1.240271927629e-01 6.180991451607e-02
-4.788311950005e-02 -1.674474606912e-02 2.695960582102e-02
3.083714482372e-02 -1.464219509243e-03 -9.821876888024e-02
-3.551899925305e-02 1.564731084808e-02 1.728975487255e-01
-5.399400126720e-02 1.451314946527e-03 -1.951474865636e-01
8.876057114600e-02 -2.991607644692e-03 -1.706241814443e-01
1.760711483579e-02 9.245946043127e-03 1.520016512704e-01
-3.347845531485e-02 -8.591792369401e-03 1.280834654966e-01
-3.572301595270e-03 2.726028577155e-03 -1.948864873481e-02
-6.499219810215e-02 -1.722162133326e-02 1.223904814293e-01
8.396325891256e-02 -7.865584314197e-03 -1.191146663353e-01
-3.775083240603e-02 4.503041268024e-02 1.055800008832e-01
-2.738030103257e-02 -2.031887707626e-02 9.453815287875e-02
-6.020370605865e-02 -2.818345887633e-01 -1.002236416892e-01
-5.192800235924e-02 -3.572574088854e-02 2.713432402124e-01
2.757878265893e-01 4.035036384011e-01 1.803493512666e-01
-1.746269301791e-01 -4.415623903829e-01 -5.028012187293e-02
1.829446284682e-02 -3.518125412056e-02 -1.006359378535e-01
1.580823655327e-02 1.707793664050e-02 -1.133950780994e-01
7.157566113323e-02 2.073258371419e-02 -1.641556721709e-01
-2.518467289680e-02 1.775722234597e-02 7.100232787531e-03
Mode 28
3.401611794198e-02 6.061899777975e-02 5.355595978353e-02
-1.277359758514e-02 -7.183117062801e-02 -4.875569844585e-02
-7.184229583998e-03 -3.780607747705e-02 2.681580412897e-02
2.098812721628e-02 1.166391608065e-02 5.935866893401e-02
-1.693051687220e-02 8.481024299774e-04 -4.808989832291e-02
-1.174417142274e-01 -7.262080552036e-04 2.471981318319e-01
-2.722719427243e-02 -6.055946764549e-03 -5.602874310573e-01
1.583969747214e-01 4.841060046370e-03 3.103014059535e-01
-1.353677700684e-02 -3.202903841295e-03 1.149195243431e-01
-5.358452392906e-03 4.089042865733e-03 -2.923297310222e-02
6.763350859328e-02 2.727763321191e-02 -1.522551780457e-01
-1.034196284718e-01 1.771474287387e-02 1.240587293651e-01
-3.413157574610e-02 -7.967606578810e-02 -7.672522451983e-02
2.259913766026e-02 1.196932599837e-01 -7.924802299460e-03
-2.755544138622e-02 8.907348111538e-02 1.751035727788e-02
-4.503292699419e-03 1.550806903295e-02 -6.884199408597e-02
-2.045135136612e-01 -2.379145158668e-01 -8.815274170330e-02
2.818698320104e-01 2.875281941172e-01 1.117002031784e-01
5.728303337589e-03 -7.908063786294e-03 -2.156169757804e-03
4.353148962195e-02 -1.614931814396e-02 8.212313276281e-02
-8.615888704833e-02 -3.021051510803e-02 2.065525864266e-01
8.273824827439e-02 -1.546558956086e-02 -4.811650249157e-02
Mode 29
5.118487909362e-02 -6.735355315608e-02 1.198361503979e-02
-8.584380575818e-03 6.398627546792e-02 2.078617237187e-02
1.271782233055e-02 -7.567532358031e-02 7.944496457412e-02
1.279707511747e-02 1.084094568242e-02 -5.214123862308e-02
-1.052561557103e-02 3.034087116788e-03 5.366568486676e-02
-6.774752245857e-03 1.633036233750e-03 -7.036644032965e-02
1.693051687220e-02 -8.481024299774e-04 4.808989832291e-02
-5.358452392906e-03 4.089042865733e-03 -2.923297310222e-02
-1.015576462635e-02 -7.849338037725e-04 2.227654200674e-02
0.000000000000e+00 0.000000000000e+00 0.000000000000e+00
5.796305271573e-02 4.173074649592e-02 -1.381985141627e-01
-1.575921914689e-01 1.784108012628e-02 7.243201673271e-02
-1.738314530351e-01 -3.016939380157e-01 -1.437476737212e-01
-5.425463613630e-03 2.977770535883e-01 5.290926857247e-02
-1.425001792726e-01 -1.843316633769e-02 -7.908171271561e-02
2.113453708538e-04 -1.768515594460e-01 2.317832635344e-01
2.818850566141e-02 1.537183531347e-01 6.764670027536e-02
4.567134250314e-02 -1.255797129301e-01 2.537447879987e-02
2.525852687003e-03 -9.001056129699e-03 -5.303396135264e-02
2.705037140883e-01 -5.133391397828e-02 -6.702663604956e-02
-1.847684758018e-01 -1.409077187344e-02 5.347542056851e-01
2.919409450361e-01 4.302725044453e-02 -1.706433131728e-01
Mode 30
1.403838039238e-01 6.687333617819e-02 3.493342960963e-02
-3.591772654374e-02 -7.831305149952e-02 -8.646954888724e-02
-3.571028846783e-02 2.079130946276e-02 6.076591765429e-02
-5.728303337589e-03 7.908063786294e-03 2.156169757804e-03
-1.994167830801e-02 -5.388888528106e-03 1.316394115345e-02
3.698509446837e-04 -3.819020920561e-03 -3.138914286002e-02
1.157206447930e-02 3.240940435756e-03 1.885692522069e-02
0.000000000000e+00 0.000000000000e+00 0.000000000000e+00
-3.942152539954e-03 6.545049497716e-03 1.190049412521e-02
0.000000000000e+00 0.000000000000e+00 0.000000000000e+00
-2.172782910564e-02 -4.025874239528e-03 3.419616786043e-03
6.027071727937e-02 -1.185342195926e-02 1.808140001453e-02
-2.891533705374e-01 -2.401429800257e-01 -7.294982831545e-02
3.064001845649e-02 6.036438922500e-01 2.327557531367e-01
-2.629584537495e-01 -1.841659735647e-01 -1.622829189490e-01
-4.847506586303e-02 2.184470829343e-01 1.831148272180e-01
-5.896987523054e-02 -4.747639417096e-03 -1.171975233964e-04
-2.627074819852e-02 -3.177593983794e-02 3.707242986751e-04
3.942152539954e-03 -6.545049497716e-03 -1.190049412521e-02
-1.482519601425e-01 5.046512239420e-02 2.397139411112e-02
8.154013654480e-02 2.666151613264e-02 -2.985638452488e-01
-1.594179686600e-01 -2.405404021650e-02 1.284807939639e-01
Mode 31
-1.390320657527e-02 1.113334529650e-01 -7.423990232895e-02
2.934159218386e-02 -9.043649540396e-02 -7.766032910469e-03
-3.619559721663e-02 5.553262374976e-03 6.898579577802e-02
-1.786150797635e-03 1.363014288578e-03 -9.744324367407e-03
-1.815552751037e-02 -6.751902816683e-03 2.290826552086e-02
-5.358452392906e-03 4.089042865733e-03 -2.923297310222e-02
1.157206447930e-02 3.240940435756e-03 1.885692522069e-02
1.194191542398e-02 -5.780804848052e-04 -1.253221763933e-02
-1.015576462635e-02 -7.849338037725e-04 2.227654200674e-02
0.000000000000e+00 0.000000000000e+00 0.000000000000e+00
3.464036202723e-02 3.392388793029e-02 -3.239159067282e-02
-5.075534559941e-02 -6.491489396445e-02 1.048577296476e-02
1.128137051952e-01 4.864239863387e-01 3.244453319660e-01
1.050356203209e-03 -2.696808928558e-01 1.570704070803e-01
4.536850277918e-02 -4.154487027320e-01 -2.537862001480e-02
-3.892006778961e-02 1.849369016419e-01 1.458888985987e-01
-6.469817856813e-02 3.160424369198e-03 2.038972234407e-03
1.275744872401e-02 -3.241718894895e-02 1.365186297552e-02
3.698509446837e-04 -3.819020920561e-03 -3.138914286002e-02
1.867224382819e-01 6.857398391578e-02 -3.119813131776e-01
-5.804621279759e-02 1.477089046497e-01 1.852369203670e-01
1.628279525463e-02 8.683723236508e-02 2.349343858482e-01
Mode 32
2.038736066336e-02 -2.263119901548e-02 4.440928232143e-02
-1.908651861452e-02 6.030137639116e-03 -2.644507983030e-02
-2.116375348862e-03 4.844016984050e-02 -4.414828310598e-02
-1.242722417278e-02 -1.465996660298e-02 2.075209576305e-02
1.015576462635e-02 7.849338037725e-04 -2.227654200674e-02
5.358452392906e-03 -4.089042865733e-03 2.923297310222e-02
-1.157206447930e-02 -3.240940435756e-03 -1.885692522069e-02
-1.194191542398e-02 5.780804848052e-04 1.253221763933e-02
1.015576462635e-02 7.849338037725e-04 -2.227654200674e-02
0.000000000000e+00 0.000000000000e+00 0.000000000000e+00
1.094782039405e-02 2.993605028522e-02 1.048044756770e-01
-2.851873021263e-02 -1.066411975827e-01 -1.020506590139e-01
-7.377668808269e-02 -2.175782913502e-01 -1.400595852796e-01
7.240004838587e-03 1.853125716854e-01 -5.750507025724e-02
-4.446980939729e-02 1.941699431223e-01 4.524294425291e-03
5.051705374005e-03 -1.800211225940e-02 -1.060679227053e-01
3.436982002554e-02 -4.744838271776e-02 -1.293701854682e-02
-5.178564564654e-02 3.305843805996e-02 -2.693300165237e-02
-3.698509446837e-04 3.819020920561e-03 3.138914286002e-02
3.591918751999e-01 8.059288088580e-02 -5.471617533609e-01
-6.978069014566e-02 2.473913460967e-01 3.450046045479e-01
6.161658453535e-02 1.735732595095e-01 3.619056784487e-01
Mode 33
6.413703840867e-02 5.802595166040e-03 -8.278146044559e-02
-5.040897218705e-02 -7.743689939423e-03 7.999356717366e-02
4.952396431018e-03 6.718917930921e-02 -9.413335197126e-02
-3.009744293436e-02 -6.173822331878e-03 3.544048316019e-02
3.761189706958e-02 -3.097255742993e-03 -2.785232855058e-02
1.298836433225e-02 5.696947067739e-03 5.999039244813e-02
-2.708628149855e-02 6.316862620492e-05 -2.581335631618e-02
-2.388383084796e-02 1.156160969610e-03 2.506443527866e-02
5.613727552464e-02 -1.643738468706e-04 -8.214973693147e-02
1.786150797635e-03 -1.363014288578e-03 9.744324367407e-03
4.065926352259e-02 -6.431946603930e-02 6.564929990655e-02
-4.460141606255e-02 7.086451553701e-02 -5.374880578134e-02
-1.585701376377e-01 1.526035704733e-01 2.248725455194e-01
-5.313427185764e-03 2.061167857108e-01 2.966271028409e-01
-1.343340962249e-01 -3.913454996159e-01 -1.737902486385e-01
-1.278092625634e-02 9.340741389454e-02 8.724507409341e-02
1.052816106801e-01 -4.327882378547e-02 -2.535203866276e-02
-2.897976707787e-01 -4.174030934488e-02 -1.066539103223e-01
-2.895703631686e-03 1.282007705026e-02 8.442310421267e-02
9.776373516858e-02 -1.447250815964e-01 1.876083762597e-01
-8.122606085470e-02 -1.779870312615e-01 2.978639685171e-01
2.107055780728e-01 -1.777346862244e-02 -3.489803191902e-01
Mode 34
1.154578041193e-04 1.905706800834e-02 2.316926473630e-02
5.612845533470e-03 -2.696513179464e-02 -2.532543449411e-02
-4.865902640662e-02 5.835249702638e-02 -6.501757639243e-02
7.172732395455e-02 -2.766954953185e-02 1.376906049892e-02
-1.516853264014e-01 1.125799403411e-02 -7.324492695632e-02
2.246753099501e-02 -3.612167601594e-03 -6.619790250609e-02
1.871666766984e-02 -2.211116718555e-03 5.783422269032e-02
1.240379047434e-01 -2.231805872663e-03 -3.331091757104e-02
-1.698281264269e-01 -1.962885091371e-03 2.053157435670e-01
1.015576462635e-02 7.849338037725e-04 -2.227654200674e-02
3.801795303147e-02 -7.437547791794e-02 9.551399652289e-02
-2.871734809861e-02 6.374138555449e-02 -7.818151754588e-02
1.194191542398e-02 -5.780804848052e-04 -1.253221763933e-02
3.242077044044e-03 4.435112697477e-02 -1.491531000376e-02
-2.370768489426e-03 7.131625876941e-02 1.041012449034e-02
-4.874218648848e-02 2.477921481720e-01 -1.797917018807e-02
-5.552918030052e-02 -1.307790955795e-01 -3.890164899521e-02
5.346798498048e-01 3.056706493556e-01 1.602588915949e-01
-1.237738123049e-03 -1.131028937866e-03 -1.846542411587e-01
1.242888765077e-01 -1.358252306873e-01 1.326792443647e-01
-6.258522459552e-02 -1.559970813571e-01 2.667358248725e-01
2.028212729929e-01 -4.683369627010e-03 -3.251793309398e-01
Mode 35
-4.299382699481e-02 6.817652355432e-02 9.951629251729e-02
1.027034041147e-01 -7.106692597834e-02 -1.621773807139e-01
-1.448185938837e-01 8.967225075429e-02 1.211877151786e-01
-3.293004264026e-02 -1.108583559584e-02 -4.682645129468e-02
6.753077827403e-02 1.751588894768e-03 8.022796222046e-02
-2.351397990328e-02 -2.662859950950e-03 -6.324707581364e-03
1.015576462635e-02 7.849338037725e-04 -2.227654200674e-02
-6.291202777050e-02 1.797410080620e-03 1.178329660181e-02
8.143740622555e-02 1.135471815502e-03 -6.608070498270e-02
1.786150797635e-03 -1.363014288578e-03 9.744324367407e-03
3.838780397615e-02 -7.819449883850e-02 6.412485366287e-02
-3.838780397615e-02 7.819449883850e-02 -6.412485366287e-02
1.836555015915e-01 -8.516950125062e-02 -2.200382075729e-01
2.704125629141e-02 -2.020909114713e-01 -3.000467196269e-01
9.037698040367e-02 2.638073444721e-01 1.537455248639e-01
-1.381069455636e-01 1.057713048348e-01 3.582441941757e-01
-6.683803144932e-02 1.125908191553e-01 5.878762619736e-02
-1.495850999136e-01 -1.414305353834e-01 -6.420047932067e-02
6.774752245857e-03 -1.633036233750e-03 7.036644032965e-02
1.084048085437e-01 -1.287021007048e-01 1.571119561293e-01
-6.233083145496e-02 -1.788731702860e-01 2.121774172762e-01
1.951913610536e-01 -1.446935956048e-02 -3.559367502857e-01
Mode 36
-9.670455877544e-03 1.445311328401e-02 1.405666388301e-02
2.388383084796e-02 -1.156160969610e-03 -2.506443527866e-02
-8.551596934867e-04 -1.141902616722e-02 3.960902098375e-02
1.811590111692e-02 -3.650623181468e-02 4.288483607774e-02
-8.218983559980e-02 1.297154633441e-02 -1.267934142997e-01
8.784230752673e-02 3.321456502313e-03 3.567487820698e-02
-6.291202777050e-02 1.797410080620e-03 1.178329660181e-02
6.432832762345e-02 6.585965513627e-04 2.935017062562e-02
-4.881411060420e-02 -3.962705613323e-03 -2.239373953013e-02
0.000000000000e+00 0.000000000000e+00 0.000000000000e+00
-9.300604932860e-03 1.063409236345e-02 -1.733247897701e-02
1.786150797635e-03 -1.363014288578e-03 9.744324367407e-03
4.155404960954e-02 -9.642305240709e-03 -3.975282267580e-02
3.711236931716e-03 -4.465918551440e-02 -5.823902359781e-02
2.362943770740e-02 2.171992795929e-02 2.949397231767e-02
-6.725819743775e-03 -7.229514132943e-02 3.400414326063e-01
6.591795857646e-01 3.796671155164e-01 2.196250329691e-01
-3.845698147489e-01 -1.057439322531e-01 -1.700713919966e-01
-7.514454135225e-03 9.271078074872e-03 -7.588154609603e-03
-1.502890827045e-02 1.854215614974e-02 -1.517630921921e-02
8.854922577514e-03 1.738599518013e-02 -4.024074449787e-02
-6.213612086392e-03 -7.329983301489e-03 1.037604788153e-02
Mode 37
4.057610344073e-03 1.251201851063e-02 1.126877061109e-02
-7.514454135225e-03 9.271078074872e-03 -7.588154609603e-03
-4.825297044473e-02 -1.292572514856e-02 5.834874868105e-02
1.121121381805e-01 1.025946341891e-01 1.432513553863e-02
-3.415505327843e-02 -1.868584084251e-02 2.417171254910e-02
2.361338940627e-01 -3.885531260521e-03 -5.408961750274e-02
-2.052967492390e-01 2.421311751278e-03 -4.412915137750e-02
-4.118419866485e-02 5.823284320149e-03 8.363679815771e-03
4.364694742607e-02 2.907749864378e-03 1.052923974991e-01
-1.786150797635e-03 1.363014288578e-03 -9.744324367407e-03
2.124252035684e-02 -1.121217284825e-02 4.800261337679e-03
-7.514454135225e-03 9.271078074872e-03 -7.588154609603e-03
-3.807372828606e-02 -7.313101629038e-02 -6.482473039462e-02
1.419722610929e-02 -9.095140726256e-02 -4.611160686598e-02
-3.714273718191e-02 -8.591305674618e-02 -1.547138504347e-02
-1.423882994018e-02 -3.589996968102e-04 -5.002970386092e-01
-3.551289136220e-01 -2.813717192257e-01 -1.897719956411e-01
-3.722937674787e-01 -4.293550886982e-01 -6.365185390452e-02
-2.156001742319e-03 5.182035209139e-03 2.164481849262e-02
4.427119151132e-02 -2.378735998509e-02 1.934484704277e-02
-2.756768295241e-03 -2.911307988699e-02 6.695431880039e-03
1.815552751037e-02 6.751902816683e-03 -2.290826552086e-02
Mode 38
-1.242722417278e-02 -1.465996660298e-02 2.075209576305e-02
1.254268197690e-02 3.371703461132e-02 2.417168973249e-03
-4.314158252120e-02 -1.593772636079e-01 6.139356840332e-03
5.671456454524e-02 9.512096619485e-02 3.369658675004e-02
-1.741582562101e-02 -1.438994465781e-02 -3.987002019919e-02
-8.858200941610e-02 4.316585338809e-03 2.710340751307e-02
7.984254464270e-02 -2.645512510598e-03 3.630660172110e-02
5.275626314415e-02 -2.582343884393e-03 1.049324540492e-02
-5.380271205242e-02 -3.692683668151e-03 -8.301585549238e-02
1.786150797635e-03 -1.363014288578e-03 9.744324367407e-03
2.530013070092e-02 1.299845662373e-03 1.606903194877e-02
-1.372806622162e-02 1.941094773383e-03 2.787893271924e-03
3.701113051666e-02 -3.739237083912e-02 -4.280171516316e-02
-4.988601448222e-03 2.700219451722e-04 -6.062211596225e-02
1.154578041193e-04 1.905706800834e-02 2.316926473630e-02
-7.033889484756e-02 7.537449578118e-01 -2.613828197203e-01
-5.358794530531e-02 -6.982690722842e-02 -7.178116149011e-02
-3.663942310824e-01 -2.706995902678e-01 -7.332802505429e-02
3.698509446837e-04 -3.819020920561e-03 -3.138914286002e-02
1.186794523505e-01 1.857236993070e-03 -6.254389067326e-02
2.780245827567e-03 -3.187714505860e-02 -1.075923689490e-01
7.559364508385e-02 -1.001353240655e-02 -8.709379996119e-02
Mode 39
1.648483451686e-02 2.717198511360e-02 -9.483325151962e-03
-2.972759198967e-02 -9.992843252439e-03 4.051340300163e-03
4.149590615867e-03 9.255931146456e-02 1.353349724163e-01
-4.658376896996e-03 -4.680713360675e-02 -2.621815722367e-02
-9.300604932860e-03 1.063409236345e-02 -1.733247897701e-02
-4.918396154888e-02 -1.436846927624e-04 8.995403329891e-03
4.702795980656e-02 5.325719901901e-03 1.264941516273e-02
2.351397990328e-02 2.662859950950e-03 6.324707581364e-03
-2.887243229619e-02 1.426182914783e-03 -3.555768068358e-02
0.000000000000e+00 0.000000000000e+00 0.000000000000e+00
1.897106081040e-02 -2.508720564746e-02 3.275815093995e-03
-1.324275747281e-02 1.717914186117e-02 -5.431984851799e-03
-1.131585870888e-01 -1.088696617416e-01 -8.684774562608e-02
3.171236067328e-02 -1.617527541734e-01 -1.817615740081e-02
-8.121531080725e-02 -2.325082798983e-01 -5.868537355429e-02
7.117153502885e-02 -2.319973868472e-01 -8.151759473253e-01
2.047282804084e-01 1.717802923065e-01 9.938743570558e-02
-6.929836443434e-03 -6.068216640596e-02 -2.774260346735e-02
2.156001742319e-03 -5.182035209139e-03 -2.164481849262e-02
8.988285146493e-02 -2.091764671517e-02 -9.139205021939e-03
1.439777385277e-03 -5.853421831361e-02 -5.976346984150e-02
3.225344467668e-02 9.917871227398e-04 -5.708530165281e-02
Mode 40
5.728303337589e-03 -7.908063786294e-03 -2.156169757804e-03
-1.145660667518e-02 1.581612757259e-02 4.312339515608e-03
2.145728710395e-02 -7.734639640852e-02 1.603495533995e-02
-9.119984237489e-02 -6.672965148543e-02 -4.392883293952e-02
7.629911939344e-03 9.785989933472e-03 3.075741934590e-02
7.269794145216e-02 2.806544643713e-03 -2.670695748527e-03
-6.432832762345e-02 -6.585965513627e-04 -2.935017062562e-02
-5.275626314415e-02 2.582343884393e-03 -1.049324540492e-02
7.805639384507e-02 -1.282498222020e-03 2.656227735369e-02
0.000000000000e+00 0.000000000000e+00 0.000000000000e+00
1.730036781689e-02 -4.667123350538e-03 1.670075546289e-02
-1.194191542398e-02 5.780804848052e-04 1.253221763933e-02
-4.057610344073e-03 -1.251201851063e-02 -1.126877061109e-02
4.057610344073e-03 1.251201851063e-02 1.126877061109e-02
-2.271459546438e-03 -1.387503279920e-02 -1.524446243684e-03
6.360881694087e-03 6.215570267578e-01 -2.220954787295e-01
1.251093227027e-01 3.777785253563e-01 2.454201359963e-01
2.675209430798e-01 4.268817346258e-01 -2.011292262538e-02
3.202450650587e-03 1.092992343405e-03 5.087779159484e-02
8.240802372316e-02 3.161156599107e-02 -8.252046123014e-02
1.353677700684e-02 3.202903841295e-03 -1.149195243431e-01
8.526410096139e-02 -2.446664569056e-02 -1.011504638442e-01
Mode 41
0.000000000000e+00 0.000000000000e+00 0.000000000000e+00
0.000000000000e+00 0.000000000000e+00 0.000000000000e+00
-7.514454135225e-03 9.271078074872e-03 -7.588154609603e-03
9.118369351376e-02 -3.751870809153e-02 8.824997469191e-03
-2.972759198967e-02 -9.992843252439e-03 4.051340300163e-03
-9.785913681663e-03 -4.603954724333e-03 -9.112600853287e-03
2.351397990328e-02 2.662859950950e-03 6.324707581364e-03
9.785913681663e-03 4.603954724333e-03 9.112600853287e-03
-1.786150797635e-03 1.363014288578e-03 -9.744324367407e-03
0.000000000000e+00 0.000000000000e+00 0.000000000000e+00
0.000000000000e+00 0.000000000000e+00 0.000000000000e+00
1.786150797635e-03 -1.363014288578e-03 9.744324367407e-03
-2.161237130153e-02 1.503119376882e-02 2.658888152235e-02
-6.213612086392e-03 -7.329983301489e-03 1.037604788153e-02
2.756768295241e-03 2.911307988699e-02 -6.695431880039e-03
6.643145580606e-03 -1.249384638190e-01 1.209334012302e-02
-5.512101478675e-01 2.238633440440e-01 3.581236882437e-01
-3.192552066854e-01 4.163123743448e-01 -4.271535086730e-01
-5.728303337589e-03 7.908063786294e-03 2.156169757804e-03
-4.817371765782e-02 7.359054411417e-02 -7.323745451615e-02
-4.797312233441e-03 -4.873976669506e-03 5.150951510896e-02
-5.537409610295e-02 -6.846389293984e-02 -8.152548585751e-02
Mode 42
2.648551494563e-02 -3.435828372233e-02 1.086396970360e-02
5.728303337589e-03 -7.908063786294e-03 -2.156169757804e-03
-3.456843791151e-03 2.178309658550e-02 3.680616001488e-03
0.000000000000e+00 0.000000000000e+00 0.000000000000e+00
0.000000000000e+00 0.000000000000e+00 0.000000000000e+00
0.000000000000e+00 0.000000000000e+00 0.000000000000e+00
0.000000000000e+00 0.000000000000e+00 0.000000000000e+00
0.000000000000e+00 0.000000000000e+00 0.000000000000e+00
-9.785913681663e-03 -4.603954724333e-03 -9.112600853287e-03
0.000000000000e+00 0.000000000000e+00 0.000000000000e+00
-4.853087488030e-04 -1.523804708778e-02 8.219878123723e-03
-2.842674994084e-02 -2.659390462880e-02 2.201554279129e-02
-2.908180022961e-02 2.263300146888e-01 3.448608028558e-01
5.482370599093e-02 2.290566383828e-02 -3.557663444250e-01
-4.188280842652e-01 2.367174388813e-01 -2.185129057063e-01
-1.087198898339e-02 -5.413711690824e-02 -1.584210934214e-02
-1.778567656569e-02 -1.057092373724e-02 -8.480877339167e-03
-7.999762884028e-03 -5.966969012911e-03 6.317235141198e-04
0.000000000000e+00 0.000000000000e+00 0.000000000000e+00
-4.918396154888e-02 -1.436846927624e-04 8.995403329891e-03
4.872657725415e-03 3.673461663405e-01 -2.676435152990e-01
4.405392785911e-01 4.973333207536e-02 -1.251069130750e-01
Mode 43
-2.481482195211e-02 1.393820142541e-02 -2.428891007249e-02
-1.786150797635e-03 1.363014288578e-03 -9.744324367407e-03
-1.324275747281e-02 1.717914186117e-02 -5.431984851799e-03
7.999762884028e-03 5.966969012911e-03 -6.317235141198e-04
0.000000000000e+00 0.000000000000e+00 0.000000000000e+00
0.000000000000e+00 0.000000000000e+00 0.000000000000e+00
0.000000000000e+00 0.000000000000e+00 0.000000000000e+00
0.000000000000e+00 0.000000000000e+00 0.000000000000e+00
0.000000000000e+00 0.000000000000e+00 0.000000000000e+00
0.000000000000e+00 0.000000000000e+00 0.000000000000e+00
-4.853087488030e-04 -1.523804708778e-02 8.219878123723e-03
-2.448459740089e-02 -3.313895412652e-02 1.011504866608e-02
-6.282114825860e-03 -1.483675012010e-01 -2.145870909926e-01
-5.637894118033e-02 1.657148646698e-02 3.923605495302e-01
4.074272528446e-01 -7.339481710035e-02 1.921359790937e-01
-1.075653117927e-02 -3.508004889990e-02 7.327155394158e-03
-2.972759198967e-02 -9.992843252439e-03 4.051340300163e-03
-2.530013070092e-02 -1.299845662373e-03 -1.606903194877e-02
0.000000000000e+00 0.000000000000e+00 0.000000000000e+00
-1.391064394073e-01 -2.248417260896e-02 8.392770995043e-02
2.732804844227e-03 4.767765611266e-01 -2.108948613361e-01
4.899541557482e-01 8.799115278481e-02 -8.776378693229e-02
Mode 44
-6.559985498750e-03 -6.450118732652e-02 -5.913174632738e-02
3.826694735835e-03 -2.560211750606e-02 -3.506975886151e-02
-1.004030682223e-02 1.827213420457e-02 4.544580674304e-02
-1.957182736333e-02 -9.207909448667e-03 -1.822520170657e-02
5.238641219947e-02 1.236677036168e-03 4.188238826495e-02
3.366974452963e-02 3.447793754723e-03 -1.595183442537e-02
-4.918396154888e-02 -1.436846927624e-04 8.995403329891e-03
5.632856473942e-02 -5.308372461548e-03 2.998189413974e-02
-9.320075991963e-02 7.675863634199e-04 -6.490785130920e-02
1.786150797635e-03 -1.363014288578e-03 9.744324367407e-03
0.000000000000e+00 0.000000000000e+00 0.000000000000e+00
-9.670455877544e-03 1.445311328401e-02 1.405666388301e-02
-1.040512012282e-01 2.096484372459e-01 3.460070523607e-01
-9.679114023355e-02 2.232534480999e-01 4.081536145666e-01
2.620397042116e-01 5.771522940058e-01 6.348561207536e-02
-1.273397119169e-02 -2.857303599664e-02 -1.145488000445e-01
-1.897106081040e-02 2.508720564746e-02 -3.275815093995e-03
1.275744872401e-02 -3.241718894895e-02 1.365186297552e-02
4.797312233441e-03 4.873976669506e-03 -5.150951510896e-02
2.046597776689e-01 3.074277440698e-02 -1.255757031686e-01
4.765014511178e-03 -2.036227424844e-01 -1.217171860496e-01
-7.877261820211e-02 -5.206968488245e-02 -6.468092870257e-02
Mode 45
-3.225928182913e-03 5.989723260219e-02 5.001914547409e-02
-7.884305079908e-03 1.309009899543e-02 2.380098825042e-02
1.625391890862e-02 -1.094215090308e-02 -5.582185462457e-02
-6.265763462993e-02 -2.107867884828e-02 -4.277511099451e-02
1.593152383407e-01 -1.472004100635e-03 1.040023463022e-01
7.128164159921e-02 3.505380117297e-04 -4.380416297596e-02
-1.338238184250e-01 -2.372148851670e-03 2.419831671775e-02
1.557429367454e-01 1.254024476520e-03 8.451369756741e-02
-2.467876949228e-01 -5.668473322239e-03 -1.710663673692e-01
1.157206447930e-02 3.240940435756e-03 1.885692522069e-02
0.000000000000e+00 0.000000000000e+00 0.000000000000e+00
1.145660667518e-02 -1.581612757259e-02 -4.312339515608e-03
1.440500156483e-01 -1.798135921813e-01 -3.491656699313e-01
6.801068820915e-02 -1.417799722312e-01 -3.196450934450e-01
-1.696544775920e-01 -5.460807719051e-01 -2.476184138101e-02
3.548824062945e-03 5.826419636844e-02 1.203855858037e-01
-1.980366882443e-01 1.602632260531e-02 1.801741082843e-02
1.003253069541e-01 1.654879173136e-01 -1.576648368434e-02
-5.549741607687e-03 9.233041480411e-03 -1.413646041734e-01
-1.417081235049e-01 1.071795014376e-02 4.799930496817e-02
-9.538849212293e-03 1.377585408693e-01 7.232976408965e-02
4.524180900893e-02 6.688734190479e-03 2.905090795320e-03
Mode 46
-9.670455877544e-03 1.445311328401e-02 1.405666388301e-02
1.786150797635e-03 -1.363014288578e-03 9.744324367407e-03
-4.387834895300e-03 3.456513704130e-02 -4.567272934967e-02
-3.942152539954e-03 6.545049497716e-03 1.190049412521e-02
3.366974452963e-02 3.447793754723e-03 -1.595183442537e-02
-1.372806622162e-02 1.941094773383e-03 2.787893271924e-03
0.000000000000e+00 0.000000000000e+00 0.000000000000e+00
-1.157206447930e-02 -3.240940435756e-03 -1.885692522069e-02
-4.797312233441e-03 -4.873976669506e-03 5.150951510896e-02
0.000000000000e+00 0.000000000000e+00 0.000000000000e+00
-1.015576462635e-02 -7.849338037725e-04 2.227654200674e-02
-3.262329562136e-02 2.827233797821e-03 8.847444451283e-02
1.147607773428e-01 -5.258793845481e-02 -1.515403336170e-01
3.496470184609e-03 2.147503804587e-02 -6.947371760009e-02
1.258621566530e-02 -1.989807511656e-01 2.117186436749e-02
-6.893631426230e-03 -1.281413676603e-01 1.270128644661e-01
-2.987683903480e-03 -6.722721590367e-02 -3.964309759257e-02
-3.999881442014e-02 -2.983484506456e-02 3.158617570599e-03
-1.786150797635e-03 1.363014288578e-03 -9.744324367407e-03
4.028945978805e-01 2.310071249585e-01 -4.725586219900e-01
2.267689892844e-02 -2.285159993756e-01 -4.466163860455e-01
4.329517520003e-02 -2.130330623744e-01 -3.558685742515e-01
Mode 47
-3.427051108255e-02 -3.774290885085e-02 1.002447812795e-03
-1.599952576806e-02 -1.193393802582e-02 1.263447028240e-03
4.057610344073e-03 1.251201851063e-02 1.126877061109e-02
5.728303337589e-03 -7.908063786294e-03 -2.156169757804e-03
-1.372806622162e-02 1.941094773383e-03 2.787893271924e-03
0.000000000000e+00 0.000000000000e+00 0.000000000000e+00
0.000000000000e+00 0.000000000000e+00 0.000000000000e+00
0.000000000000e+00 0.000000000000e+00 0.000000000000e+00
7.999762884028e-03 5.966969012911e-03 -6.317235141198e-04
0.000000000000e+00 0.000000000000e+00 0.000000000000e+00
-1.786150797635e-03 1.363014288578e-03 -9.744324367407e-03
-2.302867115448e-02 1.257518713683e-02 -1.454458570509e-02
5.453678782446e-01 1.997131803560e-01 -7.203140267337e-02
-7.546252433728e-02 5.199922162859e-01 -1.597294663571e-01
8.145746238163e-02 -1.705720890158e-01 5.357092748047e-02
7.653389471670e-03 -5.120423501212e-02 -7.013951772303e-02
-4.501089340069e-02 3.142540182621e-02 4.343343867728e-02
-2.384420445451e-02 4.441429560097e-02 -4.072866631994e-02
0.000000000000e+00 0.000000000000e+00 0.000000000000e+00
2.326178536407e-01 -2.403262647691e-01 2.008288341591e-01
1.948563666406e-03 -1.042863961714e-01 -1.688802850342e-01
8.493927522385e-02 1.813801180751e-01 2.560987549589e-01
Mode 48
-1.827098531449e-02 -2.580897082503e-02 -2.609992154446e-04
-7.999762884028e-03 -5.966969012911e-03 6.317235141198e-04
-7.884305079908e-03 1.309009899543e-02 2.380098825042e-02
-1.786150797635e-03 1.363014288578e-03 -9.744324367407e-03
-1.372806622162e-02 1.941094773383e-03 2.787893271924e-03
0.000000000000e+00 0.000000000000e+00 0.000000000000e+00
0.000000000000e+00 0.000000000000e+00 0.000000000000e+00
0.000000000000e+00 0.000000000000e+00 0.000000000000e+00
1.194191542398e-02 -5.780804848052e-04 -1.253221763933e-02
0.000000000000e+00 0.000000000000e+00 0.000000000000e+00
1.551421701925e-02 -3.304109061961e-03 6.956431095483e-03
3.675673737609e-02 -1.451628191021e-02 1.175669243316e-02
3.352341903787e-01 1.540023808064e-01 1.142062656689e-03
-5.334478813088e-02 3.484915087735e-01 -7.488659354001e-02
5.702864023533e-02 -5.620454893403e-02 3.299671001829e-02
4.236172073976e-03 1.383699620474e-02 -1.322520033201e-01
7.079633285041e-02 -1.488750907605e-02 -3.558428485224e-02
3.660165317852e-02 -7.683148454992e-02 5.438052929546e-02
1.786150797635e-03 -1.363014288578e-03 9.744324367407e-03
-4.242858456011e-01 3.259977733156e-01 -2.358113080745e-01
-1.368304101448e-02 2.039688376185e-01 3.286479692150e-01
-1.185855422211e-01 -2.458181367754e-01 -3.410438576025e-01
Mode 49
-2.271459546438e-03 -1.387503279920e-02 -1.524446243684e-03
3.942152539954e-03 -6.545049497716e-03 -1.190049412521e-02
-7.068771779879e-03 -1.874900946871e-02 4.998506886527e-02
-9.085346896253e-02 -9.558447460396e-03 2.557896126938e-02
3.649691110395e-01 -1.243360463679e-03 -1.389100501827e-01
-7.664009399211e-02 3.738504854003e-03 1.457118987374e-02
-3.572301595270e-03 2.726028577155e-03 -1.948864873481e-02
-4.937525076366e-02 5.000313921915e-03 -1.031362277413e-01
-1.500650098488e-01 2.101025742617e-03 3.356725763447e-01
1.015576462635e-02 7.849338037725e-04 -2.227654200674e-02
1.194191542398e-02 -5.780804848052e-04 -1.253221763933e-02
1.409791716630e-02 -5.760115693944e-03 -3.417703613195e-02
3.985987908369e-02 7.176800200180e-02 7.456905476203e-02
-1.561352596224e-02 8.849540063057e-02 4.978139638545e-03
3.842843596966e-03 7.864624207090e-02 3.407660881773e-05
-1.137735388826e-02 1.023323968353e-01 -1.272738636816e-01
3.329256491375e-02 1.725053991978e-01 1.514380809739e-01
-5.647415736406e-01 7.369583352136e-03 -2.751593070262e-01
-6.035050356490e-03 -6.005005607372e-03 -1.331447260497e-01
-2.140000089952e-01 -6.336681667490e-02 1.740363257902e-01
-1.020271969100e-02 1.211955160874e-01 2.240704161446e-01
-2.353745743561e-02 5.832736499464e-02 9.457222948757e-02
Mode 50
0.000000000000e+00 0.000000000000e+00 0.000000000000e+00
0.000000000000e+00 0.000000000000e+00 0.000000000000e+00
0.000000000000e+00 0.000000000000e+00 0.000000000000e+00
0.000000000000e+00 0.000000000000e+00 0.000000000000e+00
0.000000000000e+00 0.000000000000e+00 0.000000000000e+00
0.000000000000e+00 0.000000000000e+00 0.000000000000e+00
0.000000000000e+00 0.000000000000e+00 0.000000000000e+00
0.000000000000e+00 0.000000000000e+00 0.000000000000e+00
0.000000000000e+00 0.000000000000e+00 0.000000000000e+00
-2.972759198967e-02 -9.992843252439e-03 4.051340300163e-03
0.000000000000e+00 0.000000000000e+00 0.000000000000e+00
0.000000000000e+00 0.000000000000e+00 0.000000000000e+00
0.000000000000e+00 0.000000000000e+00 0.000000000000e+00
0.000000000000e+00 0.000000000000e+00 0.000000000000e+00
0.000000000000e+00 0.000000000000e+00 0.000000000000e+00
0.000000000000e+00 0.000000000000e+00 0.000000000000e+00
0.000000000000e+00 0.000000000000e+00 0.000000000000e+00
0.000000000000e+00 0.000000000000e+00 0.000000000000e+00
9.145027287611e-01 3.952774909339e-01 -4.050264496945e-02
0.000000000000e+00 0.000000000000e+00 0.000000000000e+00
0.000000000000e+00 0.000000000000e+00 0.000000000000e+00
0.000000000000e+00 0.000000000000e+00 0.000000000000e+00
Mode 51
0.000000000000e+00 0.000000000000e+00 0.000000000000e+00
0.000000000000e+00 0.000000000000e+00 0.000000000000e+00
-8.248385513382e-02 -7.410499368046e-03 -6.441905104760e-03
0.000000000000e+00 0.000000000000e+00 0.000000000000e+00
0.000000000000e+00 0.000000000000e+00 0.000000000000e+00
0.000000000000e+00 0.000000000000e+00 0.000000000000e+00
0.000000000000e+00 0.000000000000e+00 0.000000000000e+00
0.000000000000e+00 0.000000000000e+00 0.000000000000e+00
0.000000000000e+00 0.000000000000e+00 0.000000000000e+00
0.000000000000e+00 0.000000000000e+00 0.000000000000e+00
0.000000000000e+00 0.000000000000e+00 0.000000000000e+00
0.000000000000e+00 0.000000000000e+00 0.000000000000e+00
7.514454135225e-03 -9.271078074872e-03 7.588154609603e-03
-1.945636955921e-02 9.849158559677e-03 4.944063029728e-03
6.213612086392e-03 7.329983301489e-03 -1.037604788153e-02
9.926623388441e-01 3.284778073493e-02 5.867285864305e-02
-3.572301595270e-03 2.726028577155e-03 -1.948864873481e-02
-1.194191542398e-02 5.780804848052e-04 1.253221763933e-02
0.000000000000e+00 0.000000000000e+00 0.000000000000e+00
1.205737322810e-02 1.847898752354e-02 1.063704709697e-02
-3.102843403850e-02 6.608218123921e-03 -1.391286219097e-02
7.514454135225e-03 -9.271078074872e-03 7.588154609603e-03
Mode 52
0.000000000000e+00 0.000000000000e+00 0.000000000000e+00
0.000000000000e+00 0.000000000000e+00 0.000000000000e+00
0.000000000000e+00 0.000000000000e+00 0.000000000000e+00
0.000000000000e+00 0.000000000000e+00 0.000000000000e+00
0.000000000000e+00 0.000000000000e+00 0.000000000000e+00
0.000000000000e+00 0.000000000000e+00 0.000000000000e+00
0.000000000000e+00 0.000000000000e+00 0.000000000000e+00
0.000000000000e+00 0.000000000000e+00 0.000000000000e+00
0.000000000000e+00 0.000000000000e+00 0.000000000000e+00
0.000000000000e+00 0.000000000000e+00 0.000000000000e+00
0.000000000000e+00 0.000000000000e+00 0.000000000000e+00
-5.312611408883e-02 6.401364804954e-03 2.089589745510e-02
7.514454135225e-03 -9.271078074872e-03 7.588154609603e-03
-4.524180900893e-02 -6.688734190479e-03 -2.905090795320e-03
1.194191542398e-02 -5.780804848052e-04 -1.253221763933e-02
3.902819692253e-02 -6.412491110101e-04 1.328113867685e-02
-1.786150797635e-03 1.363014288578e-03 -9.744324367407e-03
-3.942152539954e-03 6.545049497716e-03 1.190049412521e-02
0.000000000000e+00 0.000000000000e+00 0.000000000000e+00
-1.418089239667e-01 -3.388162869097e-01 -2.471715048467e-01
8.423536859022e-01 3.303646769655e-03 9.235450051276e-02
-8.844698137459e-02 2.383393488099e-01 -1.351720618124e-01
Mode 53
-4.357111601541e-02 -2.710881648740e-02 -1.633003116422e-02
0.000000000000e+00 0.000000000000e+00 0.000000000000e+00
0.000000000000e+00 0.000000000000e+00 0.000000000000e+00
0.000000000000e+00 0.000000000000e+00 0.000000000000e+00
0.000000000000e+00 0.000000000000e+00 0.000000000000e+00
0.000000000000e+00 0.000000000000e+00 0.000000000000e+00
0.000000000000e+00 0.000000000000e+00 0.000000000000e+00
0.000000000000e+00 0.000000000000e+00 0.000000000000e+00
0.000000000000e+00 0.000000000000e+00 0.000000000000e+00
0.000000000000e+00 0.000000000000e+00 0.000000000000e+00
0.000000000000e+00 0.000000000000e+00 0.000000000000e+00
0.000000000000e+00 0.000000000000e+00 0.000000000000e+00
-1.514348405558e-01 2.643378255135e-01 -2.123511315455e-01
8.662536656113e-01 1.063958453770e-01 1.023939007044e-01
-1.408402363266e-01 1.566800000219e-02 2.640426889869e-01
2.745613244323e-02 -3.882189546766e-03 -5.575786543847e-03
0.000000000000e+00 0.000000000000e+00 0.000000000000e+00
0.000000000000e+00 0.000000000000e+00 0.000000000000e+00
0.000000000000e+00 0.000000000000e+00 0.000000000000e+00
-6.329069890512e-03 -2.638705130983e-02 -1.279321685478e-02
3.724204612490e-02 7.217651775676e-04 3.536814309440e-03
-7.514454135225e-03 9.271078074872e-03 -7.588154609603e-03
Mode 54
0.000000000000e+00 0.000000000000e+00 0.000000000000e+00
0.000000000000e+00 0.000000000000e+00 0.000000000000e+00
0.000000000000e+00 0.000000000000e+00 0.000000000000e+00
-5.728303337589e-03 7.908063786294e-03 2.156169757804e-03
0.000000000000e+00 0.000000000000e+00 0.000000000000e+00
0.000000000000e+00 0.000000000000e+00 0.000000000000e+00
0.000000000000e+00 0.000000000000e+00 0.000000000000e+00
0.000000000000e+00 0.000000000000e+00 0.000000000000e+00
0.000000000000e+00 0.000000000000e+00 0.000000000000e+00
0.000000000000e+00 0.000000000000e+00 0.000000000000e+00
0.000000000000e+00 0.000000000000e+00 0.000000000000e+00
-5.920079083878e-02 -4.286177543378e-02 -4.645572699600e-02
0.000000000000e+00 0.000000000000e+00 0.000000000000e+00
0.000000000000e+00 0.000000000000e+00 0.000000000000e+00
0.000000000000e+00 0.000000000000e+00 0.000000000000e+00
-7.999762884028e-03 -5.966969012911e-03 6.317235141198e-04
6.173985692935e-03 -3.592815132988e-02 5.541705371707e-02
3.176813592787e-02 -1.424625996504e-02 -4.886542352908e-02
0.000000000000e+00 0.000000000000e+00 0.000000000000e+00
2.467456527531e-01 6.730917877212e-01 4.594170525238e-01
4.756615279908e-01 -1.182206879232e-02 5.483018766056e-02
3.633111117682e-02 -1.582037551980e-01 7.383510142146e-02
Mode 55
0.000000000000e+00 0.000000000000e+00 0.000000000000e+00
0.000000000000e+00 0.000000000000e+00 0.000000000000e+00
0.000000000000e+00 0.000000000000e+00 0.000000000000e+00
3.172850953441e-02 -5.750439459641e-02 1.692767806952e-02
0.000000000000e+00 0.000000000000e+00 0.000000000000e+00
0.000000000000e+00 0.000000000000e+00 0.000000000000e+00
0.000000000000e+00 0.000000000000e+00 0.000000000000e+00
0.000000000000e+00 0.000000000000e+00 0.000000000000e+00
0.000000000000e+00 0.000000000000e+00 0.000000000000e+00
0.000000000000e+00 0.000000000000e+00 0.000000000000e+00
0.000000000000e+00 0.000000000000e+00 0.000000000000e+00
-9.785913681663e-03 -4.603954724333e-03 -9.112600853287e-03
7.514454135225e-03 -9.271078074872e-03 7.588154609603e-03
1.372806622162e-02 -1.941094773383e-03 -2.787893271924e-03
-1.786150797635e-03 1.363014288578e-03 -9.744324367407e-03
-2.351397990328e-02 -2.662859950950e-03 -6.324707581364e-03
-1.429429261704e-01 5.069775133857e-01 -6.622998722475e-01
-2.552150138636e-01 1.686852771134e-01 4.192977152141e-01
0.000000000000e+00 0.000000000000e+00 0.000000000000e+00
2.244405346269e-02 5.737805734400e-02 3.469903456284e-02
2.924228324087e-02 -5.245203835343e-03 4.168537823560e-03
7.029145386422e-03 -2.450912516265e-02 1.580803273333e-02
Mode 56
6.945586440812e-02 -4.154458233106e-02 1.224461425523e-02
0.000000000000e+00 0.000000000000e+00 0.000000000000e+00
0.000000000000e+00 0.000000000000e+00 0.000000000000e+00
0.000000000000e+00 0.000000000000e+00 0.000000000000e+00
0.000000000000e+00 0.000000000000e+00 0.000000000000e+00
0.000000000000e+00 0.000000000000e+00 0.000000000000e+00
0.000000000000e+00 0.000000000000e+00 0.000000000000e+00
0.000000000000e+00 0.000000000000e+00 0.000000000000e+00
0.000000000000e+00 0.000000000000e+00 0.000000000000e+00
0.000000000000e+00 0.000000000000e+00 0.000000000000e+00
0.000000000000e+00 0.000000000000e+00 0.000000000000e+00
0.000000000000e+00 0.000000000000e+00 0.000000000000e+00
-2.868305289500e-01 5.838677236842e-01 -4.917588117178e-01
-4.302049522348e-01 -4.762342057748e-02 -4.069040286297e-02
-1.500650098488e-01 2.101025742617e-03 3.356725763447e-01
0.000000000000e+00 0.000000000000e+00 0.000000000000e+00
-1.300842048832e-03 1.660106137636e-02 -1.796420249113e-02
-3.942152539954e-03 6.545049497716e-03 1.190049412521e-02
0.000000000000e+00 0.000000000000e+00 0.000000000000e+00
0.000000000000e+00 0.000000000000e+00 0.000000000000e+00
0.000000000000e+00 0.000000000000e+00 0.000000000000e+00
0.000000000000e+00 0.000000000000e+00 0.000000000000e+00
Mode 57
0.000000000000e+00 0.000000000000e+00 0.000000000000e+00
0.000000000000e+00 0.000000000000e+00 0.000000000000e+00
0.000000000000e+00 0.000000000000e+00 0.000000000000e+00
0.000000000000e+00 0.000000000000e+00 0.000000000000e+00
0.000000000000e+00 0.000000000000e+00 0.000000000000e+00
0.000000000000e+00 0.000000000000e+00 0.000000000000e+00
0.000000000000e+00 0.000000000000e+00 0.000000000000e+00
0.000000000000e+00 0.000000000000e+00 0.000000000000e+00
0.000000000000e+00 0.000000000000e+00 0.000000000000e+00
0.000000000000e+00 0.000000000000e+00 0.000000000000e+00
0.000000000000e+00 0.000000000000e+00 0.000000000000e+00
2.897174123917e-02 -8.661747448339e-02 2.362310994956e-02
0.000000000000e+00 0.000000000000e+00 0.000000000000e+00
0.000000000000e+00 0.000000000000e+00 0.000000000000e+00
-1.786150797635e-03 1.363014288578e-03 -9.744324367407e-03
0.000000000000e+00 0.000000000000e+00 0.000000000000e+00
-3.086992846468e-03 1.796407566494e-02 -2.770852685854e-02
1.588406796394e-02 -7.123129982521e-03 -2.443271176454e-02
0.000000000000e+00 0.000000000000e+00 0.000000000000e+00
8.880559635314e-02 1.990361352004e-01 1.552358944988e-01
-1.432398811620e-01 -1.079512449656e-02 -1.630342699556e-02
-2.668565529197e-01 7.977533313662e-01 -4.347150819306e-01
Mode 58
-2.343814849262e-02 -2.686392657397e-02 8.263765875354e-02
0.000000000000e+00 0.000000000000e+00 0.000000000000e+00
0.000000000000e+00 0.000000000000e+00 0.000000000000e+00
0.000000000000e+00 0.000000000000e+00 0.000000000000e+00
0.000000000000e+00 0.000000000000e+00 0.000000000000e+00
0.000000000000e+00 0.000000000000e+00 0.000000000000e+00
0.000000000000e+00 0.000000000000e+00 0.000000000000e+00
0.000000000000e+00 0.000000000000e+00 0.000000000000e+00
0.000000000000e+00 0.000000000000e+00 0.000000000000e+00
0.000000000000e+00 0.000000000000e+00 0.000000000000e+00
0.000000000000e+00 0.000000000000e+00 0.000000000000e+00
0.000000000000e+00 0.000000000000e+00 0.000000000000e+00
-1.747937362615e-01 3.239901682023e-01 -2.612996759891e-01
9.978422295071e-02 2.743376017508e-03 2.314266056765e-02
3.978213448317e-01 -1.400873057281e-02 -7.932477122968e-01
0.000000000000e+00 0.000000000000e+00 0.000000000000e+00
0.000000000000e+00 0.000000000000e+00 0.000000000000e+00
0.000000000000e+00 0.000000000000e+00 0.000000000000e+00
0.000000000000e+00 0.000000000000e+00 0.000000000000e+00
0.000000000000e+00 0.000000000000e+00 0.000000000000e+00
0.000000000000e+00 0.000000000000e+00 0.000000000000e+00
5.728303337589e-03 -7.908063786294e-03 -2.156169757804e-03
Mode 59
0.000000000000e+00 0.000000000000e+00 0.000000000000e+00
0.000000000000e+00 0.000000000000e+00 0.000000000000e+00
0.000000000000e+00 0.000000000000e+00 0.000000000000e+00
2.689499228377e-02 5.080829988473e-03 -8.631827475503e-02
0.000000000000e+00 0.000000000000e+00 0.000000000000e+00
0.000000000000e+00 0.000000000000e+00 0.000000000000e+00
0.000000000000e+00 0.000000000000e+00 0.000000000000e+00
0.000000000000e+00 0.000000000000e+00 0.000000000000e+00
0.000000000000e+00 0.000000000000e+00 0.000000000000e+00
0.000000000000e+00 0.000000000000e+00 0.000000000000e+00
0.000000000000e+00 0.000000000000e+00 0.000000000000e+00
0.000000000000e+00 0.000000000000e+00 0.000000000000e+00
7.514454135225e-03 -9.271078074872e-03 7.588154609603e-03
0.000000000000e+00 0.000000000000e+00 0.000000000000e+00
0.000000000000e+00 0.000000000000e+00 0.000000000000e+00
-7.999762884028e-03 -5.966969012911e-03 6.317235141198e-04
8.688832480894e-02 -3.095795343903e-01 3.923148364497e-01
-4.191832302876e-01 2.821197558210e-01 6.807303892299e-01
0.000000000000e+00 0.000000000000e+00 0.000000000000e+00
6.329069890512e-03 2.638705130983e-02 1.279321685478e-02
0.000000000000e+00 0.000000000000e+00 0.000000000000e+00
-1.275744872401e-02 3.241718894895e-02 -1.365186297552e-02
--
Dipole derivatives 
Mode 0
1.401387137553e-02 -3.847470807238e-02 1.141145924403e-02
Mode 1
-1.000429015127e-02 -6.933357942215e-03 -2.374978133227e-02
Mode 2
4.357464331373e-02 -1.504298383210e-02 -3.726209296056e-02
Mode 3
5.386576310377e-02 -2.088987961280e-02 -2.855517157684e-02
Mode 4
-9.102742808588e-03 -2.433088408584e-02 5.885902888718e-02
Mode 5
-8.683550690585e-03 3.051290037952e-02 -5.585552551859e-02
Mode 6
5.516818994074e-03 -1.481084452974e-02 5.222007192008e-02
Mode 7
2.247328243786e-02 3.272887696183e-03 -5.316493619119e-03
Mode 8
-9.356461035320e-03 9.888683852948e-03 -3.834887803474e-02
Mode 9
-7.066889793590e-03 9.077888163731e-02 2.547762323682e-02
Mode 10
2.681108262929e-02 -5.695198335750e-02 2.324990338317e-02
Mode 11
-6.385041074180e-02 -7.434851203365e-02 1.688368287072e-02
Mode 12
2.493603443800e-02 -8.166221883580e-02 -3.173560918527e-02
Mode 13
-5.768388118704e-02 -1.489220023014e-02 3.182208342306e-02
Mode 14
-1.311556971449e-02 3.881139836797e-02 2.033325385063e-02
Mode 15
3.141738426912e-02 1.484009482253e-02 -1.390556465936e-02
Mode 16
-7.447099631636e-02 1.449793576929e-02 -3.684589512681e-02
Mode 17
4.482243459779e-02 -2.236862255799e-02 -9.221467744030e-02
Mode 18
5.696863548410e-02 -3.690160240336e-03 -3.559236982084e-02
Mode 19
4.202117083626e-02 -1.890274607485e-02 -3.580512326288e-03
Mode 20
-7.331162259523e-03 -9.560701461927e-02 6.880027989464e-02
Mode 21
1.257243075224e-01 -5.726443456275e-02 -7.394595938693e-04
Mode 22
1.328174677559e-01 -8.420950574381e-04 -1.009016807158e-01
Mode 23
-6.277767111430e-02 -2.222538207705e-02 -3.956473624388e-02
Mode 24
9.161182163637e-03 8.692665732443e-02 -3.474915411579e-02
Mode 25
7.183038638926e-02 -4.002567812444e-02 -4.072528507910e-02
Mode 26
-4.078681426063e-02 -6.512938160304e-02 1.431398998234e-01
Mode 27
3.283025035219e-02 1.459792895841e-01 1.856074753878e-01
Mode 28
-2.775841707727e-02 -2.233560278821e-02 -8.684997823307e-02
Mode 29
-3.116832579628e-01 1.814903713169e-02 -5.784696793536e-02
Mode 30
-3.051184825784e-02 -1.640859923381e-01 -1.501253818188e-01
Mode 31
-1.418799725721e-01 -1.744152601730e-01 -8.223485078361e-02
Mode 32
1.974266704691e-01 4.151000353704e-02 7.431076215897e-02
Mode 33
2.850502127661e-01 9.184279581786e-02 1.595647320933e-01
Mode 34
4.093286746039e-02 -9.027343986643e-02 3.231007950221e-02
Mode 35
1.994521120668e-02 -2.442560093689e-01 -1.982925343573e-02
Mode 36
-5.894977048310e-02 -3.822502314595e-02 -1.126291916189e-01
Mode 37
-1.036563895228e-01 -6.790677514081e-02 -1.680815567298e-01
Mode 38
-8.633049034178e-02 1.215717297254e-01 8.270744080912e-02
Mode 39
7.263780516006e-03 -1.497086906300e-01 -9.949460286618e-02
Mode 40
-1.439212710613e-01 -2.386228917095e-02 -2.178191314908e-02
Mode 41
8.824872456636e-02 -1.050667081322e-01 1.496638767981e-02
Mode 42
3.427461221521e-02 -5.516942273112e-02 2.719300202208e-02
Mode 43
4.560239558601e-02 -1.408677475188e-02 -7.016778673364e-02
Mode 44
-6.461498539271e-02 -3.266332983297e-02 5.694374456012e-02
Mode 45
3.667759537713e-02 -1.351410142443e-03 2.209914133837e-01
Mode 46
1.395836333314e-03 3.069441257689e-02 -1.456157727521e-02
Mode 47
4.977154390555e-02 4.931718888911e-02 -3.179045485820e-02
Mode 48
4.095149975604e-02 3.075515843481e-02 6.778137842306e-02
Mode 49
-2.200165868958e-01 -1.377357220838e-01 -2.068585805572e-03
Mode 50
-1.993955930791e-02 4.151495675284e-03 -1.167587554618e-02
Mode 51
-1.423845175648e-01 -1.366731716308e-01 2.275618819256e-01
Mode 52
-2.265631392969e-01 -1.002809745863e-01 3.801526526350e-02
Mode 53
-1.015322561092e-01 1.049712169421e-01 2.190390391052e-01
Mode 54
-3.524632307925e-02 3.267579799213e-02 1.557200582534e-01
Mode 55
3.349828874674e-02 5.608535045215e-02 -5.811315289253e-02
Mode 56
2.604401245059e-02 1.351395929370e-01 -7.725503939744e-02
Mode 57
-7.831146026309e-02 7.819697497093e-02 -5.198540488229e-02
Mode 58
-9.353755144365e-02 -2.574719471957e-02 -4.824532129304e-02
Mode 59
2.723995285221e-02 1.247863918763e-02 -4.300547037282e-03
--
Polarizability derivatives 
Mode 0
5.968109679626e-01 -3.196717725015e-01 1.347041663149e-01
-3.196717725015e-01 -3.074417706539e-01 -4.003495093580e-01
1.347041663149e-01 -4.003495093580e-01 -2.514646301381e-01
Mode 1
-1.892147905289e-01 1.809011441814e-01 1.471354851187e-01
1.809011441814e-01 4.256194135831e-01 -5.031778126572e-01
1.471354851187e-01 -5.031778126572e-01 -3.957319548944e-01
Mode 2
8.837053015222e-02 -1.699604533038e-01 2.801462969123e-01
-1.699604533038e-01 -1.730130963657e-01 -4.846147209750e-01
2.801462969123e-01 -4.846147209750e-01 -1.740864057951e-01
Mode 3
1.839798292207e-01 8.046781764894e-02 1.845802275570e-01
8.046781764894e-02 -1.900279928597e-01 4.786162847227e-02
1.845802275570e-01 4.786162847227e-02 2.445488545500e-01
Mode 4
-3.003248436558e-01 -9.790749196001e-03 1.693696546343e-01
-9.790749196001e-03 -1.362326151132e-01 -2.164002054356e-02
1.693696546343e-01 -2.164002054356e-02 3.677193922701e-01
Mode 5
3.313125646769e-01 7.475451516568e-01 1.384175613935e-01
7.475451516568e-01 2.269376101425e-01 -2.894783763822e-01
1.384175613935e-01 -2.894783763822e-01 -3.543873320275e-01
Mode 6
1.042508964348e-01 9.786256721877e-02 1.935641185048e-01
9.786256721877e-02 -9.849827998828e-03 -1.886090510507e-01
1.935641185048e-01 -1.886090510507e-01 -2.589737205148e-01
Mode 7
4.047891693523e-01 1.986411069366e-01 -1.522497822663e-01
1.986411069366e-01 -4.790404242337e-01 9.661616209894e-02
-1.522497822663e-01 9.661616209894e-02 9.218287644295e-02
Mode 8
-8.945349831545e-01 2.355272885992e-01 -5.133199848959e-02
2.355272885992e-01 4.738790403970e-01 -1.189813634220e-01
-5.133199848959e-02 -1.189813634220e-01 3.961813258680e-01
Mode 9
-6.659422776305e-01 7.625054272570e-01 2.113405665457e-01
7.625054272570e-01 -1.708826724454e-01 1.597965892644e-01
2.113405665457e-01 1.597965892644e-01 2.303460380008e-01
Mode 10
8.603331529447e-01 -1.328728127604e+00 -1.842959124822e-01
-1.328728127604e+00 -3.545575340558e-01 4.910900082035e-01
-1.842959124822e-01 4.910900082035e-01 -1.484647434874e-01
Mode 11
3.251318180419e-01 -9.144015649414e-01 -3.941452906953e-01
-9.144015649414e-01 -5.983267895700e-01 5.454001148979e-01
-3.941452906953e-01 5.454001148979e-01 -7.293482158009e-01
Mode 12
8.871939435597e-01 -7.503109014903e-01 -1.948621268000e-01
-7.503109014903e-01 1.456056554669e-02 2.616093426309e-01
-1.948621268000e-01 2.616093426309e-01 -1.162684930072e-01
Mode 13
-6.134344492789e-02 -1.918251761722e-01 -1.196344810739e-01
-1.918251761722e-01 6.519510943532e-01 1.131167647779e-01
-1.196344810739e-01 1.131167647779e-01 1.201295517121e-01
Mode 14
1.738089387664e-01 -1.374747264678e-02 4.627252062845e-01
-1.374747264678e-02 4.541143017032e-01 4.811619323667e-02
4.627252062845e-01 4.811619323667e-02 8.199902578944e-01
Mode 15
7.303694363108e-01 4.815676081761e-01 7.367253077987e-01
4.815676081761e-01 5.854015484441e-01 5.495972033713e-01
7.367253077987e-01 5.495972033713e-01 1.110563171474e+00
Mode 16
6.517478208994e-01 4.079753661644e-01 6.909974447834e-01
4.079753661644e-01 -6.440682870900e-01 2.874428439961e-01
6.909974447834e-01 2.874428439961e-01 2.036631495062e-01
Mode 17
-2.055625388123e-01 -4.852750496788e-01 5.590387279568e-03
-4.852750496788e-01 5.071057394488e-01 4.059605379044e-01
5.590387279568e-03 4.059605379044e-01 -1.279240616148e+00
Mode 18
-5.656837772726e-01 -6.805902615970e-02 3.713015725242e-01
-6.805902615970e-02 -2.207009922646e-01 -9.182948040630e-02
3.713015725242e-01 -9.182948040630e-02 -1.603670125213e+00
Mode 19
5.159222262228e-01 2.578728769379e-01 5.709581249867e-02
2.578728769379e-01 1.883113755357e-01 4.340585861833e-03
5.709581249867e-02 4.340585861833e-03 -2.931382274689e-01
Mode 20
1.597561720794e+00 -2.616366487287e-01 1.694124262971e-01
-2.616366487287e-01 1.692611665680e+00 3.943730094626e-01
1.694124262971e-01 3.943730094626e-01 6.641058751140e-01
Mode 21
7.038210721580e-01 -5.026274786132e-01 5.787790444305e-01
-5.026274786132e-01 -6.284717012107e-01 -8.784569065501e-01
5.787790444305e-01 -8.784569065501e-01 4.825382735366e-02
Mode 22
2.041385919729e+00 1.148740390215e+00 2.858673025066e-01
1.148740390215e+00 -1.227121545473e-01 -7.534409855933e-01
2.858673025066e-01 -7.534409855933e-01 -1.470832431481e+00
Mode 23
-1.745160206390e+00 -4.257087884486e-02 -5.211122823051e-01
-4.257087884486e-02 -3.799433572628e-01 -6.022849932739e-01
-5.211122823051e-01 -6.022849932739e-01 9.987384483033e-01
Mode 24
3.214698173858e-01 1.370009050164e-02 3.465523153022e-01
1.370009050164e-02 4.050651370795e-01 8.088369816525e-01
3.465523153022e-01 8.088369816525e-01 1.054440772207e-01
Mode 25
-8.489007038494e-01 -4.912625840049e-01 -7.583683268887e-02
-4.912625840049e-01 -1.214756353001e+00 -2.338515323122e-01
-7.583683268887e-02 -2.338515323122e-01 -8.275066532367e-01
Mode 26
2.897553174604e-01 3.361058604464e-01 1.401350343875e+00
3.361058604464e-01 2.177112655349e-01 -2.690587565267e-01
1.401350343875e+00 -2.690587565267e-01 -1.737708035670e-01
Mode 27
8.646628487822e-01 -2.237429534355e-01 -1.839676032369e-01
-2.237429534355e-01 2.488186185381e-01 2.788396201754e-01
-1.839676032369e-01 2.788396201754e-01 -1.953863767293e+00
Mode 28
2.287908383546e+00 1.411849944145e+00 1.923054208575e-01
1.411849944145e+00 7.376856230231e-01 2.255735071622e-02
1.923054208575e-01 2.255735071622e-02 -1.206345734622e+00
Mode 29
1.009407866444e+00 2.636936629085e-01 -8.310693643637e-01
2.636936629085e-01 8.778829434698e-01 1.357610000382e-02
-8.310693643637e-01 1.357610000382e-02 -9.488748465315e-01
Mode 30
-5.632456275935e-01 3.053741243507e-01 1.040453369661e+00
3.053741243507e-01 4.663780118300e-01 -9.928289808722e-01
1.040453369661e+00 -9.928289808722e-01 -5.405522359657e-01
Mode 31
2.324630249686e-01 8.836175135228e-01 -1.652023605712e-01
8.836175135228e-01 -8.646223306281e-01 -3.755655739704e-01
-1.652023605712e-01 -3.755655739704e-01 -2.399357981375e-02
Mode 32
1.167180802477e+00 -4.177302123784e-01 -6.791141153314e-02
-4.177302123784e-01 -6.466190587711e-01 -1.014881127346e+00
-6.791141153314e-02 -1.014881127346e+00 -6.318473421802e-01
Mode 33
4.221134568932e-01 1.076789151916e+00 3.157942324230e-01
1.076789151916e+00 6.412289853209e-01 -2.612671885059e-01
3.157942324230e-01 -2.612671885059e-01 -7.685281492897e-01
Mode 34
-9.258749505010e-01 4.892796535329e-02 -2.897603512353e-01
4.892796535329e-02 1.489072368110e-01 -4.633442520544e-01
-2.897603512353e-01 -4.633442520544e-01 6.060703867310e-01
Mode 35
1.461611872065e-01 1.673553486490e-02 4.142325197879e-01
1.673553486490e-02 3.899062546256e-01 -2.627725531861e-01
4.142325197879e-01 -2.627725531861e-01 -1.035838993280e+00
Mode 36
2.123456076918e+00 4.366956798939e-01 -5.065140764642e-01
4.366956798939e-01 3.320632407749e-01 -2.977816601259e-01
-5.065140764642e-01 -2.977816601259e-01 -1.304969244018e+00
Mode 37
-2.095416856094e+00 -1.529014155353e+00 -1.133819854826e+00
-1.529014155353e+00 -6.934068992110e-01 -3.990899531613e-02
-1.133819854826e+00 -3.990899531613e-02 7.498494182109e-01
Mode 38
2.033160167244e+00 2.903866596149e-01 -8.125241657124e-01
2.903866596149e-01 1.525972808778e+00 -4.754280682863e-01
-8.125241657124e-01 -4.754280682863e-01 2.641639723012e+00
Mode 39
-5.338716321430e-02 -1.661537013122e-01 5.113080591758e-01
-1.661537013122e-01 2.754078675800e-02 9.289908871891e-01
5.113080591758e-01 9.289908871891e-01 1.178637333308e+00
Mode 40
-3.882112451879e+00 -1.328893305952e+00 1.395075144831e-01
-1.328893305952e+00 1.189778201571e+00 -1.011803622785e+00
1.395075144831e-01 -1.011803622785e+00 -1.222860576303e+00
Mode 41
-5.623544500568e-01 1.391509681317e-01 1.564586326574e-01
1.391509681317e-01 2.121649297634e+00 -9.130939851785e-01
1.564586326574e-01 -9.130939851785e-01 -1.583847291242e-02
Mode 42
-2.457917001998e+00 8.380967690577e-01 1.364509276945e+00
8.380967690577e-01 -9.897197070089e-01 7.160724126471e-01
1.364509276945e+00 7.160724126471e-01 3.217013100672e+00
Mode 43
-2.220771622763e+00 7.814832138107e-01 8.092309126238e-02
7.814832138107e-01 2.406873342508e+00 -1.132815497217e+00
8.092309126238e-02 -1.132815497217e+00 -1.512207580679e+00
Mode 44
2.381240644488e+00 -4.710346420290e-01 -1.150286616139e-01
-4.710346420290e-01 -1.430811139933e+00 -3.994753814371e-01
-1.150286616139e-01 -3.994753814371e-01 -9.669052276573e-01
Mode 45
-7.460027458445e-01 8.942660293727e-01 1.581230203102e+00
8.942660293727e-01 1.438196794883e+00 4.202769289134e-01
1.581230203102e+00 4.202769289134e-01 -8.913811414974e-01
Mode 46
-5.599975728439e-02 -1.264899631201e+00 -1.310549406547e+00
-1.264899631201e+00 -2.247430918124e-01 -3.519850050505e-01
-1.310549406547e+00 -3.519850050505e-01 -9.460270537672e-01
Mode 47
-1.724171266247e+00 1.286024582699e+00 1.775431783482e+00
1.286024582699e+00 -1.210461532269e-01 -8.103397271977e-01
1.775431783482e+00 -8.103397271977e-01 1.783454933869e+00
Mode 48
-5.085165873097e-01 1.732204246762e+00 -6.909799781339e-01
1.732204246762e+00 1.686170418530e+00 -5.941334946054e-01
-6.909799781339e-01 -5.941334946054e-01 -1.188406757434e+00
Mode 49
-2.485716576323e+00 -3.166025632458e-01 -6.437283442352e-02
-3.166025632458e-01 -6.859745234018e-02 -6.046229804444e-01
-6.437283442352e-02 -6.046229804444e-01 -3.010427888594e+00
Mode 50
1.252063176805e+01 1.335442715964e+00 -5.180138179803e+00
1.335442715964e+00 1.695329323779e-01 -1.159057502768e-01
-5.180138179803e+00 -1.159057502768e-01 3.733623264963e+00
Mode 51
-3.113164326640e+00 -1.954785247850e+00 3.288704093346e+00
-1.954785247850e+00 -1.678194669616e+00 2.361364969938e+00
3.288704093346e+00 2.361364969938e+00 -6.331214045879e+00
Mode 52
-7.419244999757e+00 -7.177174648553e-01 2.292480390319e+00
-7.177174648553e-01 -3.180587194750e+00 8.221395887565e-01
2.292480390319e+00 8.221395887565e-01 -5.357647360676e+00
Mode 53
-4.409431785763e+00 -1.912741124484e-01 2.325092723608e+00
-1.912741124484e-01 -3.913013315335e+00 -2.765661052836e-01
2.325092723608e+00 -2.765661052836e-01 -8.853732075293e+00
Mode 54
-4.791566443864e-01 -2.201842383175e+00 1.800207370095e+00
-2.201842383175e+00 2.570440016934e+00 3.599854883727e+00
1.800207370095e+00 3.599854883727e+00 1.373428561343e+00
Mode 55
4.905620077844e+00 5.381048265040e-02 1.978033214026e+00
5.381048265040e-02 5.761475927542e+00 -2.079701508715e+00
1.978033214026e+00 -2.079701508715e+00 4.559039714503e+00
Mode 56
-2.267631042041e+00 9.625644394327e-01 -4.068286211620e+00
9.625644394327e-01 -4.461956486142e+00 9.898855232735e-01
-4.068286211620e+00 9.898855232735e-01 1.551110509121e+00
Mode 57
-3.919685388531e+00 3.881212835292e+00 -3.762272760564e+00
3.881212835292e+00 -2.202848983517e+00 3.051232111253e+00
-3.762272760564e+00 3.051232111253e+00 -3.897112075151e-01
Mode 58
3.307349174510e+00 4.550047084318e+00 1.951006386394e+00
4.550047084318e+00 9.017172504467e-01 2.946789750766e+00
1.951006386394e+00 2.946789750766e+00 -1.538959166170e-01
Mode 59
8.608367856509e-01 4.039447605102e+00 -1.340164184956e+00
4.039447605102e+00 3.651972422263e+00 1.845754406558e+00
-1.340164184956e+00 1.845754406558e+00 -1.136743779652e+00
--
