Number of atoms 
19
--
Anisotropy 
49.784
--
Frequencies 
50.468600000000
72.711600000000
135.667000000000
179.163500000000
241.520800000000
245.723100000000
375.627100000000
394.825000000000
446.327100000000
511.168700000000
537.974400000000
581.383100000000
604.059100000000
659.388300000000
726.518900000000
746.246100000000
766.179900000000
810.705800000000
862.231300000000
886.851900000000
922.459800000000
945.115400000000
982.902100000000
1017.272900000000
1031.690600000000
1070.603000000000
1131.557900000000
1146.493300000000
1192.512000000000
1201.552800000000
1245.297600000000
1258.906100000000
1301.425200000000
1370.612500000000
1389.044400000000
1429.012600000000
1441.307800000000
1444.588100000000
1502.015600000000
1592.527000000000
1673.714900000000
1777.435800000000
2653.283800000000
3066.593100000000
3077.218200000000
3128.556800000000
3145.446000000000
3179.717400000000
3213.869800000000
3219.585700000000
3231.295000000000
--
Displacements 
Mode 0
3.160052553272e-02 -2.261337491293e-01 -9.982451748345e-02
-7.847245404806e-02 9.907499169682e-02 -9.500642070907e-02
-1.125921241536e-01 9.934902824112e-02 -2.127872566943e-02
-6.619872886623e-02 7.282644785803e-02 -1.462999620223e-02
-1.508605287930e-01 8.086346720399e-02 -8.367915226655e-02
-8.931767750187e-02 5.549390784017e-02 -5.781676814124e-02
7.003869676317e-02 1.161397095336e-02 6.899055467534e-02
1.549636731100e-01 1.397895726669e-02 1.476172373742e-01
7.853454223523e-02 4.859750127055e-02 1.121187252254e-01
1.334237829947e-01 5.905845120464e-02 1.618956252426e-01
-6.698060507426e-02 -2.885437136523e-01 1.586068215923e-01
-1.628518677560e-01 2.045345140963e-01 1.203751269014e-02
-3.607723650207e-02 1.860344753836e-01 -2.845867301459e-01
-1.687565980204e-01 1.542245451913e-01 -2.712932518687e-02
-1.126135633478e-01 6.902303045455e-02 5.342290348690e-02
-2.727380276789e-01 1.120229481500e-01 -1.768186283897e-01
-1.665363376368e-01 5.890643486612e-02 -1.220478601938e-01
1.269926998901e-01 -1.205552901895e-02 1.035737340965e-01
2.842843117877e-01 -2.180501599936e-02 2.455747775091e-01
Mode 1
-2.262078617412e-01 -1.427481129008e-01 4.640021066475e-02
1.374510529825e-02 -3.542617596111e-02 4.853924326885e-02
9.309284538329e-02 1.800884046625e-02 -1.265282727437e-01
2.263547418393e-02 5.718052427240e-02 -1.253715396428e-01
1.272317252876e-01 1.047553013162e-01 -3.374040495438e-02
1.977753356967e-01 1.068472858016e-01 1.291068321464e-01
1.880498473341e-01 5.911739547943e-02 2.020949986253e-01
7.315616481090e-02 1.909154368416e-02 9.210694061750e-02
-1.971686497365e-02 3.087303615881e-02 -8.519448851861e-02
-1.100202187448e-01 -9.979077409095e-04 -1.838329558254e-01
-2.230903936934e-01 -1.352705401700e-01 6.951659660691e-02
8.775782878029e-02 -3.088544440174e-02 1.668671711628e-01
3.633770109377e-02 -3.889764726185e-02 7.257096193873e-02
2.079458789135e-01 -5.931180291929e-02 -1.083541484086e-01
9.684657407051e-02 6.118559098610e-02 -2.361716844723e-01
1.349594806937e-01 1.408588124420e-01 -9.404644346438e-02
2.775180816283e-01 1.358651492905e-01 1.998108494992e-01
2.629191294873e-01 4.910731491401e-02 3.466439137957e-01
5.798526961300e-02 -1.238747512168e-02 1.475949151157e-01
Mode 2
-5.941105951266e-02 -5.451771964527e-02 -4.356769734865e-02
-2.597818148711e-02 1.790212149807e-01 -3.710173410306e-02
-1.626919109490e-02 2.995785446219e-03 -5.501216856913e-02
6.154285129112e-02 -2.536955936382e-02 2.586238412530e-02
1.464678276379e-01 -2.300457305049e-02 1.044890668242e-01
9.722014072285e-02 6.442440261106e-03 8.430147804939e-02
-9.416970208608e-02 4.679196157238e-02 -5.867349947998e-02
-1.367637784695e-01 4.040846558607e-02 -1.027756041467e-01
3.236367437491e-02 -3.182440786786e-02 2.323358872011e-02
1.079148073843e-01 -8.221813753349e-02 1.072127427488e-01
-3.987802766360e-01 -1.793728111967e-01 1.118019926902e-01
-1.713740936460e-01 3.306543080626e-01 6.323486843997e-02
1.358995667462e-01 3.043064910712e-01 -1.254147808280e-01
-1.101993126871e-02 -6.941392083208e-02 -4.960109585031e-02
-9.115991244228e-02 -1.732013177493e-02 -1.248594545832e-01
2.383095909365e-01 -4.606809037577e-02 1.687787602657e-01
1.575547883176e-01 6.525186788929e-04 1.515785700472e-01
-2.034888601759e-01 9.243090212549e-02 -1.365606536181e-01
-2.586412773554e-01 7.156794653210e-02 -1.959150802699e-01
Mode 3
-7.436436850727e-02 4.880940974512e-04 -5.069223274495e-02
-7.964551408150e-03 -2.096088410686e-01 -4.359701442444e-02
-2.206624295541e-02 2.427548261934e-02 -4.876665400745e-03
-7.131392987050e-02 5.372249593094e-02 -2.506425417554e-02
8.826051303076e-03 1.628706873795e-03 5.019410455736e-02
8.040315759363e-02 -4.169178339785e-02 8.483588536746e-02
3.091373345269e-02 7.679222041023e-03 -1.963085919823e-02
-2.948794355303e-02 5.922597272593e-02 -8.439635856885e-02
7.639286800919e-03 5.153434244198e-02 1.690718327358e-02
1.277151997394e-01 6.490731706164e-02 1.348179066274e-01
5.118746026072e-01 2.072366189500e-01 -2.182598794371e-01
1.915310722501e-01 -3.819870011944e-01 -1.228892968539e-01
-2.161686655179e-01 -3.541283658787e-01 3.555571020601e-02
-7.823071682220e-02 7.915099956955e-02 -1.072726491818e-02
8.026909877171e-02 4.982187480754e-02 8.985907062195e-02
1.998004139371e-02 -2.047103049951e-02 9.477201515318e-02
1.556911141830e-01 -1.024875187228e-01 1.592375127616e-01
4.268254498860e-02 -9.047335329804e-03 -3.311111711685e-02
-5.552821322731e-02 9.057469473926e-02 -1.386103971882e-01
Mode 4
4.632636587645e-02 1.923424871959e-02 9.160322094442e-03
6.604116620407e-04 -7.070964688678e-02 1.413186801464e-02
2.591115207614e-03 -1.332643858780e-02 3.961332673031e-03
-6.725143454646e-02 3.121842522083e-02 -5.294010274050e-02
-3.003573558735e-02 8.095963620757e-03 -2.884978268165e-02
3.003573558735e-02 -8.095963620757e-03 2.884978268165e-02
3.462458375150e-02 -9.796023012269e-03 2.012898738582e-02
-3.262685079496e-02 2.142240220856e-02 -3.281111535468e-02
-2.977255916729e-02 1.849796928006e-02 -1.927225604708e-02
3.029891200741e-02 2.306042038543e-03 3.842730931621e-02
-9.104806538612e-01 -2.807362703166e-01 -4.595786628165e-02
3.025826301444e-02 -1.150404531423e-01 -5.338662435641e-02
-4.368966045208e-02 -1.086435141967e-01 6.699104710768e-02
3.403120150042e-02 1.515679477182e-02 3.485526743932e-03
3.403120150042e-02 1.515679477182e-02 3.485526743932e-03
-5.721717954703e-02 1.326749431301e-02 -4.416070605570e-02
6.266258638231e-02 -2.951836582932e-02 6.166089803632e-02
7.210345913067e-02 -2.251647895304e-02 5.379683407924e-02
-2.803800263081e-02 1.972234281705e-02 -4.153191065050e-02
Mode 5
-9.548558418637e-02 -5.218066724117e-03 -1.065611326528e-01
1.072351859235e-01 -9.852898804094e-02 -7.343468809477e-02
7.443139791823e-02 -4.624492320014e-02 4.818064011770e-02
1.123481575324e-01 -2.273053650619e-02 1.782167618638e-01
4.257263718924e-02 -2.394250180025e-02 1.188037338231e-01
-8.180750829909e-02 5.112586417465e-03 -5.551029675672e-02
-4.318745863452e-02 1.856932179777e-02 -6.074556530861e-02
1.018089888870e-01 4.742380869594e-03 7.558068275356e-02
5.826988522726e-02 2.834052832419e-02 8.247081259396e-02
-6.712231694833e-02 1.331340890855e-01 -3.833939085144e-02
-6.597687025777e-01 -1.710969178118e-01 -2.450124564471e-01
1.668687728633e-01 -1.509557579172e-01 -1.121033977842e-01
4.859221647684e-02 -1.521666884949e-01 -1.356817638339e-02
-8.608758982642e-02 -5.886817542098e-02 3.497806170276e-02
1.372901313096e-01 -1.960445426747e-02 1.219306574158e-01
7.061063982005e-02 -4.366484461730e-02 1.603356444736e-01
-1.816187642296e-01 1.199658474416e-02 -1.437731074791e-01
-1.166738292764e-01 3.483260155700e-02 -1.599184399334e-01
1.309881658032e-01 1.119722937363e-02 7.820947815875e-02
Mode 6
-2.744462037973e-02 -5.230474967045e-03 -2.488845000862e-02
1.690362724109e-01 7.993278032460e-02 -1.837088019136e-02
1.595333114754e-01 -7.474159951905e-02 -2.761912075057e-02
2.709297535451e-02 1.025930062387e-02 9.252414515762e-02
-1.502001171309e-01 1.015382031721e-02 -6.954728425190e-02
-1.163475271399e-02 -7.478710083455e-02 8.457072664135e-03
9.050444200403e-02 -1.053995434084e-01 9.110368942502e-02
-1.249949669336e-01 2.368190821524e-02 -1.162558620653e-01
-9.166705548363e-02 4.889635430070e-02 2.250105497662e-02
-2.907149851228e-02 6.513481757408e-02 8.667354564019e-02
1.327441615339e-01 4.274760069719e-02 -1.875180560100e-02
3.902056084116e-03 2.321129117788e-01 7.147286298940e-02
3.669215159070e-01 2.016752325966e-01 -4.117889898485e-02
1.821308484947e-01 -2.716423928899e-01 -2.321129922423e-02
1.981962395284e-01 -6.328685656009e-04 -1.822576476151e-01
-3.479133646405e-01 5.097902748301e-02 -1.815418118820e-01
-4.678568930561e-02 -8.579508914089e-02 -3.082696799082e-02
2.401567671007e-01 -1.666833728307e-01 2.161975495641e-01
-1.378620743665e-01 7.488326983813e-02 -2.132757472141e-01
Mode 7
4.233089996338e-02 -4.018509672983e-03 3.452457803216e-02
-7.697692290908e-02 -1.651146510132e-02 2.004806373835e-02
1.782376148674e-03 -1.315529529599e-01 -1.912868100596e-01
-6.580149362425e-02 -8.285204688054e-03 -1.007565482216e-02
1.653236751496e-02 7.406220213081e-03 6.458969520369e-02
-9.440872748358e-03 -7.001886876275e-03 7.864063957087e-03
-3.089229425849e-02 2.264677574555e-02 -5.507076995810e-02
6.154285129112e-02 -2.536955936382e-02 2.586238412530e-02
-1.471380116419e-03 9.177632122311e-03 3.183718123799e-02
-9.115608141128e-03 1.510726117504e-01 3.455389510795e-02
6.916069889783e-02 -4.161214708418e-03 1.174711965552e-01
-1.038951904487e-01 -9.379287497622e-04 1.431466699887e-02
4.500379558985e-03 1.373077192461e-02 6.849242648775e-02
2.610697965911e-01 -5.542803658431e-01 -1.673793217476e-01
-2.434684456368e-02 -4.733076775739e-03 -6.310981137224e-01
9.348785122984e-02 -6.408312472172e-03 1.192432606217e-01
1.062763725052e-02 -4.290374869191e-02 2.542285732669e-02
-8.325744922130e-02 4.461621632635e-02 -9.837474467506e-02
7.469457433829e-02 -3.584291754084e-02 5.775816675227e-02
Mode 8
7.443139791823e-03 -4.624492320014e-03 4.818064011770e-03
-1.407136541658e-01 -5.892711969577e-02 -5.221311679902e-03
-1.308969853697e-01 -1.633628831521e-01 6.617059489942e-02
1.112333636649e-01 -2.120110521108e-01 1.227943508093e-01
-4.151993150900e-02 6.555052443745e-02 -8.049362728479e-02
-2.255194680256e-02 1.208179664815e-01 6.778221500275e-02
9.987334411764e-02 1.407884946407e-01 1.053751152387e-01
-8.352062564136e-02 3.421421066705e-02 -1.079522713096e-01
9.979204613170e-02 -9.390449572093e-02 -7.825275210654e-02
1.134866199894e-01 1.401814772773e-01 -8.227964822323e-02
7.443139791823e-03 -4.624492320014e-03 4.818064011770e-03
-1.933419855487e-01 -4.735968477427e-02 -5.810281303142e-02
-1.141255924572e-01 -3.914583260394e-02 -6.553848947740e-03
-1.798814958647e-01 -1.235138641813e-01 5.556053275919e-02
-2.189823081527e-01 -2.338574377694e-01 1.138307845710e-01
-1.338907594760e-01 2.045448529065e-01 -3.855316688372e-01
-1.226934085640e-01 1.630567882516e-01 -2.754652972699e-02
1.284376995886e-01 1.418701631422e-01 1.660620791583e-01
-3.799012429676e-01 -2.863421498178e-02 -1.255194300657e-01
Mode 9
1.488627958365e-02 -9.248984640028e-03 9.636128023540e-03
-1.015672516611e-01 -2.466637299686e-02 8.698473037335e-03
-4.670216192423e-02 9.220340161306e-02 -8.841629263085e-02
1.182743269910e-01 5.790543018537e-02 1.426819705845e-01
-6.872281466288e-02 4.039605734314e-02 -2.110292150251e-02
7.790051099118e-02 -4.379617612616e-02 3.661330910856e-03
5.445135652452e-02 -2.577389270063e-02 -4.659137503547e-02
1.795815741462e-02 7.431141498003e-02 -3.943752256338e-02
6.909366948687e-02 4.159561439427e-02 1.199827891825e-01
-8.048668497501e-02 -1.363067073561e-01 -2.724656072743e-02
-6.470319772725e-02 -4.276000894011e-02 1.004244882452e-01
1.755657065682e-01 -2.512427149081e-01 -7.651000511588e-02
-3.675363373523e-01 -2.070484125991e-01 9.923706749929e-02
5.386291549723e-02 -1.942503969866e-01 -8.285873282090e-02
-9.349056305819e-02 1.431431349346e-01 -3.408365554634e-01
-3.508346856791e-01 9.966028951421e-02 -1.925690785624e-01
-3.932111031958e-02 -6.009358367433e-02 -1.007105331354e-01
-6.422020570846e-02 -2.567670339915e-03 -1.938276870000e-01
-9.017694800136e-02 2.067795424274e-01 -3.056310502594e-01
Mode 10
-4.588848164150e-03 1.700059391513e-03 8.720795295826e-03
5.809517741237e-02 2.507691348768e-03 -4.319935824180e-03
3.462458375150e-02 -9.796023012269e-03 2.012898738582e-02
-3.341638005514e-02 -9.783614769342e-03 -6.154369525837e-02
-9.634214285751e-02 9.332745400673e-03 -1.327821199293e-01
1.510352366079e-01 -5.503063022857e-02 1.704699006847e-01
-1.379049527549e-01 1.423127426499e-02 -6.387248890139e-02
4.178310792906e-02 -5.514851877815e-02 9.007115391935e-02
9.502626075722e-02 -6.134277369717e-02 8.489448675644e-02
-2.584412266518e-02 8.750755677533e-02 -4.212491935755e-02
1.776201040552e-02 1.815258021804e-02 -5.152664182519e-02
-3.537346401871e-02 9.593650121517e-02 4.295236638311e-02
1.707708289474e-01 8.115715386159e-02 -4.063053479478e-02
-2.426506414483e-02 1.499195907311e-01 1.534024044984e-02
6.602179165590e-02 -4.196478522579e-02 1.690564397694e-01
-3.146288140119e-01 9.558180085008e-02 -3.561921233544e-01
1.555570553611e-01 -1.097386051740e-02 1.642606980161e-01
-4.852490861669e-01 1.466663086397e-01 -3.756625058269e-01
-2.068239144269e-01 -1.531503153865e-03 -9.706452966571e-02
Mode 11
5.708583255345e-03 -5.848865857003e-03 2.707771861519e-02
-5.436288791935e-02 1.034306138451e-02 -3.062184674810e-02
-2.417659553967e-02 1.344887594150e-01 -6.187298133373e-02
1.476974705285e-01 -1.225821304553e-02 -1.162727020470e-02
1.755151751277e-01 1.826943405126e-02 -1.290761445014e-01
1.325908929132e-01 4.724076150834e-02 -1.802441831755e-01
-5.565461899709e-02 -1.480757915878e-01 6.838218576449e-02
-1.304783109335e-01 -2.141485379117e-01 -3.976692876831e-03
-8.437447248415e-02 -8.796979967056e-02 8.742003625567e-02
-7.880488927452e-02 1.911243147479e-01 1.391448372689e-01
-4.755600876702e-02 -2.998060872455e-02 1.069560149344e-01
2.169730184495e-01 -1.949535833536e-01 -6.569482173293e-02
-3.231862652382e-01 -1.691145452892e-01 4.637788840626e-02
-1.050654569804e-01 2.727230266751e-01 -7.404998629770e-02
-1.377516841342e-01 9.738113453837e-03 9.761988867308e-02
9.568396059091e-02 4.682401878446e-03 -1.225669400707e-01
1.088736208027e-01 2.482903613446e-01 -2.204505186128e-01
-1.510347541750e-01 -2.500969262617e-02 2.923405861423e-01
-1.350457199035e-01 -1.821224807336e-01 -6.995752673734e-02
Mode 12
-7.443139791823e-03 4.624492320014e-03 -4.818064011770e-03
-7.112933960802e-03 -3.073033112338e-02 2.247869995552e-03
-3.253567036145e-02 -1.307432515700e-01 1.115689577035e-01
-1.099554187293e-01 9.939762764062e-03 5.487264353268e-02
-2.760505961965e-02 2.493865075218e-01 7.446026154574e-02
1.905305723094e-01 1.109361132759e-01 -1.048393045888e-01
1.759959377510e-01 1.151562722591e-01 -1.821111277614e-01
1.294569268951e-01 -1.839921310791e-01 -1.482828371048e-01
-1.112927400238e-01 -7.239626331901e-02 8.168663951619e-02
-1.422064734765e-01 -8.007548536003e-02 1.013174987144e-01
2.296568001495e-02 2.182570082901e-02 -1.183056056355e-01
-2.827745120737e-01 1.866683786655e-01 5.561916691078e-02
2.391178475625e-01 1.521987468511e-01 -9.878358382868e-02
-1.254565197582e-01 1.381556740161e-02 1.032946840236e-01
4.918336933248e-02 -1.204250066713e-01 2.442924762438e-01
-1.816418687129e-02 2.563883943981e-01 6.659619758865e-02
1.617535718590e-01 -1.700597098443e-01 -1.225376557575e-01
2.660455967901e-02 2.435366069485e-01 -5.641026928063e-02
1.898130136840e-01 -1.594560548747e-01 -1.557073742633e-01
Mode 13
-5.906959659879e-03 6.384530702674e-03 2.020503541083e-01
1.077181779423e-01 -5.833664944074e-02 -3.676868633400e-01
-7.513245857324e-02 -3.919250938788e-04 -1.541264418050e-01
1.029743141950e-02 -7.548925248516e-03 1.835692331937e-02
-1.117542928484e-02 -8.226260413264e-03 3.012371856051e-02
-3.662231670803e-02 -1.830356184020e-03 -7.446859416963e-03
2.917917691621e-02 6.454848504034e-03 2.628795405193e-03
-2.921321038635e-03 4.868126203119e-02 -1.102726668035e-02
2.026465700797e-02 2.025697294636e-02 2.964791263141e-02
-9.704049168417e-03 -1.740389253557e-02 -1.713462677479e-03
-8.108277905444e-02 2.538093289039e-02 -2.654833162111e-01
-7.454401754595e-02 1.680845791921e-01 -1.178590840195e-01
2.392970141683e-01 6.464258461120e-02 -4.944272193811e-01
-4.702765673735e-01 1.786809922913e-01 -2.020224076017e-01
4.740322257924e-02 -4.556655331904e-02 1.943620943181e-01
5.708583255345e-03 -5.848865857003e-03 2.707771861519e-02
-5.862153025248e-02 -2.331170266737e-02 -1.483511744495e-02
6.042311619992e-02 -2.122075289833e-02 -9.936129785715e-03
-1.407531112927e-02 7.078099940450e-02 -5.560517727617e-02
Mode 14
-9.440872748358e-03 -7.001886876275e-03 7.864063957087e-03
1.026413965356e-01 9.660039342063e-02 -4.508999565540e-02
1.530001279604e-02 1.333946826705e-01 -4.088726260917e-02
-4.156280989741e-02 4.898528864313e-03 6.890963102787e-02
-1.066418036724e-01 7.357617025685e-02 9.007814873666e-02
-5.559253080992e-02 -4.032986204488e-04 8.549449028078e-02
3.665260082051e-03 5.860758183597e-02 -3.243018994504e-02
-1.114793867406e-03 -1.892805156046e-01 -5.542241105456e-02
9.137047335331e-03 -1.207466139638e-01 -1.092555242643e-01
6.641631506953e-02 1.365838469053e-02 -4.798251369229e-02
-1.910156109545e-02 -4.379410669345e-02 3.195578297940e-01
4.798295773167e-01 -2.134784385522e-01 -1.989736992806e-01
-2.437281349208e-01 -1.808246852462e-01 1.822060082808e-01
-1.626919109490e-02 2.995785446219e-03 -5.501216856913e-02
-9.118043351752e-05 1.521656537785e-01 -1.443800730582e-01
-7.089748482975e-02 5.963134077909e-02 1.460056500335e-01
1.045564126397e-02 -2.054714081297e-01 1.602254037503e-01
1.699169094411e-02 7.396706063437e-02 8.625634110007e-02
-5.488158770733e-02 -3.406250944666e-01 1.521924976810e-01
Mode 15
-4.588848164150e-03 1.700059391513e-03 8.720795295826e-03
-2.259259579553e-02 3.471471300743e-03 -2.403171866988e-02
-1.170178212495e-02 -2.903027173186e-02 1.096866529138e-02
9.443287850614e-02 -3.638995591308e-02 6.825102611455e-02
-6.430867431362e-02 1.286316097621e-02 -1.166144652165e-01
3.635914028798e-02 -8.571649475280e-03 -2.130667217603e-03
-8.725291513437e-02 2.136345793377e-02 -7.301048873734e-02
1.023040200853e-02 3.820790385417e-02 2.086851594661e-02
-6.213623354220e-02 5.032237714792e-02 -4.250584476719e-02
-6.586581120686e-03 -9.926319804776e-03 2.140292326468e-02
-8.321137657163e-03 -1.115069334177e-02 4.366257786811e-02
5.533875440452e-03 -3.168170283242e-02 -5.971302980295e-02
-5.576723862481e-02 -2.623613559587e-02 -1.296258137355e-03
-3.855302025361e-02 -5.921356448300e-02 2.723675924651e-03
-5.058500820958e-02 -5.288901277147e-02 6.626407208707e-03
1.754508575451e-01 -7.270855930845e-02 9.502874296757e-02
5.292260740616e-01 -1.340296134596e-01 4.651406510393e-01
2.094606198513e-01 -8.787776232320e-02 1.732158988678e-01
3.938666462975e-01 -5.704195089317e-02 3.330394582818e-01
Mode 16
4.588848164150e-03 -1.700059391513e-03 -8.720795295826e-03
8.565586711370e-04 -1.455081212479e-02 2.622098727645e-02
4.852024584208e-03 8.701946267787e-03 8.567313387394e-04
-3.747887537917e-02 1.272045594077e-02 -3.366784669342e-02
-4.465883875094e-02 2.774695392009e-02 -2.890838407062e-02
-1.021391947180e-01 3.061244257380e-02 -8.264661676088e-02
4.492201517099e-02 -1.734494826079e-02 3.848591070519e-02
-4.259407638344e-02 -6.383495986317e-03 -4.410210466672e-02
1.676560727280e-01 -6.305524133161e-02 1.578463741048e-01
-3.574431884269e-02 1.394482947776e-02 -5.592750129684e-02
6.148214452819e-04 5.373180002480e-03 -5.805816851444e-02
-3.471305235666e-02 2.522685432839e-02 5.708423439775e-02
4.832409883299e-02 3.086062791588e-02 -3.521805874416e-03
3.144008629281e-02 2.848323335962e-02 -4.758059290987e-04
2.658806170860e-02 1.978128709184e-02 -1.332537267838e-03
3.610222092993e-01 -1.221043812332e-01 3.628408528216e-01
4.757867742243e-01 -1.839941933026e-01 4.582281989404e-01
9.581579001739e-02 -3.013675671927e-02 1.136270666601e-01
-2.600241888666e-01 6.531474733829e-02 -2.412911208155e-01
Mode 17
7.443139791823e-03 -4.624492320014e-03 4.818064011770e-03
-5.916932228680e-02 -7.444171177254e-02 4.071145844225e-02
2.457056385690e-03 7.818721961758e-02 8.984517927518e-03
3.049505901650e-02 5.846487680053e-02 5.051642857802e-02
-1.868559848762e-02 4.215506100944e-02 2.781724717598e-02
1.947512774780e-02 -1.094904403154e-02 9.153327277141e-04
-5.317612341720e-02 -3.956257418367e-02 2.665074535676e-03
-3.137305688184e-02 -7.424006246231e-02 -2.035786698145e-03
2.268106440069e-02 -1.890230261686e-02 -5.318150311370e-02
5.212341773696e-02 -2.045448453529e-03 -4.097518107394e-02
-3.383330752880e-02 6.434786323725e-02 -6.954240862944e-01
-2.185757455595e-01 1.589100512189e-01 3.241484830672e-01
6.450433888981e-02 1.233359966405e-01 -3.341069023488e-01
1.512121738182e-01 -8.589229286082e-02 1.604345711754e-02
2.796826139150e-02 1.627693087480e-01 -1.775497915640e-01
-1.105488009803e-01 3.489258054815e-02 3.822918289080e-02
2.206624295541e-02 -2.427548261934e-02 4.876665400745e-03
-2.011138838728e-02 -2.475013375751e-02 1.318444649431e-01
3.585693847042e-02 -1.357844854697e-01 1.256059451987e-01
Mode 18
0.000000000000e+00 0.000000000000e+00 0.000000000000e+00
2.854291627673e-03 -2.924432928502e-03 1.353885930760e-02
1.734556536477e-03 1.224373536989e-03 -2.225965460342e-02
-2.544688742320e-02 6.395904229244e-03 -3.757057797747e-02
4.751313037861e-02 -3.067138684859e-02 4.244724337822e-02
2.059486283899e-02 -1.509785049703e-02 3.671384663873e-02
-3.548114242264e-02 2.434683513706e-02 -4.634997466227e-02
-9.555261359733e-02 4.053876237857e-02 -1.040495400256e-01
1.107020696010e-01 -3.938574135930e-02 1.232631946837e-01
-4.206772354332e-02 1.442051533228e-02 -2.494705139759e-02
7.091494766599e-03 4.043333368063e-04 7.245375916078e-02
-1.734556536477e-03 -1.224373536989e-03 2.225965460342e-02
4.544836801111e-02 3.459063057815e-03 5.764096397432e-02
-3.528499541354e-02 8.050566989905e-02 -3.426085540046e-02
2.630344609434e-02 -2.094671635403e-02 6.379156525393e-02
-2.503201396982e-01 8.271863987387e-02 -2.395776581380e-01
-1.567652590574e-01 3.055349829901e-02 -1.228459901435e-01
3.270124469931e-01 -1.069351782184e-01 2.846536969214e-01
5.183808506078e-01 -1.776106973163e-01 5.023303036071e-01
Mode 19
-1.203198795597e-02 6.324551711527e-03 3.902731284056e-03
-2.450186014690e-02 -2.358573921167e-02 -8.856281248459e-02
-1.391710128479e-02 -1.271414834767e-01 8.626330315476e-02
-4.740545197468e-02 1.022610529267e-01 4.685509766717e-02
-2.002786100591e-02 1.532483569964e-01 7.425514030302e-02
1.274542527147e-01 -2.189188205321e-03 -1.159768119924e-01
-1.237170219979e-01 -1.783893811315e-01 6.141113227662e-02
-6.874425385709e-02 1.007005955657e-02 5.359870765382e-02
8.582441340636e-02 4.846616976168e-02 -4.455558833733e-02
1.011293674262e-01 -1.156846963786e-02 -1.050667480900e-01
2.129640592692e-02 -4.850132505775e-02 6.054701351530e-01
-1.991823982305e-01 -6.691660319550e-03 -3.213745383774e-01
1.112284224412e-01 -1.858173004070e-02 1.424182479528e-01
-6.276755295789e-02 -1.788061227112e-01 7.063005576004e-02
1.690818626277e-01 3.849953435336e-03 5.381915633773e-02
-1.282031329819e-01 8.832966640822e-02 1.790581657614e-01
9.702128188540e-02 8.701842796152e-02 -1.493809360542e-01
-1.926167738711e-01 -1.071316611561e-01 1.947346543413e-01
4.970701034424e-02 3.711382710969e-02 4.185423467117e-02
Mode 20
1.143860570489e-02 1.862826607256e-02 -2.054619192594e-02
-5.804958719561e-02 -7.859051823803e-02 7.650997235327e-02
3.820360462382e-02 7.547890532158e-03 -1.763051727609e-01
5.177177271174e-02 2.983377203291e-03 2.666051407507e-02
-1.038590002466e-02 2.297975656464e-02 5.885629846421e-02
-4.580001303633e-02 1.569762599006e-03 9.994731174690e-03
-5.115201004267e-03 -1.910395192709e-02 -1.043425797331e-02
1.747739479126e-02 -2.257542322783e-02 1.359746069657e-02
-2.059486283899e-02 1.509785049703e-02 -3.671384663873e-02
1.203198795597e-02 -6.324551711527e-03 -3.902731284056e-03
2.897652448994e-03 -2.231276021010e-02 3.269460878220e-01
-1.629376245328e-01 8.323052295004e-02 3.108440293155e-01
2.850282508311e-01 8.548382786780e-02 2.021173208838e-01
-2.574429561066e-01 4.388469528906e-01 -1.980819938553e-01
2.009625449838e-01 -6.816679303272e-02 3.713049203031e-01
-1.525950853295e-01 7.963909366701e-02 -6.141949766312e-02
7.274243159851e-02 -1.235521236264e-01 1.426303312502e-01
6.653610531648e-03 -3.583050929791e-02 -2.391451589193e-02
-5.574579943061e-02 4.089862190701e-03 -7.599788729368e-02
Mode 21
0.000000000000e+00 0.000000000000e+00 0.000000000000e+00
-2.373377008093e-02 -2.270572002034e-02 1.487139657543e-02
1.576427744899e-02 6.526201021751e-03 -3.884451385634e-02
1.973830416785e-02 -5.470383722410e-04 1.049285936228e-02
-9.728717013381e-02 3.931438884158e-02 -8.178988542214e-02
5.348489005401e-02 -2.611824704629e-02 7.910248862798e-02
7.443139791823e-03 -4.624492320014e-03 4.818064011770e-03
-2.259259579553e-02 3.471471300743e-03 -2.403171866988e-02
1.514945600370e-02 1.153021019272e-03 1.921365465811e-02
0.000000000000e+00 0.000000000000e+00 0.000000000000e+00
-1.290998582131e-02 -9.450633950253e-03 5.238337316393e-02
-4.129963347735e-02 1.530053452361e-02 7.848715766244e-02
4.459180933997e-02 1.800987518261e-02 3.141997669786e-02
-4.531925041298e-02 9.845660080687e-02 -4.304025208527e-02
3.859861047037e-02 -1.686926240626e-02 6.946636060444e-02
5.501511427316e-01 -1.844822874000e-01 5.089204316853e-01
-4.145285385475e-01 1.178966304929e-01 -3.672417122933e-01
-2.544688742320e-02 6.395904229244e-03 -3.757057797747e-02
1.001414617615e-01 -4.223882177009e-02 9.532874472974e-02
Mode 22
-7.179963371764e-03 1.502649797931e-02 4.759462622796e-03
-1.540400850279e-01 -7.428659849418e-02 -1.239078427250e-01
1.581025803519e-01 5.178252778406e-02 9.603199416005e-02
3.855302025361e-02 5.921356448300e-02 -2.723675924651e-03
2.075036085512e-02 -7.628551091584e-02 -4.301096777208e-02
-5.412115069350e-02 -9.580930742760e-03 5.365730904280e-02
3.596190504599e-02 7.254000307080e-02 -6.685008597682e-03
8.981549319204e-03 -5.955895354502e-02 -2.953070985346e-02
-1.170178212495e-02 -2.903027173186e-02 1.096866529138e-02
-2.606170886848e-02 1.022724226765e-03 2.048759053697e-02
1.049406086151e-02 -3.143041334126e-02 4.932565294082e-01
-4.563759640592e-01 8.206715591133e-02 -2.332079787437e-01
-1.104408229126e-02 3.699490384376e-02 -1.964927615357e-01
3.336419065021e-01 -3.635686284051e-02 1.138475153440e-01
3.428575399951e-01 2.143243360197e-01 -3.337343641673e-02
-2.816712022895e-02 -8.219332104764e-02 -5.613262253956e-02
-3.411967010559e-02 2.740365442992e-04 7.372769503964e-02
4.946527311839e-02 5.703781923696e-02 -4.242492111973e-02
-6.654543266766e-02 -1.155740485552e-01 3.338180180323e-02
Mode 23
0.000000000000e+00 0.000000000000e+00 0.000000000000e+00
0.000000000000e+00 0.000000000000e+00 0.000000000000e+00
0.000000000000e+00 0.000000000000e+00 0.000000000000e+00
-7.443139791823e-03 4.624492320014e-03 -4.818064011770e-03
0.000000000000e+00 0.000000000000e+00 0.000000000000e+00
3.003573558735e-02 -8.095963620757e-03 2.884978268165e-02
-9.269832196966e-02 3.761432945007e-02 -9.051068071797e-02
6.007147117470e-02 -1.619192724151e-02 5.769956536329e-02
7.443139791823e-03 -4.624492320014e-03 4.818064011770e-03
0.000000000000e+00 0.000000000000e+00 0.000000000000e+00
-4.588848164150e-03 1.700059391513e-03 8.720795295826e-03
-7.443139791823e-03 4.624492320014e-03 -4.818064011770e-03
0.000000000000e+00 0.000000000000e+00 0.000000000000e+00
7.443139791823e-03 -4.624492320014e-03 4.818064011770e-03
-2.854291627673e-03 2.924432928502e-03 -1.353885930760e-02
1.488627958365e-02 -9.248984640028e-03 9.636128023540e-03
-1.424723617249e-01 4.625733144307e-02 -1.298533227619e-01
5.661571574064e-01 -1.978800785056e-01 5.543550736199e-01
-3.656110574634e-01 1.238044406247e-01 -3.541200575258e-01
Mode 24
1.997732956536e-03 1.162637919629e-02 -1.268212796886e-02
5.901876549447e-02 -5.779994987871e-02 1.938945882503e-02
-7.357483924709e-02 3.169411107535e-02 -2.195965284125e-02
-2.500900318825e-02 4.263074686396e-02 5.879769707523e-02
-1.248852689330e-03 -9.776685739919e-02 -5.039922580007e-02
1.075868309487e-01 -1.035578136978e-01 -1.410703832438e-01
3.894531427180e-02 1.715312340070e-01 2.145456259897e-02
-3.936892993178e-02 7.268374282259e-02 6.831662232082e-02
-5.311348013363e-03 -7.526278668908e-02 -2.252337723511e-02
-4.588848164150e-03 1.700059391513e-03 8.720795295826e-03
-5.313577408800e-03 -1.856828708142e-02 2.186938147502e-01
-1.912571211801e-02 6.261471798238e-02 1.726661641086e-01
2.171427850406e-01 2.430857569192e-02 4.071982382875e-02
-1.557290513476e-01 -1.515937989204e-01 -2.945815159249e-02
5.339370962050e-02 1.260474067322e-01 -6.527758443020e-02
-2.235925955110e-01 -2.624833761645e-01 1.972532090232e-01
7.037607321342e-02 -2.738646741678e-01 -1.847846004462e-01
-4.569727585619e-02 2.665887507472e-01 1.189209693636e-01
-3.987154766205e-01 -1.684351406918e-01 3.505075920482e-01
Mode 25
-5.445406835287e-03 1.625087151630e-02 -1.750019198063e-02
1.077400995694e-01 -1.080509745089e-01 2.042199433069e-02
-1.449102083118e-01 5.509060921972e-02 2.767772213954e-02
-1.124245869580e-02 3.753056868943e-02 3.263531118775e-02
3.704099114422e-02 -4.895529857549e-02 -6.270042835929e-02
-3.218896656001e-02 5.765724484328e-02 6.355715969803e-02
-7.112933960802e-03 -3.073033112338e-02 2.247869995552e-03
3.963210635183e-02 -6.228173716329e-02 -5.873909568626e-02
2.260909376594e-03 2.202838485559e-02 -3.104601334291e-03
-4.852024584208e-03 -8.701946267787e-03 -8.567313387394e-04
-6.038306653451e-03 -3.883663355435e-02 4.286668342045e-01
-2.327667604721e-02 1.005496200086e-01 2.777552344571e-01
3.205330618434e-01 3.476849090965e-02 -6.745152559558e-02
-1.463717059806e-01 -3.225904027981e-01 2.026710909045e-02
-8.049433802715e-02 1.938574371764e-01 -2.292159584256e-01
9.454278630551e-02 -2.149478944263e-02 -8.366382482536e-02
3.845466920086e-02 4.615030399392e-01 1.137373401460e-01
-2.787262216711e-03 -4.283239617419e-02 -1.605045193484e-02
2.007203253250e-01 3.179752194929e-02 -1.757847223148e-01
Mode 26
-1.003425499944e-02 1.795093090782e-02 -8.779396684801e-03
3.616299327888e-02 -6.473048423727e-02 -1.421978647941e-02
5.574524433421e-03 8.566479234838e-02 3.210090386968e-02
-3.246585645865e-03 -1.093932365955e-01 -3.771709783121e-02
3.246585645865e-03 1.093932365955e-01 3.771709783121e-02
1.176881153591e-02 -1.672655737083e-02 -1.348025791862e-02
-1.222813496507e-02 -4.983428305046e-02 -8.186387977753e-03
-2.048718443506e-02 8.668751657514e-02 5.258849440665e-02
-2.193218413349e-02 -6.723817558604e-02 -9.899850655232e-03
-1.176881153591e-02 1.672655737083e-02 1.348025791862e-02
-1.745547316414e-02 -2.713890184034e-02 3.745113969741e-01
4.830043024335e-02 5.722912973698e-02 3.123970152672e-01
-6.116753767625e-02 -6.027768114088e-03 -4.094169004159e-01
2.248491012525e-01 3.008608903121e-02 5.511541447508e-02
-1.767667396453e-01 2.069853101195e-02 -1.429163761404e-01
2.150082814338e-01 2.409306771634e-01 -1.631681577897e-01
-7.602201318520e-02 -4.333517526824e-01 -7.019196505584e-02
1.163052038479e-01 -1.735187729021e-01 -1.801786197318e-01
-2.048718443506e-02 8.668751657514e-02 5.258849440665e-02
Mode 27
0.000000000000e+00 0.000000000000e+00 0.000000000000e+00
-7.179963371764e-03 1.502649797931e-02 4.759462622796e-03
-4.852024584208e-03 -8.701946267787e-03 -8.567313387394e-04
-6.653610531648e-03 3.583050929791e-02 2.391451589193e-02
1.655380670916e-02 3.773221799965e-02 -1.011193395264e-02
2.631764200583e-04 1.040200565930e-02 9.577526634566e-03
1.124245869580e-02 -3.753056868943e-02 -3.263531118775e-02
-1.801585947439e-03 4.453245556570e-02 2.477124723067e-02
-1.016337259757e-02 -8.396473295687e-02 -2.338010857385e-02
-1.662083612012e-02 8.024611103039e-03 1.262352657988e-02
2.349377981759e-03 6.597553539469e-03 -8.031782311787e-02
-1.653236751496e-02 -7.406220213081e-03 -6.458969520369e-02
3.739040677401e-02 2.710375375350e-03 1.108810684770e-01
-5.835835383242e-02 -1.290969700807e-02 -5.257590810386e-03
8.062074379693e-02 4.479304915072e-02 2.222337547294e-02
-4.926912610929e-02 -8.789844749724e-04 5.451404038154e-02
8.041471434025e-02 3.754928585289e-01 4.938205049821e-02
3.874016023863e-01 -4.155859251205e-01 -5.407479424928e-01
-2.999140479818e-01 -1.562751660825e-01 2.510570379197e-01
Mode 28
-4.852024584208e-03 -8.701946267787e-03 -8.567313387394e-04
4.206772354332e-02 -1.442051533228e-02 2.494705139759e-02
-8.668097207750e-02 -3.391535763689e-02 1.833460106088e-02
9.034623215955e-02 9.252293947286e-02 -5.076479100591e-02
2.858579466513e-02 3.140766628812e-02 -1.401466523670e-02
-4.953230252935e-02 -1.128099013427e-02 4.493651374697e-02
2.120968428427e-02 -9.724670494552e-03 -2.134432187571e-02
-3.110988046179e-02 -6.383805680301e-02 7.541739936421e-03
1.242428197417e-02 1.059931178125e-01 2.027550723956e-02
-9.440872748358e-03 -7.001886876275e-03 7.864063957087e-03
1.264680940125e-02 -9.513717090473e-04 -6.196089979850e-02
-1.717377778508e-01 -1.461185352506e-03 -2.964860883688e-01
1.898514332815e-01 1.458493991373e-02 1.773237513946e-01
-1.369951508149e-02 -4.065665092815e-02 2.365079326024e-02
-1.455442395558e-01 -3.730306817699e-02 -8.077967217497e-02
2.646746427851e-01 1.606980090923e-01 -2.131278567911e-01
-1.686291547213e-01 -5.479030770108e-01 -1.632257271564e-02
7.487151154862e-02 -6.670458017308e-02 -9.666827681488e-02
-3.217792027044e-01 -2.692701707712e-01 2.386455946373e-01
Mode 29
2.591115207614e-03 -1.332643858780e-02 3.961332673031e-03
-1.203198795597e-02 6.324551711527e-03 3.902731284056e-03
-2.698529695058e-02 6.133036545425e-02 -3.221804112241e-03
-2.320741724081e-02 -1.901708701737e-03 3.402644984457e-02
4.720436374179e-02 3.500943438137e-02 -3.932031978543e-02
-1.914492191678e-02 -2.440577941185e-02 6.150601279608e-03
-3.065055703263e-02 2.722783618277e-03 2.920838583280e-02
2.166900771343e-02 5.683616992674e-02 3.223240206659e-04
-2.239150756264e-02 -1.337990160073e-01 -3.156649655161e-02
2.631764200583e-04 1.040200565930e-02 9.577526634566e-03
1.102216066415e-02 1.271942122441e-02 -1.916160961350e-01
-1.791809176426e-01 3.163306967509e-03 -3.013041523806e-01
2.357162463334e-01 2.395284781969e-02 4.060346195780e-01
-1.068785996745e-01 -9.992915968594e-02 -1.382490419778e-02
2.972536739678e-01 2.720529333807e-01 -1.128958598024e-02
2.174702790433e-01 1.256885747109e-01 -1.738075370057e-01
-7.284245695030e-02 -2.782016869842e-01 -2.996327459739e-02
-3.523940519678e-02 4.422843009790e-03 3.792918112862e-02
3.077494817919e-01 2.639683432865e-01 -2.220607353843e-01
Mode 30
4.852024584208e-03 8.701946267787e-03 8.567313387394e-04
-6.984254975408e-02 4.454486380863e-02 -5.690143541353e-02
3.295705662598e-02 -5.677722565195e-02 3.987704936200e-02
-1.954215715876e-02 5.670587313423e-02 1.596259899529e-03
3.523940519678e-02 -4.422843009790e-03 -3.792918112862e-02
-1.888174549672e-02 -1.400377375255e-02 1.572812791417e-02
0.000000000000e+00 0.000000000000e+00 0.000000000000e+00
-4.852024584208e-03 -8.701946267787e-03 -8.567313387394e-04
4.852024584208e-03 8.701946267787e-03 8.567313387394e-04
0.000000000000e+00 0.000000000000e+00 0.000000000000e+00
-1.514945600370e-02 -1.153021019272e-03 -1.921365465811e-02
3.755090242455e-01 6.452786280543e-03 6.091398314504e-01
-1.605404269389e-01 -4.294925000741e-02 6.149905074139e-02
-3.802023565523e-01 -2.931175382843e-01 -5.317595531169e-03
2.499657828447e-01 5.904500824535e-02 8.562005844523e-02
2.140896345755e-01 1.078089963208e-01 -2.065014495824e-01
-5.297503518431e-02 -1.768330614917e-01 -4.869703346054e-03
-2.631764200583e-04 -1.040200565930e-02 -9.577526634566e-03
-5.491067995367e-02 -4.078694772066e-02 2.492472913910e-02
Mode 31
7.443139791823e-03 -4.624492320014e-03 4.818064011770e-03
-3.488776017156e-02 -6.059826470307e-04 -2.970651402039e-02
3.130602747088e-02 1.199968915650e-01 4.547379325388e-03
-8.588650159353e-02 -1.961386627291e-01 2.744328382103e-02
-4.261551557764e-02 -3.670949377289e-02 3.059952448961e-02
5.179321190594e-02 3.330937498986e-02 -4.804111508126e-02
2.812647123598e-02 -3.515317413317e-02 -3.568131113307e-02
-1.429289733257e-02 -1.570383314406e-02 7.007332618348e-03
1.547472061093e-02 1.592275196459e-01 4.590348580897e-02
6.916786951706e-03 -2.542850363861e-02 -1.433698925736e-02
1.229642890564e-03 1.074636000496e-02 -1.161163370289e-01
-3.003573558735e-02 8.095963620757e-03 -2.884978268165e-02
2.223013468662e-01 2.402420033741e-02 3.645613103164e-01
-7.309080969899e-03 -8.688916588537e-02 -9.841249266257e-03
3.035100492575e-01 3.173340766288e-01 -3.975844325224e-02
3.036463374748e-01 1.691259188158e-01 -2.859988204920e-01
1.052945999304e-01 2.309464478002e-01 -2.401635846608e-02
-5.392500368440e-02 4.657790401923e-02 6.574642830461e-02
-3.144030923235e-01 -2.281378339886e-01 2.459752512763e-01
Mode 32
7.443139791823e-03 -4.624492320014e-03 4.818064011770e-03
-4.509672298589e-02 -8.487888714635e-03 -1.252766591233e-01
-2.753308898490e-02 1.020035634908e-02 5.232477177496e-02
5.644908948105e-02 -1.414751350434e-02 -5.927350300433e-02
-2.120968428427e-02 9.724670494552e-03 2.134432187571e-02
-2.327938787556e-03 2.372844424710e-02 5.616193961535e-03
4.852024584208e-03 8.701946267787e-03 8.567313387394e-04
-1.402972091251e-02 -5.301827484762e-03 1.658485925291e-02
-2.631764200583e-04 -1.040200565930e-02 -9.577526634566e-03
-9.177696328300e-03 3.400118783025e-03 1.744159059165e-02
2.349377981759e-03 6.597553539469e-03 -8.031782311787e-02
1.707927505745e-01 3.144282879342e-02 3.474783228759e-01
3.489209625369e-01 -1.332850081129e-02 6.104723687182e-01
2.985530580977e-01 1.003076418205e-01 9.167577920538e-02
-2.201717844832e-01 -4.721697973884e-02 -1.410494315545e-01
-2.572985324042e-01 -1.195656723096e-01 2.204575134301e-01
-1.681698312922e-02 -4.813422365895e-02 5.344073180734e-04
2.553535602836e-02 -2.182673554536e-02 -3.964264380610e-02
7.093813382272e-02 5.771515440171e-02 -5.419171636087e-02
Mode 33
0.000000000000e+00 0.000000000000e+00 0.000000000000e+00
5.971759675404e-03 4.553139802297e-03 3.665524524976e-02
1.481925017268e-02 3.650784446266e-02 1.214772065078e-02
4.395777809593e-02 -7.438380221411e-02 -7.703741761665e-02
-4.588848164150e-03 1.700059391513e-03 8.720795295826e-03
2.419309351008e-02 8.926656044163e-02 6.795249320940e-03
-2.327938787556e-03 2.372844424710e-02 5.616193961535e-03
-6.634928565857e-02 -5.941521379322e-02 4.547092106504e-02
-1.801585947439e-03 4.453245556570e-02 2.477124723067e-02
9.440872748358e-03 7.001886876275e-03 -7.864063957087e-03
0.000000000000e+00 0.000000000000e+00 0.000000000000e+00
-7.089525543431e-02 2.936841171429e-03 -9.521154195179e-02
-7.548410359846e-02 4.636900562942e-03 -8.649074665596e-02
-3.980720453618e-01 -3.828597845804e-01 -4.309329475136e-02
2.432665820962e-01 1.709583444325e-01 3.734453780807e-02
-3.660001572203e-01 -2.052883742164e-01 3.061054856193e-01
-5.136959624597e-02 -2.775243518194e-01 -4.173006983853e-02
1.841928990338e-01 -1.690380203339e-01 -2.599983146621e-01
1.676748000939e-01 1.040055789174e-01 -1.384485498933e-01
Mode 34
0.000000000000e+00 0.000000000000e+00 0.000000000000e+00
-2.399694650098e-02 -3.310772567964e-02 5.293869940869e-03
1.438311222136e-01 6.640469242657e-02 2.833769762206e-02
-3.635914028798e-02 8.571649475280e-03 2.130667217603e-03
9.440872748358e-03 7.001886876275e-03 -7.864063957087e-03
-4.852024584208e-03 -8.701946267787e-03 -8.567313387394e-04
-4.588848164150e-03 1.700059391513e-03 8.720795295826e-03
9.440872748358e-03 7.001886876275e-03 -7.864063957087e-03
-4.852024584208e-03 -8.701946267787e-03 -8.567313387394e-04
4.588848164150e-03 -1.700059391513e-03 -8.720795295826e-03
4.588848164150e-03 -1.700059391513e-03 -8.720795295826e-03
-1.172216213108e-01 -1.629740754817e-02 -1.043718640462e-01
1.635479871872e-01 3.553165626776e-02 1.135321861407e-01
-5.962089085313e-01 -9.781960058506e-02 -6.531663746169e-02
-5.997378803960e-01 -3.046353402341e-01 -2.791268247564e-01
2.087947845325e-02 2.563015294884e-02 -2.841025588303e-02
9.967225588475e-03 2.780589819487e-02 1.129098931204e-02
-1.662083612012e-02 8.024611103039e-03 1.262352657988e-02
-1.888174549672e-02 -1.400377375255e-02 1.572812791417e-02
Mode 35
0.000000000000e+00 0.000000000000e+00 0.000000000000e+00
-1.973830416785e-02 5.470383722410e-04 -1.049285936228e-02
2.320741724081e-02 1.901708701737e-03 -3.402644984457e-02
-9.601416642193e-02 3.067242156494e-02 1.155010060633e-01
1.815924564750e-02 -6.295907232804e-02 -4.697230044511e-02
4.953230252935e-02 1.128099013427e-02 -4.493651374697e-02
-1.537198343079e-02 1.057914685022e-01 6.302275237995e-02
-9.260714153614e-02 -1.145513243284e-01 5.386939234020e-02
-8.981549319204e-03 5.955895354502e-02 2.953070985346e-02
5.186024131690e-02 -1.244745411283e-02 -5.055270770850e-02
0.000000000000e+00 0.000000000000e+00 0.000000000000e+00
1.357995413945e-01 -9.744731953939e-02 -1.274772417513e-02
1.544131692473e-01 9.958377062393e-02 -1.842948158033e-02
3.200473579962e-01 1.313109747719e-01 5.207354807910e-03
-2.184559553125e-01 -2.130534264508e-01 1.329858378402e-01
1.976028572773e-01 2.431994921849e-02 -1.989011082570e-01
2.002786100591e-02 -1.532483569964e-01 -7.425514030302e-02
3.295432209760e-01 -2.445882865265e-01 -4.325249537342e-01
2.904731752335e-01 1.492732792062e-01 -2.431929739626e-01
Mode 36
0.000000000000e+00 0.000000000000e+00 0.000000000000e+00
2.917917691621e-02 6.454848504034e-03 2.628795405193e-03
-1.074144874437e-03 -7.193402042377e-02 3.639152261807e-02
7.443139791823e-03 -4.624492320014e-03 4.818064011770e-03
-1.914492191678e-02 -2.440577941185e-02 6.150601279608e-03
1.402972091251e-02 5.301827484762e-03 -1.658485925291e-02
9.704049168417e-03 1.740389253557e-02 1.713462677479e-03
-2.832261824508e-02 -2.100566062882e-02 2.359219187126e-02
9.440872748358e-03 7.001886876275e-03 -7.864063957087e-03
0.000000000000e+00 0.000000000000e+00 0.000000000000e+00
7.443139791823e-03 -4.624492320014e-03 4.818064011770e-03
-1.408070639948e-01 1.499330336904e-01 9.161580724721e-02
-2.113215821575e-01 -1.519970975409e-01 5.603633868829e-02
-2.392238516674e-01 5.802548731376e-01 1.327520220113e-02
1.361001725462e-01 2.470763266179e-01 -5.957600455367e-01
5.412115069350e-02 9.580930742760e-03 -5.365730904280e-02
1.888174549672e-02 1.400377375255e-02 -1.572812791417e-02
5.618591306100e-02 -2.454951916364e-02 -6.885102963890e-02
8.297012177869e-02 5.139060269018e-02 -5.809444764493e-02
Mode 37
0.000000000000e+00 0.000000000000e+00 0.000000000000e+00
7.186172190482e-02 -2.592486825770e-03 -3.048232171166e-02
8.847490497280e-03 3.195470466037e-02 -2.450752459897e-02
-1.662083612012e-02 8.024611103039e-03 1.262352657988e-02
0.000000000000e+00 0.000000000000e+00 0.000000000000e+00
-2.631764200583e-04 -1.040200565930e-02 -9.577526634566e-03
2.631764200583e-04 1.040200565930e-02 9.577526634566e-03
-4.852024584208e-03 -8.701946267787e-03 -8.567313387394e-04
-4.588848164150e-03 1.700059391513e-03 8.720795295826e-03
4.588848164150e-03 -1.700059391513e-03 -8.720795295826e-03
1.734556536477e-03 1.224373536989e-03 -2.225965460342e-02
-4.546293683431e-01 4.204358485203e-01 1.718890186107e-01
-4.453000776932e-01 -3.915007171407e-01 3.121458461757e-01
9.472243534419e-02 -1.890912745373e-01 -1.649697355076e-02
-1.067467702480e-01 -1.347483182837e-01 2.223691025330e-01
1.888174549672e-02 1.400377375255e-02 -1.572812791417e-02
4.852024584208e-03 8.701946267787e-03 8.567313387394e-04
2.094650786421e-02 -2.012667615385e-02 -3.092184851027e-02
4.588848164150e-03 -1.700059391513e-03 -8.720795295826e-03
Mode 38
0.000000000000e+00 0.000000000000e+00 0.000000000000e+00
9.440872748358e-03 7.001886876275e-03 -7.864063957087e-03
1.662083612012e-02 -8.024611103039e-03 -1.262352657988e-02
-1.225351987196e-01 -3.486569462958e-02 1.143219507039e-01
1.337776574154e-01 -2.664874059845e-03 -1.469572618917e-01
-1.146115509188e-03 1.672521307490e-01 5.852701238885e-02
-6.428452329107e-02 -9.354566369963e-02 3.027720046894e-02
1.013255144353e-01 4.459036512413e-02 -9.297762882823e-02
1.196495854501e-02 3.943227739116e-02 -1.391138656813e-03
-9.704049168417e-03 -1.740389253557e-02 -1.713462677479e-03
0.000000000000e+00 0.000000000000e+00 0.000000000000e+00
-3.799318903975e-03 3.290607636941e-02 3.745337519952e-02
-4.546980720531e-02 -3.378506084439e-02 1.706066518201e-02
1.083450385671e-01 2.841808496337e-01 1.611620103330e-03
-1.106552148547e-02 6.668906057186e-03 -1.217911323794e-01
-3.426586811576e-01 -2.949003237201e-01 2.670558505203e-01
-1.594514583930e-01 -5.513031957938e-01 -3.376416330729e-02
-8.801829337199e-02 -1.162513837200e-01 4.514859704438e-02
-2.273704752208e-01 -1.992513020085e-01 1.600049550664e-01
Mode 39
0.000000000000e+00 0.000000000000e+00 0.000000000000e+00
-4.852024584208e-03 -8.701946267787e-03 -8.567313387394e-04
1.861856907666e-02 3.601768093250e-03 -2.530565454874e-02
-2.255194680256e-02 1.208179664815e-01 6.778221500275e-02
-1.147354726787e-01 -2.379483346765e-01 3.188042242316e-02
6.612181700769e-02 3.597890253848e-01 5.638938311656e-02
2.074673456856e-01 -2.128931407348e-01 -2.965363571339e-01
-1.734097637672e-01 6.494661122314e-02 2.056963575780e-01
-1.062269602673e-02 -1.505255733782e-01 -4.504675447023e-02
2.373377008093e-02 2.270572002034e-02 -1.487139657543e-02
0.000000000000e+00 0.000000000000e+00 0.000000000000e+00
-3.921343191565e-02 1.149608240378e-02 -1.140819208999e-02
-1.714718896024e-02 -1.277940021556e-02 -6.531526689249e-03
5.989676335981e-02 -4.202476421693e-02 -2.909118305485e-02
-1.395483288579e-01 -1.391587530505e-01 1.027672387602e-01
2.226788898765e-01 -6.406762674817e-02 -2.602103979595e-01
-5.602547382108e-02 -2.300674633252e-01 -3.049768191546e-02
-1.977632965172e-01 2.302970332704e-01 2.982498198114e-01
3.966781412101e-02 2.484940800876e-01 5.269873512991e-02
Mode 40
0.000000000000e+00 0.000000000000e+00 0.000000000000e+00
-4.852024584208e-03 -8.701946267787e-03 -8.567313387394e-04
9.440872748358e-03 7.001886876275e-03 -7.864063957087e-03
7.093813382272e-02 5.771515440171e-02 -5.419171636087e-02
-2.296313845974e-01 -2.212796868641e-01 1.631095564007e-01
1.614805129914e-01 2.063969286366e-01 -9.286738810497e-02
-2.022587348524e-01 2.313693927571e-02 2.101334961801e-01
1.718043248289e-01 3.574467910455e-02 -1.688359910855e-01
1.386967114105e-01 -3.971975689475e-02 -1.486121231802e-01
-1.200111129229e-01 -2.435304114693e-03 1.207948760042e-01
0.000000000000e+00 0.000000000000e+00 0.000000000000e+00
-2.718144395968e-02 5.171530692255e-03 -1.531092337405e-02
-1.514945600370e-02 -1.153021019272e-03 -1.921365465811e-02
-2.957147093440e-02 -1.187725180280e-01 -2.680703392881e-02
-6.064070240322e-02 -6.526407965023e-02 7.254863968024e-02
3.364286862859e-01 8.651585618842e-02 -3.329125195482e-01
8.267123758945e-02 -2.697872202200e-01 -1.791098050957e-01
1.056825078212e-01 -3.240443462802e-01 -2.252253742020e-01
-4.127325305936e-02 -1.478027897599e-01 -1.583836863743e-02
Mode 41
0.000000000000e+00 0.000000000000e+00 0.000000000000e+00
7.443139791823e-03 -4.624492320014e-03 4.818064011770e-03
2.347059366087e-02 1.230371436104e-02 -2.444892321000e-02
-1.015886908553e-01 -5.499237078343e-02 8.340010219367e-02
1.138168258204e-01 1.048266538339e-01 -7.521371421591e-02
-5.710455991930e-02 -1.085721616789e-01 2.551773784615e-02
8.477170772613e-02 6.858147124483e-03 -8.286569487559e-02
-1.794436116298e-01 -8.727902154653e-02 1.519288078119e-01
5.098790990461e-01 1.389157401461e-01 -4.467949434535e-01
-2.757879838827e-01 -2.125177653820e-02 2.603638798679e-01
2.854291627673e-03 -2.924432928502e-03 1.353885930760e-02
-3.409823091138e-02 3.060003433087e-02 -9.739341166887e-04
-7.403416267624e-02 -3.486672934594e-02 -4.362629873762e-02
3.822775564638e-02 -9.886093414367e-02 -2.941350707551e-02
-6.663390127283e-02 -1.001432172391e-01 1.105950235868e-01
-1.291888092512e-01 9.648146683324e-04 1.382364665959e-01
-2.281512322262e-02 1.104159608222e-01 5.820468836818e-02
-6.194287102493e-03 1.023913497192e-01 4.558116178830e-02
2.345504385925e-01 1.842248040292e-01 -1.647644176892e-01
Mode 42
-9.771078579379e-03 2.835293656712e-02 7.981299497647e-04
0.000000000000e+00 0.000000000000e+00 0.000000000000e+00
0.000000000000e+00 0.000000000000e+00 0.000000000000e+00
0.000000000000e+00 0.000000000000e+00 0.000000000000e+00
0.000000000000e+00 0.000000000000e+00 0.000000000000e+00
0.000000000000e+00 0.000000000000e+00 0.000000000000e+00
0.000000000000e+00 0.000000000000e+00 0.000000000000e+00
0.000000000000e+00 0.000000000000e+00 0.000000000000e+00
0.000000000000e+00 0.000000000000e+00 0.000000000000e+00
0.000000000000e+00 0.000000000000e+00 0.000000000000e+00
3.076477821410e-01 -9.418287533909e-01 -1.131876381493e-01
0.000000000000e+00 0.000000000000e+00 0.000000000000e+00
-7.179963371764e-03 1.502649797931e-02 4.759462622796e-03
0.000000000000e+00 0.000000000000e+00 0.000000000000e+00
0.000000000000e+00 0.000000000000e+00 0.000000000000e+00
0.000000000000e+00 0.000000000000e+00 0.000000000000e+00
0.000000000000e+00 0.000000000000e+00 0.000000000000e+00
0.000000000000e+00 0.000000000000e+00 0.000000000000e+00
0.000000000000e+00 0.000000000000e+00 0.000000000000e+00
Mode 43
0.000000000000e+00 0.000000000000e+00 0.000000000000e+00
4.852024584208e-03 8.701946267787e-03 8.567313387394e-04
2.551391683416e-02 -5.215273333193e-02 3.505898535023e-02
0.000000000000e+00 0.000000000000e+00 0.000000000000e+00
0.000000000000e+00 0.000000000000e+00 0.000000000000e+00
0.000000000000e+00 0.000000000000e+00 0.000000000000e+00
0.000000000000e+00 0.000000000000e+00 0.000000000000e+00
0.000000000000e+00 0.000000000000e+00 0.000000000000e+00
0.000000000000e+00 0.000000000000e+00 0.000000000000e+00
0.000000000000e+00 0.000000000000e+00 0.000000000000e+00
0.000000000000e+00 0.000000000000e+00 0.000000000000e+00
-8.057515358017e-02 -1.208758760400e-01 4.996666105615e-02
0.000000000000e+00 0.000000000000e+00 0.000000000000e+00
8.266581393275e-02 3.682424704822e-03 -6.222963947792e-01
-3.954193970634e-01 6.122240554736e-01 2.229914938411e-01
2.327938787556e-03 -2.372844424710e-02 -5.616193961535e-03
0.000000000000e+00 0.000000000000e+00 0.000000000000e+00
0.000000000000e+00 0.000000000000e+00 0.000000000000e+00
0.000000000000e+00 0.000000000000e+00 0.000000000000e+00
Mode 44
0.000000000000e+00 0.000000000000e+00 0.000000000000e+00
5.723861874123e-02 1.705850347356e-02 -3.054092310063e-02
-7.179963371764e-03 1.502649797931e-02 4.759462622796e-03
0.000000000000e+00 0.000000000000e+00 0.000000000000e+00
0.000000000000e+00 0.000000000000e+00 0.000000000000e+00
0.000000000000e+00 0.000000000000e+00 0.000000000000e+00
0.000000000000e+00 0.000000000000e+00 0.000000000000e+00
0.000000000000e+00 0.000000000000e+00 0.000000000000e+00
0.000000000000e+00 0.000000000000e+00 0.000000000000e+00
0.000000000000e+00 0.000000000000e+00 0.000000000000e+00
0.000000000000e+00 0.000000000000e+00 0.000000000000e+00
-4.317247389861e-01 -6.461890521473e-01 2.542704438829e-01
-2.543491566485e-01 4.726930274425e-01 1.409532132284e-01
-1.734556536477e-03 -1.224373536989e-03 2.225965460342e-02
7.432371951430e-02 -1.178345892783e-01 -4.112170092768e-02
0.000000000000e+00 0.000000000000e+00 0.000000000000e+00
0.000000000000e+00 0.000000000000e+00 0.000000000000e+00
0.000000000000e+00 0.000000000000e+00 0.000000000000e+00
0.000000000000e+00 0.000000000000e+00 0.000000000000e+00
Mode 45
0.000000000000e+00 0.000000000000e+00 0.000000000000e+00
-2.260909376594e-03 -2.202838485559e-02 3.104601334291e-03
-3.159558430893e-02 3.270442705919e-02 8.020062033992e-02
0.000000000000e+00 0.000000000000e+00 0.000000000000e+00
0.000000000000e+00 0.000000000000e+00 0.000000000000e+00
0.000000000000e+00 0.000000000000e+00 0.000000000000e+00
0.000000000000e+00 0.000000000000e+00 0.000000000000e+00
0.000000000000e+00 0.000000000000e+00 0.000000000000e+00
0.000000000000e+00 0.000000000000e+00 0.000000000000e+00
0.000000000000e+00 0.000000000000e+00 0.000000000000e+00
0.000000000000e+00 0.000000000000e+00 0.000000000000e+00
1.091609482453e-01 1.522835423281e-01 -6.398132629284e-02
-8.409479809367e-02 1.461875258454e-01 4.191983087745e-02
8.563001335979e-02 1.565315824677e-02 -7.606723864115e-01
3.021469026414e-01 -4.626364108452e-01 -1.636300723720e-01
-7.179963371764e-03 1.502649797931e-02 4.759462622796e-03
0.000000000000e+00 0.000000000000e+00 0.000000000000e+00
0.000000000000e+00 0.000000000000e+00 0.000000000000e+00
0.000000000000e+00 0.000000000000e+00 0.000000000000e+00
Mode 46
0.000000000000e+00 0.000000000000e+00 0.000000000000e+00
-1.242922319796e-02 8.743620425761e-02 -6.516100960228e-04
-1.176881153591e-02 1.672655737083e-02 1.348025791862e-02
0.000000000000e+00 0.000000000000e+00 0.000000000000e+00
0.000000000000e+00 0.000000000000e+00 0.000000000000e+00
0.000000000000e+00 0.000000000000e+00 0.000000000000e+00
0.000000000000e+00 0.000000000000e+00 0.000000000000e+00
0.000000000000e+00 0.000000000000e+00 0.000000000000e+00
0.000000000000e+00 0.000000000000e+00 0.000000000000e+00
0.000000000000e+00 0.000000000000e+00 0.000000000000e+00
7.179963371764e-03 -1.502649797931e-02 -4.759462622796e-03
-2.703112554056e-01 -3.940352944081e-01 1.639146484051e-01
3.934886935178e-01 -6.696072637726e-01 -2.128209584995e-01
1.958503554716e-02 3.946122438909e-03 -1.509995182122e-01
1.199275855415e-01 -1.755631866392e-01 -6.320555136418e-02
2.631764200583e-04 1.040200565930e-02 9.577526634566e-03
0.000000000000e+00 0.000000000000e+00 0.000000000000e+00
0.000000000000e+00 0.000000000000e+00 0.000000000000e+00
0.000000000000e+00 0.000000000000e+00 0.000000000000e+00
Mode 47
0.000000000000e+00 0.000000000000e+00 0.000000000000e+00
0.000000000000e+00 0.000000000000e+00 0.000000000000e+00
0.000000000000e+00 0.000000000000e+00 0.000000000000e+00
0.000000000000e+00 0.000000000000e+00 0.000000000000e+00
0.000000000000e+00 0.000000000000e+00 0.000000000000e+00
-4.588848164150e-03 1.700059391513e-03 8.720795295826e-03
4.513960137429e-02 6.913988428778e-02 -2.412659918933e-02
-2.631764200583e-04 -1.040200565930e-02 -9.577526634566e-03
0.000000000000e+00 0.000000000000e+00 0.000000000000e+00
0.000000000000e+00 0.000000000000e+00 0.000000000000e+00
0.000000000000e+00 0.000000000000e+00 0.000000000000e+00
0.000000000000e+00 0.000000000000e+00 0.000000000000e+00
0.000000000000e+00 0.000000000000e+00 0.000000000000e+00
0.000000000000e+00 0.000000000000e+00 0.000000000000e+00
0.000000000000e+00 0.000000000000e+00 0.000000000000e+00
-6.916786951706e-03 2.542850363861e-02 1.433698925736e-02
8.909737947022e-02 -5.243917926330e-03 -1.011640168060e-01
-4.975883207975e-01 -8.021467498027e-01 2.270824845444e-01
-4.123754529018e-02 1.629730274910e-01 9.559946217873e-02
Mode 48
0.000000000000e+00 0.000000000000e+00 0.000000000000e+00
0.000000000000e+00 0.000000000000e+00 0.000000000000e+00
0.000000000000e+00 0.000000000000e+00 0.000000000000e+00
0.000000000000e+00 0.000000000000e+00 0.000000000000e+00
-4.129524734995e-03 6.826089981280e-02 3.038744119220e-02
3.065055703263e-02 -2.722783618277e-03 -2.920838583280e-02
4.852024584208e-03 8.701946267787e-03 8.567313387394e-04
0.000000000000e+00 0.000000000000e+00 0.000000000000e+00
0.000000000000e+00 0.000000000000e+00 0.000000000000e+00
0.000000000000e+00 0.000000000000e+00 0.000000000000e+00
0.000000000000e+00 0.000000000000e+00 0.000000000000e+00
0.000000000000e+00 0.000000000000e+00 0.000000000000e+00
0.000000000000e+00 0.000000000000e+00 0.000000000000e+00
0.000000000000e+00 0.000000000000e+00 0.000000000000e+00
1.921195132774e-02 -2.135104969084e-02 -8.662193906852e-03
9.469389819424e-02 -7.499909134659e-01 -3.887758934957e-01
-3.452140885960e-01 2.920193211858e-02 3.745323486634e-01
-4.999162595850e-02 -7.784183055556e-02 2.326986785059e-02
-6.916786951706e-03 2.542850363861e-02 1.433698925736e-02
Mode 49
0.000000000000e+00 0.000000000000e+00 0.000000000000e+00
0.000000000000e+00 0.000000000000e+00 0.000000000000e+00
0.000000000000e+00 0.000000000000e+00 0.000000000000e+00
0.000000000000e+00 0.000000000000e+00 0.000000000000e+00
4.852024584208e-03 8.701946267787e-03 8.567313387394e-04
-4.588848164150e-03 1.700059391513e-03 8.720795295826e-03
1.429289733257e-02 1.570383314406e-02 -7.007332618348e-03
-2.075036085512e-02 7.628551091584e-02 4.301096777208e-02
0.000000000000e+00 0.000000000000e+00 0.000000000000e+00
0.000000000000e+00 0.000000000000e+00 0.000000000000e+00
0.000000000000e+00 0.000000000000e+00 0.000000000000e+00
0.000000000000e+00 0.000000000000e+00 0.000000000000e+00
0.000000000000e+00 0.000000000000e+00 0.000000000000e+00
0.000000000000e+00 0.000000000000e+00 0.000000000000e+00
0.000000000000e+00 0.000000000000e+00 0.000000000000e+00
8.981549319204e-03 -5.955895354502e-02 -2.953070985346e-02
7.991968314192e-02 -1.843799143305e-03 -8.372242621433e-02
-9.513122733280e-02 -1.469817148433e-01 4.739646703993e-02
1.864494222830e-01 -8.143180990827e-01 -4.884901702559e-01
Mode 50
0.000000000000e+00 0.000000000000e+00 0.000000000000e+00
0.000000000000e+00 0.000000000000e+00 0.000000000000e+00
0.000000000000e+00 0.000000000000e+00 0.000000000000e+00
0.000000000000e+00 0.000000000000e+00 0.000000000000e+00
-1.801585947439e-03 4.453245556570e-02 2.477124723067e-02
-4.926912610929e-02 -8.789844749724e-04 5.451404038154e-02
-4.852024584208e-03 -8.701946267787e-03 -8.567313387394e-04
-2.631764200583e-04 -1.040200565930e-02 -9.577526634566e-03
0.000000000000e+00 0.000000000000e+00 0.000000000000e+00
0.000000000000e+00 0.000000000000e+00 0.000000000000e+00
0.000000000000e+00 0.000000000000e+00 0.000000000000e+00
0.000000000000e+00 0.000000000000e+00 0.000000000000e+00
0.000000000000e+00 0.000000000000e+00 0.000000000000e+00
0.000000000000e+00 0.000000000000e+00 0.000000000000e+00
7.179963371764e-03 -1.502649797931e-02 -4.759462622796e-03
5.749246781010e-02 -4.464186324015e-01 -2.267267535821e-01
5.755322652735e-01 -4.173521642477e-02 -6.178355633493e-01
6.454769971113e-02 1.039476693589e-01 -2.069967383438e-02
-2.022400801500e-02 9.708952223444e-02 6.216602104121e-02
--
Dipole derivatives 
Mode 0
9.218827951786e-03 5.009480427303e-02 1.967911046615e-03
Mode 1
2.948263655263e-02 -6.197020438142e-02 -7.897371136667e-03
Mode 2
1.062494927071e-02 3.484979343251e-02 -2.083500334642e-02
Mode 3
-3.114236032967e-02 -9.967382502655e-03 -1.390280303741e-02
Mode 4
-5.278617296449e-02 1.102489335153e-01 7.346750669182e-02
Mode 5
-3.839332547978e-02 1.704176081607e-02 5.015981059857e-02
Mode 6
-2.521313707308e-02 -9.226241060390e-03 -2.089976657922e-02
Mode 7
-4.354176410918e-02 1.019997397373e-02 4.702783525498e-02
Mode 8
-3.248625866991e-03 9.997761961558e-02 4.858105883442e-02
Mode 9
-1.772216360427e-02 8.773135718103e-02 -4.358128947393e-02
Mode 10
-7.802904614932e-03 4.362637415551e-02 -1.999644943293e-02
Mode 11
-5.905325115662e-02 9.793476166789e-03 -1.751445341727e-02
Mode 12
-4.247059533752e-02 -1.960103876748e-02 -3.738191304314e-04
Mode 13
-2.919013547877e-02 4.950328496402e-02 -2.913857533647e-02
Mode 14
-6.010260267528e-02 -1.505980060949e-02 1.753652217807e-02
Mode 15
3.301629492697e-02 -9.128251152568e-02 6.084048760387e-02
Mode 16
3.641220474957e-02 -1.711506564581e-01 6.404069716290e-02
Mode 17
-6.516570789620e-02 -8.372798114299e-03 -4.252949458422e-04
Mode 18
5.229253714272e-02 -1.137482612671e-01 4.151921103765e-02
Mode 19
-1.214345023633e-02 3.357533050937e-02 4.722935979953e-02
Mode 20
4.011753941509e-02 6.936738070130e-03 -4.198764082407e-02
Mode 21
5.017479222548e-03 -1.339558480624e-02 -4.520438402952e-03
Mode 22
-1.492251492717e-02 4.895327874330e-03 -8.762034854201e-02
Mode 23
-6.641084077228e-03 7.476834790844e-03 -6.048347041953e-03
Mode 24
4.164305354386e-02 1.185288774047e-02 -2.799573549279e-02
Mode 25
-1.379184432456e-02 -2.642400995763e-02 -1.290558590729e-01
Mode 26
-2.017772620608e-03 4.480608234565e-02 -2.711768713139e-02
Mode 27
-1.385031608852e-01 -3.848617169516e-02 9.475497636230e-03
Mode 28
-5.867619771019e-02 -2.300502923065e-02 2.535803042175e-02
Mode 29
2.698576291282e-02 -7.192204557509e-02 -6.565991771799e-02
Mode 30
-7.913410414448e-02 -2.089208529058e-02 -1.993048824312e-02
Mode 31
8.094769346834e-02 -4.389373972931e-02 -8.678433867715e-02
Mode 32
-1.171235729433e-01 7.281208380833e-02 2.598990757278e-02
Mode 33
5.792496513944e-02 2.823386927948e-02 9.730771539619e-02
Mode 34
9.733926425834e-02 -1.003335634806e-01 -1.088238760587e-01
Mode 35
-2.160133379978e-02 -9.255023700038e-02 -1.288842732749e-01
Mode 36
-3.065280680012e-02 8.525446519743e-02 -4.585175547636e-02
Mode 37
5.693216772424e-02 5.036655294704e-02 3.053382616206e-02
Mode 38
1.179289663843e-02 -4.760112118816e-02 -1.052486735190e-01
Mode 39
-2.925505094378e-01 1.807348832561e-02 1.291536426161e-01
Mode 40
-2.132925285707e-01 1.027655088523e-02 9.761695685521e-02
Mode 41
-3.865973574368e-01 -3.280424158826e-01 -4.256480925353e-01
Mode 42
8.142527587655e-02 1.770053865394e-02 -4.623319580011e-02
Mode 43
-8.588391479472e-02 -4.535351860829e-02 1.151148055221e-01
Mode 44
7.278463442285e-04 -4.169569075119e-02 -1.255086202837e-01
Mode 45
3.915047496002e-02 2.439682393055e-02 2.052194336021e-02
Mode 46
-9.282404769116e-03 -3.923499909000e-03 -5.101980099074e-02
Mode 47
2.625412919382e-02 -4.038331526806e-02 -8.894852786934e-02
Mode 48
2.136696747226e-02 -4.843684583064e-03 -2.072983191661e-02
Mode 49
3.898482971647e-02 -7.218387720099e-03 -2.408234219408e-02
Mode 50
5.025520768671e-02 1.567506274618e-02 5.905279888338e-03
--
Polarizability derivatives 
Mode 0
1.035848700122e+00 -1.248037541885e+00 1.232349036287e-01
-1.248037541885e+00 -1.937765931101e-01 5.759725610502e-01
1.232349036287e-01 5.759725610502e-01 -3.176843317819e-01
Mode 1
-3.384098709852e-01 -2.484043475550e-02 -3.953776283700e-01
-2.484043475550e-02 1.120156731531e+00 5.628829426534e-01
-3.953776283700e-01 5.628829426534e-01 -8.273308555096e-01
Mode 2
-4.063975472017e-01 5.402019483693e-01 -4.644633381650e-01
5.402019483693e-01 -2.676887255438e-01 -4.869070639543e-01
-4.644633381650e-01 -4.869070639543e-01 4.395855737032e-01
Mode 3
1.712026705525e-01 9.277834451501e-01 2.162047350830e-01
9.277834451501e-01 1.726382674495e-01 -6.265444152787e-01
2.162047350830e-01 -6.265444152787e-01 -3.708981106771e-01
Mode 4
9.590516115697e-02 -1.280251238331e+00 -9.396951092099e-01
-1.280251238331e+00 -1.224709206490e-01 1.050466035157e+00
-9.396951092099e-01 1.050466035157e+00 7.364137292139e-01
Mode 5
6.861665535483e-01 -1.139156179564e+00 -1.404030919943e-01
-1.139156179564e+00 -3.355061863925e-01 -5.146111915053e-01
-1.404030919943e-01 -5.146111915053e-01 8.363969543618e-01
Mode 6
2.775107424453e-01 -8.734873493473e-02 -4.459366643541e-02
-8.734873493473e-02 8.869713668733e-01 -5.160101527598e-02
-4.459366643541e-02 -5.160101527598e-02 -1.046566959363e+00
Mode 7
2.568906421263e-02 5.548106399639e-01 3.622574183643e-01
5.548106399639e-01 -7.070521005928e-01 -2.492924909699e-01
3.622574183643e-01 -2.492924909699e-01 -2.744351167882e-02
Mode 8
-2.422088331341e-01 -4.550697474486e-02 -5.043049657030e-01
-4.550697474486e-02 2.835468829618e-01 3.834453716316e-01
-5.043049657030e-01 3.834453716316e-01 5.235757093485e-01
Mode 9
-2.019403755917e-01 1.683200934134e-01 -5.535567841970e-03
1.683200934134e-01 5.188951375225e-01 6.893746803503e-01
-5.535567841970e-03 6.893746803503e-01 6.291210439992e-01
Mode 10
1.911862173945e-01 -1.314677807057e-01 -1.409182934152e-01
-1.314677807057e-01 5.030017996098e-02 -1.915079799897e-01
-1.409182934152e-01 -1.915079799897e-01 -5.078651649192e-01
Mode 11
5.940316828575e-01 9.004086996565e-01 6.996585405779e-01
9.004086996565e-01 1.472092359876e-01 1.611313745340e-01
6.996585405779e-01 1.611313745340e-01 -5.578283650338e-01
Mode 12
-3.318829646163e-01 3.807430472665e-01 1.150209574028e+00
3.807430472665e-01 5.713942927910e-01 8.558352705666e-01
1.150209574028e+00 8.558352705666e-01 1.313780296697e+00
Mode 13
-8.510254166925e-01 5.978183393586e-01 -1.394516288351e+00
5.978183393586e-01 -7.150802186691e-01 1.050828784429e+00
-1.394516288351e+00 1.050828784429e+00 -7.625788390848e-01
Mode 14
-2.876683628408e+00 -3.488946086962e-01 1.887296427787e-02
-3.488946086962e-01 -6.948097732935e-01 -5.580351399252e-01
1.887296427787e-02 -5.580351399252e-01 -1.808781746335e+00
Mode 15
1.013968077163e+00 -3.598272437848e-01 -6.147687817683e-01
-3.598272437848e-01 1.206486611165e+00 1.089939051002e+00
-6.147687817683e-01 1.089939051002e+00 2.625788064738e-01
Mode 16
-2.469539647733e-01 5.414192368747e-01 -3.981948930446e-01
5.414192368747e-01 4.150296547033e-01 -1.100109893291e-01
-3.981948930446e-01 -1.100109893291e-01 -2.543688879125e-01
Mode 17
1.176920513761e-02 -4.355583998730e-01 1.261684196224e+00
-4.355583998730e-01 -5.184780858845e-01 -3.065678894506e-01
1.261684196224e+00 -3.065678894506e-01 -2.265937476204e+00
Mode 18
2.406918464214e-02 -3.354617332100e-01 1.503310321262e-01
-3.354617332100e-01 1.322914007092e-01 3.231416777862e-01
1.503310321262e-01 3.231416777862e-01 -2.829988318307e-01
Mode 19
-3.170238276450e+00 2.299305570308e-01 4.439877538831e-01
2.299305570308e-01 -7.932100168803e-02 -4.688225787625e-01
4.439877538831e-01 -4.688225787625e-01 -9.805322998583e-01
Mode 20
-1.160935278008e+00 1.167983873484e-01 3.778085223426e-01
1.167983873484e-01 5.498418483236e-02 -3.346667938975e-02
3.778085223426e-01 -3.346667938975e-02 3.064550960020e-01
Mode 21
3.390398551545e-01 -5.591609077286e-01 -2.916970713670e-01
-5.591609077286e-01 6.239598293512e-01 5.566794552064e-01
-2.916970713670e-01 5.566794552064e-01 -1.185476123447e-01
Mode 22
-9.754033111796e-01 -1.622694504999e-01 -4.008270676938e-01
-1.622694504999e-01 2.025732721888e+00 3.502416332098e-01
-4.008270676938e-01 3.502416332098e-01 2.581381582268e-01
Mode 23
1.217364383171e-01 -4.913522439715e-01 1.332522354477e-01
-4.913522439715e-01 1.876152876452e-01 2.872226987520e-01
1.332522354477e-01 2.872226987520e-01 -4.740180203062e-01
Mode 24
6.867706681551e-01 6.599161751676e-01 9.674922834385e-01
6.599161751676e-01 3.428976415440e-01 4.550074498589e-01
9.674922834385e-01 4.550074498589e-01 1.569255765524e+00
Mode 25
-2.400472965113e+00 -1.737234410155e-01 3.162980492004e-01
-1.737234410155e-01 -1.308171074377e+00 -7.566690870498e-01
3.162980492004e-01 -7.566690870498e-01 4.762552353557e-01
Mode 26
-4.203873798117e-01 7.600766748050e-01 1.002313032439e+00
7.600766748050e-01 -6.613790011230e-01 -1.431658308220e+00
1.002313032439e+00 -1.431658308220e+00 -1.242496248137e-01
Mode 27
-2.182435629603e-02 3.308329688272e-01 1.115178256170e+00
3.308329688272e-01 3.640458829379e-01 5.576742142742e-01
1.115178256170e+00 5.576742142742e-01 -2.697049022562e-01
Mode 28
1.945387477214e+00 7.124111682188e-01 6.479335889405e-01
7.124111682188e-01 -9.482159658052e-01 -7.464104976248e-01
6.479335889405e-01 -7.464104976248e-01 -2.895083610384e+00
Mode 29
-7.637109306327e-01 -5.382616145122e-01 -8.050835315889e-02
-5.382616145122e-01 -6.384416112325e-01 -1.849951549458e-01
-8.050835315889e-02 -1.849951549458e-01 -3.051768030620e+00
Mode 30
-2.445272395876e-01 1.475337744540e+00 1.177862791863e+00
1.475337744540e+00 -4.950682131822e-01 -5.226280726517e-01
1.177862791863e+00 -5.226280726517e-01 1.058997182157e+00
Mode 31
2.945108717144e+00 -1.104942689028e-01 -4.599053265576e-01
-1.104942689028e-01 1.670033159327e+00 2.143217409845e+00
-4.599053265576e-01 2.143217409845e+00 1.851331029939e+00
Mode 32
6.121943814661e-01 -4.985251308564e-01 -4.169577435652e-01
-4.985251308564e-01 1.439320471427e-01 1.275279362836e+00
-4.169577435652e-01 1.275279362836e+00 1.089301029824e+00
Mode 33
8.481845160996e-01 6.312970274765e-01 7.272592838470e-02
6.312970274765e-01 9.823345231465e-01 1.133205685935e+00
7.272592838470e-02 1.133205685935e+00 2.236127843603e+00
Mode 34
5.677044138948e-01 -1.281440610799e+00 -9.185254844457e-01
-1.281440610799e+00 4.717647623403e-01 1.881750503318e+00
-9.185254844457e-01 1.881750503318e+00 6.509105636566e-01
Mode 35
4.330780060961e-01 -8.017916553442e-01 -4.740534106627e-01
-8.017916553442e-01 6.223005821352e-01 1.972946673176e-01
-4.740534106627e-01 1.972946673176e-01 1.096052133981e+00
Mode 36
1.542112575433e+00 6.995278253660e-01 2.571657094025e-01
6.995278253660e-01 7.664093922777e-01 2.893431197963e+00
2.571657094025e-01 2.893431197963e+00 -4.251592686112e-01
Mode 37
-6.420313387526e-01 1.747649739083e+00 1.402995323405e+00
1.747649739083e+00 1.520445847171e-01 4.000704978636e-01
1.402995323405e+00 4.000704978636e-01 -5.736272385759e-02
Mode 38
2.424618632929e-01 -1.075177410322e+00 -1.416609739787e+00
-1.075177410322e+00 -4.668426008069e-02 -4.792406854220e-01
-1.416609739787e+00 -4.792406854220e-01 -1.666601487107e+00
Mode 39
5.339272325310e+00 -7.301774823588e-01 -2.888831495266e+00
-7.301774823588e-01 1.358581850554e+00 7.317888293951e-01
-2.888831495266e+00 7.317888293951e-01 2.106735244525e+00
Mode 40
6.654301515708e-01 1.235139528651e+00 1.717379874083e+00
1.235139528651e+00 9.417875209261e-01 7.119404115393e-01
1.717379874083e+00 7.119404115393e-01 8.745880773246e-01
Mode 41
9.142993034643e-01 5.291859494485e-01 1.096693876721e+00
5.291859494485e-01 1.534701992202e+00 1.127795045685e+00
1.096693876721e+00 1.127795045685e+00 1.297804066413e+00
Mode 42
8.380843183402e+00 7.826501501166e-01 -4.805339794927e+00
7.826501501166e-01 5.037096877849e-01 -9.993335087723e-01
-4.805339794927e+00 -9.993335087723e-01 3.474797885092e+00
Mode 43
-4.751708772726e+00 -2.583211133187e-01 3.225795707720e-01
-2.583211133187e-01 -2.343403208314e+00 2.839289045523e+00
3.225795707720e-01 2.839289045523e+00 -5.076732208020e+00
Mode 44
3.716376086825e+00 1.034060170465e+00 -1.010509772047e+00
1.034060170465e+00 4.262076514517e+00 3.308977017889e+00
-1.010509772047e+00 3.308977017889e+00 9.578294449537e+00
Mode 45
-1.078326211976e-01 3.277411810242e+00 -4.713803678027e+00
3.277411810242e+00 -4.638936077999e-01 -9.615671475819e-01
-4.713803678027e+00 -9.615671475819e-01 -4.948264720418e+00
Mode 46
-3.217991226751e+00 -1.167856229542e+00 -8.058127270398e-02
-1.167856229542e+00 -3.483695601943e-01 2.810197066651e+00
-8.058127270398e-02 2.810197066651e+00 4.547008718259e+00
Mode 47
2.179089022075e+00 1.543583219114e+00 1.908040404164e+00
1.543583219114e+00 -2.116219669380e+00 -4.106080209529e+00
1.908040404164e+00 -4.106080209529e+00 -8.978508995155e+00
Mode 48
3.412799446318e+00 -1.041353306107e+00 -3.865462064572e+00
-1.041353306107e+00 -1.221859895812e+00 -2.062244953063e+00
-3.865462064572e+00 -2.062244953063e+00 -1.767695083500e+00
Mode 49
-8.272085229763e+00 5.528082758696e-01 4.119020927919e+00
5.528082758696e-01 -4.759305281923e-01 -5.468889614944e-01
4.119020927919e+00 -5.468889614944e-01 -3.080655401954e+00
Mode 50
9.810487147258e+00 3.159539747370e+00 1.488159993661e+00
3.159539747370e+00 2.794688723541e+00 2.741509561220e+00
1.488159993661e+00 2.741509561220e+00 5.130604118580e+00
--
