Number of atoms 
21
--
Anisotropy 
262.809
--
Frequencies 
13.199877890516
27.566958098551
37.738323807044
44.262338815947
90.677768440295
102.426626802136
148.565712168145
153.766820814697
162.388169345287
206.866182267196
230.063168075758
299.443321120346
323.184281541515
344.103572860922
374.149169156144
378.107716008408
422.583340848550
472.571729690706
518.153164408626
534.311637084199
558.690330973857
570.414513504730
608.805983143012
669.296226896489
683.327950038501
747.722788851684
779.978566802292
786.408662756482
790.816105971839
853.127223748316
907.882605422247
952.703072384227
978.233164333833
1005.224375149150
1013.376612677168
1037.542452520831
1055.733678275223
1078.422942859934
1138.359238689520
1157.814376110403
1180.148400480565
1240.089212101749
1322.030732972577
1334.041748833562
1419.318099105207
1467.622057294252
1496.892944585787
1568.833710968434
1606.801777622625
1636.991147508629
1652.422215030819
1796.338645336424
3166.480209407639
3185.590761279595
3200.828408589310
3213.261875298130
3229.739841213099
--
Displacements 
Mode 0
2.353377207834e-03 -4.522389582831e-01 3.895257918902e-04
1.327353852770e-03 -1.665234082886e-01 2.102511780054e-04
1.196949168806e-03 -2.829934239344e-01 -2.128234930033e-04
5.895085147979e-04 -1.393623188002e-01 -1.523598580769e-04
3.489715170175e-04 -1.965827715307e-01 -5.965918465374e-04
4.230233535625e-04 3.601075937666e-02 3.849540475022e-04
1.611402840114e-03 1.186648515272e-01 1.202861517475e-03
-1.361061531345e-04 1.154504548176e-01 7.137465371694e-04
-8.650445706264e-04 1.349176748317e-01 5.227431895456e-04
-9.456761756543e-04 2.735639975119e-01 -1.839483791868e-05
-1.557630405838e-03 3.338070611159e-01 -1.472143734250e-04
-2.136529052073e-03 2.509103096898e-01 2.949993255531e-04
-2.083774372314e-03 1.039183273442e-01 8.386757934418e-04
-1.463520757126e-03 4.790288613248e-02 9.719277679838e-04
-3.658994663429e-03 -4.533042771729e-01 4.476713249869e-03
2.142837854902e-03 2.819714407602e-01 -4.179169570415e-03
-2.094991204184e-05 5.224726952936e-02 3.707592597324e-04
-1.798932783498e-04 9.248360997896e-02 -7.791831004921e-05
-4.650212228343e-04 1.287005868779e-01 -1.779150126160e-04
-7.598982140408e-04 8.584203987748e-02 5.604820210242e-05
-7.249935554453e-04 8.763327124367e-03 3.349606465650e-04
Mode 1
9.259698791195e-05 -9.462566496406e-02 1.597718560830e-04
-5.433271827643e-05 6.780465281113e-02 9.266529209854e-05
-3.951878668014e-05 -1.059077496345e-01 8.157880743637e-05
-5.657054245556e-05 4.531219944078e-02 8.855316390233e-05
-5.311455232987e-05 -1.631581679828e-02 1.138415024856e-04
-3.867072260045e-05 2.719457207862e-01 9.013881367286e-05
-1.175362965494e-04 7.312705122492e-01 2.330854832924e-04
2.221927699229e-06 2.855139841521e-01 6.890029509420e-05
-2.711165492714e-05 1.015132097772e-01 4.000096245948e-06
-3.108546230898e-05 5.146868015167e-02 1.017084393305e-04
-2.936780318180e-05 -1.424121557940e-01 1.811037561237e-05
-5.472250836617e-05 -2.939081411742e-01 -1.976114143289e-04
-4.725265480743e-05 -2.436137066631e-01 -2.881791055634e-04
-5.048162325762e-05 -4.551740635681e-02 -1.852499381687e-04
-1.925796336722e-04 -1.360910614755e-02 -9.196570526296e-04
2.562973229216e-04 -2.309700928485e-01 4.264099898119e-04
1.126173171146e-05 1.246351796179e-01 2.363171426545e-05
-1.067597496189e-05 4.586896389778e-02 7.535195283119e-05
-7.124565004712e-06 -5.113606493365e-02 3.683821967755e-05
-2.271708567071e-05 -1.303749806784e-01 -8.187383914430e-05
-1.658930399034e-05 -1.042229487127e-01 -1.315158152265e-04
Mode 2
-5.472573318644e-02 7.882638297936e-03 -1.132270516698e-01
-1.037253458758e-01 -2.347961960005e-04 -7.018304565112e-02
-1.086715299768e-01 -5.293609424485e-03 -7.024506369345e-02
-8.664753328015e-02 -6.797984413320e-03 -6.307589860198e-02
-8.559198390373e-02 -1.415902255851e-02 -5.580080762448e-02
-8.298449002621e-02 -1.738114354994e-03 -7.844720060506e-02
-1.605381059554e-01 4.476507582050e-03 -1.301384135840e-01
-5.583690159603e-02 2.553263093105e-05 -9.558056473034e-02
-1.025574895865e-02 3.372324678438e-04 -8.624071582544e-02
4.536688837878e-03 1.136344420316e-03 -4.074238101592e-02
5.773237626102e-02 3.712345277096e-03 -2.663606376317e-02
9.733275100253e-02 5.296270052204e-03 -6.520278020182e-02
8.453268652376e-02 3.946033009629e-03 -1.140475866015e-01
3.146400173728e-02 1.429325213588e-03 -1.270573404028e-01
3.861364294555e-02 -2.561942888083e-03 -5.561810265432e-01
1.264979795984e-01 -5.680201912635e-05 6.808263298915e-01
-1.709361621887e-02 8.329919216309e-04 -3.702874738005e-02
-6.541077056391e-03 -1.756063695939e-04 -4.348108060189e-03
2.000708412142e-02 1.278597439402e-03 4.794076178823e-03
3.970755297810e-02 2.131423358898e-03 -1.596781804307e-02
3.263152211820e-02 1.383223738960e-03 -4.141784128136e-02
Mode 3
-2.139550525667e-04 6.299594303638e-01 2.073753054888e-03
1.665794029483e-03 9.444864959397e-02 1.305604231101e-03
1.892213114878e-03 -1.010788651351e-01 1.507616431137e-03
1.698768191807e-03 -2.450712328811e-01 1.313377981271e-03
1.812922026504e-03 -5.857136474631e-01 1.354471747724e-03
1.717717629973e-03 -7.277156092927e-02 1.406442783715e-03
2.833703041656e-03 2.265834926903e-01 2.109887380152e-03
1.322498891348e-03 -3.047253735688e-02 1.709862669411e-03
4.961484957292e-04 -2.141013663564e-02 1.584118134527e-03
2.226357266154e-04 -5.118461041580e-03 7.316965415832e-04
-7.620010596771e-04 1.074577058814e-01 5.189105880306e-04
-1.487252146649e-03 1.954886193613e-01 1.359238557943e-03
-1.277917546229e-03 1.542752954881e-01 2.279500366373e-03
-2.942567118878e-04 4.265939822324e-02 2.456139771346e-03
-3.591287129936e-06 -8.491189724365e-02 1.101825582196e-02
-2.829372452849e-03 -1.640669813287e-01 -1.319776418699e-02
4.093667526664e-04 2.146025277716e-02 6.695171970796e-04
1.899092786279e-04 -2.687118983344e-02 6.200156687153e-05
-2.840156141451e-04 3.585678950062e-02 -1.036517146027e-04
-6.368410322498e-04 8.309932262628e-02 3.548251292758e-04
-5.178356817953e-04 5.987744872556e-02 8.351957624476e-04
Mode 4
-1.331230498540e-01 -6.099478121427e-04 -1.800360139876e-01
-3.905623433666e-03 -3.101289255313e-04 -1.156686916418e-01
3.614715991488e-02 -4.579168615325e-04 -6.699751962482e-02
9.823691176573e-02 7.224870110212e-05 -7.674296948979e-02
1.241763937412e-01 4.280517922657e-04 -7.680977901625e-02
1.257599092962e-01 2.318506990924e-04 -1.221716013074e-01
7.755507743722e-02 2.366700425008e-04 -2.935058412350e-01
1.655139176475e-01 2.238874533131e-04 -1.334175041797e-01
1.247371710733e-01 2.386421538802e-04 -1.402612415975e-01
9.324811902917e-02 5.658490470911e-04 -2.411217305507e-01
-3.373912808799e-02 3.871817322723e-04 -2.790123941588e-01
-1.234512972105e-01 -2.048975591861e-04 -1.938489954333e-01
-9.490911854616e-02 -4.271734761313e-04 -8.412637536775e-02
3.511887759301e-02 -1.544943891444e-04 -5.282408871498e-02
2.168417509242e-01 -2.199139746514e-04 4.849060248897e-01
-2.530121040834e-01 1.269974229649e-04 3.002940642134e-01
4.902520448524e-02 4.160036190616e-05 -3.698181666922e-02
4.416039376109e-02 2.358047984476e-04 -8.540005261178e-02
-1.749363107611e-02 1.877709249294e-04 -1.104308194932e-01
-6.114683106556e-02 -1.243949015778e-04 -6.265248853650e-02
-4.680555562201e-02 -2.158576395778e-04 -4.537137717353e-03
Mode 5
-3.063394176943e-04 2.067298090211e-01 1.461407572478e-04
1.531013174901e-04 -7.103882564942e-02 8.690632576775e-05
2.261775618299e-04 -4.520038328145e-02 1.963877658913e-04
3.597778231861e-04 -8.564769988296e-02 1.598027353615e-04
5.851843818564e-04 -1.654552191461e-01 3.530341207260e-04
3.080820443879e-04 -1.175970808802e-02 6.115328704223e-05
4.603765737826e-04 -3.994308122284e-01 -6.604291758520e-05
1.131298406017e-04 1.876957854326e-01 2.222237301557e-04
-4.370057016685e-05 2.455310128860e-01 2.162423613622e-04
1.800397957484e-04 4.483436906890e-01 5.405494498212e-04
2.058084330710e-04 2.083021518302e-01 4.567928429405e-04
-1.373406113411e-04 -3.031054237862e-01 -1.700636820491e-05
-2.689320189092e-04 -4.092004465480e-01 -2.503935748289e-04
-2.080353218962e-04 -5.736480448612e-02 -4.894114163317e-05
-4.926366621240e-04 1.591195518206e-01 -5.737891594526e-04
-1.396244297954e-04 -8.765320310759e-05 -2.009155830340e-04
3.427331359081e-05 5.608668050543e-02 1.095775276590e-04
3.221018702923e-05 2.014446868385e-01 2.813154348093e-04
1.092661196396e-04 1.051580653319e-01 2.063668169187e-04
-7.249795586888e-05 -1.691166939550e-01 -5.467678624941e-05
-1.183400984273e-04 -2.110616734134e-01 -1.711181107573e-04
Mode 6
-4.918106105478e-02 2.388154155179e-04 -1.015463886989e-01
-2.373417577066e-01 -1.163889031192e-03 -3.697776248437e-02
-2.713456287272e-01 -2.476826411818e-03 -5.145676348153e-02
-2.686226270630e-01 -4.023061700326e-04 -2.217647902803e-02
-3.256293104507e-01 1.706958619230e-03 -4.303398191104e-02
-2.439528526206e-01 -4.483298782230e-04 4.633223823798e-03
-4.657579592002e-01 7.246838605585e-04 -1.938132048558e-02
-1.074100327996e-01 -8.978965390050e-04 -4.640572258167e-02
4.620422054363e-02 -5.270288725325e-04 2.063602622719e-03
5.364696658771e-02 9.212169722630e-04 2.985103874673e-02
6.838432238090e-02 1.458661005107e-03 3.229680428967e-02
8.544051429220e-02 -7.396528665686e-05 1.559117342492e-02
7.557671668759e-02 -1.357488487811e-03 -8.440874044589e-03
7.776757564846e-02 -1.064262376930e-03 -1.142137185915e-02
3.384508874341e-01 2.931065724337e-04 3.718377365708e-01
2.655875262515e-01 4.563114052498e-04 -1.491998385668e-01
-3.176356755887e-02 -4.000287713199e-04 -4.493703496882e-02
1.134595060185e-02 4.862975407782e-04 1.069307066856e-02
2.106605496859e-02 8.316327115638e-04 1.395358397102e-02
3.052503054822e-02 -9.049215838098e-06 5.950359195210e-03
2.384355702002e-02 -6.083746565052e-04 -4.485852495521e-03
Mode 7
-2.673920712637e-04 3.021196197464e-01 3.021876486549e-04
9.545288901070e-04 -2.949768218661e-01 1.028996285202e-04
1.148833583065e-03 -6.533882062890e-01 1.488316100032e-04
1.100148348231e-03 -9.928769025794e-02 5.656529254677e-05
1.344733977810e-03 5.075789821975e-01 1.068256449279e-04
9.419843866859e-04 -1.153053324534e-01 3.080152870155e-06
1.857063220474e-03 1.379889092908e-01 1.631937137478e-04
2.816752163824e-04 -1.716627119166e-01 2.360356592314e-04
-3.226002745497e-04 -1.220849186282e-01 8.104866715883e-05
-2.035510739359e-04 1.616762369085e-02 1.640351155982e-04
-8.781027940077e-05 1.095004610014e-01 2.577335621452e-04
-1.677141104952e-04 3.867975775554e-02 2.267941760092e-04
-2.485825996972e-04 -7.438172167946e-02 1.430275927916e-04
-3.900520611923e-04 -1.148624346900e-01 9.767585601761e-05
-1.425485318541e-03 8.065772967357e-02 -1.465200619291e-03
-8.823765090657e-04 2.489372043073e-03 2.974052844368e-04
8.012785567256e-05 -6.409253814354e-02 2.026974320346e-04
-4.099940772198e-05 3.144945239838e-02 7.126378753757e-05
7.907563454557e-06 7.102456391205e-02 1.010527836960e-04
-3.768968185198e-05 2.952637171682e-02 7.782569706418e-05
-6.399839168453e-05 -2.404359010798e-02 2.997708236171e-05
Mode 8
4.613158552048e-04 -1.876897714553e-01 1.618158965690e-04
4.353157505480e-04 1.545937393456e-01 3.701497586529e-05
4.367481141112e-04 2.263723294208e-01 -2.968234104914e-05
3.929751686801e-04 3.745268648218e-02 -6.560358833422e-05
4.979615094491e-04 -1.241045725053e-01 -2.893038742017e-05
2.918151528626e-04 -9.796222428640e-02 -9.981543782250e-05
7.570318442876e-04 2.529223626708e-01 1.459708746897e-04
-5.606644895420e-05 -4.096667380549e-01 -1.139648238755e-04
-2.851017998674e-04 -3.197083505717e-01 -1.832158469803e-04
5.284956398241e-05 6.857044350904e-02 4.642517834376e-05
2.844482298775e-04 3.752391044574e-01 2.545383897568e-04
2.688848172417e-06 9.329538269800e-02 9.635560770191e-05
-3.111406924228e-04 -3.064084299078e-01 -1.709590211963e-04
-3.542634113422e-04 -3.616162522609e-01 -2.089102947285e-04
-4.618827416020e-04 2.149780863342e-01 -6.512692835566e-04
-5.750194568725e-04 -1.737556587854e-03 3.919805957773e-04
-3.236398233515e-05 -1.770524224915e-01 1.079941364654e-05
2.466074905322e-05 4.863192234710e-02 4.457369943822e-05
1.803290703605e-04 2.265512872355e-01 1.410789758295e-04
2.913161472897e-05 7.002881396628e-02 5.654735626006e-05
-1.145953897273e-04 -1.191245363794e-01 -6.911380026988e-05
Mode 9
-9.324223475442e-02 -4.385951989121e-04 -3.933884170581e-01
-2.157188114137e-02 1.466538354687e-04 -2.024800489601e-01
2.092955720285e-02 3.279450316117e-04 -1.576570891934e-01
9.586453769603e-02 1.127174762500e-04 -1.361860113218e-01
1.943127837380e-01 -6.945181883712e-05 -6.743031980704e-02
7.298961503093e-02 9.385588692970e-05 -1.203448175767e-01
7.248780038839e-02 2.624221225350e-04 -3.402957900436e-01
-1.050237637203e-01 2.748848141183e-04 -2.849065694123e-03
-1.101071832791e-01 9.725305446245e-06 6.681022210795e-02
-5.739129724697e-02 -2.964467133229e-04 2.948198222205e-01
1.219030661118e-01 -4.781493770836e-04 3.641913869876e-01
2.150570055018e-01 -2.289587384650e-04 2.740352643289e-01
1.469229642019e-01 5.359280311252e-05 8.217508409895e-02
-4.122153975945e-02 1.018379524658e-04 2.944426884126e-02
-1.893565183123e-01 -5.315993764118e-05 2.012557887373e-01
-2.134368982673e-02 9.494285984372e-05 4.344380471419e-02
-2.755849437749e-02 1.411447945948e-04 2.692829865610e-02
-4.895674790660e-02 -1.236021119688e-05 1.161533142764e-01
4.426901221673e-02 -1.887381627502e-04 1.401799420414e-01
9.782094859034e-02 -7.272784361997e-05 8.839886391265e-02
7.790575267545e-02 4.791419092438e-05 -1.280982066737e-02
Mode 10
2.670316473279e-01 9.672935110202e-04 -5.662498317871e-02
2.754016845334e-01 1.254400544826e-04 -5.544320709380e-02
1.945205041412e-01 1.142736270732e-04 -2.569073327792e-01
-1.018696386342e-01 -3.981424120851e-05 -2.252033967906e-01
-3.160693834362e-01 -6.333067355761e-05 -5.008640586638e-01
-1.366667221113e-01 -3.615644202773e-05 2.404361591858e-02
2.161907584271e-01 -6.329427385253e-05 3.135212355919e-01
-1.360138041543e-01 2.127816434508e-04 2.635535935043e-02
-3.866524445319e-02 2.733968086720e-04 3.769255725998e-02
-3.841278540423e-02 2.519128366177e-04 3.796245700972e-02
2.965104969246e-03 3.515533873709e-05 5.143741198213e-02
4.613773453897e-02 -1.703697815471e-04 1.640782097852e-02
4.208879648229e-02 -7.433672175808e-05 -3.988307634651e-03
2.474776640172e-02 1.666136941040e-04 -8.100306585529e-03
2.095185738446e-01 -2.240350009760e-04 4.911127382921e-02
-2.733524213594e-01 -4.172909848226e-04 9.828182545926e-02
-3.932859183267e-02 8.431762001433e-05 -1.516249101661e-03
-1.281816871713e-02 1.024499451312e-04 6.835677844687e-03
4.633068855281e-03 -1.497195101586e-05 2.921531838962e-02
2.147073674370e-02 -1.208571542117e-04 6.819146285007e-03
1.385295713214e-02 -6.952577320753e-05 -2.833197947533e-03
Mode 11
-7.788601276371e-05 5.433855630914e-02 2.717983039809e-04
1.123916063559e-04 -8.704215601398e-02 1.033804961025e-04
7.401071883980e-05 -4.986932341485e-02 6.396993279975e-05
-1.064873570944e-04 5.782178801498e-02 3.722748872093e-05
-2.781223485127e-04 -3.252301390462e-02 -9.513735665133e-05
9.884236788728e-06 3.507321963595e-01 6.596782834541e-05
1.712210675497e-04 -2.033523266174e-01 1.652618692852e-05
1.484512218871e-04 4.612278223523e-01 1.838742766677e-05
-7.450631096296e-05 -1.641477498703e-01 -2.806274992737e-04
-1.994223763979e-04 -3.705953151324e-01 -3.162969156011e-04
2.821632341692e-04 9.794265216153e-02 1.899933298390e-05
5.341206016045e-04 3.251921284717e-01 1.448924832466e-04
-4.569622954235e-06 -2.433361731544e-01 -3.978229572172e-04
-1.827875536285e-04 -3.367582311847e-01 -4.753049354039e-04
-2.550168994909e-04 5.545410422919e-02 2.837455967128e-04
2.233163302896e-05 6.328740385234e-04 -1.654497781647e-05
7.226075376640e-05 2.348376043974e-01 3.783354460354e-05
-7.070891753738e-05 -1.421500000516e-01 -1.282924522347e-04
1.453551648278e-04 9.798103854250e-02 6.628139614292e-05
2.977667653064e-04 2.393576758428e-01 1.510311488805e-04
1.452644298571e-05 -8.896647260032e-02 -1.590195171817e-04
Mode 12
-1.496307407957e-01 -1.978288050037e-04 -2.026638807207e-01
-3.214334929877e-02 -1.337077794977e-04 -6.481202099337e-02
6.909125467367e-03 4.850588037500e-06 -7.163085608319e-03
6.316091372756e-02 1.421199593872e-04 5.256168497612e-05
1.228521604009e-01 -1.051095728965e-04 5.690987530882e-02
2.403676189466e-02 3.979650866386e-04 3.039601638088e-02
2.104687225623e-02 -5.500871331832e-05 -4.892132611603e-02
-1.341167441688e-01 2.888745230187e-04 1.317611918538e-01
-1.569746351347e-01 -1.843612476726e-04 1.612597556535e-01
-2.028477931485e-01 -1.961507774093e-04 1.206423491852e-01
-3.346883483801e-01 2.777111755381e-04 9.134744672807e-02
-3.321423676242e-01 3.694114182895e-04 8.225647068240e-02
-2.675060811278e-01 -1.039873901989e-04 1.264727112227e-01
-7.958738384943e-02 -3.037578443009e-04 1.474837320313e-01
5.699442376248e-01 -1.952623722591e-04 -2.007968908782e-01
3.973677634309e-02 9.170477565724e-05 -2.899880269362e-03
-3.690200884253e-02 8.181434547722e-05 6.450289271118e-02
-3.712008645467e-02 -5.472364799454e-05 1.352045577397e-02
-1.015286676996e-01 1.635774301888e-04 1.075507470048e-02
-9.465865101343e-02 2.027518369318e-04 2.481944583254e-02
-1.066045180271e-01 -3.484355386483e-05 6.762516717966e-02
Mode 13
-1.573210752424e-01 -2.405501301191e-04 -3.135563561631e-01
-1.454367838355e-02 4.810943491785e-05 -8.526120827856e-02
3.784071016653e-02 1.788302348267e-04 -2.729547664931e-02
-1.938620980151e-02 -9.428773876285e-05 3.142919276951e-03
-1.651173108423e-01 2.698489411005e-05 -1.719775316293e-01
3.017908552208e-02 -1.829749607288e-04 1.435562137809e-01
-7.470688501304e-02 3.282467484919e-05 4.678380301376e-02
2.219253682764e-01 2.318709391773e-04 1.017645771055e-01
3.381828214289e-01 -1.509736203028e-04 1.872849125958e-01
3.184579250667e-01 -2.746192524081e-04 -3.231906658449e-02
8.210459979214e-02 1.333277624829e-04 -9.901445983401e-02
-1.265409302064e-01 7.687212855201e-05 1.143509296077e-01
-3.783718417745e-02 -4.196181225885e-04 3.645747850721e-01
1.350479731259e-01 -3.243611118028e-04 3.725412314177e-01
-2.081953037206e-01 2.799811658213e-04 -1.601525147226e-01
3.041903834459e-02 8.158914783233e-05 7.370366227526e-04
6.016147649908e-02 2.882949749587e-04 -1.958950945844e-02
1.219328945109e-01 -2.047269951115e-04 -4.119461674156e-02
7.152998894834e-03 8.951786058420e-05 -9.308176617286e-02
-1.062012031117e-01 9.855195181118e-05 1.568091944865e-02
-4.312171556715e-02 -1.929057590210e-04 1.402017013057e-01
Mode 14
-6.446972351303e-03 6.895226363566e-02 4.002592900165e-04
8.346390494936e-04 -2.657930624680e-01 1.687934766641e-04
1.083710170392e-03 -1.173365272476e-01 3.376090410660e-04
-2.160406840520e-04 3.389641719100e-01 4.727260631953e-05
-1.410742703622e-03 -2.193428559597e-01 -1.236549164989e-03
-1.073503323286e-04 6.913616041283e-01 3.908425830809e-04
2.132578405344e-03 -9.955027422316e-02 1.129483346871e-03
-3.491800197093e-04 -2.757398906987e-01 -5.830156857373e-05
-3.489865703853e-04 -8.088239925161e-02 -2.634850340662e-04
-1.497412596063e-04 1.235184100475e-01 -7.387949883653e-05
2.537712972719e-04 -6.069368557949e-02 -5.968693061467e-05
5.830291524655e-04 -7.530221472866e-02 -3.684554307030e-04
5.978661380523e-04 1.306266012902e-01 -4.282479721294e-04
-3.611540140424e-05 -3.664535414738e-02 -5.638396272260e-04
-3.265252966898e-04 1.632419800033e-03 3.090124266157e-04
1.770769814587e-03 3.259832422427e-03 -2.375009829384e-04
-1.724596214158e-04 -3.438719499345e-01 -7.093145647446e-05
-6.388010759670e-05 6.975345733586e-02 2.231607219971e-05
9.687782502343e-05 -3.546947415553e-02 1.160392455008e-04
2.189184063779e-04 -4.460762964770e-02 -1.066058513508e-04
2.715097551020e-04 8.892543045192e-02 -1.516649953560e-04
Mode 15
-8.449650856029e-01 -1.602133951882e-03 1.143543306666e-01
9.685260073352e-02 1.847606821118e-03 3.248703193962e-02
1.243134791776e-01 1.151232307410e-03 3.937299853362e-02
-1.920530144748e-02 -2.517269663101e-03 -1.143430022388e-02
-1.646628975800e-01 1.593000861508e-03 -1.781495752919e-01
-5.114716052628e-03 -5.368229389407e-03 1.833152921889e-02
2.677682106814e-01 8.930053424873e-04 1.292523774784e-01
-2.758145852946e-02 1.904821945783e-03 7.056847542283e-03
-5.872981591962e-02 7.174164033176e-04 -3.248184946703e-02
-5.736356762325e-02 -8.242894521856e-04 -1.675104422981e-02
2.024305288199e-02 4.718125814930e-04 3.666959326185e-03
7.547624237730e-02 4.817668512745e-04 -4.627406413123e-02
5.267937944534e-02 -9.508850909650e-04 -8.652074352673e-02
-1.218130260283e-02 4.651030147442e-04 -8.729441624868e-02
-1.053463146094e-02 -5.461514257921e-05 4.315314788973e-02
2.341470750678e-01 3.603159299955e-04 -3.026812065207e-02
-7.494559697155e-03 2.499170130042e-03 1.122581148980e-02
-2.384574528293e-02 -5.052760316012e-04 -3.811503592764e-05
1.138277198932e-02 2.478250662798e-04 2.199416574506e-02
3.502120963090e-02 2.600289589198e-04 -1.020895089369e-02
2.386161780986e-02 -6.827123989444e-04 -3.440405144059e-02
Mode 16
3.536596503746e-02 1.494030325789e-05 6.203263602550e-01
-4.565896477966e-03 9.038399241489e-05 8.008661000219e-02
-7.162311125645e-02 -1.659741304417e-04 -3.857164581182e-02
-6.342705391089e-02 9.727818198359e-05 -1.075098497581e-01
-1.851915071078e-01 -4.392209100573e-05 -2.626555434427e-01
6.225588776573e-02 3.605831522711e-04 -1.088740135533e-01
7.974529876809e-02 2.208404079836e-06 -5.885697831561e-01
2.387414504322e-02 -8.301546318902e-05 -6.353203930493e-02
4.863012590461e-02 -9.253032050823e-05 4.349732367641e-02
5.280992099555e-02 4.743275000366e-05 7.371624093074e-02
-2.041001506514e-02 4.053645155103e-07 7.662500669122e-02
-8.936926460623e-02 -1.450145505462e-04 1.478692457789e-01
-6.973379398851e-02 2.550385578138e-05 1.573474309626e-01
-1.194205969387e-02 -4.027755703001e-05 1.344858998168e-01
4.695229651797e-02 8.906034000524e-06 -5.190963934631e-02
1.734048861121e-02 -1.093934531861e-05 -8.459192524397e-03
7.694511827937e-03 -1.104851366175e-04 -1.391912192323e-02
1.457582463277e-02 2.305520607867e-05 1.809732151326e-02
-1.241649728740e-02 1.311395135618e-05 -1.758250541874e-03
-3.957635213529e-02 -7.988563098921e-05 3.972619247262e-02
-2.376260099775e-02 2.561406018305e-05 5.016525189006e-02
Mode 17
2.072553832430e-04 1.532237227446e-02 -1.617483181087e-04
1.053479405354e-05 -1.156740616651e-01 3.172509795513e-05
7.526972830631e-05 -3.629817570252e-03 2.018584545473e-04
-4.700530431907e-05 1.062815071108e-01 2.106288696892e-04
-2.462964555883e-04 -3.620927756023e-02 1.424338807129e-04
7.236878136452e-05 4.305378784292e-02 4.042418921296e-05
1.807053759386e-04 3.611004722890e-02 -3.024207113854e-04
-9.064546783488e-06 -1.637310074317e-01 9.011457200445e-06
1.085196029010e-04 2.452501716558e-01 1.714701862715e-04
-4.596653451729e-04 -3.867743469098e-01 -2.261329387525e-04
1.597626761797e-04 2.655039787950e-01 2.503154960434e-04
8.177086799927e-05 2.370235885079e-02 -4.183187325361e-06
-2.047713463763e-04 -3.093147880143e-01 -3.111743166071e-04
3.667793277045e-04 5.764792565820e-01 3.269074734198e-04
-8.689621761101e-05 -4.570082911461e-02 4.855763640295e-07
-4.347524297319e-05 1.321484197638e-03 2.990214491542e-06
-2.967722171196e-05 -1.465970099934e-01 -1.726665768193e-05
-2.145964674936e-04 -3.135803519768e-01 -2.718088014837e-04
7.904806760123e-05 1.053728595822e-01 1.223012845844e-04
2.342651477541e-06 -6.020970189063e-02 -4.026998298299e-05
-2.182741229130e-04 -3.136166433292e-01 -2.663626853832e-04
Mode 18
1.538935194668e-01 7.076130099377e-05 -3.048101149462e-01
-4.490855757487e-02 3.345091241600e-04 8.081928743869e-02
1.324777810425e-01 -1.397218935485e-04 3.672378037367e-01
-1.001355748043e-01 -1.811379469162e-04 3.825027858516e-01
-5.276630568968e-01 6.794759726457e-05 3.163340521211e-02
9.501262070271e-02 -2.997101330340e-04 1.475212627124e-01
2.494937332162e-01 8.074425889442e-05 -3.189164302765e-01
1.480214550135e-01 -1.792556856012e-04 9.345386964212e-02
-9.393183910693e-02 2.615479789020e-04 5.441936459556e-03
-1.311634394110e-01 4.754183236781e-04 -7.691464487546e-04
-4.032728554890e-02 -3.449424244984e-04 3.102412565634e-02
5.000685663842e-02 2.386137939942e-04 -4.852678431078e-02
2.830136260969e-02 2.816251159162e-05 -8.363662851328e-02
-4.209725233269e-02 -4.232374950970e-04 -7.320377445197e-02
1.482815378961e-02 2.659750566815e-05 5.718164515649e-03
-2.733194244045e-02 -3.973959785663e-05 4.124729933951e-03
4.361060390829e-02 -1.455686828867e-04 5.629060678839e-02
-4.986105160221e-02 1.530871218863e-04 8.632713980008e-03
-3.492593526644e-03 -2.607222004084e-04 4.092618279073e-02
3.492404081254e-02 1.823360669216e-04 -8.977830480897e-03
1.475936187095e-02 9.851763328333e-05 -3.176652727542e-02
Mode 19
5.750638479965e-05 -1.286809486424e-02 -3.073924846495e-04
-5.000110615058e-05 1.511677817678e-01 7.288007869733e-05
6.389606245948e-05 -6.146042863122e-02 2.377029837791e-04
-1.668787275236e-04 -6.768328152560e-02 2.677519721025e-04
-3.422673909124e-04 3.337501427328e-02 2.118036430132e-04
-6.673701556084e-05 1.307291954553e-01 5.056805105865e-05
4.077131138622e-04 -7.888474276827e-02 -1.289274360355e-04
-1.156874255083e-04 1.270187090193e-01 2.634194091957e-05
-3.649175066975e-04 -4.806853216584e-01 -2.868521813959e-04
-3.979006825974e-05 -1.576406589761e-01 -1.067321485340e-04
3.556948046815e-04 3.889690974851e-01 2.066029543073e-04
-3.478511747214e-04 -4.241568890303e-01 -4.135537260251e-04
2.435779531482e-04 2.696820795513e-01 1.562479615792e-04
2.194855526876e-04 2.058290527046e-01 1.239152419124e-04
-3.954213455778e-05 -2.447041094377e-02 1.767492215424e-05
-1.108256449630e-05 -1.306374649256e-03 6.585023762672e-06
1.425594585503e-05 2.036308336999e-01 9.517560813401e-05
2.447886563189e-05 7.335141757353e-03 8.547285562317e-06
2.519686365986e-04 2.873126998121e-01 1.705945144249e-04
-2.345005764137e-04 -2.853519641433e-01 -2.353249266823e-04
1.031108527020e-04 1.405662307713e-01 1.049430557212e-04
Mode 20
2.275653953122e-04 9.017037530926e-02 -5.198573616166e-05
1.633692163482e-04 -8.162855941113e-01 4.848586461669e-05
-1.737907589149e-04 4.329052671218e-01 5.681847043962e-05
-5.037570028674e-04 5.594891165787e-02 1.253979207712e-04
-2.998155882172e-04 -3.425657373699e-02 6.382348738955e-04
-3.403998863083e-04 -1.999973122670e-01 -2.655227664857e-04
6.620949516396e-04 1.801397346248e-01 -2.758524428341e-04
-2.075164449075e-04 9.459716642981e-02 -2.427791683837e-04
6.977898051874e-05 -9.858180978434e-02 -1.510658934729e-04
2.580611466439e-04 -6.133425154436e-03 6.682968475640e-05
8.695666033258e-05 5.946211162034e-02 4.293186079827e-05
-2.066584227358e-04 -8.419250903639e-02 5.966327788850e-05
-7.824690123403e-05 7.644519765183e-02 9.051486458333e-05
1.882660377939e-05 -3.055309994988e-02 -2.674312183824e-06
6.455687878879e-06 -5.562600064876e-04 -1.230622608798e-06
-4.707393856634e-05 5.248551063202e-03 -7.008853412237e-06
-3.473844573405e-05 1.291989070667e-01 -8.174072026271e-05
7.089154182354e-05 1.909285049703e-02 6.074594643969e-05
3.375273003435e-05 5.066456367601e-02 -4.329232985413e-05
-8.771694140825e-05 -4.859253734514e-02 -1.656023743489e-06
2.100399642361e-06 5.715111420836e-02 5.443926544133e-05
Mode 21
-1.275563750375e-02 1.087414113046e-04 8.640143666835e-02
3.101756164605e-04 -1.008630071592e-03 -2.229051715605e-02
1.410126642706e-01 5.709395007648e-04 8.275883121904e-02
3.152781520135e-01 1.318092326027e-04 3.991975107389e-03
6.555754005528e-02 -8.919497629548e-05 -4.321855738669e-01
2.837545685723e-01 -4.629628007775e-05 1.915625891231e-01
-5.510322482168e-01 1.544920003895e-04 8.005866741948e-03
2.871561711770e-01 -6.278234344120e-05 2.002930148561e-01
-1.302775763556e-01 -3.283635677652e-04 4.908680865718e-02
-2.163156611796e-01 2.216222299559e-05 -3.404069402733e-02
-4.522027562437e-02 2.879198002380e-04 2.396481897453e-02
9.277857501374e-02 -3.084514090138e-04 -8.370238577822e-02
8.199895956135e-02 1.923167282779e-04 -5.537996341866e-02
-5.351527865614e-02 9.192365452180e-05 -4.280118872124e-02
1.350843422096e-02 -1.987502819945e-05 4.200161180175e-04
3.601180462077e-03 7.897762985935e-06 -2.551160269858e-03
8.551734016759e-02 2.970690580028e-05 1.054202021652e-01
-6.535704565258e-02 1.429273132643e-04 -1.290193432358e-02
2.288100087846e-03 2.162023235133e-04 6.721701538507e-02
4.247190415001e-02 -1.753032139208e-04 -2.044230930973e-02
2.847138054512e-02 1.450427527632e-04 -2.182999672408e-02
Mode 22
-1.045708902236e-02 -1.345161838972e-05 -3.404052735496e-02
9.150630021356e-03 7.358424783508e-05 6.154632532662e-03
3.428535947240e-02 -3.679276407063e-05 3.480327762345e-02
-2.042883931160e-02 1.785138479063e-05 4.143555610605e-02
-8.943425892927e-02 8.524331063689e-06 -4.526013363701e-02
1.033570220380e-01 6.032895996855e-05 -1.064513389276e-01
-8.372380531675e-02 -8.474225613786e-05 2.100247247478e-01
3.749147976663e-01 -5.675181203186e-05 -2.882323986005e-01
9.957878457859e-02 5.499433287838e-05 -3.187881416691e-01
1.867167914881e-01 -3.642245844925e-04 1.989027726157e-01
-9.951389244384e-03 -1.419004045200e-04 2.430981050691e-01
-1.781923791721e-01 -1.799162099065e-04 3.820115455141e-01
-3.196335575599e-01 4.009022135399e-04 -1.787084022288e-01
-1.652493847222e-01 3.561314699025e-04 -1.939726700536e-01
4.660970181229e-02 -1.548714400871e-05 -2.666644035729e-02
7.631288147253e-04 1.449380103849e-06 2.568737852750e-04
1.095813339966e-01 -7.402410659018e-05 -7.523331873253e-02
-2.045495898771e-03 4.140851882967e-06 1.141253803398e-01
-2.920277792935e-02 1.033590470909e-04 -2.669950333507e-02
1.817452853433e-02 -1.433942814881e-04 1.288849756256e-01
-3.762980515923e-02 1.203547553648e-04 -1.089966748184e-01
Mode 23
4.668748114944e-02 5.525930038992e-05 -9.718295196959e-03
-3.993543747695e-01 -1.454980736982e-04 -8.780643085203e-03
-4.866838102346e-01 3.639048397464e-05 -9.061977023751e-02
-2.684486100886e-02 3.350576308732e-05 -5.832306093871e-02
-1.247894114882e-02 -2.755240914542e-06 -1.184977326025e-01
2.487068323446e-01 9.052078202659e-05 -5.469164888609e-02
3.181641729984e-01 -1.276304163965e-05 2.297321550209e-01
2.275013471662e-01 -6.328144816810e-05 -1.161851303966e-03
-1.556635487611e-01 7.570722538474e-05 -8.007172580703e-02
-2.118352691971e-01 2.317887686216e-04 -1.867856819978e-01
1.619967005794e-01 -7.673877645194e-05 -7.358701317252e-02
6.933495387267e-02 -1.158528118080e-04 7.085664003565e-02
8.593243681333e-02 -2.251494271436e-04 2.103443587114e-01
-2.361327611965e-01 1.616865644505e-04 9.766763802614e-02
7.107674925843e-02 -3.356901461982e-05 -1.696835038993e-02
-2.195385411805e-03 -5.052353285667e-06 -6.534359778009e-03
6.978667389311e-02 -7.571370945925e-05 5.813551122743e-02
-1.011292403214e-01 1.517253218014e-04 -1.487635906870e-02
5.928188062577e-02 1.117526737870e-05 2.738304766769e-02
-5.558088315403e-02 9.048132566717e-05 1.464966070641e-03
5.380318190136e-02 -5.906840905390e-05 3.174239108010e-02
Mode 24
3.133377503233e-02 3.764993858396e-05 1.508315361092e-02
-2.766886172004e-01 -9.590457220773e-05 -1.196386656706e-02
-3.272372684977e-01 1.199411322252e-05 -7.737879245822e-02
3.188699158135e-02 5.055896565080e-05 -5.410445752486e-02
2.062131059327e-02 -2.385407881126e-05 -1.497160350239e-01
1.475591923646e-01 2.703468988358e-05 8.926828560851e-02
2.055052944249e-01 2.123207631121e-05 5.425097135960e-02
4.224603053642e-02 -1.160488018089e-04 1.822258076738e-01
1.735257988156e-01 -1.387524328107e-04 1.970407433987e-01
1.633913711119e-01 -2.927693062168e-04 2.758556049133e-01
-3.304584498647e-01 2.438075396174e-04 1.344811974884e-01
-3.498708116666e-02 1.244415064582e-04 -2.137828417515e-01
-5.510355113660e-02 3.497737698620e-04 -3.438064210048e-01
3.496319025242e-01 -2.958541293618e-04 -1.453252729378e-01
-1.114353720454e-01 5.926904350461e-05 1.883151595602e-02
-1.114994024402e-03 -3.381202346745e-06 -4.681006499528e-03
1.246460160681e-02 -7.861656585319e-05 5.192018485314e-02
1.106052029551e-01 -1.808067991577e-04 1.742643352999e-02
-1.008408125452e-01 3.670448122750e-05 1.980700981153e-02
1.237544299045e-01 -1.684612732636e-04 -2.841154239021e-02
-6.873469532427e-02 1.285410533141e-04 -4.677485331922e-02
Mode 25
-3.031198192649e-05 -1.930852966308e-03 4.238381409596e-05
1.430013346603e-04 4.284983673979e-02 -4.346304271851e-05
5.167633759158e-05 -1.256993388477e-01 -1.911710280659e-04
-1.478701371079e-04 3.141571529300e-01 -9.650354468566e-05
-1.788713025198e-05 -8.452499819741e-02 2.034541643633e-04
2.867537757004e-05 -2.071611543153e-01 -1.170920273518e-04
-4.943299721918e-05 1.232344020241e-02 2.741935993477e-05
2.335512124123e-04 7.917625053656e-02 -2.910211253317e-05
3.032455424904e-04 4.613596904134e-01 2.567951310773e-04
-3.968968969812e-04 -2.202042706464e-01 -1.858579530390e-04
2.007764395524e-04 2.810119850928e-01 2.724494796413e-04
-1.351087853285e-04 -2.140835408235e-01 -1.229571828296e-04
2.529188740714e-04 2.288799951995e-01 2.713334021957e-04
-4.188234602270e-04 -4.682659883019e-01 -2.809701306349e-04
2.503647688753e-05 1.121285509016e-02 -6.791672029566e-06
1.669177411137e-06 4.826234859492e-04 1.734601092871e-06
1.969890278540e-05 -1.517060577177e-01 -9.438243614259e-05
-2.169666530573e-04 -2.818336601875e-01 -2.636891839783e-04
2.587109610341e-05 2.430698620057e-02 1.071424829954e-04
-1.361339662540e-04 -1.702653852524e-01 -1.132848301815e-04
1.714269578741e-04 1.929495442503e-01 1.690375037939e-04
Mode 26
-2.574541263002e-05 -6.490187486656e-04 5.624800134685e-06
1.650461034733e-04 -2.936071229206e-02 -4.058874667261e-05
-7.873166863262e-06 1.282118709809e-01 -1.788958800739e-04
-1.464793827652e-04 -3.832372889448e-01 -9.111191704597e-05
2.928950588698e-06 1.162016392975e-01 1.726956116636e-04
8.699804361671e-05 2.115970435810e-01 3.714834012814e-05
-5.798499271112e-05 -4.015006103787e-03 2.327272771797e-05
2.324638125220e-04 -6.873821433742e-02 -1.054949353660e-04
-4.506458434786e-05 -1.353181308475e-02 -1.717348554266e-05
-1.538355921630e-04 6.194647755462e-02 1.946921471563e-05
4.055846574775e-05 1.863556497608e-01 2.149115956499e-04
2.169861005019e-04 1.907329604876e-01 1.330717859976e-04
2.000231151966e-04 1.743948454865e-01 1.890736152062e-04
-1.962399960063e-04 -1.890270534112e-01 -1.168618095933e-04
2.322692361399e-05 1.340778857392e-02 5.391656974363e-06
5.810736643419e-07 -5.452234509308e-04 2.991171145507e-06
8.226988411434e-05 2.319820810846e-02 6.246082039203e-06
-1.698612041584e-04 -2.470218301048e-01 -2.537631401229e-04
-4.139665708308e-04 -4.604880871211e-01 -2.228633608421e-04
-3.692031294731e-04 -4.999626113828e-01 -3.512272922816e-04
-2.354505347284e-04 -3.283099547715e-01 -2.193947964881e-04
Mode 27
-5.058633068461e-02 -4.700789754228e-05 4.549832452232e-02
2.930351941677e-01 4.726684114917e-05 -7.027345892943e-02
-2.418751447119e-03 3.579595635888e-04 -4.277015654426e-01
-3.741290798849e-01 -1.160775078653e-03 -1.463753295898e-01
-5.831352970725e-02 3.411805674498e-04 3.686737889947e-01
3.445373292554e-02 6.240857422167e-04 1.539475550251e-01
-4.065741623876e-02 6.999512234447e-06 -7.227495933379e-02
4.862829975344e-01 -4.383521381035e-04 3.720446423205e-02
-1.108564306639e-02 3.281034548420e-04 4.867569610753e-02
-1.972240893243e-01 -5.171076969123e-05 2.620005972538e-02
-1.847468214545e-01 -5.755951001626e-05 7.244610581766e-02
6.212423986776e-02 -3.736606830150e-04 -1.329240454654e-01
9.170264952638e-02 -2.906394009428e-04 1.917607833019e-02
5.595909658975e-03 4.791052446445e-05 3.296455317264e-02
-9.587903718769e-03 -3.368185566999e-06 -4.165716960067e-03
1.404113810842e-03 3.116403099287e-06 4.037165149733e-03
1.421236092757e-01 -2.201618881575e-04 1.374769551220e-02
-5.332751406257e-02 2.269532557078e-04 6.444151062664e-03
-3.492729784957e-02 7.210592139274e-04 9.794417774781e-02
5.024936906642e-02 7.465473920990e-04 -3.006976959030e-02
5.481997817737e-03 6.169138787375e-04 2.709160297293e-02
Mode 28
9.230272293855e-05 -3.763073247864e-03 -1.021546125031e-04
-5.120591210954e-04 -4.075243054431e-02 1.311098616392e-04
-3.837527584426e-05 2.172472666345e-01 7.905069405670e-04
7.164897235960e-04 -6.395140195858e-01 2.559640077846e-04
1.939063382944e-04 1.763129238090e-01 -6.829458115122e-04
-1.650071565642e-04 3.045567356782e-01 -1.372273621948e-04
1.096302648018e-04 9.448527189150e-03 8.324672426606e-05
-1.006861755471e-03 -1.083584355093e-01 -8.656185367825e-05
2.771722690664e-04 3.221323860106e-01 7.612073108142e-05
2.544584709973e-04 -1.407988181566e-01 -1.577799440282e-04
4.192151119337e-04 1.579824136825e-02 -1.118044450974e-04
-3.022974303384e-04 -2.021650817177e-01 1.805421935206e-04
-2.222208968407e-04 -2.693414174670e-02 -8.111877060502e-05
-1.088776809414e-04 -9.517519940514e-02 -1.420577114196e-04
1.486313505373e-05 -2.605925842666e-03 3.079665293449e-07
-2.157671941324e-06 -9.371226767462e-04 -5.837192128556e-06
-3.325648950534e-04 -1.623023055001e-01 -1.142655827684e-04
9.762824470124e-05 -1.929412599235e-02 -4.274956210933e-05
3.011031143886e-04 2.571449081412e-01 -1.330627633280e-05
9.090332264989e-05 2.395290674413e-01 2.485275686173e-04
2.176365422704e-04 2.859323632447e-01 1.325189128439e-04
Mode 29
1.086534616843e-02 6.286178435020e-06 -1.487520336709e-02
-4.400287699211e-02 -2.855691110565e-05 1.268399036969e-02
9.109835722504e-02 2.590020017935e-05 1.911585529695e-01
5.057434332907e-02 -7.219977725916e-05 6.986567624188e-02
-6.243421340858e-02 3.038962329076e-05 -4.489201060677e-02
6.660593957308e-02 1.357474406390e-04 -4.442105869326e-01
-4.840951364603e-02 -5.407224704490e-05 1.593644189492e-01
5.615268452393e-02 7.065481256841e-05 -4.270875416779e-01
5.739073201122e-02 1.093642061104e-05 -5.453939932266e-02
-1.579527139792e-01 1.507914128878e-04 9.602089967156e-02
-3.745423422910e-01 1.845028832553e-04 1.253721156585e-01
5.063510990160e-02 7.708096257675e-05 -2.337815860228e-01
2.458707214424e-01 -4.687603657123e-04 2.565183457729e-01
1.956976945919e-01 -1.833053262826e-04 1.621177295991e-01
-3.446081061763e-02 1.605780652313e-05 6.601747144812e-03
-3.058708170450e-04 -1.319730106395e-06 -1.163088705810e-04
1.812195806842e-02 1.535763376967e-04 -1.385282592701e-01
-2.416993713484e-02 -2.592265836232e-05 9.723894550524e-04
-8.469618365248e-02 4.300541629829e-05 1.388606670345e-01
2.746689142952e-02 1.933640345958e-04 -6.254401305055e-02
-1.215527112766e-02 -1.132733516003e-05 1.649848539261e-01
Mode 30
3.777184993556e-06 -1.460201321283e-03 -2.676324036798e-06
-2.922934421778e-05 1.344251342069e-03 2.227412010213e-05
-6.135650484423e-06 1.622736250676e-02 2.637951031443e-05
9.889517793319e-06 -4.239980403181e-02 4.774237106620e-05
3.519092701179e-05 9.978915480127e-04 -3.807455729324e-05
-2.065909314182e-04 -3.351702337722e-02 6.920772254656e-05
5.767733913373e-05 1.033520157548e-02 -4.221801101733e-05
7.722222238383e-05 1.027648478740e-01 -2.022314504098e-05
1.319823425020e-04 9.007805216068e-02 -2.837974843429e-05
-1.445204279366e-04 -2.011763876729e-01 -5.938088573984e-05
-2.815511091123e-04 -2.336215390710e-01 -2.128112008174e-04
6.000968440458e-05 7.097795151475e-02 -8.526371213711e-05
3.127179209518e-04 3.470426590041e-01 3.666892620984e-04
7.495352364477e-06 -1.164558661392e-01 -4.722081981215e-05
-7.189181067629e-06 7.751149459814e-03 5.548600163981e-06
3.848301559770e-07 -8.736939906837e-05 -1.874587792352e-07
-5.378682582603e-05 -2.281279829839e-01 -1.708943037466e-04
1.198705166385e-04 3.583174373301e-01 4.270351991635e-04
3.708297814766e-04 4.635285358531e-01 2.874286569918e-04
-1.346234278053e-04 -1.539077004751e-01 -1.520306231696e-04
-4.915845375167e-04 -5.699984793613e-01 -3.134182146210e-04
Mode 31
-1.647425152917e-05 -2.983197170662e-03 9.240763253465e-05
8.311672456585e-05 3.295244694412e-03 -2.624290452317e-04
1.213450234396e-04 3.038001288189e-02 -2.609441513774e-04
-1.745710361639e-04 -1.028188877664e-01 1.579381697413e-04
-2.900096866519e-04 2.020079055734e-02 2.353950288495e-04
6.355739760882e-04 -1.328159755368e-01 -4.511231978665e-04
-1.529627164728e-04 2.573564748732e-02 1.193050994475e-04
-7.505406038514e-05 5.019559735713e-01 3.271056882247e-04
-2.684617408809e-04 -2.356329611822e-01 -1.672448671560e-04
2.535472973766e-04 4.739824575607e-03 1.691300757432e-04
1.563623796071e-04 7.980706233903e-02 -3.442212784437e-05
3.030959842677e-06 4.793908425059e-02 -1.547750197923e-04
-5.362659390314e-05 -1.176663333141e-01 -3.549665721677e-05
1.153687099085e-04 1.022359405372e-01 1.223875790655e-04
-2.997552932899e-05 -4.708989623530e-03 -7.887373650059e-06
-7.986094880816e-08 -1.475559641205e-04 1.873705172885e-06
-2.428778528170e-04 -7.584176660771e-01 2.095356355190e-05
2.960026307303e-05 2.758560066985e-02 1.438976976853e-04
-1.309683191042e-04 -1.634744414630e-01 -2.173268915430e-04
-1.281842240174e-04 -5.759310101384e-02 -1.165065647830e-04
6.599694610787e-05 1.525846382116e-01 1.900482428721e-04
Mode 32
-5.956047709720e-03 1.734195388591e-06 9.753065063593e-02
1.525855110285e-02 5.777805248278e-06 -2.987511154315e-01
1.358711528869e-01 5.138478998390e-06 -1.748296889506e-01
-1.184694631005e-01 -9.579466075419e-07 1.361557343828e-01
-2.507681384059e-01 3.226105271910e-05 1.882757534565e-01
5.859881623924e-01 1.989314335453e-04 -3.722399165551e-01
-1.306424882276e-01 -5.229719158341e-05 1.181970118433e-01
-2.227683198598e-01 -4.451581208765e-04 1.208434261769e-01
-9.457095922035e-02 2.416765341953e-04 9.212545350920e-02
1.265167416361e-01 1.180017017893e-04 5.402590113748e-02
1.495728101406e-01 -2.962364514435e-04 -7.087126672596e-02
-3.324346593490e-02 -2.278323652928e-04 -3.785469740857e-02
-5.204282148663e-02 4.667741707973e-04 -5.434004437981e-02
3.666671036866e-02 -1.839749921628e-04 2.720295918788e-03
-1.684698127363e-03 8.884424749180e-06 -1.244992664688e-03
-9.601759447265e-04 -1.198617253208e-06 6.713405616513e-04
-4.785871409476e-02 6.169550561709e-04 2.356430793631e-01
3.114864265247e-02 -4.436927717830e-04 2.957231045583e-02
3.200888860217e-02 3.874937836202e-04 -7.671766275182e-02
-4.890339672164e-02 5.053578937172e-04 -2.303024614347e-02
-3.191610420603e-02 -5.664429777875e-04 2.381508447516e-04
Mode 33
-2.931375184242e-05 -7.374703032498e-05 -3.129741434941e-04
3.166070609848e-04 -1.837012509213e-04 9.569608828515e-04
-3.254732737637e-04 8.516615052430e-04 1.593431875136e-04
-2.059637691022e-05 -9.712883775034e-03 -3.160402433322e-04
2.138236267571e-04 7.677878148421e-03 -1.680832087014e-04
-1.129359265454e-04 -1.477025447985e-02 8.349303920869e-05
-2.516450169399e-05 1.434954885722e-03 -1.054744155708e-04
9.827310760009e-05 7.838928360024e-02 -2.592483131676e-05
-3.538001792797e-05 -1.156281580647e-01 -5.603059192106e-05
4.117779817203e-05 1.913873505031e-01 -1.643124942530e-05
-5.892849845759e-05 9.280525495298e-02 1.516473001511e-04
-3.005286327989e-04 -3.824996530113e-01 -4.857471995030e-05
2.624961140245e-04 2.769287404071e-01 1.837048293621e-04
-2.906494394212e-05 -2.170109175789e-02 -8.023697706478e-05
-2.071471838632e-06 3.646010796274e-03 6.635599589333e-06
2.734732276424e-06 1.094273640851e-06 2.397270573077e-06
-9.962959367762e-07 -8.085359280252e-02 -9.414863904858e-05
-5.266167730671e-05 -3.221697447371e-01 -5.007358772899e-04
-1.722368802367e-04 -1.610477887703e-01 -4.154238443011e-05
5.652187914001e-04 6.113059364973e-01 5.209161857246e-04
-2.469760020485e-04 -4.488034046368e-01 -4.170775132803e-04
Mode 34
-3.429173493614e-02 -2.504288009227e-05 -2.466998289649e-01
3.239161651452e-01 1.403475407244e-05 7.702431837112e-01
-2.304083358315e-01 -2.835021623223e-05 1.408163767770e-02
-1.156464614365e-01 1.837168984412e-05 -1.554024903654e-01
2.935318465117e-02 -1.600406008361e-08 -5.293104073071e-02
2.768768266406e-01 5.658606346178e-05 -1.659924708768e-01
-1.083797718535e-01 -4.158568845037e-06 -3.833578633664e-02
-8.379644637828e-02 -8.425955397468e-05 1.462957240326e-02
-4.188803117041e-02 1.566031677772e-04 3.299437769195e-02
5.046486215081e-02 -1.442576086898e-04 2.664109972186e-02
4.635374170054e-02 -2.490487607454e-04 -1.612825995696e-02
-1.213634929715e-02 4.316546953070e-04 -1.860837316485e-02
-1.220501095100e-02 -2.288343167900e-04 -1.163576883096e-02
1.445831956715e-02 -1.078033930008e-05 3.334784986778e-03
-8.783697590979e-04 -2.794794959862e-06 -1.915425626510e-04
2.147391584427e-03 4.519371112767e-06 2.790967153641e-03
-1.544518128292e-02 6.603621491270e-05 9.518386416879e-02
2.102955778293e-02 1.518122580842e-04 2.858074346539e-03
9.674815746496e-03 3.661705644508e-04 -2.411965584408e-02
-1.921368681219e-02 -6.227016359053e-04 -1.012914963022e-02
-1.315058558258e-02 4.082311316549e-04 6.132007324122e-03
Mode 35
-1.298430380322e-03 -1.043576617225e-06 -1.446347348020e-03
1.390488689772e-02 1.608408005033e-06 7.345923473792e-03
-5.661959716346e-03 1.479909698794e-06 -1.038919053889e-02
-9.697002412893e-04 -2.796082317670e-05 8.340878071426e-03
-1.590921672313e-02 2.042197182535e-05 2.747541414661e-02
3.256107128903e-02 -2.419512902199e-05 -7.158833041096e-02
-6.252092636502e-03 1.412379224136e-08 1.401578605186e-02
6.500705862660e-03 1.914233478986e-04 -1.134653591140e-02
4.448185004816e-02 -3.153926173977e-04 8.655966357851e-02
-3.981908844642e-01 1.099920574118e-03 -3.498224716282e-01
9.474264102608e-02 -5.977570864608e-04 6.609376803549e-03
-8.805228687507e-02 3.053299288321e-05 4.243245199795e-01
-1.143610508208e-01 6.045458191271e-05 -1.025087736125e-01
6.414995324664e-01 -3.689647921312e-04 -7.834973648065e-02
-5.998112850184e-02 2.763891974973e-05 8.664085746203e-03
7.120858254842e-05 -3.980847165105e-08 2.170787126653e-04
-4.354353184003e-04 -1.883263168241e-04 -5.333783338002e-02
-1.198432691879e-01 -6.996245602454e-04 -1.113377212485e-01
3.800508651533e-02 7.242461007476e-04 6.506862929317e-02
1.025649534626e-02 -5.222161906390e-04 1.372958813296e-01
-7.213933248704e-02 1.894354538318e-04 1.863337829026e-02
Mode 36
-1.716210262469e-05 -6.038108155351e-05 -3.726601206269e-05
9.823201083588e-05 -8.354145869483e-05 1.852835298291e-04
-5.171252163717e-05 1.877971444988e-03 -1.637502274491e-04
-3.597981749585e-05 1.016669374067e-02 2.112466009639e-04
-6.375937069648e-05 -1.350154481820e-02 -4.288257682124e-06
9.740946520232e-05 6.497112450771e-03 -1.587195614720e-04
-3.715306659307e-05 -4.453358590777e-05 2.647638911394e-06
6.055931908231e-05 -6.374757390553e-02 -1.365637321992e-04
-6.325871205552e-05 1.018550493516e-01 7.572915977609e-05
-9.685758479573e-04 -3.785012468026e-01 -1.732640346773e-04
1.421944935270e-03 3.228039711719e-01 1.853985497017e-04
-3.943961776112e-04 -1.243886119495e-01 -3.440630251717e-04
-7.393838290078e-04 2.769199367162e-02 -1.581693415663e-04
1.567037876613e-03 6.578727667968e-03 4.452167760468e-06
-1.183712602862e-04 2.425963077481e-04 2.851002233069e-06
9.990610657107e-07 -2.272371790507e-05 1.203293887634e-06
3.367988562422e-05 4.858943690467e-02 -6.289964655315e-05
-5.723294938519e-04 6.607937871710e-01 1.374192914548e-03
1.140383630145e-05 -4.919491952049e-01 -3.146572659273e-05
-3.348415712675e-04 1.943390711808e-01 -5.890082070241e-05
-9.527648850855e-04 -5.177706171555e-02 6.245764529519e-04
Mode 37
2.109700692031e-03 1.424625116371e-06 -5.203010050576e-04
-1.735519527378e-02 -2.705126231023e-06 5.607124271333e-03
6.624469345611e-03 -5.480889658145e-06 2.855204597839e-02
7.698492564724e-03 -1.708920649545e-05 -7.416293762389e-03
2.728497657896e-02 3.937454765697e-05 -3.088671523494e-02
-8.159563510016e-02 1.969050312347e-05 7.626861268995e-03
1.358359846412e-02 -1.775569369028e-06 -9.557132713362e-04
7.612386875235e-02 1.315975279087e-04 -7.142215209464e-02
-3.339682132566e-02 -2.338339685944e-04 2.598841883386e-02
-7.711435370562e-02 8.459802088428e-04 1.780302766420e-01
4.411573404264e-01 -1.085670851396e-03 6.920090458012e-02
1.108064827268e-02 4.418204059183e-04 -3.584314959246e-01
-3.633245070136e-01 3.177688997065e-04 -6.899176918630e-02
1.024433696844e-01 -1.471614947235e-04 8.846901780654e-02
-1.600520893862e-04 6.786038833533e-06 -9.453618610150e-03
3.281216642746e-05 -2.249591700326e-09 -1.628641307279e-04
2.002058802953e-02 -8.175490460568e-05 -5.433168051263e-02
-1.872831418740e-01 -1.734956635948e-03 2.231965664332e-01
2.093425265722e-01 6.060428622488e-04 2.891841430275e-01
-1.101910991040e-01 -6.186934572303e-05 -1.458799724383e-01
-3.794785642899e-01 1.450290377473e-04 2.518976889435e-01
Mode 38
1.783071944515e-02 3.368316964969e-06 -3.536099967437e-03
-8.168912472530e-02 -4.479851058999e-06 -5.603281250111e-02
1.236725341806e-01 4.697892542746e-06 2.996860089040e-01
-2.152969754603e-01 -1.238638647591e-05 -3.150337113085e-01
4.677708807881e-02 -1.161145446302e-05 2.754524003211e-02
5.393284492261e-02 2.400690866451e-05 -1.328761277596e-01
-1.779942312329e-03 -6.149981891209e-06 3.274145260206e-02
1.418360479366e-02 3.870662064609e-05 6.957539337806e-03
1.184197659966e-01 -1.747458811841e-04 2.394713951100e-01
-1.102675057053e-02 -2.325152469103e-04 -2.080882604844e-01
-7.270899009490e-03 1.989032201849e-04 4.471395979895e-02
1.770158433843e-01 -1.784083212699e-04 -3.849325032308e-03
-2.447232223189e-01 3.084929348868e-04 -1.457212479942e-01
-2.507176005092e-01 6.565022594051e-05 2.009254081547e-01
2.287361855300e-02 -3.532895450568e-06 -1.218983476537e-02
-9.618999624997e-04 -5.853268193994e-07 -9.355430054819e-04
5.427793013034e-03 -8.722908614465e-05 -6.839952884194e-05
1.885396716096e-01 8.543729458402e-04 -2.611400400416e-01
4.621677031741e-02 -4.983485057566e-04 2.054067707685e-01
4.625091438170e-01 -3.864001170501e-04 1.002198373728e-01
-8.637624186002e-02 8.681937307822e-05 -3.966400486550e-02
Mode 39
2.707093030782e-02 6.413649022077e-06 -1.622962910711e-03
-1.416223642735e-01 -7.375263626065e-06 -8.686412930457e-02
1.819826990765e-01 -2.449773929877e-06 4.379480153685e-01
-3.484984726639e-01 3.393661491303e-07 -4.987144908975e-01
1.094690363693e-01 1.488736228902e-05 6.461826635467e-03
3.168290466889e-02 3.808016191268e-05 2.928586284288e-03
1.402799201053e-02 -2.713637630574e-06 2.063967345013e-02
9.956519932015e-02 -5.015877902523e-05 5.142543530239e-02
-1.028740145577e-01 5.283989593010e-05 3.807225131163e-02
-2.380666771042e-03 -3.189766198736e-05 1.383378580655e-01
5.730991756441e-02 -7.391508279137e-05 -3.129065479095e-02
-1.396986525304e-01 1.259521130189e-04 1.207938088953e-02
1.431931288403e-01 -1.212837085429e-04 3.248770968828e-04
1.376035826561e-01 -2.216284505770e-05 -1.243463160276e-01
-1.442956490574e-02 3.553743229981e-06 6.551012021127e-03
-1.354179666633e-03 -7.446036755765e-07 -1.675418114070e-03
3.638329526597e-02 -8.102849085533e-05 9.718058994779e-02
-4.321727603477e-02 -1.495977536414e-04 8.873715313536e-02
3.363097620174e-04 1.173649343899e-04 -7.847344130997e-02
-4.186200491594e-01 3.735054272432e-04 -9.130176462805e-02
1.427039785675e-01 -4.318351901641e-05 -9.742429235161e-02
Mode 40
-6.218066577470e-03 -1.887623402590e-06 2.830659246863e-04
3.763143037271e-02 2.529722473396e-06 1.666906741985e-02
-4.391005447597e-02 3.539062119476e-06 -9.857228300018e-02
8.929292991672e-02 -6.929278620415e-06 1.189915496298e-01
-3.877393829566e-02 -1.637268870475e-05 8.960026586539e-03
4.705474220837e-03 -1.969285559065e-05 -4.460047809987e-02
-5.934881067290e-03 -5.639576195627e-07 2.764742449449e-03
-2.449734992975e-02 3.941977188669e-05 -2.514781053505e-02
1.308867406886e-01 -1.556154927350e-04 1.144448397441e-01
2.835856691456e-02 -1.508977167914e-04 -1.003476686702e-01
2.102906940820e-03 -2.290389204144e-05 1.450188865945e-01
-1.135442738379e-01 1.309635924918e-04 -2.759217431504e-02
-8.914512635171e-03 8.322422176356e-05 -1.042645320215e-01
-9.080123985124e-02 5.113718315096e-05 3.714455143153e-02
5.340720407389e-03 -1.215685389394e-06 -7.652522662523e-04
2.870959511667e-04 1.146039744076e-07 4.500755113230e-04
-1.176585754233e-02 -7.876987481764e-06 -6.959585831252e-02
2.032913113400e-01 4.556870540236e-04 -2.317807246165e-01
1.433163821202e-01 -6.439317457563e-04 5.941812641095e-01
-4.565404241148e-01 4.448849022051e-04 -1.167201588242e-01
2.664721510151e-01 -5.499244621118e-06 -3.107095679217e-01
Mode 41
-2.950730218687e-03 -6.345459034110e-07 -2.551313030670e-03
1.579027383120e-02 -1.298225057264e-06 3.092556814253e-02
-1.421437092358e-02 1.736692402617e-06 -3.754660240828e-02
6.953554091373e-02 -1.355175449318e-05 9.477943794561e-02
-7.810442725276e-03 9.907836500594e-06 -2.009735566727e-02
-7.928864295818e-02 6.977486210377e-05 -1.813565295975e-01
-2.789242582127e-05 -8.574445195809e-06 1.910035260900e-02
1.250341834233e-01 7.924838519649e-05 -1.484228669373e-01
6.845497027258e-02 -4.143396676333e-04 5.122575757350e-01
-1.958271546312e-01 1.096990482035e-04 1.641849273714e-01
1.252352069903e-01 -1.063647183852e-05 -1.723412553510e-01
3.449503675850e-02 -1.358673676678e-06 -4.826366472598e-02
-1.060813401318e-01 2.043591978191e-04 -1.676390140631e-01
-7.457242725590e-02 -8.183084599556e-05 1.850402166226e-01
9.910703763216e-03 1.076164807347e-07 -3.353288498087e-03
2.521198777502e-04 3.574658569915e-08 3.269349432633e-04
2.269870229899e-02 -4.682966682423e-07 -2.512657528253e-01
-1.896074869821e-01 -1.413005004324e-04 1.865816793796e-01
-3.153351152961e-02 2.957316119048e-04 -3.300373820504e-01
3.757845096240e-03 1.490696310760e-06 -2.053775565166e-02
2.637707212549e-01 5.582960105111e-05 -3.616151387950e-01
Mode 42
-1.601870993165e-03 -1.055821262735e-06 9.021554352970e-04
2.637069478912e-02 5.632805919015e-06 -4.011151127199e-03
-3.489651010591e-02 -1.737255852645e-06 -2.345490036706e-02
7.357994103322e-02 -1.180464999132e-05 6.234842595991e-02
-1.741942439082e-02 -1.730372358064e-05 -1.574228165491e-03
-1.091791711734e-01 9.340100883497e-06 -8.762798435030e-02
6.672772351124e-03 -3.365917779058e-06 1.185818022653e-02
1.705201126984e-01 2.383333649635e-05 -1.430726889642e-01
-2.968252059901e-01 1.908373188118e-05 3.585258097853e-01
-2.086553901228e-02 -1.997506096157e-04 1.404102576254e-01
9.506717686694e-02 -3.405078148945e-05 1.854168526870e-03
1.119738759365e-01 -1.540680215519e-04 9.828740393836e-02
5.865579961511e-02 -3.435730176943e-05 -2.351980588950e-02
-6.762830629771e-02 2.641355487117e-04 -2.890793181658e-01
3.573961759321e-03 -7.570648420078e-06 5.722116321145e-03
1.059818945924e-04 -2.986038479908e-08 2.731289274427e-04
4.818266633418e-02 -3.197552176750e-05 -8.042348175998e-02
4.228824224655e-01 3.108843630017e-04 -3.901807616419e-01
-2.111116112801e-02 8.498531940464e-05 -1.962431520235e-01
-2.050531737548e-01 1.835717188376e-04 -3.084938684989e-02
-2.508824851693e-01 6.748166956123e-06 2.713031274932e-01
Mode 43
4.519322138035e-04 1.196069670625e-07 -1.862434247332e-03
-7.870799357983e-03 -8.894693988540e-07 -2.152643822399e-03
1.997025028450e-02 1.854065979084e-06 1.024531809241e-02
-5.012561517992e-02 -3.454745533527e-06 -3.969204649702e-02
-9.729112376509e-03 4.938126226550e-06 1.611737641702e-02
1.764287695571e-01 -2.836746105328e-05 4.599732147434e-02
-1.341405091766e-02 -8.228350293151e-07 6.718356723756e-04
-1.414909341482e-01 -7.116227316562e-06 1.063088966524e-01
4.951968795816e-01 -4.422871245876e-04 4.784874679481e-02
-2.302016180353e-01 7.831835398444e-05 1.670351379787e-01
-1.161810721498e-01 2.956535272470e-04 -2.567938421840e-01
2.826543347613e-01 -3.164361147760e-04 9.487423096617e-02
-1.559946319415e-01 -8.288062325728e-05 2.702912844790e-01
-1.730089343796e-01 4.583464041260e-04 -4.580021222195e-01
5.983071938118e-03 -5.972079284406e-06 1.046836527170e-03
-1.414757572694e-04 5.645371141456e-08 -1.207762417301e-04
-6.281861929880e-02 1.068050062965e-04 -2.291050141355e-01
-6.426095826130e-02 4.322567304591e-05 4.545164505021e-02
7.925442375036e-03 -8.673591439334e-05 9.547527324037e-02
-1.158611870579e-01 1.201707098616e-04 -2.046427773425e-02
-5.262587169453e-02 1.544270789098e-05 8.917375186366e-02
Mode 44
8.950800676623e-04 -2.372983915293e-07 -9.001414700252e-04
-6.303070156674e-03 3.297900404700e-06 -1.955307920547e-02
1.250167998016e-02 4.020220803406e-06 1.219627399193e-02
-6.936445117113e-02 -9.517835400593e-06 -7.089998353187e-02
-2.178553862187e-02 3.736116448637e-06 2.937312446893e-02
3.239349494272e-01 -9.253634245004e-05 2.030929825788e-01
-1.323779423768e-02 -5.164671315699e-07 3.594346852362e-03
-1.269372618341e-01 -7.411690132382e-06 7.071640346586e-02
-1.049360650501e-01 6.021234112374e-05 -3.511260964965e-02
7.289341140826e-02 3.916119618766e-05 -1.472720485407e-01
2.273481497683e-02 -1.825231143948e-04 2.290040775696e-01
-1.029142430362e-01 1.075333601179e-04 -2.366205010616e-02
1.700360626516e-01 -1.487620060465e-05 -1.605487698328e-01
-6.693524711746e-02 -2.518699164286e-05 1.131375068083e-01
6.988684622838e-03 -5.712976735005e-06 5.291900010817e-03
-2.489245026226e-04 7.665492312415e-08 -2.065893433469e-04
-1.062790827918e-01 2.865804157055e-04 -7.728763708097e-01
-3.390468037842e-02 9.328391442224e-06 1.029617822115e-02
-3.806758684125e-02 1.060667921513e-04 -9.792035249204e-02
-5.864266986907e-02 5.600437080059e-05 -1.364824042511e-02
-9.895209049597e-02 -1.367200298407e-05 1.042420958602e-01
Mode 45
3.536495004704e-04 -2.139464819011e-07 2.126519658530e-04
3.780708742054e-05 3.208055499125e-06 -9.751490106244e-03
-1.473707296739e-03 4.816734601568e-08 5.622117017811e-04
-2.287295945350e-02 -6.246310396557e-06 -4.484525582033e-03
4.921236242280e-03 1.111426095098e-06 -5.285365365688e-03
7.382104331498e-02 -3.452978883262e-05 9.841298423550e-02
-1.130638203957e-03 -2.595049210589e-07 2.880186905899e-03
4.314267787233e-02 -4.828108082711e-06 -8.215022417963e-02
-3.800249701312e-01 2.500587948147e-04 8.315934743144e-02
1.641927553858e-01 -2.498367952098e-04 1.722714035969e-01
5.517483335718e-02 1.870529047047e-04 -3.432741931665e-01
-2.673434672606e-01 2.539788879382e-04 -4.039911497422e-02
-6.582349568068e-02 -1.892821182639e-04 3.213688579906e-01
1.743823877451e-01 3.466656089235e-05 -2.329166516903e-01
-2.789442890715e-03 -3.373196134544e-06 6.203763319853e-03
-6.774676183075e-05 3.180575821107e-08 -6.193697766751e-05
-7.101978987681e-03 7.012597997244e-05 -2.383263130272e-01
9.104891097424e-02 -1.147432748506e-04 2.713115515482e-02
1.300817379916e-01 -3.230982567223e-04 3.015726156105e-01
3.749032825580e-01 -3.828183744372e-04 1.057687369542e-01
2.044358762708e-01 -6.479150996806e-05 -1.183294201784e-01
Mode 46
1.102608997466e-04 -3.535347566670e-07 1.284051308735e-03
3.840460327337e-02 9.890924339577e-06 -3.929281798635e-02
-4.306470061923e-02 -6.661454416775e-06 2.370286068694e-02
7.543333715099e-03 1.289229927065e-06 -4.405637875746e-02
-2.836101766584e-02 -1.050991751969e-05 2.235288940078e-02
9.687461384740e-02 -7.744281285419e-05 1.470433688998e-01
-1.128774650436e-03 3.243817980533e-06 -3.941479253619e-03
-6.756939981606e-02 3.562838630758e-06 -6.354305754307e-04
-4.129676769976e-02 2.588468559920e-04 -3.684692721612e-01
-2.452783202204e-01 1.632058962957e-05 2.179330131427e-01
1.257372933788e-01 -1.969969011407e-04 1.512493579259e-01
2.003000786602e-01 -2.689105813109e-05 -1.837450402764e-01
-3.551726936462e-01 1.287867960278e-04 2.009551748702e-01
2.175194007905e-01 -2.669364325206e-04 1.677602217673e-01
-4.253581437233e-03 7.092363373937e-06 -5.880137203716e-03
-1.675430628903e-04 -1.128467432894e-07 5.727680940121e-05
-2.706509699342e-02 4.079630257725e-05 -6.534938205937e-02
2.873317881627e-01 1.687660703064e-04 -3.092624634414e-01
-3.705385084602e-02 1.919498900604e-04 -2.655493825682e-01
-8.435292349248e-03 6.450039452952e-05 -8.462682817056e-02
1.836005454409e-01 3.933390946097e-05 -2.447303362488e-01
Mode 47
-2.118307818305e-03 -2.116568879884e-06 1.070186385116e-02
5.804900218148e-01 1.179816329001e-04 -4.088099269145e-01
-5.489616488334e-01 -1.014983338709e-04 3.790255110032e-01
1.363281757696e-01 1.078562908735e-05 -7.120001326890e-02
-8.129288769678e-02 -1.553611255858e-06 1.350745699710e-02
2.213114940870e-02 -1.866177103249e-05 2.893470847636e-02
-1.164559892627e-02 -5.249087940713e-07 1.053595054453e-02
-3.001063266449e-02 2.644868841024e-05 -4.499303440057e-02
4.809727798029e-02 -5.453608302342e-05 3.501649576023e-02
-3.664252918419e-03 -3.007349746522e-06 -2.090727879152e-03
1.368346145671e-02 -1.233833524319e-05 7.154030499672e-04
-5.941782646294e-02 5.392762457863e-05 -3.711547819219e-03
4.545752248447e-02 -2.776365866014e-05 -1.174607293373e-02
-2.730881963035e-02 3.634779244647e-05 -2.153245496745e-02
-5.882428544116e-04 -2.730174102223e-07 7.886398847358e-04
-1.640402584432e-03 -1.837361297707e-06 1.945360836839e-03
-4.161336513508e-03 -1.679639623490e-05 3.300983386689e-02
-4.431813534460e-02 4.419905696506e-05 3.250261621123e-02
6.902741813222e-03 -1.389059871007e-05 9.702009146540e-03
1.943256747486e-02 -2.257589877667e-05 9.306711959869e-03
-6.494618766855e-03 -9.196477207034e-06 1.835354014887e-02
Mode 48
-2.959304362041e-04 7.260444621054e-08 -1.386324417693e-03
-3.663958768787e-02 -1.002329300166e-05 3.977556937748e-02
3.396257406751e-02 6.616851678270e-06 -2.106555367893e-02
5.541279319250e-02 -1.313982145135e-07 -2.494430306455e-02
-3.817949976834e-02 -4.327142698021e-06 2.735013511779e-02
-8.408506904928e-02 5.848542894434e-05 -1.694355803075e-01
1.830144815368e-03 -7.755042483300e-07 3.347683600372e-04
3.167944806531e-02 -7.583251237802e-05 2.070001716495e-01
3.219070058870e-01 -2.572868445993e-04 -2.316974969752e-02
-2.694452909778e-01 1.494718366914e-04 8.293169739909e-02
3.074679120389e-01 -4.312178022561e-04 2.410553933139e-01
-5.538850588245e-01 6.203345089627e-04 -1.997842924071e-01
2.411775647635e-01 -2.498873204154e-04 7.784470815385e-02
-1.242102122927e-01 2.332335662332e-04 -2.011498272074e-01
-3.980620388804e-03 -4.600394075562e-07 3.653880371066e-03
1.849707558149e-04 6.864473901298e-08 -1.707689836878e-05
9.106979787614e-03 6.910789932826e-06 1.382547207313e-02
7.348034890529e-02 1.464203439766e-04 -1.466510813262e-01
5.407332951806e-02 2.729311596223e-05 -1.165489453950e-01
2.359965259491e-01 -2.243986116300e-04 3.912940339626e-02
5.855430652643e-02 -8.475817232840e-05 4.969177968587e-02
Mode 49
8.288631278899e-04 -6.898176099146e-08 8.429574315624e-04
-3.078130309399e-02 -1.803046622437e-06 -9.114782309857e-03
2.634757294412e-02 7.094678797336e-06 -3.389726866756e-02
-1.127267325833e-01 7.348649847706e-07 5.867393354059e-02
7.528550339737e-02 -9.878236802316e-07 -4.587955366921e-02
1.709964618141e-01 -1.348910535352e-04 3.515368120427e-01
-3.181159184413e-03 1.544574416489e-06 -1.501985662883e-03
-1.470363083980e-01 2.289797786950e-04 -4.915997417529e-01
6.097109929756e-02 -2.048896540606e-04 2.970112859512e-01
7.157659862495e-02 1.249527935960e-04 -2.910412022162e-01
5.499294580627e-02 -3.062105115708e-04 3.657356699030e-01
-4.606385782497e-02 1.606541165190e-04 -1.649725798589e-01
-9.894863246525e-02 -7.920882208115e-05 2.148744725912e-01
-1.661384233259e-02 2.024926102953e-04 -2.580222581683e-01
1.176470505423e-04 -3.627447209212e-06 3.276371598207e-03
-7.539211631789e-05 2.437159619713e-07 -3.131366906990e-04
-1.831172393015e-02 -1.187100600842e-04 2.126702217885e-01
-1.029365091995e-01 2.849957778198e-05 3.587548934355e-02
-4.716698010940e-02 1.378936578499e-04 -1.278117640773e-01
3.003280101917e-02 7.980880947882e-06 -4.427649921063e-02
7.660503240259e-02 -2.608524748353e-05 -4.041025522244e-02
Mode 50
6.035882971855e-04 2.165681233646e-08 3.531374631745e-04
-3.697869143795e-02 -4.070727027668e-06 -3.507898617805e-04
2.821203685714e-02 7.152888851214e-06 -3.555440078814e-02
-7.693562891740e-02 3.040616780539e-06 1.672040939500e-02
3.668591958617e-02 -5.835258429183e-06 -2.241884368565e-02
1.858984229164e-01 -1.512867155233e-04 3.620143853748e-01
-1.949067856673e-03 2.866551324457e-06 -5.184415230953e-03
-1.611703760491e-01 1.975666494408e-04 -4.175625546927e-01
1.526301023602e-01 -6.316856895872e-05 -6.407102771586e-02
-2.424429599702e-01 -2.096060156437e-05 3.143754877676e-01
6.389244610213e-02 1.687288405705e-04 -3.183036386188e-01
-1.643138317366e-01 4.205530358803e-05 1.318840185000e-01
2.478618413082e-01 8.661712863364e-06 -2.850351899846e-01
-6.041688743802e-02 -1.310286924061e-04 2.547387688968e-01
-3.511362296927e-03 3.088916136271e-06 -1.560582750610e-04
-2.800683529587e-05 2.420295654369e-07 -3.247924646109e-04
-2.931664225012e-02 -6.041795891833e-05 1.488206337649e-01
1.210248520534e-01 3.045156979826e-05 -9.557750458498e-02
6.832958912509e-02 -1.166392363585e-04 7.525633367057e-02
3.244386952344e-02 -7.659822754368e-05 6.672272390593e-02
-8.737666004914e-02 1.866330706762e-06 7.904228920763e-02
Mode 51
4.244331194041e-05 -3.306121410311e-07 -5.646759118322e-03
-1.276848152555e-01 -2.302161539846e-05 1.076820694430e-01
5.694361390217e-02 1.585263637768e-05 -5.615485576991e-02
5.841984383581e-01 -2.067975057500e-05 -5.081284062537e-01
-4.433898899471e-01 1.387359837661e-05 3.641864568783e-01
1.762993954539e-02 -2.898452318992e-05 1.094422012095e-01
-1.884910039554e-03 -3.022667145099e-07 8.348535348331e-03
-1.746637356160e-02 5.049813518778e-05 -1.213512761995e-01
-8.516861966524e-03 -1.475437370206e-05 4.608219310254e-02
3.038254949129e-02 -2.586159335554e-05 -1.544795785458e-02
-1.463510705725e-02 1.544100433341e-05 -4.580983338410e-03
1.603311043446e-02 -1.418846360286e-05 3.264765268751e-03
-9.678259624724e-03 3.410670543217e-06 5.447900468843e-03
-2.663522943902e-03 1.094286584190e-05 -1.055538231303e-02
3.562817951335e-05 -3.926108905509e-07 3.136348416016e-04
4.250063405101e-04 4.095479169812e-07 -3.976322609458e-04
5.289224259679e-04 -2.842589607981e-05 4.540163141274e-02
-4.534400809206e-02 7.466681018624e-05 3.544749804623e-02
-3.145075862206e-03 -5.167241088491e-06 6.450280720370e-03
-6.333988698709e-03 7.441896970546e-06 -1.236615111282e-03
-9.732567744372e-04 1.298959970184e-06 -6.844310843760e-04
Mode 52
8.883071908978e-05 8.499859343407e-08 2.635176672337e-04
-1.300878119130e-03 -3.851258505658e-07 -4.912245534420e-04
8.432496967125e-04 1.772383644702e-08 -8.709315395615e-05
2.271031661881e-04 7.243157007938e-07 1.037733848099e-03
3.299692447788e-04 -2.171609861713e-07 -9.480520415779e-05
4.519482338926e-03 -3.874758161093e-06 8.590232219678e-03
6.551704900018e-04 -2.432644957376e-08 -4.467324458683e-04
-2.799377975795e-01 6.301534296042e-05 2.061272248094e-02
-2.014012228136e-03 2.903709785791e-06 -2.362643927710e-03
3.458925647256e-03 -4.966269108297e-06 1.305459161793e-03
-1.700046046169e-04 4.174096179883e-07 -4.502336763151e-04
1.957749627131e-04 -2.504725534386e-07 1.886964939765e-04
1.555568967619e-03 -3.077139567914e-06 2.035783110421e-03
-1.132695307221e-03 4.119147962851e-07 2.732953778953e-05
-5.373107232449e-04 2.442215087103e-06 -1.365340042491e-03
8.133270355012e-06 5.638660285168e-09 -1.093886143394e-05
9.563757673967e-01 -2.304671332118e-04 -7.914134948399e-02
-7.252652287684e-03 1.174870544574e-05 -6.911821400056e-03
-1.420057459849e-04 3.980688022953e-08 3.062026173550e-04
1.810661297201e-05 1.306899051730e-07 -1.146569535249e-04
-5.469308221099e-03 7.808990740382e-06 -5.392158597242e-03
Mode 53
1.447767539501e-05 -1.154629119018e-08 1.809002808992e-05
-3.605834337737e-04 1.200378125029e-08 2.545680039584e-06
2.563856347654e-04 1.130427321792e-07 -3.280224095883e-04
-1.087030350138e-03 -1.267078750182e-07 5.554345054973e-04
8.924071941502e-04 -6.994860715976e-08 9.702834717899e-05
2.503680801000e-04 -3.320845412413e-07 -1.439896141352e-05
5.336316676068e-05 -1.867855950181e-09 1.063698314965e-04
7.966438259673e-04 2.496353427629e-08 -1.353429770686e-04
-3.330829513776e-04 3.344843047086e-07 1.035146602458e-04
1.767696316298e-02 -2.133626993769e-05 1.126729995094e-02
-1.519112401832e-01 9.782222585986e-05 4.656867752258e-02
5.880890743030e-02 1.077791700207e-04 -2.170642361273e-01
3.954707819945e-02 -6.663641549666e-05 4.862774367719e-02
1.426898998854e-03 -7.090086885150e-08 -1.213088885997e-03
-4.810428457681e-05 1.352500450193e-07 -5.258301678374e-05
2.987869024699e-07 9.547151142197e-10 -5.647642930323e-07
-2.349814483813e-03 6.031793466455e-07 3.583599208354e-04
-5.683242755802e-02 8.051546031877e-05 -5.412010159794e-02
5.222857669009e-01 -3.543010969118e-04 -1.381697846339e-01
-1.882128857593e-01 -3.680791352187e-04 7.327994439620e-01
-1.579515167962e-01 2.346373827822e-04 -1.561983525791e-01
Mode 54
-1.617449990186e-05 2.795116303696e-09 -2.786911483424e-05
2.767048713522e-04 4.933812712537e-09 3.615879728139e-05
-2.020189672435e-04 -8.417814928424e-08 1.781558226948e-04
8.249385899167e-04 8.695200188731e-08 -2.872079276290e-04
-8.075298321738e-04 -6.462578893280e-09 -5.105834516631e-04
-4.001851603409e-04 4.534974791459e-07 -1.815830300626e-04
-6.069272891682e-05 -7.475178223723e-09 -5.650952990659e-05
7.107681139809e-04 -5.487814980586e-07 3.104965298835e-04
-1.044400011347e-03 4.337378304340e-07 -1.154983032651e-04
-2.195696340837e-02 2.322282872784e-05 -8.602828511021e-03
2.307768851917e-01 -1.610002865903e-04 -5.343461749743e-02
2.347098670648e-02 8.371176706896e-05 -1.426266123972e-01
6.302289659702e-02 -1.012305176341e-04 7.102902203056e-02
1.501358656258e-03 1.211749142258e-06 -2.864293087214e-03
-1.211187998102e-04 2.245903752927e-07 -1.526317732520e-05
1.514626752916e-07 -3.890848131810e-10 1.474332822305e-06
-1.705506682465e-03 2.300599750533e-07 -4.450788127995e-05
6.460983097087e-02 -8.939142852961e-05 5.966688311822e-02
-7.426912536335e-01 5.059029901991e-04 1.918795797732e-01
-1.104944708644e-01 -2.291077088128e-04 4.484687124963e-01
-2.297136457726e-01 3.409529636824e-04 -2.261826777540e-01
Mode 55
1.349371917659e-05 -1.562505124524e-09 2.538989884509e-05
-2.031361083130e-04 4.339953432108e-09 -3.689502023642e-05
1.328255195330e-04 4.872650369678e-08 -1.249653242298e-04
-6.579730132257e-04 -1.045692538332e-07 2.179432655219e-04
5.455247191279e-04 -1.469801833403e-08 1.759827843728e-04
1.575088376205e-04 -2.671592430711e-07 6.001268342441e-05
4.128868311413e-05 7.885436341221e-09 7.017998292376e-05
2.402105850444e-03 -4.013343583261e-07 -5.166734502572e-04
-1.948957456792e-03 1.978623236204e-06 -5.838705566022e-04
1.235180609630e-02 -1.576724202670e-05 8.610365499213e-03
-4.608602571000e-02 3.591662908488e-05 5.103402474955e-03
-3.690583774753e-02 -4.791490322534e-05 1.105470996731e-01
1.946286264599e-01 -2.869868156698e-04 1.850724642086e-01
5.656685881037e-03 4.761873349856e-06 -1.199519991500e-02
-4.646815278785e-04 5.606771628725e-07 8.756493918342e-05
1.674775803242e-07 -4.529786923832e-11 -1.046905067935e-06
-7.598156432511e-03 2.059673004930e-06 6.540476513620e-04
-3.923380801861e-02 5.478967805507e-05 -3.724647584008e-02
1.365115086808e-01 -9.414945759417e-05 -3.356174553137e-02
9.085504064938e-02 1.740082511521e-04 -3.477506952420e-01
-6.258951052799e-01 9.236588331931e-04 -6.066662344571e-01
Mode 56
-7.788232436288e-05 1.252666107992e-07 8.237798953870e-05
2.722565770556e-03 -1.352093283740e-07 -6.318314755924e-04
-2.442830534500e-03 -1.192998675928e-06 3.685930420100e-03
9.381968154685e-03 1.288673009476e-06 -6.146837661628e-03
-8.431061811774e-03 1.505378483628e-06 -1.747782699324e-03
-2.317967510328e-03 3.721006425435e-06 -5.223980996960e-04
-4.740232151220e-04 -1.828156534678e-09 -4.116092222281e-04
-3.747050908705e-03 -7.351520189476e-07 1.915363608960e-03
1.102050864325e-02 -1.219449984482e-05 -2.525490826677e-03
-2.061823382314e-01 3.043424016599e-04 -2.044761750226e-01
-3.503565489557e-02 1.325926590280e-05 2.393092436637e-02
5.973110266219e-04 -3.333209843585e-06 3.186385332546e-03
9.466351969613e-03 -1.319488445031e-05 8.206457079277e-03
1.790120466606e-03 -2.505511205024e-06 8.207345552976e-04
2.249855041438e-04 -6.531764957885e-08 -8.566940461733e-07
7.362069677740e-07 -1.309828232979e-08 -6.034722199250e-08
9.557246765866e-03 -3.921753113483e-06 8.494398079553e-05
6.766919206800e-01 -9.646812704366e-04 6.626947005815e-01
1.167498162412e-01 -7.478719037748e-05 -3.297260727051e-02
6.041670130600e-04 -1.204841338625e-06 -1.101115772725e-04
-2.721977523057e-02 4.065873489076e-05 -2.646221606081e-02
--
Dipole derivatives 
Mode 0
4.569039417530e-02 6.198929554098e-03 1.963784006549e-02
Mode 1
7.046979338000e-03 9.682611937228e-04 3.001731235155e-03
Mode 2
3.155251208596e-03 -2.301546305150e-02 2.151942365488e-03
Mode 3
2.084624128984e-02 3.308975807135e-03 8.867971572298e-03
Mode 4
-6.220464220245e-03 2.148345378216e-02 7.860540617359e-03
Mode 5
-2.390848806291e-03 -3.436256810701e-04 -9.659355236836e-04
Mode 6
1.114533090338e-02 -1.337335384969e-02 -2.175009173539e-02
Mode 7
-7.283490299288e-03 -9.036131643916e-04 -3.060463333707e-03
Mode 8
1.587099694285e-02 2.089310617902e-03 6.875330154873e-03
Mode 9
-9.243952665130e-03 -2.242383820686e-02 2.861000118873e-02
Mode 10
-8.776479673218e-03 -8.114863017377e-02 4.565888068481e-02
Mode 11
3.561577341377e-02 4.748976170476e-03 1.515882983018e-02
Mode 12
-2.933507211929e-02 4.766965209548e-03 6.709738711689e-02
Mode 13
-1.038753557452e-03 -3.642792463194e-02 1.371955726809e-02
Mode 14
1.634589633218e-02 1.777397761640e-03 7.332430010819e-03
Mode 15
-9.947136494309e-03 -3.606883920376e-02 3.395921864447e-02
Mode 16
1.584443825695e-02 4.188680341730e-02 -4.997973881804e-02
Mode 17
-5.937603490681e-02 -7.944445782073e-03 -2.549524147391e-02
Mode 18
8.316107842489e-03 -1.189209043097e-01 1.770722292049e-02
Mode 19
1.219114814592e-02 1.550282808978e-03 5.240243873108e-03
Mode 20
7.267481640888e-03 1.071349948292e-03 3.025385200536e-03
Mode 21
1.203205835580e-02 -8.076614532700e-02 -2.817788086422e-03
Mode 22
-1.170693802792e-02 1.393364051432e-01 -1.597589997073e-02
Mode 23
-3.750472252338e-02 2.224240920228e-01 1.837112810176e-02
Mode 24
2.173254481828e-02 -1.337079762492e-02 -4.666060903676e-02
Mode 25
1.988875369278e-02 2.826648401830e-03 8.498796332130e-03
Mode 26
-2.143057676357e-01 -2.839787265114e-02 -9.184408036333e-02
Mode 27
-1.522508311215e-02 4.095363056812e-02 2.295341575300e-02
Mode 28
-1.221982610894e-02 -1.917303541863e-03 -5.244839935530e-03
Mode 29
2.229774698343e-02 5.275455502167e-02 -6.835249975964e-02
Mode 30
-1.391319346725e-02 -2.099609699900e-03 -5.812796941433e-03
Mode 31
-7.467904276795e-02 -9.902455711509e-03 -3.199635695288e-02
Mode 32
4.374698332646e-03 2.020639907093e-01 -7.304951211517e-02
Mode 33
-3.830468366874e-02 -5.382142957646e-03 -1.644275437796e-02
Mode 34
7.855084716277e-04 -3.384814956334e-01 1.036332104418e-01
Mode 35
8.681199662661e-02 -1.190078523262e-01 -1.657854306816e-01
Mode 36
2.317949114381e-02 2.127291299088e-03 1.004210646955e-02
Mode 37
-2.010047187978e-03 -7.100441352161e-02 2.656264851204e-02
Mode 38
2.639900835644e-02 5.006166088879e-01 -2.173559859151e-01
Mode 39
4.494360204294e-02 5.918887417992e-01 -2.891529947413e-01
Mode 40
-1.512886858183e-02 -5.192534174392e-02 5.156457835353e-02
Mode 41
-1.044724150741e-02 -4.226508170270e-02 3.757743210927e-02
Mode 42
3.736699758295e-02 4.687755580751e-02 -1.017529723767e-01
Mode 43
-1.092480385205e-02 1.250183769566e-01 -1.343283875915e-02
Mode 44
-4.901080531789e-02 2.950671699710e-01 2.259504689480e-02
Mode 45
5.552540020307e-02 3.966378641615e-02 -1.420732799977e-01
Mode 46
7.568939629767e-02 1.205887441279e-01 -2.141364322842e-01
Mode 47
2.411576267624e-01 2.196087074961e-01 -6.306385662855e-01
Mode 48
-1.079971226240e-02 -5.954020188631e-02 4.377679119984e-02
Mode 49
-4.286594840904e-02 2.552201742942e-01 2.058148591823e-02
Mode 50
-7.029840957711e-02 1.386852400310e-01 1.208072008383e-01
Mode 51
1.795172194123e-01 4.827897123358e-02 -4.337358217231e-01
Mode 52
6.071983387135e-03 -1.114548929146e-01 2.045536032799e-02
Mode 53
-6.018538447627e-03 4.505451271755e-02 1.013720323702e-04
Mode 54
3.614839014584e-02 1.340340893694e-02 -8.857463234223e-02
Mode 55
-1.014234822294e-02 -4.190573455225e-02 3.668791306599e-02
Mode 56
1.000865319849e-02 -2.617371936383e-01 5.810549498986e-02
--
Polarizability derivatives 
Mode 0
-1.485575978720e-01 -8.191934236824e-01 3.970559484955e-01
-8.191934236824e-01 -2.229080918461e-01 -3.004214637748e-01
3.970559484955e-01 -3.004214637748e-01 3.766792273654e-01
Mode 1
5.506702224023e-01 6.915616732762e-01 -7.270918747902e-01
6.915616732762e-01 1.703428914522e-01 1.684696368035e-01
-7.270918747902e-01 1.684696368035e-01 -7.250592231930e-01
Mode 2
-5.722803889955e-02 -2.981320266069e-01 7.996682720090e-02
-2.981320266069e-01 -5.415295183646e-01 8.053972690351e-01
7.996682720090e-02 8.053972690351e-01 -5.029516160647e-01
Mode 3
-3.043056249014e-02 -2.194270333924e-01 9.605887020039e-02
-2.194270333924e-01 -4.562287703746e-02 -9.503593328155e-02
9.605887020039e-02 -9.503593328155e-02 9.748058256089e-02
Mode 4
-1.514286480317e-01 -3.883268169437e-01 3.677801350074e-01
-3.883268169437e-01 2.524361101792e-01 8.150647397524e-01
3.677801350074e-01 8.150647397524e-01 -1.156727040602e+00
Mode 5
-4.336532319507e-01 1.253734875017e+00 1.590434201912e-02
1.253734875017e+00 3.378197869827e-01 5.623308530447e-01
1.590434201912e-02 5.623308530447e-01 9.379772773582e-02
Mode 6
1.935863467911e-01 -5.800403559265e-01 -3.590049402707e-01
-5.800403559265e-01 1.214972799395e+00 9.670474967791e-01
-3.590049402707e-01 9.670474967791e-01 5.070239174068e-01
Mode 7
-3.930069209287e-01 -1.066174259866e-01 4.006052075399e-01
-1.066174259866e-01 -2.754974710008e-02 2.521295750709e-02
4.006052075399e-01 2.521295750709e-02 4.115780474386e-01
Mode 8
-6.994530403508e-01 4.488824430068e-01 5.142776089145e-01
4.488824430068e-01 1.307267714844e-01 2.972415262314e-01
5.142776089145e-01 2.972415262314e-01 5.668948448719e-01
Mode 9
-9.051745576310e-02 -4.092654357653e-02 3.156906163801e-01
-4.092654357653e-02 1.135839142213e+00 -2.500955695005e-01
3.156906163801e-01 -2.500955695005e-01 -6.197666254704e-01
Mode 10
2.014885878477e-01 -2.602719407684e-01 1.610841800859e-01
-2.602719407684e-01 -1.015886938942e-01 7.160130426329e-01
1.610841800859e-01 7.160130426329e-01 -3.579775237564e-01
Mode 11
-3.001689251710e-01 -5.677497152880e-01 4.561031390161e-01
-5.677497152880e-01 -1.500931549741e-01 -1.630217503768e-01
4.561031390161e-01 -1.630217503768e-01 4.439153748084e-01
Mode 12
4.760775293324e-01 2.008940859154e-01 -8.488224325320e-01
2.008940859154e-01 5.685933437166e-01 -6.050241969626e-01
-8.488224325320e-01 -6.050241969626e-01 2.310671933987e+00
Mode 13
-4.827900938462e-02 -3.529627672048e-01 4.281084030036e-01
-3.529627672048e-01 1.025296939456e+00 5.276780430397e-01
4.281084030036e-01 5.276780430397e-01 -1.075953614207e+00
Mode 14
-1.087938045807e-01 1.320868116427e+00 -3.146175721983e-01
1.320868116427e+00 3.744024264827e-01 5.280269852543e-01
-3.146175721983e-01 5.280269852543e-01 -2.247390983495e-01
Mode 15
5.050796463661e-01 -8.854481563965e-02 -1.037110999944e+00
-8.854481563965e-02 1.291012615647e+00 -2.111443262648e-01
-1.037110999944e+00 -2.111443262648e-01 2.531617575206e+00
Mode 16
1.836448492222e-01 8.029831341746e-01 -1.093885170882e+00
8.029831341746e-01 -4.036160616398e+00 -6.654910022566e-01
-1.093885170882e+00 -6.654910022566e-01 2.575821884552e+00
Mode 17
-1.789169933259e-01 7.554162379005e-01 -6.868602276655e-02
7.554162379005e-01 2.086726011269e-01 3.234905801123e-01
-6.868602276655e-02 3.234905801123e-01 -2.668763700187e-02
Mode 18
1.039105274394e-01 -7.365785402148e-01 1.715164818811e-01
-7.365785402148e-01 -3.748903447671e+00 2.906823597588e+00
1.715164818811e-01 2.906823597588e+00 -1.222626195315e+00
Mode 19
4.445368726343e-03 1.332713811081e-01 -4.485856949859e-02
1.332713811081e-01 3.085477608179e-02 5.385095242559e-02
-4.485856949859e-02 5.385095242559e-02 -4.059529639514e-02
Mode 20
-3.633001971126e-01 -8.641306098179e-01 6.057833800287e-01
-8.641306098179e-01 -2.342791663714e-01 -2.647670654473e-01
6.057833800287e-01 -2.647670654473e-01 5.880334973665e-01
Mode 21
-2.955281803828e-01 -1.271374307853e-01 5.242590623221e-01
-1.271374307853e-01 1.597393558159e+00 -2.280518724033e-01
5.242590623221e-01 -2.280518724033e-01 -1.236107561931e+00
Mode 22
1.028648502992e-01 3.234799981702e-01 -2.969060220850e-01
3.234799981702e-01 -1.234645112306e+00 -3.665122342469e-01
-2.969060220850e-01 -3.665122342469e-01 8.255668656690e-01
Mode 23
9.489303006166e-02 -5.388012008393e-01 -1.166137053369e-01
-5.388012008393e-01 1.511386465113e+00 7.785381998306e-01
-1.166137053369e-01 7.785381998306e-01 2.880874787011e-03
Mode 24
1.247042822819e-02 1.484830336240e-01 -1.517459748973e-01
1.484830336240e-01 -3.321238531005e+00 6.748969031243e-01
-1.517459748973e-01 6.748969031243e-01 1.100929592499e-01
Mode 25
-4.631721673524e-02 -5.283151795104e-02 5.904780018257e-02
-5.283151795104e-02 -1.084559482350e-02 -1.263091065169e-02
5.904780018257e-02 -1.263091065169e-02 5.888366204520e-02
Mode 26
4.681602902855e-01 1.110231946015e+00 -7.821932008735e-01
1.110231946015e+00 2.898671903547e-01 3.437718943077e-01
-7.821932008735e-01 3.437718943077e-01 -7.536408372717e-01
Mode 27
4.222734785714e-01 2.641977429663e-01 -7.319567965988e-01
2.641977429663e-01 1.675140620035e+00 -1.086307895088e+00
-7.319567965988e-01 -1.086307895088e+00 2.189712913525e+00
Mode 28
-1.452402944203e-01 1.049541202145e+00 -1.908054389465e-01
1.049541202145e+00 2.866742267143e-01 4.306987306070e-01
-1.908054389465e-01 4.306987306070e-01 -1.394742668067e-01
Mode 29
4.296330614397e-01 -3.699010501080e-01 -6.390295733572e-01
-3.699010501080e-01 2.746992763530e+00 4.251585623343e-02
-6.390295733572e-01 4.251585623343e-02 1.586046662608e+00
Mode 30
-6.238955363532e-01 2.715501516634e-01 4.981013024064e-01
2.715501516634e-01 8.927620318343e-02 2.167133971567e-01
4.981013024064e-01 2.167133971567e-01 5.436694337741e-01
Mode 31
-3.029555248717e-01 -2.218714848519e+00 9.714890921406e-01
-2.218714848519e+00 -5.607833683263e-01 -8.163999838731e-01
9.714890921406e-01 -8.163999838731e-01 8.948172004946e-01
Mode 32
-1.818760292587e-02 1.098430326770e+00 -4.658811874187e-01
1.098430326770e+00 6.909625318694e+00 -4.727017979977e+00
-4.658811874187e-01 -4.727017979977e+00 2.480292044122e+00
Mode 33
-1.585774611846e-01 6.492439749073e-02 1.284899321246e-01
6.492439749073e-02 1.233740797071e-02 6.084413105712e-02
1.284899321246e-01 6.084413105712e-02 1.332036681804e-01
Mode 34
5.730680826624e-01 -9.545457707372e-01 1.144865160460e+00
-9.545457707372e-01 -5.794615441856e+00 4.317757140664e+00
1.144865160460e+00 4.317757140664e+00 -3.073393801714e+00
Mode 35
5.196658755334e-01 3.242104870188e-01 -6.305167581377e-01
3.242104870188e-01 8.756729644601e+00 -3.392485548799e+00
-6.305167581377e-01 -3.392485548799e+00 2.821851613210e+00
Mode 36
-3.495851883973e-02 7.420270773419e-01 -1.966443661406e-01
7.420270773419e-01 2.004604286464e-01 2.921325622782e-01
-1.966443661406e-01 2.921325622782e-01 -1.601414249229e-01
Mode 37
-6.462673720995e-01 -8.728381130248e-02 8.652705423577e-01
-8.728381130248e-02 -6.963981489756e+00 2.273725886460e+00
8.652705423577e-01 2.273725886460e+00 -3.015216729574e+00
Mode 38
-9.490092392703e-01 4.462954397818e-02 8.304922435831e-01
4.462954397818e-02 -3.389935841716e+00 7.653277008010e-01
8.304922435831e-01 7.653277008010e-01 -2.760917571557e+00
Mode 39
-7.706265771701e-01 5.532981625679e-01 -2.607564263717e-01
5.532981625679e-01 1.766701753294e+00 -2.095207716604e+00
-2.607564263717e-01 -2.095207716604e+00 4.553556922452e-01
Mode 40
1.705818823004e-01 9.969177322742e-01 -2.951907445015e-01
9.969177322742e-01 -7.985550735492e+00 2.077340960599e-01
-2.951907445015e-01 2.077340960599e-01 8.018029419157e-01
Mode 41
-2.094094564051e-01 -7.472612993177e-01 9.045120592833e-01
-7.472612993177e-01 -1.202524685860e+01 5.506951383211e+00
9.045120592833e-01 5.506951383211e+00 -3.746776039790e+00
Mode 42
-3.201210959467e-01 -1.348444232339e+00 9.604226436887e-01
-1.348444232339e+00 -1.488515260236e+01 7.748510156784e+00
9.604226436887e-01 7.748510156784e+00 -4.740293979494e+00
Mode 43
2.050612679124e-01 -1.576810793780e+00 1.654332873493e-01
-1.576810793780e+00 6.080390483513e+00 1.814277802688e+00
1.654332873493e-01 1.814277802688e+00 -8.854440468179e-01
Mode 44
-1.472342493616e-01 1.635673705703e+00 -3.921969268311e-01
1.635673705703e+00 -1.620025115131e+01 1.189409222590e+00
-3.921969268311e-01 1.189409222590e+00 4.495747666775e-01
Mode 45
-2.559581279710e-01 -1.225275713198e+00 6.466589906243e-01
-1.225275713198e+00 -1.296494375480e+01 6.851081371968e+00
6.466589906243e-01 6.851081371968e+00 -3.784359032289e+00
Mode 46
-8.826044890855e-02 -4.450385482581e-01 -3.373987936842e-02
-4.450385482581e-01 1.074250926469e+01 -2.352032349229e+00
-3.373987936842e-02 -2.352032349229e+00 6.494357928617e-01
Mode 47
4.013341101086e-01 2.079876660029e+00 -2.656511037162e+00
2.079876660029e+00 5.708753477462e+00 -6.767056381064e+00
-2.656511037162e+00 -6.767056381064e+00 7.833551245268e+00
Mode 48
-1.422670432403e-01 7.311419283125e-01 5.343439926750e-01
7.311419283125e-01 1.590606612334e+01 -6.600576185663e+00
5.343439926750e-01 -6.600576185663e+00 9.916510958398e-01
Mode 49
-6.104793814613e-01 -2.590334586155e+00 1.627126794574e+00
-2.590334586155e+00 -5.484813025357e+01 2.302841854049e+01
1.627126794574e+00 2.302841854049e+01 -1.121565764539e+01
Mode 50
-8.850103310841e-01 1.103526130039e+00 1.033950368480e+00
1.103526130039e+00 -1.216836178022e+01 1.120271351176e+00
1.033950368480e+00 1.120271351176e+00 -3.057317870228e+00
Mode 51
1.622578717490e-01 -1.199470173545e+00 -3.117990672797e-01
-1.199470173545e+00 1.203104094644e+00 2.378774638961e+00
-3.117990672797e-01 2.378774638961e+00 -1.395842066333e-01
Mode 52
8.495953399740e-01 -1.123095208996e+00 -8.635842587284e-01
-1.123095208996e+00 3.846046915611e+00 1.529198990079e+00
-8.635842587284e-01 1.529198990079e+00 1.867378649220e+00
Mode 53
-7.310307251296e-01 1.842376769350e+00 1.243268150267e+00
1.842376769350e+00 4.812732541277e+00 -5.781163733697e+00
1.243268150267e+00 -5.781163733697e+00 -1.065635319351e+00
Mode 54
2.061996464222e+00 1.897617638108e+00 -4.615247500894e+00
1.897617638108e+00 1.829621586717e-01 -4.382800180034e+00
-4.615247500894e+00 -4.382800180034e+00 1.247824700809e+01
Mode 55
-1.235184786511e+00 6.281765603529e-01 1.430357575860e+00
6.281765603529e-01 -1.429711924695e+01 2.801963959834e+00
1.430357575860e+00 2.801963959834e+00 -4.749200325361e+00
Mode 56
-8.324486319749e-01 7.271178634053e-01 9.595479303557e-01
7.271178634053e-01 -7.283209594439e+00 4.649645254401e-01
9.595479303557e-01 4.649645254401e-01 -2.716875824728e+00
--
