Number of atoms 
21
--
Anisotropy 
206.660
--
Frequencies 
22.010549835426
33.858636595773
34.617310862006
55.938202159502
87.001314556881
87.441190935277
161.528395223291
187.313121620205
205.976733794444
226.404670930676
243.904649908674
353.473388570449
374.349255758344
398.725935369856
422.735610454637
426.814395404044
475.528089643191
497.038592891311
541.423620626487
546.688437555921
561.436304522129
611.256085039375
644.564617304774
686.271394449245
713.169692410478
734.415146007261
764.148701011405
812.047808944491
827.221855484321
859.667940863123
881.551910831739
951.250201976190
974.903919968454
982.270440789811
993.852610612573
1003.353146554731
1022.097729848250
1120.557024143699
1147.371719182451
1173.595735861008
1247.902280959240
1301.786704176985
1312.066923716081
1331.660253469206
1373.663060677366
1454.422872212556
1552.396074928583
1586.568908775672
1632.702888861995
1663.284515076026
1680.668028458603
1827.858218296639
3152.981580075451
3190.436293325773
3205.002680909596
3214.254692290003
3218.165097637018
--
Displacements 
Mode 0
-2.288419304457e-03 -4.655818954941e-02 -4.365497634960e-03
-2.156818242795e-03 -1.233609902784e-02 -2.843123135550e-03
-1.462084105861e-03 -4.080540781793e-01 -2.768688753156e-03
-1.907463432039e-03 -3.733350150169e-01 -1.968523774210e-03
-2.961831623243e-03 3.077795694934e-02 -1.372716307629e-03
-3.157272429650e-03 9.116179060430e-03 -1.049965751084e-03
-2.755316238410e-03 7.470532165448e-02 -1.181455942266e-03
-2.703898543139e-03 2.531326287904e-01 -7.571352562758e-04
-8.695004207858e-04 7.165523478575e-02 -1.650989232933e-03
2.126486947969e-03 1.470451029555e-01 -2.744977262955e-03
-1.507439935500e-03 1.506810733556e-02 -2.728760468958e-03
-2.457359123362e-03 1.510489359210e-02 -2.328127624092e-03
-3.574782589919e-03 -4.178800943769e-02 -3.496569316379e-03
-3.653162777825e-03 4.358541484974e-01 -1.410299375460e-03
-3.262634958850e-03 4.191976543610e-01 -2.159751551941e-03
-1.615408593371e-04 -2.117069492717e-01 -9.456862008888e-04
-3.922720421281e-04 -1.957179827017e-01 -5.386500184137e-04
-9.017077320479e-04 -2.900250972911e-02 -2.898580489838e-04
8.725550773846e-03 -2.045111800780e-01 9.302597882908e-03
-1.321054755542e-03 2.327647226137e-01 -2.170981663141e-04
-1.120893698023e-03 2.147730321831e-01 -6.365005521530e-04
Mode 1
5.112876969032e-03 2.739044382958e-01 -1.724728432384e-02
2.629782724386e-03 9.108228652154e-02 -1.103793021310e-02
4.311289784911e-03 1.145021345468e-01 -8.313066698152e-03
2.801139740439e-03 -6.646705077003e-03 -5.644558061809e-03
-4.208005313133e-04 -1.386571023633e-01 -5.658790995082e-03
-1.724742111258e-03 -1.951043746440e-01 -3.005273146955e-03
-3.194881457321e-03 -1.202562795385e-01 -2.586406926657e-03
-6.052933899674e-03 1.226526255177e-01 -4.557327432340e-03
-3.710121776628e-03 1.723499285902e-01 -2.657580331615e-03
-1.129573055523e-03 7.468164100225e-01 -4.384854045813e-03
-3.913477528702e-03 8.023940080124e-02 -2.744758282124e-03
-3.275911780653e-03 -1.156824703026e-01 -2.377169750760e-03
-3.610891091144e-03 -2.958120479986e-01 -2.566093300665e-03
-1.952167823641e-03 -1.783245031010e-01 -8.433945892772e-03
-5.136659481461e-04 -6.526880289812e-02 -1.119596916683e-02
1.949140753299e-03 6.644532803910e-02 -2.397581461060e-03
1.198342293911e-03 4.306248362832e-03 -9.902437562701e-04
-1.509778782424e-04 -7.865340541886e-02 -4.458922424114e-04
4.532651247655e-03 -2.544247254558e-01 2.618948709528e-02
-1.185018660286e-03 -8.980705098169e-02 -2.495521284278e-03
-5.222582134614e-04 -2.731784815457e-02 -3.913905965992e-03
Mode 2
8.844086746580e-02 -9.736051283231e-03 -4.117095544297e-01
3.468925848704e-02 -3.042274255902e-03 -2.609452816953e-01
7.430789277420e-02 1.620863128515e-03 -1.980340498724e-01
3.665240523240e-02 5.882775660054e-03 -1.313558034067e-01
-4.045860157199e-02 5.379459256918e-03 -1.273241055878e-01
-7.058521145242e-02 7.754214212096e-03 -6.700389912040e-02
-9.725079003387e-02 3.306135164661e-03 -5.895382072067e-02
-1.587629962922e-01 -1.047804323732e-02 -8.885958613104e-02
-8.939036499750e-02 -8.606159760150e-03 -6.182202055022e-02
-1.849443905412e-02 -3.315656309535e-02 -1.001420211051e-01
-1.004536007780e-01 -3.790578469563e-03 -7.437619781553e-02
-9.615232555135e-02 4.139502243527e-03 -6.498180843661e-02
-1.134256066077e-01 1.243678347941e-02 -7.847705161024e-02
-7.691239828460e-02 1.378774894527e-03 -1.905942935415e-01
-4.114873029773e-02 -2.859671496585e-03 -2.589894632369e-01
3.856013290264e-02 4.778640113050e-04 -5.823165413377e-02
1.981373078572e-02 2.686150002178e-03 -2.312067055616e-02
-1.319613571995e-02 3.684238659705e-03 -1.056405733748e-02
1.943831593059e-01 1.398361749699e-02 6.136591472576e-01
-3.739290194414e-02 4.721831948822e-04 -5.486423685954e-02
-2.074480613782e-02 -1.788870956052e-03 -9.024981793124e-02
Mode 3
1.307293010411e-05 -3.329335923189e-01 -2.331404065670e-04
5.748794478817e-06 -9.990752400451e-02 -1.707932320555e-04
-2.884322061232e-04 9.225304734085e-02 -1.303763520318e-04
-2.156966535658e-04 2.076995238976e-01 -2.472700177983e-04
9.293899425610e-05 1.512373940375e-01 -3.430064188433e-04
1.584791329796e-04 1.377272939523e-01 -4.136059727497e-04
1.122730304201e-04 1.695539289926e-01 -4.098696660830e-04
6.398880698581e-07 6.998671552491e-01 -8.817610030487e-04
-1.561993182386e-04 1.095000967017e-02 -3.373387998973e-04
-3.578117292026e-04 -9.414154436751e-02 -5.734413704785e-04
-1.293096163694e-04 -2.386693605618e-01 -2.098300209008e-04
5.152955624709e-05 -1.328369111314e-01 -2.224647734317e-04
1.267084128972e-04 -3.770157262199e-01 -1.383109428525e-04
3.697167335569e-04 -3.914298172798e-03 -3.184895986587e-04
3.350284612388e-04 -1.377806878694e-01 -2.373368365107e-04
-1.613383240282e-04 3.606442881665e-02 -2.062906085978e-05
-1.260603572506e-04 9.419632416146e-02 -8.556833760148e-05
5.314475940966e-05 1.663698832762e-03 -1.151235611396e-04
1.235409973522e-05 -6.899055260181e-02 1.482809913505e-03
2.136036703975e-04 -2.131841269145e-02 -1.264378650402e-04
1.739430503622e-04 -8.362603424164e-02 -7.283562241707e-05
Mode 4
-1.477185736322e-02 4.038051277791e-01 4.931024342943e-02
-6.535690232799e-04 2.881020533910e-02 1.848592502907e-02
-1.166553328965e-02 -9.786869228551e-02 3.893848307031e-04
-3.512353589441e-04 -2.736048727137e-01 -1.889220903008e-02
2.091630850765e-02 -3.030457573590e-01 -1.996825656474e-02
2.628259784822e-02 -2.248415016854e-01 -3.036653703710e-02
2.306681316802e-02 5.825396060288e-02 -2.910536532015e-02
1.405083004595e-02 4.986792164621e-01 -6.180918157494e-02
-3.744681796646e-03 7.355799343730e-02 -2.335535336630e-02
-2.440304775246e-02 -3.306853077430e-01 -3.692578607723e-02
3.879585795393e-03 4.123210348310e-02 -1.291590683546e-02
1.883792935971e-02 1.292635199101e-01 -1.461885574900e-02
3.210976875152e-02 2.594662494939e-01 -5.771642502550e-03
3.098253727236e-02 -2.928393092441e-01 -2.770039837071e-03
2.093801850571e-02 -1.276979354969e-01 1.745732857268e-02
-8.252804018643e-03 -5.010481801453e-03 3.819625520019e-04
-2.709658266251e-03 -9.560402223196e-02 -9.776421222014e-03
7.051560037966e-03 -9.795058565644e-02 -9.474116391366e-03
-3.344685150828e-02 2.553688195430e-04 5.566076681815e-02
1.298154543707e-02 -1.145672834953e-01 -1.018789848594e-03
8.596027990445e-03 -2.303843047898e-02 9.445175119798e-03
Mode 5
-9.785400511389e-02 -6.090066624125e-02 3.268170456701e-01
-4.894041435686e-03 -4.364955002909e-03 1.236099899993e-01
-7.937257289501e-02 1.324259944733e-02 3.555558294549e-03
-4.382866620670e-03 3.991811529956e-02 -1.241023167546e-01
1.382648161758e-01 4.572828455175e-02 -1.309846891962e-01
1.746716419087e-01 3.404011511099e-02 -2.014542281437e-01
1.543721670106e-01 -8.839820861181e-03 -1.929904251513e-01
9.566836857633e-02 -7.630971667261e-02 -4.089381642079e-01
-2.342669259511e-02 -1.156560043137e-02 -1.547189277926e-01
-1.589623534671e-01 4.813629352089e-02 -2.445843983493e-01
2.727455817466e-02 -6.384026754966e-03 -8.548642691086e-02
1.263584371664e-01 -1.940054884405e-02 -9.673784251663e-02
2.148112999068e-01 -3.860075756546e-02 -3.760486465986e-02
2.057154451148e-01 4.545936666256e-02 -1.590706545416e-02
1.392529761892e-01 2.065817756639e-02 1.182970251133e-01
-5.555032648011e-02 -2.578058440799e-05 2.609598505470e-03
-1.885108192954e-02 1.373159261031e-02 -6.467075812366e-02
4.657712326889e-02 1.485040769586e-02 -6.320026197902e-02
-2.248971326088e-01 1.111896938803e-03 3.658546015638e-01
8.618486480718e-02 1.794433547747e-02 -5.721190097807e-03
5.745060097360e-02 4.211480115139e-03 6.363556407927e-02
Mode 6
5.916537671010e-05 1.446074963014e-02 7.897088560637e-05
5.801395865105e-05 -8.225358372929e-04 3.636463776616e-05
5.992980596079e-05 -1.150371903983e-02 6.910834792722e-06
5.628982158257e-05 -7.704058125537e-03 3.746236134061e-06
4.498977199261e-05 1.052697397281e-03 1.683148260357e-05
-1.149204463899e-06 3.272167587131e-02 5.115394422136e-05
-9.024508747326e-05 6.193510951969e-02 7.212601839009e-05
-2.230180310667e-04 -8.346430130631e-02 6.255554572296e-05
-6.301046148115e-05 3.324360951566e-01 1.877407511388e-06
-4.587315387754e-04 -3.174399723062e-01 -4.807772918226e-05
-1.838885254443e-05 7.024802752101e-01 -6.389520740159e-05
-1.040554107887e-04 9.562471312901e-02 4.428210697372e-05
-1.887006351093e-04 -5.231597383433e-01 1.035782704949e-04
6.011792680305e-05 -5.551608940549e-03 1.897599484052e-05
5.630348574533e-05 -2.148007284960e-03 3.217245393031e-05
1.484330317560e-05 -4.722368415625e-03 2.071115814191e-07
1.720140807385e-05 -2.167157807472e-03 2.773745547512e-06
1.479229804411e-05 6.793139599830e-03 3.519126060174e-05
2.902382357209e-04 -3.499563249856e-03 -1.168351375689e-04
1.688457162016e-05 -1.583982025194e-03 4.632931064609e-06
1.593498987131e-05 -1.182129217351e-04 1.000608678906e-05
Mode 7
1.109410822027e-02 1.077993095248e-03 2.465080429316e-01
7.689279144849e-02 -4.123878802827e-04 6.199352126743e-02
2.055645177718e-02 -1.191515109765e-03 -3.418367610485e-02
7.943416762802e-02 -4.813145656179e-04 -1.267230268363e-01
1.430840201251e-01 5.883275410637e-04 -1.315840318652e-01
8.070455861023e-02 1.924699693300e-03 -4.509834896956e-02
-1.348849319966e-01 1.148144103450e-03 1.789131111697e-02
-4.841530388318e-01 -4.332473161111e-04 -8.311898906877e-02
-3.166153478184e-01 -3.867561139597e-04 5.538958781482e-02
-1.442542122333e-01 1.253308553787e-03 4.855380518833e-02
-3.138437937231e-01 -5.589145190180e-04 1.333795579507e-01
-1.830932115897e-01 8.637563435425e-05 1.415523569419e-01
-1.253323455291e-01 -4.765632250232e-04 2.593159167571e-01
2.014020131015e-01 -1.736323388169e-04 -5.229860772593e-02
1.648056413490e-01 -6.139614324934e-04 5.386502671175e-02
-1.979105414289e-02 -4.921063167198e-04 -8.671409443810e-03
1.282350094021e-02 -1.578558847584e-04 -5.359463390033e-02
5.153310558589e-02 8.226564400926e-04 2.215323108063e-02
3.234943338506e-01 -4.999499386494e-04 -1.558415524724e-01
7.841245453394e-02 -1.494850351034e-05 -1.659499667713e-02
5.856118813121e-02 -1.697990164860e-04 3.378497791651e-02
Mode 8
-1.079569064546e-03 4.134138149051e-01 2.817239089332e-04
-3.542198113270e-04 -1.420149949792e-01 -6.624866599144e-04
-2.649245503978e-04 -3.205465157539e-01 -1.019665309834e-03
-2.967536997559e-04 -1.404119567258e-01 -8.455906258911e-04
-2.402807138961e-04 1.279051931413e-01 -4.268492199337e-04
-4.490279337525e-04 5.266972424951e-01 9.286564556926e-05
1.038268796958e-04 3.531297988412e-01 8.935508763203e-05
2.131913728298e-03 -1.372263735641e-01 1.697299330111e-03
1.663927175032e-03 -1.196722436131e-01 2.651675552567e-04
1.446972946512e-03 9.985036986337e-02 8.485064379799e-04
1.385502474650e-03 -1.343963859990e-01 -4.632470036790e-04
3.863346741342e-04 3.929571201131e-02 -5.330616822001e-04
-1.710015237684e-04 -1.854854905839e-01 -1.229643393794e-03
-3.810820378984e-06 -1.342072151938e-01 -7.574286837796e-04
2.783340621544e-05 -2.812525820942e-01 -8.512384328367e-04
-7.451609865419e-05 -1.146892762725e-01 -3.278439265044e-04
-1.065888527914e-04 -3.585334134716e-02 -2.714451708967e-04
-1.468796673657e-04 2.233332004596e-01 4.102006643763e-06
-1.553818279883e-03 1.341421271621e-03 5.805793843689e-04
7.685709668050e-05 -2.947311269740e-02 -1.967156032709e-04
4.273878801200e-05 -9.232094046074e-02 -2.195227912093e-04
Mode 9
2.115748633415e-01 -5.870000929652e-04 2.082061794567e-01
1.894885325007e-01 2.023602090332e-04 1.019749721886e-01
1.452072019425e-01 4.585744648390e-04 3.202937997126e-02
1.558594620566e-01 2.610720933506e-04 -9.210204738260e-03
1.044479102193e-01 -4.395169945536e-05 -2.105245693005e-02
-3.102563880919e-03 -4.291048423126e-04 3.271960522867e-02
-1.759650910193e-01 -2.735369945331e-04 6.008000593330e-02
-5.599260624460e-02 -8.558886746104e-06 2.287165262392e-01
1.002866305909e-01 -6.981893784427e-05 -6.903255605986e-02
1.318381084867e-01 -4.982645278904e-04 -1.179748475866e-01
3.520355146734e-02 -1.126845133626e-04 -2.185380464119e-01
-1.898104460395e-01 -7.740275608961e-05 -1.787227076045e-01
-4.606308632932e-01 1.738904393800e-04 -4.773822588606e-01
1.708203676816e-01 1.947102859424e-04 5.376279390543e-02
1.757952076722e-01 3.226576148791e-04 9.778430976213e-02
2.310559779219e-02 1.422811814714e-04 1.040763407252e-02
4.855000968437e-02 6.022152060793e-05 3.283851956178e-03
2.556139134502e-02 -2.458556313039e-04 4.395897072465e-02
-1.559938336261e-01 2.238154651418e-04 5.326876968269e-02
6.969238467399e-02 5.756161443316e-05 1.484184348391e-02
4.954508594717e-02 1.049231957222e-04 2.528441293883e-02
Mode 10
3.213002657041e-01 1.449535772687e-03 -1.485363182025e-01
1.133016511473e-01 -5.298893948078e-04 1.225953321028e-01
1.654275563404e-01 -1.076776209965e-03 2.316647107865e-01
5.753873542394e-02 -4.671817068260e-04 3.448919839768e-01
-1.036815966352e-01 3.500619436151e-04 3.216345419391e-01
-3.594601193314e-02 1.890420419920e-03 6.806435467406e-02
5.200645918489e-02 1.396995551628e-03 -1.183624299157e-02
-1.687401150121e-01 -5.630497174225e-04 -2.956775457870e-01
-1.580916828470e-01 -4.601136325019e-04 -1.495658753455e-01
-2.073255739447e-01 4.622734676970e-04 -3.513378862419e-01
-9.651122670347e-02 -6.069768980511e-04 -4.829884738213e-02
1.649827398191e-02 2.092373863242e-04 -3.292317390872e-02
4.518905217056e-02 -5.135111863616e-04 -1.573410491378e-02
-1.448106865248e-01 -4.861087308517e-04 2.744411261855e-01
-7.914539039876e-02 -9.492391685096e-04 1.322176670712e-01
7.255816750060e-02 -3.897338933535e-04 6.645488406285e-02
3.890523543306e-02 -1.316519347220e-04 1.378261989423e-01
-4.271167138110e-02 8.553608778252e-04 -1.803929284762e-02
9.688868539008e-02 -5.773031525393e-05 -1.621766548292e-02
-7.376852380136e-02 -1.957954863556e-04 7.896610722759e-02
-4.322650631831e-02 -3.257851270974e-04 3.480397773726e-03
Mode 11
-4.120113237767e-04 2.729443368143e-01 8.417374218432e-04
3.136060204365e-04 -2.837217542054e-01 -5.402029511882e-04
3.156019564365e-04 -2.807259342265e-01 -5.830453328419e-04
-4.022611510029e-05 2.233972608639e-01 1.844199731953e-04
-2.302087999086e-04 3.846845291898e-01 4.334350053184e-04
-1.379254556641e-04 -8.338198388352e-02 3.829291419594e-04
-2.005618806388e-05 -5.261962244538e-01 3.914396466115e-04
2.737164218941e-04 1.099595010603e-01 3.032364902366e-04
1.116619672538e-04 1.571333795688e-01 -1.333949011356e-04
-1.240287080813e-03 -5.413741850159e-02 -6.331204477088e-04
2.476729413073e-04 9.052461934831e-02 3.156755391900e-05
1.750411526295e-05 -1.936869180324e-01 1.082308260783e-04
-1.160728937874e-04 1.438631465810e-01 -9.994218170481e-05
-1.038730579206e-04 2.243027335857e-01 1.309599549917e-04
3.809339898225e-04 -2.848371805084e-01 -5.815584623313e-04
1.342284104541e-04 -1.120615555285e-01 -2.154833074691e-04
-3.695806115477e-05 9.426347973164e-02 9.058550499587e-05
-5.521482845621e-05 -5.745568585135e-02 9.162686434729e-05
3.251246443313e-04 -1.811447331392e-03 -4.592540121181e-05
-5.296742740027e-05 9.391426738113e-02 8.889338839759e-05
1.432958459330e-04 -1.154859147378e-01 -2.161703762594e-04
Mode 12
-7.909024239474e-02 -5.233096808171e-04 5.567207832508e-02
-5.993162697207e-03 4.997657917276e-04 -4.922939970176e-02
3.322585760566e-03 5.728129894395e-04 -4.810058506509e-02
9.032284064532e-03 -3.973059036443e-04 -2.569373513226e-02
1.583073430521e-02 -5.700954835171e-04 -1.567589428081e-02
-1.111385779303e-02 1.232098488626e-04 6.509766832603e-02
3.466384443851e-03 7.783474897629e-04 6.877558893576e-02
2.545792323899e-01 -2.983631289359e-04 2.120811913112e-01
7.599414381656e-02 3.778876428280e-05 -5.631437006627e-03
-8.629020922073e-01 9.790852972445e-04 -5.217252505367e-02
1.330642267223e-01 -4.152714799627e-04 4.368807108391e-02
1.489267395613e-02 1.920458802306e-04 7.467298769299e-03
-1.149763524894e-01 -1.455460793013e-04 -1.340675230270e-01
7.084617169392e-03 -3.035343741778e-04 -3.984875873770e-02
1.888595680538e-02 3.897149921575e-04 -5.266907180453e-02
9.164196256515e-03 2.463135699301e-04 -1.455163300369e-02
2.498067359638e-03 -1.764982350975e-04 -8.167303260559e-03
3.939784862939e-03 4.777995261008e-05 2.734236023386e-02
2.330003392116e-01 -3.008337425701e-04 -2.992308915197e-02
8.587681369512e-04 -6.200943766150e-05 -1.099120688919e-02
4.548210663918e-03 1.514745083039e-04 -1.687878921813e-02
Mode 13
1.722054682012e-01 6.167962368466e-04 -2.112757466658e-01
-3.331019600908e-02 -4.365759139550e-04 1.317902928758e-01
-6.680542875423e-02 -5.487833734480e-04 1.136399872779e-01
-4.340546610443e-02 2.624203471009e-04 -5.104524231647e-03
-3.280397867829e-03 3.115841443961e-04 -1.957513535052e-02
4.495475105530e-02 5.627526995688e-05 -1.652099902108e-01
3.627318377139e-02 -4.326516158036e-04 -1.514489877725e-01
8.675977781599e-02 7.928858046731e-05 -4.111879033582e-01
3.967016634408e-02 2.623310941498e-05 1.292886177096e-01
-1.277233295206e-01 3.119599966864e-04 6.833046261659e-01
-4.395441747395e-02 1.899531588983e-04 -5.220101898285e-04
-7.300285587281e-02 -7.740301246808e-05 -9.360061061204e-02
-1.990179486739e-01 1.192368023030e-05 -2.335164751610e-01
2.844967790688e-02 1.014898090384e-04 5.696019598735e-02
-4.386423242597e-02 -2.804533398629e-04 1.464259489621e-01
-5.456180649141e-02 -2.417270958154e-04 3.504293800430e-02
-2.169193184457e-02 1.386793505779e-04 -1.534522824548e-02
2.387425830228e-04 3.983885321116e-05 -6.188532941550e-02
6.293811046936e-02 -1.394749622747e-04 -1.541833405634e-02
3.043232373551e-02 -8.563081181345e-06 1.605124417192e-02
-6.906125268595e-05 -1.033196025820e-04 6.454286543860e-02
Mode 14
-9.149687598554e-04 4.698616800170e-02 2.379690506800e-03
8.804687880103e-04 -9.070366831900e-02 -1.212259949320e-03
7.828453519461e-04 3.856333236425e-01 -3.453660536941e-04
6.473724436246e-04 -3.376650227415e-01 2.140335470272e-04
-4.701623273692e-04 -1.154187099003e-02 6.624643433276e-04
-3.013274720676e-04 -1.087692431182e-01 5.306826798392e-05
2.209945441629e-04 1.402819057097e-01 -2.400117287320e-04
-4.294419829869e-08 -3.731328101039e-02 -1.427548983159e-03
-9.786052836045e-05 -5.473506139294e-02 1.648787908391e-04
1.781985170466e-04 1.278228430796e-02 1.236083874884e-03
-2.199726698814e-04 -1.305832660734e-03 -2.190195990486e-05
2.182517469228e-05 6.086424378647e-02 -2.334942068257e-04
-1.108829749357e-04 -2.607901328055e-02 -4.234733554154e-04
-1.172031640525e-03 4.573735619351e-01 8.056424412500e-04
6.493892124601e-04 -4.457675367160e-01 -1.882655257697e-03
5.159053304880e-04 2.522122410313e-01 8.123786243201e-05
4.508225122075e-04 -2.149183970227e-01 1.835153048319e-04
-1.879800851683e-04 -9.362006441846e-02 -1.034681949029e-04
1.575562372234e-05 6.665109457792e-04 -1.475909310775e-05
-8.372522213263e-04 3.311418758626e-01 5.754504348528e-04
6.110724804202e-05 -2.238522110853e-01 -1.066830002028e-03
Mode 15
1.889432090877e-01 1.046126731126e-03 -5.168297783748e-01
-1.989783171025e-01 -8.246798026935e-04 2.623540572402e-01
-2.498014902338e-01 1.212816806889e-03 2.341711191682e-01
-7.589814398804e-02 -1.575662405361e-03 -1.516298535871e-01
1.323253685965e-01 2.122427348187e-04 -1.618318760273e-01
9.651606372103e-02 -3.066432504471e-04 -2.960761401016e-02
-4.233082212933e-02 2.140144074478e-04 3.099942756997e-02
-8.534934680769e-03 -1.131095279125e-04 2.740909750324e-01
2.367695379891e-03 2.885166474880e-05 -3.120853315745e-02
-2.296337533197e-02 -3.431358875271e-05 -2.465881912237e-01
2.511623285186e-02 -5.056491746468e-05 7.285359907085e-03
-9.796158628161e-03 1.304258378245e-05 4.614538734205e-02
1.893491404348e-02 4.308391154743e-05 9.066994429089e-02
1.938683036313e-01 2.250191938875e-03 -5.586295418310e-02
-6.031851704049e-02 -2.367694007758e-03 2.942017395816e-01
-1.663204491501e-01 9.141807820000e-04 7.259787206062e-02
-6.693983220289e-02 -9.830462261179e-04 -1.171961156699e-01
5.538484671941e-02 -3.901768257321e-04 2.366490159631e-02
-4.774687490059e-03 2.430472271227e-05 3.077786553140e-03
1.247434065711e-01 1.594458805610e-03 -1.627864347769e-02
3.958368624702e-02 -1.224162236286e-03 1.844160570245e-01
Mode 16
7.638575483655e-04 -1.506489017431e-01 2.393153029550e-04
1.954168184777e-04 3.651498397305e-01 6.097700435368e-04
1.397631757821e-05 1.778632735996e-01 -1.136001521865e-04
1.619146520720e-04 -3.666420136637e-01 -6.566114519938e-04
-6.310741342571e-04 8.928120989702e-02 -2.174472575290e-05
-8.872694568592e-04 4.194422714329e-01 -1.747396606158e-04
-2.567745617929e-04 -4.302189451764e-01 -1.355898942400e-04
2.813379201401e-04 7.212364202508e-02 3.867614019568e-06
1.629280490873e-04 2.424223170119e-01 -6.910311700465e-06
7.291512364989e-06 -4.512491852084e-02 2.460224543193e-04
-1.012900277050e-04 -1.324383516770e-02 -2.506522322026e-04
-1.893734472470e-04 -2.230678914662e-01 -2.119918740837e-04
3.895334534529e-04 8.984412694778e-02 3.499296090182e-04
-2.488995322398e-04 -1.091133146143e-01 1.451144652426e-04
-5.330113031492e-05 -2.647448389543e-02 4.381095067304e-05
-2.208209822960e-05 -7.131759505852e-03 -1.105355808434e-04
2.665398461040e-04 -2.747513523502e-01 -2.763313041711e-04
-3.685414601761e-04 2.626693737660e-01 -1.827745657655e-04
-6.664374489457e-06 -2.210372103525e-03 -6.969707872392e-06
8.455910683824e-05 -1.078756960572e-01 -8.967603042330e-05
-5.683966098626e-06 -1.269534886160e-01 -3.465740546969e-04
Mode 17
4.034948390745e-01 2.889306529387e-04 1.850161504061e-01
2.160181326501e-01 -7.283510492982e-04 1.348641240975e-01
1.295422747730e-02 3.411873054261e-05 -1.404661566932e-01
-2.601241145447e-02 7.918267032475e-04 -2.015283481637e-01
-2.677930377974e-01 -3.177093551447e-04 -1.772143762002e-01
-3.323048597479e-01 -7.537518096092e-04 -1.442573427284e-01
-1.355380275324e-01 4.592774707546e-04 -1.766145994429e-01
5.313865299561e-02 4.425708309454e-05 2.459242594825e-01
9.773484569099e-03 -4.965429319743e-04 -3.836112018311e-02
-8.578044642252e-02 1.672291023396e-04 1.210744826250e-01
-1.125419834580e-01 1.327796139068e-04 -1.953196831438e-01
-2.183723011917e-02 3.089915208934e-04 -1.966290796209e-01
3.510874245043e-01 -1.583007842645e-04 1.615341506106e-01
-1.177963700361e-01 7.854744760326e-05 5.662544027661e-02
-8.024163235081e-02 -2.050232211421e-04 1.196457843456e-01
-8.167765803164e-02 1.309057982704e-04 -3.567105750533e-02
1.619440630497e-02 5.208254186963e-04 -1.837913763636e-02
-1.086236868718e-01 -3.073208765250e-04 -5.934878425658e-02
1.509629446186e-02 -2.730105602658e-05 -2.164733419955e-03
3.381772988328e-02 3.292972654211e-04 1.552561653596e-02
-5.489648327543e-02 2.572626989819e-04 -2.164760533869e-02
Mode 18
1.679621260276e-01 3.664417056602e-04 8.149602056881e-02
8.598880122766e-02 -1.738178656618e-03 5.249525052313e-02
-1.133017071647e-02 4.770184365175e-04 -8.018511731073e-02
-2.629955398190e-02 3.516667956779e-04 -1.044336659676e-01
-1.170961125999e-01 -1.688119714605e-03 -7.853049092630e-02
-1.270708063630e-01 5.601674684776e-04 -4.514995589864e-02
-7.759726963883e-02 1.177141220699e-04 -3.138754663398e-02
5.281474892529e-01 -4.425051371031e-04 -2.477333774867e-01
-5.042226303605e-02 2.118616403219e-03 7.228746634881e-02
1.104470464209e-01 -3.585820558486e-04 -2.518424265855e-01
2.279204114147e-02 -9.914468961755e-04 2.424570260928e-01
-2.360604641317e-01 -3.047689220820e-04 2.920578083063e-01
-4.201587384714e-01 2.098540468508e-04 2.741483866776e-01
-7.063684822062e-02 -2.357483617383e-05 1.573774503970e-02
-5.752876205809e-02 2.829542034502e-04 4.223729396243e-02
-4.467667877275e-02 1.044812837179e-03 -2.095634176903e-02
1.906917514107e-03 9.602932846096e-04 -1.434338434019e-02
-3.476233964464e-02 6.172716416818e-04 -9.303729566699e-03
-1.864796821938e-02 3.232045341317e-05 3.831174589439e-03
7.871451020333e-03 1.043972619260e-03 4.692529443122e-03
-3.261853788649e-02 1.132796640013e-03 -1.587357718609e-02
Mode 19
9.262815624373e-04 -7.935092209351e-02 2.275212806552e-04
7.234074879564e-05 4.021278929419e-01 9.116971526668e-04
-6.501565338292e-05 -1.010018315304e-01 -5.428694259748e-04
-7.656159864222e-05 -2.446507922594e-02 -7.011982578434e-04
-8.633531711212e-04 3.909642464859e-01 7.618122022843e-06
-6.937830169815e-04 -2.015004981784e-01 1.082671707339e-04
-1.910281425091e-04 4.158694491678e-02 -1.019958351513e-05
2.188546019601e-03 6.610430474015e-02 -9.976272767764e-04
-4.456572406718e-04 -5.195093052019e-01 2.651083648439e-04
3.227784192144e-04 6.302832667828e-02 -1.114815226936e-03
1.780282759990e-04 2.388007098386e-01 1.066094443394e-03
-7.341790990011e-04 1.141033373327e-01 1.251583828703e-03
-1.673015335894e-03 -4.245065240517e-02 9.501028343068e-04
-2.401695179031e-04 -1.106385131554e-02 -9.422809164494e-05
-1.989845547670e-04 -9.342027310476e-02 1.180603023422e-04
-9.505836674991e-05 -2.550955840616e-01 -4.672898560781e-04
1.430723577985e-04 -2.045625886192e-01 -4.482924255148e-04
-1.757811380953e-04 -1.793648620564e-01 6.076750467206e-05
-4.839753976991e-05 3.428631545769e-03 2.519452788999e-05
3.967392991201e-04 -2.395640372093e-01 -4.367831117295e-04
1.002323138428e-04 -2.656480346507e-01 -4.428309045454e-04
Mode 20
2.934265933244e-04 -3.464855744660e-02 6.186499802245e-05
-7.086950242029e-05 2.233677905366e-01 4.521484520601e-04
2.071145678281e-05 -8.543544281938e-02 -2.088939881777e-04
-1.664354135538e-05 3.491095662429e-02 -1.821388353513e-04
-3.319086276824e-04 2.324425006034e-01 1.340841016934e-04
-1.368064985263e-04 -2.223247812451e-01 8.394862553004e-05
-3.666284785300e-05 3.415505768576e-01 -5.681491095864e-05
-4.016383791558e-04 -2.118368261892e-01 -1.749903218175e-04
3.348568773933e-04 6.380738644728e-01 3.882893429602e-05
1.170269224331e-04 -6.394688468221e-02 2.277694629170e-04
8.972261902488e-05 -3.440104350583e-01 6.295039414030e-05
1.091152189043e-04 -3.795266157128e-02 -4.005120324496e-05
1.861916051735e-04 3.570037872501e-02 -6.874100687396e-06
-5.927959453339e-05 1.365707743566e-02 -9.963758885418e-05
-5.560863383907e-05 -6.427156169988e-02 -2.507011522315e-05
2.969955786723e-05 -1.668880777657e-01 -2.596453171816e-04
6.162548601926e-05 -9.622662190267e-02 -2.193371432845e-04
-4.124089534493e-06 -2.347346376139e-01 5.844160350689e-05
-2.036337605484e-05 -4.347880126900e-03 -1.100153600971e-05
1.789544491568e-04 -1.361690592310e-01 -2.748114537477e-04
1.102218839258e-04 -1.673983009360e-01 -2.566432911010e-04
Mode 21
1.694240178148e-01 -4.388087771304e-05 1.327438925586e-01
4.501132358087e-02 -5.035597632490e-04 1.242905227965e-01
-6.177970694163e-04 1.816124483581e-04 1.483676571315e-02
1.252499197831e-01 1.658012698637e-04 -2.206387818325e-01
-6.868716256088e-02 -1.056877205742e-04 -1.606705209823e-01
-1.748337783628e-01 1.950964543220e-04 2.469097432835e-01
1.995865740900e-02 -8.606276627782e-05 2.066423231418e-01
-3.619845444222e-01 4.493393497915e-05 -2.581769569679e-01
2.111053224121e-01 -2.520804586429e-04 3.970096131202e-02
-1.501676118123e-02 3.433152648477e-05 -3.132320872745e-02
3.922136491928e-01 7.201416341750e-05 2.253452685103e-01
2.414043749079e-01 2.352315969071e-05 1.320582729019e-01
-6.261666791881e-03 -2.855358076630e-05 -1.488434942760e-01
-1.275931028935e-01 2.729947700471e-05 -2.176765427288e-01
-2.407303175438e-01 -8.807284794463e-05 6.407165083615e-02
-9.133455210831e-02 2.771138325826e-04 8.532045484007e-03
2.997421901249e-02 2.291368748800e-04 -7.598975567366e-02
-4.236956461635e-02 4.141814618949e-05 8.151772631615e-02
4.431816542457e-04 1.753299098640e-06 3.636543383651e-03
1.556072259183e-02 2.654464792172e-04 -6.365655348979e-02
-7.168398018836e-02 2.773940708756e-04 1.397736181979e-02
Mode 22
-1.594750663650e-01 -2.629860548364e-04 7.251486074123e-02
-9.357841195128e-02 -8.766028308783e-05 8.038008747527e-02
2.145049573746e-01 -3.843255519068e-04 3.738050902445e-01
4.537449652966e-01 3.414939336869e-04 -2.436312111777e-02
1.000016391589e-01 3.025673874740e-04 -9.104853752578e-02
-5.814762072998e-02 8.499926493054e-05 1.125610304099e-01
2.107696984798e-03 -2.228181478020e-06 3.753563897044e-02
2.572899626822e-01 -3.307736812082e-05 -8.648116819422e-03
-1.824137910313e-01 1.718901303163e-04 -3.771024188494e-02
1.968303775881e-02 -3.342341995875e-05 4.874543597795e-02
-2.768147596056e-01 -5.393423206081e-05 -1.441092672629e-01
-6.194566121681e-02 -4.058275541408e-06 -9.928484251674e-02
6.585515341507e-02 -4.116652366731e-06 5.230700045342e-03
-1.101383860071e-01 2.373613551979e-04 -3.773712400494e-01
-3.201071665080e-01 -2.075663632967e-04 1.228118861483e-02
4.671700810433e-02 -1.395466950908e-04 1.087883252628e-01
1.135009580554e-01 1.115600755426e-04 -3.736570633927e-02
-2.513922357226e-03 7.737435014748e-05 4.993214525630e-02
-6.860027240197e-04 -4.949264783842e-07 -3.238878743637e-03
1.010523489663e-02 2.032532552105e-04 -1.091506489121e-01
-6.322264118614e-02 -7.321666044408e-05 5.431988145343e-02
Mode 23
1.381300619480e-01 8.574514891418e-05 2.744982260715e-02
3.970743694409e-02 -2.986155724760e-04 1.624717520633e-02
-1.211015209602e-01 3.338797529019e-04 -1.705619124931e-01
-1.417611910059e-01 -2.107190323070e-04 -1.109522269335e-01
-3.788531184515e-02 9.495923754699e-05 -1.939490027121e-02
-2.917218922917e-02 8.553950604394e-05 1.962244564531e-01
3.099335157027e-01 -4.147941749370e-05 1.118276575986e-01
1.620461344201e-01 -5.746443137373e-05 1.029517646614e-01
-5.034448490669e-01 3.764700748492e-04 8.080902322514e-04
8.127752970936e-02 -1.070161501336e-04 -4.491212806033e-03
-3.356942747678e-01 -4.291897714850e-06 2.079900800978e-01
3.130067224691e-01 -1.905703086007e-04 6.219190258654e-02
1.334651691701e-02 1.249491833059e-05 -4.268835059857e-01
-8.652386946580e-03 -2.891556790100e-04 2.366326716106e-02
1.177675482140e-02 1.484374735655e-04 1.322358862034e-02
-7.929484666796e-02 2.675177047728e-04 -4.754733029172e-02
-4.322536571703e-02 5.388813457304e-06 -3.708784601879e-02
-1.791167155734e-02 -2.199184201659e-04 4.256403629875e-02
-3.659442044483e-03 7.550128226928e-06 -8.875772532799e-03
4.652848117828e-03 4.838869942809e-05 6.829506214161e-03
-6.848546314519e-03 2.832393328043e-04 -1.447206932744e-02
Mode 24
-1.001792348056e-01 1.957830522929e-04 -1.334875031292e-01
-4.083232633646e-02 -8.996434839580e-04 -1.740204365649e-02
-6.585133691287e-02 5.192783385184e-04 -7.598466194012e-02
-4.755005686030e-02 -5.574806847433e-04 -4.321276439943e-02
9.935387737222e-03 6.866906629869e-04 7.113790218207e-03
-3.681759722586e-01 -1.921624780180e-04 4.744922032966e-01
-1.960868872727e-01 2.667147178904e-04 3.278609915816e-01
1.502552143834e-01 -1.508738482532e-04 -3.077401987681e-01
4.175923089824e-02 -8.138722987621e-05 -3.595760965359e-02
-1.206579342194e-02 2.093061503097e-05 5.331136528506e-02
-9.501926437928e-02 2.083114286515e-05 -2.131406884234e-01
-6.545095872831e-02 -7.843925381295e-05 -1.275712251126e-01
1.474780256639e-01 4.427948863973e-05 9.282694518055e-02
2.344280252190e-01 -4.971346621565e-04 8.966467931694e-02
2.957625996511e-01 6.967398117819e-04 3.415107579493e-02
-1.666406045171e-02 5.985725275386e-04 -2.301588547651e-02
-1.352919634184e-02 -1.721833991196e-04 -1.300677315984e-02
-6.177508028637e-02 -5.517468094766e-04 1.959807561346e-01
6.784983754136e-04 -3.304255690474e-06 4.853362472588e-04
8.655285520041e-02 -2.786367018192e-04 2.413483436769e-02
1.164506580062e-01 5.501189042538e-04 6.163570781500e-02
Mode 25
2.556578281012e-05 5.071153858584e-02 2.709531731322e-04
4.342232176356e-04 -4.630973377766e-01 -7.206570100871e-04
3.820133379752e-05 2.303921696769e-01 5.353842500343e-04
2.885766499317e-04 -2.513590874974e-01 -1.083521786474e-04
-4.215106310049e-04 4.613367161409e-01 6.204595520502e-04
6.602385049419e-04 -1.137814015748e-02 -1.010096315096e-03
2.571697514470e-04 1.431510950916e-01 -8.122656076144e-04
-2.506014610828e-04 -2.015650156675e-02 5.494655671393e-04
1.375625124804e-04 -3.588353322741e-02 4.539184006133e-05
-2.307544275746e-05 2.223899947579e-03 -4.502662592740e-05
2.737975200127e-04 1.065029827063e-01 1.538860363678e-04
-1.711644528038e-04 -2.718992327883e-01 2.105811379673e-04
-2.848334402239e-04 8.826226720292e-02 1.373274164993e-04
-1.440943890978e-04 -2.258305185016e-01 -4.032292637977e-04
-6.515715987715e-04 2.468709918073e-01 2.839704886192e-04
-3.321097126641e-05 2.198111515519e-01 3.735044575310e-04
1.624416249693e-04 -1.881521382507e-01 -1.982422466398e-04
1.136119813172e-04 -2.241840753582e-01 -4.055398590989e-04
1.551759677135e-06 -4.350699824548e-04 2.432861726120e-06
1.559987225022e-04 -2.413093534915e-01 -4.166563542201e-04
-3.515355968509e-04 1.852972260613e-01 1.633722886768e-04
Mode 26
6.288439831994e-05 -2.691362387467e-02 -2.514329658485e-05
-1.492278084499e-04 1.960520424193e-01 2.948804405176e-04
4.137153844462e-05 -1.011757792511e-01 -1.631162627829e-04
-1.024106094360e-04 6.256098251449e-02 8.887086268907e-05
1.805946058401e-04 -2.176137446468e-01 -2.629480467712e-04
-4.014253463685e-05 9.892203995909e-02 2.605680874713e-04
-7.147349041121e-05 3.069233862810e-01 1.602331700903e-04
7.028281432935e-05 6.583881310839e-04 -1.881449526312e-04
-6.734712400544e-06 -7.878718090764e-02 2.598591530319e-07
-2.036254717874e-05 -4.855957448402e-04 7.727361469131e-05
-4.419427647439e-06 2.801562395249e-01 -2.070731446698e-04
-9.268307428019e-05 -7.642624975245e-01 3.190958711278e-05
9.393406366005e-05 2.260901079469e-01 -7.890210586017e-06
-5.932479411638e-05 5.040110718520e-02 8.580709247692e-05
7.910060253271e-05 -9.567346872156e-02 -1.748864510533e-04
6.652339265678e-06 -2.964037861957e-02 -4.753104409875e-05
-1.374421586069e-04 1.432092532530e-01 1.812739844771e-04
8.687527196548e-05 -1.547033283707e-01 1.773489438009e-04
1.892363792323e-06 -1.031226523583e-03 -2.662667979760e-06
-1.519692623534e-04 1.317055778713e-01 2.263174154956e-04
1.983452506532e-05 -3.276723282959e-02 -7.289710129490e-05
Mode 27
3.678466798637e-01 -6.272896175757e-05 2.004199296273e-01
2.469345005701e-02 1.697179926052e-04 3.702007265289e-03
-2.283611121624e-01 1.963433160073e-04 -3.660872465437e-02
-3.250659208680e-01 -1.777231631911e-04 9.339084460296e-02
1.896768256469e-01 3.958701172717e-04 1.010445737600e-01
3.569323064292e-01 1.463704507583e-04 1.698719072386e-01
2.471188427472e-02 -8.789811966831e-05 2.247330244918e-01
4.225253643215e-02 -6.611870732910e-06 -6.837544180084e-02
9.262346893156e-02 -6.835533359527e-05 -4.161359423701e-02
-2.321828148512e-02 2.023817276752e-05 3.318311158804e-02
-9.506763584686e-02 -9.953064625348e-05 -2.841977394549e-01
-1.537328891205e-01 2.722765382318e-04 -7.046716582267e-02
-1.753002818934e-03 -4.767222460623e-05 1.243265365976e-01
-1.287454799859e-01 -5.089358784089e-04 -2.718288895244e-01
-1.660883581952e-01 -3.011021977454e-04 -1.752680318615e-01
-8.653328278815e-02 -6.309839133594e-04 -7.397911508268e-03
-1.422459188935e-01 -6.211092907444e-04 -5.053439004568e-02
1.539913610940e-01 -2.139809712612e-04 1.097748567962e-01
8.107708808519e-04 -2.267797630420e-06 1.133742642189e-03
-1.305283920495e-01 1.055490132819e-03 -7.699177337651e-02
-6.770564994459e-02 1.072645504549e-03 -8.809747934234e-02
Mode 28
6.027418563801e-04 1.236094854706e-02 4.007752227329e-04
9.221781533126e-05 -4.545413633515e-02 -1.170498598276e-04
-2.725976179474e-04 -2.029836833763e-01 -4.633776181618e-04
-3.437175322268e-04 -1.718550336799e-01 -2.112077024680e-04
4.969064307722e-04 -9.745006684872e-02 3.936833292931e-05
7.442873251733e-04 3.800092507418e-02 3.985682539745e-04
9.580029571556e-05 -1.368533220092e-02 5.571399127944e-04
1.488174505798e-04 -2.069945691167e-03 -1.113385195988e-04
1.425523245375e-04 1.992507206019e-03 -1.167225062312e-04
-4.330213768780e-05 4.612110274628e-04 7.989313793220e-05
-2.264320645972e-04 -3.620905693429e-03 -6.085531103238e-04
-3.028090664085e-04 5.485841432598e-03 -1.234003177293e-04
-1.118558974798e-05 -2.281272132465e-03 2.404192519144e-04
-6.064275700906e-04 2.974104567799e-01 8.975230409421e-05
-6.648620714554e-04 2.409188054206e-01 8.514949702832e-05
-5.437359607780e-04 4.143552742950e-01 5.499710406068e-04
-5.003079999495e-04 3.491936850186e-01 3.296108899274e-04
3.393156246725e-04 8.986271704577e-03 2.682424560029e-04
1.532783250434e-06 -1.053392848757e-04 2.421263665097e-06
2.220448655960e-04 -4.597227922117e-01 -9.136209343440e-04
2.733188701715e-04 -5.141067989812e-01 -9.973532227543e-04
Mode 29
-5.459679525900e-05 8.253153668164e-02 1.181392348078e-04
2.727616449078e-04 -3.346139502036e-01 -4.760949190908e-04
-2.648734852395e-04 2.593987756685e-01 -2.096013860503e-05
-1.123750675745e-04 2.399939569681e-01 3.666722314507e-05
4.040031428973e-04 -2.878208976047e-01 -3.429535569149e-04
2.596622955788e-04 -2.485767962349e-02 3.591319759844e-04
1.182707382103e-05 6.108165614427e-02 4.646320576730e-04
1.028530206178e-04 7.970608402232e-03 -1.217319057913e-04
4.705109983844e-06 -1.369771217271e-03 -4.445659262487e-05
-1.277880187423e-05 -1.589298036733e-03 3.791752965958e-05
-1.236494878503e-04 3.473894562865e-02 -2.530807163437e-04
-6.247254917422e-05 -1.218132597606e-01 -4.515200400703e-05
4.185696930507e-05 2.865616232965e-02 4.644062054029e-07
-3.573807466692e-04 2.111775963345e-01 5.096658555174e-04
-4.724048904488e-04 1.613342404972e-01 4.172517686920e-04
2.346285779510e-04 -4.662747223029e-01 -7.824512088302e-04
3.389516689125e-04 -3.878852453854e-01 -6.004686539574e-04
1.716636634697e-04 2.277396581053e-01 2.285872398830e-04
3.133660153310e-07 -2.407286341121e-04 -1.454734212046e-07
2.421810091354e-04 -2.807796216366e-01 -4.376764332101e-04
1.243470161164e-04 -2.881232500858e-01 -4.650097875429e-04
Mode 30
-1.941524252147e-01 -7.231532786071e-05 -1.038507608522e-01
5.859352841097e-02 3.028358611843e-04 2.471761698380e-02
8.169491672719e-02 4.974009314566e-04 -3.784984768827e-01
2.356135463580e-01 4.635423864574e-04 -2.994700322263e-01
3.624886682212e-02 2.973473303398e-04 1.301991777935e-02
3.139295340539e-01 2.626500749051e-04 9.240938627230e-02
1.200798500758e-01 -1.158095447957e-04 1.560399596369e-01
-1.115150353024e-02 -3.174886186748e-05 -2.577292993357e-02
6.502796396297e-02 -3.066758731384e-05 -1.763431635261e-02
-1.447038672261e-02 1.349094314044e-05 1.310265528310e-02
-6.750077338809e-02 -8.312632094501e-05 -1.923512416764e-01
-8.559750659508e-02 2.194766116496e-04 -1.138590709732e-02
-3.220150503028e-02 -3.411531970521e-05 6.746003461384e-02
-1.519078867755e-01 -8.736733338081e-04 4.106793992115e-01
-2.826016097342e-01 -9.575566542944e-04 2.775781483179e-01
-8.103305372979e-02 3.200653114238e-04 -1.111916529231e-01
1.071313999973e-01 2.522729064836e-04 -3.614697960360e-02
1.387711107487e-01 -4.378222103311e-04 8.198121556973e-02
3.867715516536e-04 -1.392566314123e-06 6.214516448604e-04
-3.666127402427e-03 6.939437712541e-05 1.253671689661e-01
-1.489151575159e-01 4.519559397790e-04 -2.108444997308e-02
Mode 31
-6.410137409214e-05 2.484090583085e-02 4.449898858466e-05
1.205556666256e-04 -8.691743506618e-02 -1.996603868189e-04
2.109460634842e-05 1.720473164718e-01 4.937354810926e-04
1.659248051682e-05 -7.008007843695e-02 1.147407035106e-04
-2.554662749322e-05 -1.372454076650e-01 -3.721603342285e-04
7.309767727825e-05 4.159850333901e-01 -3.479712347042e-04
-9.289434586236e-04 -1.619448768339e-01 -8.897239506797e-05
1.530498369419e-04 -1.657406538144e-02 -7.417113661461e-05
-1.286664592942e-04 -5.224944836247e-03 1.597732512950e-04
2.788805577492e-05 3.837822220498e-03 -5.865435879806e-05
2.279528921888e-05 -3.806929728688e-02 4.046731727391e-04
2.430315684748e-04 1.526616690350e-01 -8.099592979721e-05
2.988419750572e-04 -2.894236029377e-02 -1.727448094506e-04
-1.644884069543e-05 -7.249837458015e-02 8.875641630172e-05
-1.625868126216e-04 1.268559717256e-01 1.504190595771e-04
4.696482747867e-04 -3.003693807250e-01 -3.631016418135e-04
-1.923519002763e-04 1.664813036205e-01 2.272439388094e-04
4.263652869540e-04 -7.154960424635e-01 3.299056151596e-04
6.610996657412e-07 1.855400691297e-04 -1.076056425532e-06
-1.298745926530e-04 1.294808391893e-01 2.863875991587e-04
1.191502923737e-04 -2.128671499188e-01 -4.466091776233e-04
Mode 32
1.290475965036e-04 -2.066053920018e-02 5.842088161786e-05
-5.435469651248e-05 6.836777581100e-02 2.139433175481e-05
-1.711775209162e-05 -1.311473182641e-02 3.312141569057e-04
-1.436286814064e-04 4.936514907947e-02 1.899005298109e-04
2.268375478134e-04 -1.549589946522e-01 -3.479183170737e-04
1.462435458337e-04 1.840683617348e-01 -2.466829339089e-04
-1.097999840623e-03 -5.631207398828e-02 1.668510172903e-04
2.594242749712e-04 -9.216320365464e-03 -9.515718444833e-05
-1.493951366561e-04 1.415160571694e-03 2.983923670518e-04
2.876895898316e-05 1.381783826565e-03 -1.039168650084e-04
-5.577813956303e-05 -1.255373018332e-02 4.763260847698e-04
2.139308909725e-04 4.352851945783e-02 -2.089844008252e-04
3.954369170643e-04 -7.921120496226e-03 -2.909424813146e-04
-4.260423091022e-04 3.660556527604e-01 7.213079828223e-04
1.933226428216e-04 -3.373833571365e-01 -7.938049383846e-04
7.451644043313e-05 1.989350650360e-02 1.314613664713e-04
-7.992648456909e-05 -7.049189312864e-02 -2.142611550277e-04
3.902906227164e-04 -2.434795284543e-01 3.300517910272e-04
8.588050094569e-07 -1.367290121195e-05 -1.251667837385e-06
5.684059176964e-04 -5.625256203404e-01 -9.403538507811e-04
-6.922365106062e-04 5.478221219639e-01 5.074204095382e-04
Mode 33
-5.836361779628e-04 -2.709086355117e-05 6.036506705138e-03
1.804211979430e-02 7.680552042097e-05 -1.064581720503e-02
1.105600433892e-02 -6.789925937878e-04 -7.525709568518e-03
-1.957149845049e-02 6.398501775591e-04 3.119462433109e-02
5.905116323708e-02 3.053269021580e-04 -1.231210495352e-02
1.267258054475e-01 -2.585226985056e-04 -1.180944766292e-01
-4.416052352369e-01 1.226961411975e-04 8.808405650804e-02
7.175125219831e-02 2.157065497011e-06 -9.346102836198e-02
1.250673807963e-01 -5.414515532495e-05 6.294268978986e-01
-6.446844999504e-03 1.860598758215e-05 -2.190866834269e-01
-2.079799361949e-01 1.256128201586e-04 2.539992039019e-01
4.457167895292e-02 -1.437640282818e-04 -2.148450880715e-01
2.367768437832e-01 -2.198903715664e-05 -2.079518786242e-01
-3.654686303955e-02 -6.508163553458e-04 5.476845002214e-02
-7.019889816424e-02 3.770313437892e-04 1.261770460879e-02
2.667994486053e-02 1.172900168917e-03 -3.078339937828e-03
-8.792112731146e-03 -1.203966273013e-03 4.315487650918e-03
1.171539313438e-01 4.913254534890e-04 6.452665484469e-02
1.802613736166e-03 4.236310476081e-06 7.947263488055e-04
-1.257812638922e-02 7.079579801777e-04 1.788554743377e-02
-4.810174658164e-02 -6.945945981039e-04 -4.091289004021e-02
Mode 34
-4.283043381545e-05 -1.012629023860e-02 -2.108165553232e-05
3.104268793148e-05 2.924967932287e-02 -8.276757903188e-06
2.559194057377e-04 -2.991260347118e-01 -3.312661190496e-04
-2.789420503333e-04 3.902462781406e-01 6.367065285472e-04
8.585889129417e-05 -1.286263910232e-01 -3.117932228193e-04
6.170915421790e-05 1.636047255522e-01 -1.000577423118e-04
-9.854945674795e-04 -4.857891613828e-02 -2.770054536105e-06
2.353145352079e-04 -4.477683544501e-03 1.176044397905e-04
-1.128094474182e-03 -2.167395792908e-03 -2.671153284490e-03
1.257656159066e-04 1.054784731102e-03 9.126681949521e-04
1.086663797139e-03 -8.311830096468e-03 9.933229606061e-05
3.865426617728e-04 3.597792031169e-02 5.058377093111e-04
-1.215273688453e-04 -5.799825513687e-03 2.281996176279e-04
-1.724095713136e-05 -7.469968622394e-02 9.427665359659e-05
-6.679460267968e-05 8.383970871512e-02 1.169865971182e-04
-3.178721923169e-04 4.734305117700e-01 7.065426447779e-04
4.707662534514e-04 -6.225126014144e-01 -8.331906320191e-04
4.346509447860e-04 -2.367970929755e-01 4.430590385502e-04
-8.263064873178e-06 4.885403222275e-05 -9.359464253068e-06
-2.409185509489e-04 1.148617059289e-01 2.657442006842e-04
6.718384965134e-05 -1.289601402070e-01 -2.940332603594e-04
Mode 35
-3.095998642509e-03 1.811817717178e-05 3.239216819344e-03
1.815914191066e-02 -2.711750590956e-05 -1.643361193103e-02
5.006296319233e-03 7.686524821517e-04 -9.376941627390e-03
-1.575315638754e-02 -1.235489448015e-03 3.461104678476e-02
7.418227408016e-02 9.358213580709e-04 -2.696003699216e-02
1.367377722847e-01 -9.495201783711e-04 -9.640761728713e-02
-5.932369515714e-01 3.365071018418e-04 7.695867389897e-02
1.228017689523e-01 2.142254921925e-05 -1.518814077674e-02
-3.011500356602e-01 8.892118747596e-05 -5.150293445839e-01
3.809542463352e-02 -4.076746034957e-05 1.720308739104e-01
2.387674845096e-01 4.276420210932e-05 1.916384234460e-01
1.321279029967e-01 -2.708849913135e-04 1.612114087685e-02
1.027917347001e-01 3.504261828750e-05 -5.150101595599e-02
-4.142865151261e-02 -2.362440479960e-04 8.071719764797e-02
-7.226040179854e-02 -1.666544713825e-04 2.142377532329e-02
2.793166986210e-02 -1.120862007950e-03 -3.757349337415e-03
-6.742489138399e-03 1.781086874029e-03 7.248309584657e-03
1.843452388349e-01 1.569594341250e-03 1.470601388680e-01
-1.745868541302e-03 -1.729783014761e-06 -2.642120846595e-03
-5.005698666719e-02 1.798188549104e-05 2.582410108187e-02
-5.418853475522e-02 1.163711457769e-04 -4.719797817484e-02
Mode 36
-3.276787968070e-02 -1.312082338658e-05 -1.718098789364e-02
3.038771424662e-02 6.785216976557e-05 1.220240294089e-02
1.630393413953e-01 6.442202657264e-04 -3.998376825212e-01
-2.160156012569e-01 -4.910244783012e-04 2.791026970604e-01
1.284054312040e-02 -1.424588131440e-04 1.033651443210e-02
-9.206342582261e-03 1.030392598429e-04 1.134618494229e-03
-1.140596576482e-02 -3.337984439260e-05 -9.886636768218e-03
1.701690804857e-03 -5.365949596835e-06 -1.357691701610e-03
-5.385926629318e-03 4.730354396855e-06 -8.717134891894e-03
8.014352396430e-04 -4.675673087288e-07 3.042573940033e-03
5.810888608851e-03 -6.924141866495e-06 5.562641354096e-03
3.949293205483e-03 2.371412311986e-05 2.384729880971e-03
-8.357162720401e-04 -3.355402437243e-06 9.704588248308e-04
1.247619169256e-01 7.177708968994e-04 -3.276658319806e-01
-2.510128682463e-01 -8.285481433453e-04 3.547260789526e-01
3.293859553346e-01 5.269293782110e-04 -1.321918345062e-01
3.616381118154e-02 -3.276368770230e-04 2.457634226311e-01
-1.416825497172e-02 -1.732883866779e-04 -1.341594427743e-02
-2.822988642105e-05 2.254130981367e-07 1.382883747070e-05
2.443360993946e-01 1.786251161077e-04 -9.841425001597e-02
5.988232687979e-02 -3.062328457010e-04 3.360841117675e-01
Mode 37
-1.028261621644e-02 -1.692000880494e-05 6.845653538099e-03
2.659882655249e-02 8.585886711177e-05 -4.442892025748e-02
1.068737905125e-01 -2.191582031423e-04 1.985707396636e-01
-2.111034929296e-01 -1.128596132795e-04 -3.249834243781e-02
1.922753627733e-03 2.857759967757e-04 -1.916705851386e-01
-3.897725430424e-02 -2.173068406408e-04 1.494167448720e-02
3.632568522483e-02 4.203765460519e-05 2.280013446148e-02
-1.218362881641e-02 -1.071143058574e-05 -1.106987787415e-02
3.116750951803e-02 4.108387536261e-06 9.679350010938e-03
-7.429277085099e-03 6.506236737393e-07 4.046391847876e-03
-4.501466204009e-02 -1.477533424975e-05 -1.213542469464e-01
8.784531985566e-02 -2.737535458447e-06 1.251376951771e-01
-3.713525111017e-02 7.508217437189e-06 4.015053163558e-03
1.198133603608e-01 -2.057549484449e-04 1.674568040814e-01
-1.406772517307e-01 -7.822146315150e-05 8.739925019929e-03
5.277624561849e-01 3.704082812272e-04 4.229841520299e-02
-2.392674876284e-01 2.346890497333e-04 -2.882969277516e-01
2.170189360736e-02 3.160864023519e-04 4.342973560312e-02
3.771544540275e-04 1.352127560564e-07 4.618950787355e-04
3.517507627573e-01 4.587317241659e-04 4.920677552748e-02
-2.646608591620e-01 2.167400672185e-04 -3.686922017179e-01
Mode 38
2.439261335519e-02 -2.301830769510e-06 1.407088737819e-02
-3.962074371337e-02 -7.330654063611e-06 -1.549546728080e-02
1.574307140318e-02 4.039366060690e-05 -3.014133332238e-02
-1.651165840180e-02 1.317921964167e-04 -7.443535360666e-02
1.341899093025e-01 -1.080042562209e-04 9.415441122307e-02
-3.768841106382e-02 5.400105685045e-05 1.197095177219e-01
2.191975871522e-01 -2.060920784264e-05 7.867978621061e-04
-1.258763068263e-02 5.315235328501e-06 2.872838621395e-02
-1.161591901195e-01 1.408961320910e-05 -9.276744684161e-02
2.865522707487e-02 -4.995437210702e-06 -8.153839672171e-03
2.005333642889e-01 3.623364954596e-05 4.599589068318e-01
-4.554390443854e-01 -1.524787196043e-05 -5.587593231055e-01
9.123332694835e-02 -2.061307827384e-05 3.967889024741e-02
2.680210798749e-02 -5.043569051538e-05 3.459200613470e-02
-7.054647114730e-02 -6.752160468581e-05 1.862166778468e-02
1.399001147244e-01 1.492683785976e-04 -1.532627284955e-02
-1.116526335722e-01 1.392101415285e-04 -1.996935465609e-01
-9.535516255324e-02 -2.021691769878e-04 -6.327629654727e-02
-1.821997603819e-03 -4.798893742483e-07 -1.791040289352e-03
-3.722175795894e-03 -1.653738613798e-06 1.202775828472e-02
-3.772481235349e-02 -2.306690601819e-05 -2.004504542416e-02
Mode 39
-9.742335584938e-02 4.838185030557e-06 -5.261134000321e-02
1.244461949647e-01 -2.564725077336e-05 6.859686429393e-02
-7.133738399855e-02 -2.048817782403e-05 -1.929465037536e-02
-3.229847342659e-03 -2.596164126281e-04 1.892094182307e-01
-1.523153895033e-03 -5.082844406492e-05 1.590086404753e-04
-3.030676130185e-03 2.809918332943e-06 3.099500938182e-02
3.874124194278e-02 -1.819381364063e-05 -1.815470218703e-02
-5.454480673910e-03 -9.429172609255e-06 2.616479039123e-03
-2.318188474101e-02 1.548229865212e-05 -2.330140469905e-02
5.275872525581e-03 -2.488056652898e-06 1.729774962886e-03
3.618744871162e-02 1.881339415959e-06 7.794988136951e-02
-7.448758469686e-02 -7.064498385175e-07 -9.480248743773e-02
1.054276828064e-02 -2.623362210109e-06 1.086105114801e-02
1.960552325702e-01 2.783812229395e-04 -8.360039164558e-02
-7.807945248564e-02 3.247217909251e-05 -4.854668798828e-02
-4.450917996991e-01 -3.874536190883e-04 1.345517475332e-02
1.761516078189e-01 -3.311101011382e-04 3.462792830081e-01
-1.295357310379e-02 -3.315397478262e-05 -5.396084015196e-03
-2.735242157232e-04 3.004854570152e-07 -2.458144501274e-04
4.557436900241e-01 5.662255970547e-04 -2.883336874113e-02
-2.830718764022e-01 3.907282750917e-04 -4.562976599314e-01
Mode 40
-7.565992888341e-02 -2.388353686952e-06 -3.797037517750e-02
1.144996774762e-01 -5.654150897911e-05 9.380973535318e-02
6.437970561756e-02 2.948864378303e-04 -1.752737907371e-01
3.737403698690e-02 5.731543211488e-05 4.469810474006e-03
3.717316279947e-01 -3.597504790978e-04 4.169967350533e-01
-1.444964649906e-01 8.017480060693e-05 -1.980381385076e-02
-1.989023878546e-01 4.640770843365e-07 -4.912805309360e-02
1.700429830615e-02 2.236342959286e-06 1.658512164907e-03
1.863783863768e-02 -1.938146552584e-05 -9.671857593633e-05
-3.238628638703e-03 2.482375102629e-06 5.389757938283e-03
-4.239771875473e-02 -2.392604651338e-06 -6.885267358819e-02
1.396660793318e-01 2.453287231355e-05 1.366358941340e-01
-1.299971797604e-02 -2.867949130962e-06 -1.487660837486e-02
1.350278682822e-01 2.232332730057e-04 -8.314901724063e-02
-1.416621417036e-01 -1.982924764645e-04 5.123472749107e-02
-1.847235920632e-01 -7.072402498039e-05 -4.607430166848e-02
-1.954003484175e-01 2.768792812271e-04 -3.476715520420e-01
-3.422868299974e-01 -3.468906607601e-04 -3.557331317659e-01
3.340946794591e-04 1.804875848146e-07 3.846248274503e-04
-8.318897182310e-02 -6.666051404720e-05 -2.072772270971e-02
-1.056119238926e-01 4.806894120826e-05 -9.048101507451e-02
Mode 41
-3.289171575784e-01 1.206196388981e-05 -1.827693536789e-01
5.486605265951e-01 -2.943741441159e-05 3.001251565396e-01
1.616233724046e-01 6.203312024140e-05 5.170139830329e-02
-2.178351337805e-01 -3.031693578118e-04 8.824454442309e-02
-4.270239158377e-02 2.127742209265e-04 -1.735287583919e-01
-1.822866859089e-02 -2.745370811328e-05 1.220949982597e-02
8.989275222086e-02 -5.126772922010e-06 -3.262458741839e-02
-5.966909981598e-03 1.235665017497e-05 7.374492104722e-03
-6.291562118701e-03 -8.307316006415e-07 1.452807442497e-02
3.884383662927e-04 -6.025759704672e-07 -3.375871156250e-03
1.682595194460e-02 4.512289335091e-06 1.614592790685e-02
-4.238923488818e-02 -1.115389148996e-05 -3.759591712051e-02
-1.131952472243e-03 2.417024938820e-06 7.889897272356e-03
-9.458291556226e-02 2.427505384061e-04 -1.877827140019e-01
1.683613976874e-01 -1.430202156932e-04 1.839138413464e-01
-5.427555883004e-02 -9.596054349734e-05 2.945938460718e-02
-1.379670042307e-01 2.368792845195e-05 -7.800332795789e-02
1.276128980028e-01 1.295558743289e-04 1.614555359176e-01
-6.621432862975e-05 -7.195892925850e-08 -1.457900338189e-04
-3.705565981332e-01 -3.541855529405e-04 -5.796987910466e-02
-4.839340220890e-02 1.619743351564e-04 -1.298452492765e-01
Mode 42
-9.208702031848e-02 -6.048649389045e-05 -7.681370607647e-03
2.628101445495e-01 5.021605012301e-04 -1.956160863865e-01
1.659697282359e-01 -3.554479474022e-05 1.162189962705e-01
-3.777272704801e-02 -1.222913681560e-04 6.883727944187e-02
-3.330631525462e-01 -3.478184338658e-04 4.942227452299e-02
2.150663503328e-01 2.910954331698e-05 -1.937609246656e-02
-3.241117005942e-02 2.614653585099e-05 1.738328977171e-01
1.039284123554e-02 -1.323301414120e-05 -1.491828859551e-02
-7.142485652121e-03 1.011679380075e-05 -3.893209929341e-02
2.134248543473e-03 -2.002133440044e-06 6.199881268825e-03
-6.906597766262e-03 -8.441660716435e-07 1.440842647159e-02
-2.016370340010e-02 -1.011897215888e-05 -3.678525400267e-02
1.278520189411e-02 -5.188072172395e-07 -1.871386659228e-03
-1.750747041587e-01 -1.485162530818e-04 -1.058791546363e-02
1.447573548154e-02 1.274816263275e-04 -7.278786093140e-02
-2.968889711426e-01 -3.252279522667e-04 5.425255079127e-02
-2.264272127450e-01 2.667952396783e-04 -3.211337923729e-01
-1.813511325407e-02 8.924334830998e-05 -1.051493416145e-01
-9.610065999857e-05 -2.829640325526e-08 -1.556548032343e-04
4.665343046409e-01 4.958489780149e-04 -9.720388198737e-03
1.985061257743e-01 -2.786438437393e-04 3.020291778395e-01
Mode 43
4.172869296057e-02 -4.174986851742e-05 4.965669979847e-02
6.219646981625e-02 5.490431757274e-04 -3.313474786991e-01
-8.066445824523e-02 -1.133607670931e-05 -3.170971390843e-02
8.399925063328e-02 -2.632934591858e-04 2.392348142013e-01
3.263650730132e-01 3.510117923236e-04 -1.894435724812e-02
-3.088940102262e-01 -8.489865055706e-05 2.597636256150e-02
8.724992294376e-02 -6.948106878805e-05 -3.875519052389e-01
-3.048159935719e-02 6.852990856336e-06 2.267055955608e-02
1.791228437729e-03 1.864826483132e-05 6.775019679805e-02
-2.812083355402e-03 5.127476006706e-07 -1.011390686093e-02
3.207459171850e-02 -4.553115151341e-06 -1.013575802809e-02
1.300433518833e-02 -8.075012486454e-06 4.392950016771e-02
-2.054678451020e-02 6.705296718820e-06 5.274456255923e-03
-7.166995777912e-02 -2.424411810489e-04 1.048327549107e-01
-1.287587920765e-01 -2.455992431055e-04 8.537155087276e-02
-2.166993631034e-01 -1.881599440057e-04 -2.201914502272e-03
-1.310873423365e-01 2.005071193201e-04 -1.812559453584e-01
2.750419296035e-01 2.149458249953e-04 4.520055178808e-01
1.396390888296e-04 2.281890127256e-07 2.539978030713e-04
8.128892684804e-02 7.994200480359e-05 3.530149828518e-02
1.122060359451e-02 -1.582264212034e-04 1.216552410864e-01
Mode 44
8.672724646956e-03 -1.004188945393e-05 1.080011258002e-02
1.586111899507e-01 6.463285161159e-04 -3.551061268127e-01
-2.923507649152e-01 -3.250134411683e-04 7.213907606172e-02
9.561918836560e-02 -2.472852119257e-04 2.577691540284e-01
2.590589860171e-01 7.440452252776e-04 -4.491268861341e-01
1.862968954687e-02 -5.798238131176e-05 1.395356836330e-02
-3.343133739206e-03 7.169411883480e-05 2.129679046018e-01
9.688359991866e-03 -1.152733079348e-05 -1.406788168379e-02
8.536058802599e-03 -5.657226764042e-06 -3.278886646391e-02
8.206732769050e-04 -4.959396739652e-07 3.365716690648e-03
-1.969403198526e-02 1.184359514082e-06 6.793042521274e-04
1.423106728844e-03 9.407493789328e-06 -1.513859860463e-02
-1.836790778076e-03 -2.058503638465e-06 4.459185466163e-03
-2.534482019750e-01 -3.360430784466e-04 7.331069407892e-02
9.717174838306e-02 -3.558709344288e-04 2.894102876229e-01
2.692592395044e-02 -3.280225334605e-05 1.961158218995e-02
2.741932360006e-02 -9.771878143292e-05 7.674828277547e-02
-2.752560675515e-01 -1.955748468823e-04 -3.350374516468e-01
-9.789423435835e-05 -1.485629163164e-07 -7.714580876723e-05
-6.300974945568e-02 -8.799822679902e-05 2.488062104417e-02
-4.106813598124e-02 3.568581588498e-05 -2.457241743610e-02
Mode 45
-1.527521240378e-02 -8.516914066459e-05 5.089907588336e-02
6.005459871703e-02 3.107226314289e-04 -1.736983208186e-01
3.726120737492e-01 1.562952539473e-05 1.840897991439e-01
-3.565156734819e-01 -1.147263591254e-04 -1.064284793976e-01
1.547175455852e-01 4.371001198928e-04 -2.408188036891e-01
-6.586166873308e-02 -9.646939758443e-05 -9.334648745671e-03
4.007207310710e-02 3.425629005516e-05 1.064528828674e-01
4.309568869259e-04 -1.019836541895e-06 -3.893816320709e-03
4.308914895215e-03 -1.412022453948e-05 -1.121228517591e-02
6.486200353793e-05 1.256677349992e-06 4.837060696882e-04
-7.530938730022e-03 -2.641688468472e-07 -8.711782612081e-04
-5.686959708757e-03 1.487663832260e-05 -7.118316795870e-03
-2.027945975119e-03 -2.909217184828e-06 2.746373664478e-03
3.317236191362e-01 -7.305139765857e-05 2.388787186198e-01
-3.690788427290e-01 -3.820447399029e-05 -1.848870719376e-01
-2.260796693733e-01 -2.848351999625e-04 7.878924421964e-02
2.769559897396e-02 -2.723323990610e-04 2.068907319726e-01
-8.202097053909e-02 -6.035273855750e-05 -8.003444836026e-02
-6.478909070780e-05 -1.977700797928e-07 -7.676076363885e-05
-2.245650090555e-01 -3.374440257834e-04 8.348206773094e-02
3.155815212799e-02 -3.037920515516e-04 2.066592603654e-01
Mode 46
-1.186046774568e-01 -6.859793997814e-06 -5.912471617986e-02
4.001220056688e-01 7.226460496618e-05 1.604347831182e-01
-2.567115050882e-01 -3.864493109834e-04 1.383610991855e-01
-1.276687898855e-01 3.327062595875e-04 -3.116972491413e-01
3.427020242724e-01 5.768240270101e-05 1.605026449742e-01
-5.890247224234e-02 -7.059524969681e-06 6.500855113036e-02
-3.988482678465e-02 -1.852148352665e-05 -1.273992044325e-01
-2.991314035215e-03 -2.859354871592e-06 6.998065322788e-03
1.203673408317e-02 1.354293982857e-06 -5.947348322793e-03
1.752281284904e-04 3.594338031267e-07 7.272826088403e-04
-9.071635346184e-03 1.787346508012e-06 1.158193738184e-02
2.122553080020e-02 2.597694741852e-06 7.881607589678e-03
-7.551804010464e-03 6.972572989276e-07 3.191793134429e-03
-2.794075085078e-01 -3.740795758245e-04 8.252696483302e-02
-6.460280484797e-02 3.480685018740e-04 -2.633379685150e-01
2.253245468995e-01 1.119846858496e-04 4.041867721379e-02
1.717306488314e-01 -1.991184313724e-04 2.368988432330e-01
-4.418451743724e-02 -7.388154748727e-05 -1.058470310003e-02
-3.667433162494e-06 1.257837380871e-07 9.992343807223e-05
2.715934658620e-01 2.456801721959e-04 2.855847926708e-02
1.465993480525e-01 -1.505614405722e-04 1.838245906723e-01
Mode 47
3.495757268145e-03 2.609048928246e-06 -2.243080238317e-04
-2.323362382514e-02 -5.267357247061e-05 2.334692157383e-02
1.714017140413e-02 3.782859575472e-05 -1.707681040644e-02
4.519279583761e-03 -3.084553066380e-05 2.412951871779e-02
8.456048108470e-03 3.175949499026e-05 -1.547627678889e-02
-2.579549926917e-02 -2.279634283194e-06 -2.461330852098e-03
1.063026186240e-02 -5.606890588784e-06 -1.768973700104e-02
-9.475917689291e-03 9.834417848414e-06 1.486547515884e-02
5.800435859944e-01 -1.631178590322e-04 -4.293536652923e-01
-1.903529754105e-03 -1.380400568280e-06 1.361490289152e-02
-5.459285181667e-01 1.657819243500e-04 3.801731251618e-01
1.347112139330e-01 -5.236419178509e-05 -5.789933508869e-02
-8.252131834469e-02 1.652554956375e-05 2.221766493395e-02
-9.355526234216e-03 -1.212445062740e-05 2.860021411204e-03
6.027428934449e-03 2.166646607485e-05 -8.758544246772e-03
-8.857267046743e-03 2.501089168194e-08 -5.373785822841e-03
-9.170423793270e-03 9.902184442380e-06 -9.473599258118e-03
3.094005557488e-02 1.492308712816e-05 4.632789540209e-02
-1.671699157994e-03 2.019198198290e-06 1.942147459146e-03
-4.336218919183e-03 -1.525840959528e-05 3.710431578202e-04
1.128698709099e-03 5.354614386302e-06 -4.331330663323e-03
Mode 48
-1.215046506187e-02 -5.208008463913e-05 2.923999939474e-02
2.566808043957e-01 9.186630889643e-04 -4.857289810840e-01
-2.329663444406e-01 -4.957735804582e-04 2.271257060842e-01
-1.156835517153e-02 3.883343728640e-04 -2.898733627065e-01
-2.678633940056e-01 -6.496730648477e-04 3.145079386623e-01
1.092015713633e-01 7.075966900663e-05 1.215835035957e-01
-5.904988125567e-02 -3.961762536805e-05 -1.484260483960e-01
1.799946564306e-03 8.153081430383e-06 5.514331449431e-03
2.954343179318e-02 -6.169771864241e-06 -7.334646675474e-03
-2.934174069325e-04 -8.601403123141e-07 -1.180061966634e-04
-2.599720207903e-02 1.412017798245e-05 2.358399213559e-02
1.984973899420e-02 -1.659550502791e-05 -8.499555468457e-03
-9.941213216239e-03 3.584934689487e-06 4.998584814639e-03
2.988711412916e-01 4.928216966448e-04 -1.492201195292e-01
-6.803779836771e-02 -5.671690426373e-04 3.252818033469e-01
7.285770213021e-02 -4.616404214764e-05 7.160341467947e-02
9.117780957701e-02 -3.600704109683e-05 6.216112877596e-02
1.451955256744e-02 2.370262973800e-05 1.679317731698e-02
-2.532437942775e-05 2.781890004342e-07 2.032515291898e-04
-1.504073513397e-01 -1.198004861583e-04 -4.630037606557e-02
-1.046428255095e-01 -3.730424027810e-05 -2.519206040251e-02
Mode 49
-2.843995572817e-02 5.880315761003e-06 -1.973270019322e-02
1.632817397472e-01 -1.454738869856e-04 1.838405438085e-01
-2.675709528154e-01 -5.200412966722e-05 -1.026079096208e-01
2.214491240642e-01 -2.201465635864e-04 2.706949466580e-01
-2.152865320344e-01 1.124307922594e-04 -2.477251494253e-01
2.187109674151e-01 3.975020392207e-05 3.846108051785e-01
-1.130901833123e-01 -7.067513281498e-05 -3.256486413383e-01
2.969597018803e-03 3.197386924645e-06 9.237118895680e-03
-6.873271449465e-03 1.534967370036e-05 3.143485847337e-02
-3.790734997719e-05 -1.180777223135e-06 -1.072560927873e-03
5.927302996900e-03 5.820081431648e-06 9.352796142740e-03
7.344820870750e-02 -2.402709891046e-05 -6.051691621216e-02
-5.527975429298e-02 1.009732817675e-05 4.435125512506e-02
2.782337239216e-01 8.432022014328e-05 1.244630939774e-01
-2.300447508611e-01 2.346351084518e-04 -2.874790729279e-01
8.582375325269e-02 1.211723613526e-04 -4.022212010759e-02
-4.906621118417e-02 1.036092980934e-04 -1.094166932340e-01
-1.001615689445e-01 1.029504512801e-04 -8.027240637988e-02
1.411584946188e-04 1.911951143357e-07 1.530872556129e-04
-1.041643904815e-01 -1.945872424732e-04 4.190372568299e-02
4.882490670178e-02 -1.454596040620e-04 1.138450213889e-01
Mode 50
-3.784524700615e-02 -4.752765110759e-06 -1.754000492041e-02
2.344924618026e-01 1.091593898661e-04 5.083923401738e-02
-3.432183037683e-01 -2.110078222759e-04 -3.646115773698e-02
2.202597388502e-01 -1.748121860949e-05 1.367307057643e-01
-8.582948759519e-02 -1.342919111719e-04 8.370349448361e-02
-2.293823554836e-01 -4.830578574019e-05 -4.834328580599e-01
1.628049126488e-01 8.406063544380e-05 4.587501397719e-01
-1.756057679783e-03 -3.741359604808e-06 -1.505453606097e-02
6.487620931003e-03 -1.757513359959e-05 -3.886927262526e-02
1.914024236337e-04 4.595722811812e-07 1.843518930070e-03
-8.906633079930e-03 -3.048338092672e-06 -8.330221528116e-03
-8.997647352646e-02 1.776565071276e-05 4.695463639059e-02
5.800636070947e-02 -9.985709294614e-06 -4.396469987064e-02
2.746310892715e-01 1.754009171107e-04 2.797558496050e-02
-2.083462524218e-01 6.196249202228e-05 -1.654799985504e-01
1.085202366554e-01 1.066435095744e-04 -1.995308166547e-02
-3.930465395428e-04 1.130996037489e-04 -7.349138485457e-02
1.251990739547e-01 -2.353779465463e-05 8.427471862050e-02
-1.676843229210e-04 -3.197541990343e-07 -2.666542036344e-04
-6.930592542358e-02 -5.313462758423e-05 9.101901759435e-03
1.396730091755e-02 -1.162697552803e-04 8.205582342894e-02
Mode 51
1.806374480616e-03 -5.417202652630e-07 1.321199128712e-03
-2.128301746241e-04 1.208862165778e-05 -8.180183115500e-03
-2.843622256234e-03 -5.809332335893e-06 2.738600242913e-03
2.266823682360e-03 1.472031011476e-05 -1.057980879157e-02
1.526339217203e-02 -1.824856734357e-05 3.622931779516e-02
-4.665040619157e-02 -9.739026352218e-06 -1.093461666987e-01
1.550477635760e-02 1.651174068913e-05 1.124489934593e-01
-2.657690109964e-03 1.970801636460e-06 6.765979528687e-03
-1.133448008417e-01 3.349530098686e-05 9.943755666849e-02
-3.379510817616e-04 8.026311489414e-07 -5.051212257257e-03
4.658584278504e-02 -1.513365099448e-05 -4.860251834483e-02
5.652817363130e-01 -1.184032183141e-04 -5.331489623376e-01
-4.302039758455e-01 8.335200203683e-05 3.903553216299e-01
-3.710604087917e-03 6.189063652734e-06 -7.077804033956e-03
2.415588832120e-03 -1.351399613520e-05 9.509673778476e-03
1.768998175841e-03 2.005084155073e-07 5.328235223676e-04
4.136159865368e-03 4.227589413340e-06 1.014879141855e-03
4.157210749090e-02 -1.064680632057e-05 2.668434074852e-02
4.231558056139e-04 -4.040041538125e-07 -3.445402001064e-04
8.797919606806e-04 7.110197380006e-06 -2.796279341415e-03
-2.511166501714e-03 1.237852713074e-06 -2.199614368778e-03
Mode 52
-1.127148969647e-04 2.171545225917e-07 -7.980857480698e-05
4.014764564678e-04 -7.125881702133e-08 -6.881969965572e-06
-8.294970766636e-04 -3.493610728918e-06 1.424591965391e-03
1.523549040017e-02 1.859424671092e-05 -8.059169891571e-03
5.125971105860e-03 1.200285520786e-06 4.270180540490e-03
-2.150625911916e-01 -1.616946832329e-05 1.824816515108e-01
-4.211048402585e-03 4.286765733087e-07 -5.268980335461e-03
6.745261259503e-05 -9.848845937351e-07 -1.808787442888e-03
1.372632657948e-03 -1.405098110205e-07 1.571100517848e-04
9.516530015944e-06 -6.065338233968e-09 -1.260086877783e-04
-1.643792839234e-05 1.001697459697e-08 1.080721800096e-03
-3.062303944589e-03 3.960181064467e-06 1.727860408836e-03
5.367903549450e-04 -1.364705445253e-06 -1.753249422928e-03
1.849227559089e-03 3.322109242900e-07 1.850303079372e-03
2.414786508736e-04 1.125850505237e-06 -3.354723979484e-04
-5.188620345159e-04 1.218323773417e-05 -8.370864094228e-03
-4.829333950496e-02 -6.920951647594e-05 2.668404548572e-02
7.349278364759e-01 4.007110975630e-05 -6.138027338378e-01
-1.345989145634e-05 5.368482147815e-09 2.618823484089e-06
1.152452396240e-04 9.392162596345e-06 -6.230361918965e-03
-1.599144140461e-03 -2.373046205875e-06 8.396250669649e-04
Mode 53
2.197928404770e-04 4.706678626963e-07 1.885768044948e-04
-2.491693591514e-03 -6.967619291146e-07 -7.980760005848e-04
7.131655225352e-03 1.171704729810e-04 -7.906962844235e-02
-2.327745101735e-01 -3.776355034299e-04 1.465327852765e-01
-2.740147480874e-03 1.080161827658e-05 -9.439565752572e-03
-1.306664124020e-02 -3.346792906659e-07 9.710283703652e-03
7.193448705757e-04 8.301651405798e-08 1.345294213075e-04
-2.443987844167e-05 -3.723041743947e-07 -2.367010140629e-04
7.422072498366e-05 1.290005359155e-07 -3.913409112588e-05
-1.561121111009e-08 -4.868072784634e-09 -5.922759370039e-06
6.129919019758e-05 -7.165555215911e-08 7.271043189843e-05
-5.233813456260e-04 4.726036835865e-07 3.710724600761e-04
1.595956578626e-04 -1.253193127558e-07 -2.657988701121e-04
2.558817271119e-03 1.684545986425e-05 -7.872060500472e-03
-1.234839675535e-02 -2.423066407024e-05 8.356595131103e-03
8.858867390197e-03 -3.927138906564e-04 2.791472520506e-01
7.768429315670e-01 1.254774913188e-03 -4.790274279773e-01
4.424239440806e-02 -5.139151078658e-06 -3.375703403821e-02
-1.289467203886e-06 -3.750595048040e-09 -8.010384912975e-07
-7.911447086181e-04 -4.814262948718e-05 2.692032817893e-02
4.378265846183e-02 8.029693208439e-05 -2.618830875099e-02
Mode 54
1.064540361215e-03 -5.571141433995e-07 9.668233558469e-04
-3.958750262619e-03 1.176555850146e-05 -9.706275193042e-03
-4.150727932257e-05 1.538620333243e-05 -1.092962510575e-02
1.946196430146e-02 2.839474038165e-05 -9.632232354657e-03
-4.936614679048e-03 -7.410997679497e-06 2.673456792411e-03
-4.465267754483e-04 3.114887009837e-08 -6.680018686453e-04
3.905475219554e-04 1.109278767613e-06 5.341542392415e-04
-6.871370057187e-04 -2.547783113975e-06 -6.239120245501e-04
-6.319092828354e-05 5.018128552753e-08 -2.246716336632e-04
-3.790440164622e-05 3.152571163356e-08 -1.504575710964e-05
-2.929495268089e-04 7.251139397109e-08 1.385691765485e-04
2.741970945629e-04 -2.644807572085e-07 -1.878051102236e-04
-1.403624911251e-04 4.620503892408e-08 9.490919374433e-05
7.942510308875e-03 3.192718074711e-04 -1.800013802647e-01
-1.850151677283e-01 -3.494212804978e-04 1.175823752552e-01
1.197767865408e-03 -4.976155805132e-05 3.529009486792e-02
-5.951233876347e-02 -9.397826557790e-05 3.596552206993e-02
1.690608912411e-03 6.047091125950e-07 -7.413262499407e-04
-2.456428251134e-06 -1.772279532980e-08 5.672761500272e-06
2.535567677501e-03 -1.059750715415e-03 6.139696762233e-01
6.293942531845e-01 1.154011103562e-03 -3.735679209539e-01
Mode 55
-1.923403321126e-03 -2.683523965838e-06 -6.346787860022e-05
1.437310035825e-02 2.232263200228e-05 -7.121629396101e-03
1.391011732504e-02 -3.884219402412e-04 2.790667635911e-01
-8.085993335293e-02 -1.110730669818e-04 3.612818821430e-02
1.331488181215e-04 7.932035955232e-06 -5.415452747460e-03
-1.999098191763e-03 -2.821262333609e-07 1.672348910832e-03
3.805066616417e-04 -1.932382474516e-07 -2.316390772992e-06
6.090028379553e-05 1.682528977884e-07 4.769968299932e-05
-1.279946561517e-05 -2.495774918271e-08 -3.995308607075e-05
9.964460074892e-06 -6.731658683486e-09 2.347542124112e-05
3.628129327957e-05 1.796407294804e-08 6.086327941047e-05
-3.354685052051e-04 1.584853879902e-07 6.032688860324e-05
1.288735465906e-04 -4.993583034447e-08 -9.879142412351e-05
1.924005207724e-03 -2.486111898274e-05 1.536996557239e-02
-3.076275291751e-02 -5.279703140556e-05 1.598878512137e-02
-3.896302153635e-02 1.269654921854e-03 -9.070794985005e-01
2.311036968773e-01 3.678403517917e-04 -1.390564845796e-01
6.368513478675e-03 -1.764655144690e-06 -4.663679332573e-03
5.066516681161e-08 1.656389121561e-09 -1.756980488717e-06
-1.029230122880e-03 8.661416921211e-05 -5.095254639727e-02
9.708437787068e-02 1.768279344828e-04 -5.658167908435e-02
Mode 56
1.300540479657e-03 -3.532571625629e-07 1.305733476462e-03
-4.348214860017e-03 1.144885579168e-05 -1.082334041957e-02
-5.771459997818e-04 4.530740868645e-05 -3.195017117355e-02
1.213566241000e-02 1.987079643810e-05 -7.813897137441e-03
8.759199356407e-03 1.227568525807e-05 -3.444640640433e-03
1.238081991395e-03 -6.483095646039e-07 3.959745021046e-04
-8.653086736354e-04 -1.099664433288e-06 -6.510626890727e-04
8.085587343259e-04 3.336432255633e-06 6.809437752599e-04
2.483156473294e-04 -6.921396531453e-07 4.909509405615e-04
1.864242869635e-05 1.511929368741e-08 -4.234851659174e-05
2.028751448839e-04 6.655783099984e-08 -2.942664285693e-04
1.518769740516e-04 2.707061678259e-07 2.255855401927e-04
-3.527034746211e-05 -2.877227160370e-08 -1.711909156705e-05
8.617992470210e-03 -3.792296605700e-04 2.242199918044e-01
-1.662330439079e-01 -2.935959126830e-04 9.061623929418e-02
4.096743463313e-03 -1.438489150671e-04 1.027301768218e-01
-3.631278167065e-02 -5.988017158579e-05 2.268832904941e-02
-5.130171753641e-03 -4.341170351954e-07 2.614155828873e-03
1.662105075371e-06 2.451740800988e-08 -4.672726766518e-06
-7.403828564449e-03 1.257237223765e-03 -7.323927581485e-01
5.199041188149e-01 9.514908853169e-04 -3.052058107704e-01
--
Dipole derivatives 
Mode 0
-3.112907697715e-03 -3.631936338751e-03 -3.931310269458e-04
Mode 1
-1.200717302091e-02 -1.277349643200e-02 -2.124990421602e-03
Mode 2
9.495791064059e-03 -1.074556946165e-02 1.129626784593e-02
Mode 3
2.506587891140e-02 2.499438312243e-02 5.508079780926e-03
Mode 4
-1.676869144019e-02 -1.564151633250e-02 -2.327630830444e-03
Mode 5
-2.601185937576e-03 5.793734588041e-03 8.293110606426e-03
Mode 6
1.169775168693e-02 1.169136456163e-02 2.430829129100e-03
Mode 7
1.063752121628e-02 8.276898785030e-04 -5.283474390980e-02
Mode 8
4.975950321649e-03 5.056026244347e-03 1.208365122504e-03
Mode 9
1.587794850873e-02 -2.378396041637e-02 3.671901609633e-02
Mode 10
-1.438162706215e-02 9.497022696148e-03 2.239412858428e-02
Mode 11
-3.317025946548e-02 -3.328118520479e-02 -7.148695949553e-03
Mode 12
-5.565478466136e-03 -5.322914796506e-03 5.129184828188e-02
Mode 13
1.223439493192e-02 -6.128856264325e-03 -2.849372207048e-02
Mode 14
1.741496681751e-03 1.941815696178e-03 4.007660255330e-05
Mode 15
1.032818185526e-02 -2.602368429665e-02 7.196289429345e-02
Mode 16
-1.710617555405e-02 -1.635914127851e-02 -3.851636897546e-03
Mode 17
-1.534656374238e-01 1.669020486581e-01 -6.249367309642e-02
Mode 18
-1.860709313928e-02 1.753690888616e-02 7.684250797337e-03
Mode 19
-7.361700746078e-02 -7.353054864932e-02 -1.604104088050e-02
Mode 20
-4.885378925196e-02 -4.904928942010e-02 -1.079824503726e-02
Mode 21
6.207290080236e-02 -7.110754984193e-02 4.282029939803e-02
Mode 22
-4.968832853803e-02 4.986996682448e-02 -1.126797401879e-03
Mode 23
-1.029037777900e-01 1.145370672518e-01 -5.450259852491e-02
Mode 24
2.127157133354e-02 -3.382049457465e-02 5.807515663777e-02
Mode 25
-5.765896013407e-02 -5.778592861274e-02 -1.271383586597e-02
Mode 26
-6.672783646220e-02 -6.681749789672e-02 -1.444411389749e-02
Mode 27
-7.672120788338e-02 5.779443722341e-02 8.794531388348e-02
Mode 28
-1.567920219519e-02 -1.522262378576e-02 -3.273240242028e-03
Mode 29
-1.461009001923e-01 -1.460161281590e-01 -3.198337720216e-02
Mode 30
5.594050286346e-02 -6.627772167142e-02 4.920809232669e-02
Mode 31
-6.817529069888e-02 -6.890098860966e-02 -1.496915031953e-02
Mode 32
3.901928622860e-04 3.058724967909e-05 7.079498031730e-05
Mode 33
2.313568938551e-01 -2.695655652403e-01 1.786297618588e-01
Mode 34
-1.906759204726e-02 -1.808284972076e-02 -4.928321226502e-03
Mode 35
-3.224360243109e-02 7.341945543763e-02 -1.896407429934e-01
Mode 36
2.384855175652e-02 -2.390670855893e-02 4.721465017975e-04
Mode 37
7.504195624977e-02 -7.973122195259e-02 2.377146463929e-02
Mode 38
-4.051536289637e-01 5.193408857998e-01 -5.308353472762e-01
Mode 39
6.157086825771e-02 -4.979001151464e-02 -5.387100894380e-02
Mode 40
1.079666026242e-01 -1.261792836990e-01 8.485332997496e-02
Mode 41
2.118125362602e-01 -2.094356270665e-01 -1.012060339076e-02
Mode 42
1.059563400394e-01 -9.227058071604e-02 -6.185489521239e-02
Mode 43
-8.794840677309e-02 8.799970126482e-02 -1.904945766474e-04
Mode 44
-6.462993622075e-02 7.099169706432e-02 -3.001319703109e-02
Mode 45
-5.684247408212e-02 5.117651399413e-02 2.521100370054e-02
Mode 46
2.859874344581e-01 -2.850860243748e-01 -2.230305055279e-03
Mode 47
2.184265052219e-01 -7.370558020336e-02 -6.677450978600e-01
Mode 48
5.901481522556e-02 -3.466446356362e-02 -1.113054928169e-01
Mode 49
3.503498676063e-01 -3.426906959669e-01 -3.324271713428e-02
Mode 50
-3.542457654079e-02 3.287425747425e-02 1.148552476941e-02
Mode 51
2.552065147187e-01 -1.465100119888e-01 -5.009056818998e-01
Mode 52
-9.293331905068e-03 1.138561442689e-02 -9.840682255975e-03
Mode 53
-3.018960379059e-02 2.185854532605e-02 3.791720967035e-02
Mode 54
-4.592209461143e-02 5.147803925603e-02 -2.592152008360e-02
Mode 55
2.513634632597e-02 -3.100607446473e-02 2.706347621770e-02
Mode 56
-1.282995353009e-02 7.275447039708e-03 2.531348516331e-02
--
Polarizability derivatives 
Mode 0
-8.268763953709e-02 2.990177735766e-01 -1.346151584850e+00
2.990177735766e-01 6.501788178714e-01 -1.241899102076e+00
-1.346151584850e+00 -1.241899102076e+00 -5.877752253838e-01
Mode 1
-2.536021301279e-01 4.095585692460e-04 -7.189344565072e-02
4.095585692460e-04 2.630376334211e-01 4.165054765416e-02
-7.189344565072e-02 4.165054765416e-02 -5.542433480994e-02
Mode 2
7.308166868556e-02 1.453383399880e-02 -6.313705494812e-01
1.453383399880e-02 -2.903710341644e-01 8.734482080274e-01
-6.313705494812e-01 8.734482080274e-01 -9.999567012718e-01
Mode 3
2.523016241238e-01 -7.726546082432e-03 4.654684439232e-02
-7.726546082432e-03 -2.580959544899e-01 -8.625745107198e-03
4.654684439232e-02 -8.625745107198e-03 7.749905083531e-03
Mode 4
1.666336982219e-01 -1.658829929684e-02 -9.277299256919e-02
-1.658829929684e-02 2.801969340265e-02 -2.848203979442e-01
-9.277299256919e-02 -2.848203979442e-01 -2.867365996401e-01
Mode 5
1.830812612677e-01 -4.014115198494e-01 7.312588815998e-01
-4.014115198494e-01 4.528765605839e-01 -4.085535212419e-01
7.312588815998e-01 -4.085535212419e-01 -1.271836293802e+00
Mode 6
2.754276227504e-02 5.545862899989e-02 -2.518005258135e-01
5.545862899989e-02 8.077185446791e-02 -2.450520347915e-01
-2.518005258135e-01 -2.450520347915e-01 -1.120489414833e-01
Mode 7
7.194561225050e-01 -6.272956486625e-01 -9.198558106148e-01
-6.272956486625e-01 3.596299627235e-01 7.607540900361e-01
-9.198558106148e-01 7.607540900361e-01 6.343843266887e-01
Mode 8
-6.425344955282e-01 -1.999829870653e-02 5.950294895814e-02
-1.999829870653e-02 5.690931252756e-01 1.969998405715e-01
5.950294895814e-02 1.969998405715e-01 5.186096032374e-02
Mode 9
6.966346851152e-01 -4.101870546013e-01 -5.020333575299e-01
-4.101870546013e-01 4.239964341453e-01 7.355140409503e-01
-5.020333575299e-01 7.355140409503e-01 -9.146604235981e-01
Mode 10
8.016828250249e-01 -9.898190995159e-01 8.029565093650e-01
-9.898190995159e-01 1.178897567417e+00 -9.030486792588e-01
8.029565093650e-01 -9.030486792588e-01 4.579840065973e-01
Mode 11
-5.660010615860e-01 -3.432764952606e-02 8.797798392500e-02
-3.432764952606e-02 5.027886182323e-01 2.077377472794e-01
8.797798392500e-02 2.077377472794e-01 6.616893438051e-02
Mode 12
1.106376776068e+00 -9.153673039678e-01 -4.545335192672e-01
-9.153673039678e-01 1.015072404540e+00 -3.414727551984e-02
-4.545335192672e-01 -3.414727551984e-02 2.359060023564e+00
Mode 13
-1.577086320251e+00 1.625640597280e+00 -1.011620396583e+00
1.625640597280e+00 -1.836811619469e+00 2.136966227199e-01
-1.011620396583e+00 2.136966227199e-01 3.536773769130e+00
Mode 14
-4.272956646852e-01 2.501572461344e-02 -1.427579979391e-01
2.501572461344e-02 4.572691082685e-01 -4.313487438502e-02
-1.427579979391e-01 -4.313487438502e-02 -3.581416391007e-02
Mode 15
9.347122591140e-01 -9.080344349586e-01 4.354940877140e-01
-9.080344349586e-01 1.074663616613e+00 -2.104338372588e-01
4.354940877140e-01 -2.104338372588e-01 -9.295744030457e-01
Mode 16
1.626383492874e+00 -8.674077327522e-02 6.549050043417e-01
-8.674077327522e-02 -1.866887317594e+00 2.871787470223e-01
6.549050043417e-01 2.871787470223e-01 2.091287812259e-01
Mode 17
-3.278155583440e-01 1.490369195096e-01 2.279182443382e-01
1.490369195096e-01 -1.655938623779e-01 -4.945942637886e-01
2.279182443382e-01 -4.945942637886e-01 1.109466024391e+00
Mode 18
-2.371175115968e-01 6.174528176521e-01 -1.500703131356e+00
6.174528176521e-01 -9.294414754952e-01 1.698642785328e+00
-1.500703131356e+00 1.698642785328e+00 -8.794021728709e-01
Mode 19
-4.116882347423e-01 1.733410841229e-02 -1.457311045304e-01
1.733410841229e-02 4.609469401389e-01 -4.424878577624e-02
-1.457311045304e-01 -4.424878577624e-02 -4.389536513764e-02
Mode 20
-6.388301799031e-01 1.804205473509e-01 -9.426312349773e-01
1.804205473509e-01 1.030802949828e+00 -7.658773812411e-01
-9.426312349773e-01 -7.658773812411e-01 -3.823906841421e-01
Mode 21
-4.005604660476e-02 -1.432251723789e-01 6.309649400796e-01
-1.432251723789e-01 1.815591167386e-01 -3.917251554243e-01
6.309649400796e-01 -3.917251554243e-01 -1.143403853423e+00
Mode 22
-4.346799278691e-01 1.662666781773e-01 9.972878712992e-01
1.662666781773e-01 4.313099733682e-02 -1.174180844989e+00
9.972878712992e-01 -1.174180844989e+00 7.749887879709e-01
Mode 23
-2.457837055948e-01 1.236669343037e-01 -5.200794422439e-01
1.236669343037e-01 -6.024774998241e-01 1.122792202333e+00
-5.200794422439e-01 1.122792202333e+00 -3.029254697589e+00
Mode 24
-1.842071886169e+00 2.228993594083e+00 -1.606584829727e+00
2.228993594083e+00 -2.442916767552e+00 1.194938760024e+00
-1.606584829727e+00 1.194938760024e+00 1.925668061297e+00
Mode 25
-1.047092556302e+00 9.643563396072e-02 -6.080359501012e-01
9.643563396072e-02 1.282336097294e+00 -3.662480808438e-01
-6.080359501012e-01 -3.662480808438e-01 -2.184365885594e-01
Mode 26
1.417728618677e-01 3.406900708423e-02 -1.547573395556e-01
3.406900708423e-02 -6.198110424131e-02 -1.809039697620e-01
-1.547573395556e-01 -1.809039697620e-01 -7.750459664676e-02
Mode 27
1.702104775223e+00 -1.665817936551e+00 5.574453991728e-01
-1.665817936551e+00 2.046687648490e+00 -1.063068976567e+00
5.574453991728e-01 -1.063068976567e+00 2.474292041895e+00
Mode 28
-7.036225677336e-02 -1.736717269285e-01 8.049573242203e-01
-1.736717269285e-01 -2.993230550239e-01 7.854916871591e-01
8.049573242203e-01 7.854916871591e-01 3.589228154837e-01
Mode 29
-9.545321843300e-01 3.985476751763e-02 -2.531703862495e-01
3.985476751763e-02 9.978805009713e-01 -3.156417458520e-02
-2.531703862495e-01 -3.156417458520e-02 -6.872138319741e-02
Mode 30
-2.757114507238e+00 2.533597335877e+00 -1.625238554403e-01
2.533597335877e+00 -2.935480247395e+00 6.759346580472e-01
-1.625238554403e-01 6.759346580472e-01 -2.590429118422e+00
Mode 31
1.204359947027e+00 -4.594612831283e-03 8.341644235899e-02
-4.594612831283e-03 -1.146881399870e+00 -1.826634296916e-01
8.341644235899e-02 -1.826634296916e-01 -2.128923770089e-02
Mode 32
1.496518835344e+00 -8.401600275419e-03 1.905259927068e-01
-8.401600275420e-03 -1.501277807703e+00 -1.367975447424e-01
1.905259927068e-01 -1.367975447424e-01 7.788877411108e-03
Mode 33
-1.062512390434e+00 1.839019444295e+00 -1.485920334758e+00
1.839019444295e+00 -2.034164840203e+00 3.047516420430e+00
-1.485920334758e+00 3.047516420430e+00 -6.787033998050e+00
Mode 34
1.317066515595e+00 -3.424061877547e-03 9.815271240621e-02
-3.424061877547e-03 -1.264009578179e+00 -2.058114837501e-01
9.815271240621e-02 -2.058114837501e-01 -1.020539616655e-03
Mode 35
7.856898370077e-01 -1.779527357518e+00 8.105980512565e-01
-1.779527357518e+00 1.287326974623e+00 -1.481429119307e+00
8.105980512565e-01 -1.481429119307e+00 2.315385597998e+00
Mode 36
3.511331218239e-01 -5.435657222923e-01 4.010790719921e-01
-5.435657222923e-01 5.327748431607e-01 -4.547494355183e-01
4.010790719921e-01 -4.547494355183e-01 1.478051216873e-01
Mode 37
5.701217117264e-01 -4.111743832505e-01 5.499254212676e-01
-4.111743832505e-01 8.114532380206e-01 -5.328419196431e-01
5.499254212676e-01 -5.328419196431e-01 2.038970908320e-01
Mode 38
-4.495457812009e+00 3.316701517664e+00 8.706893365175e-01
3.316701517664e+00 -3.959311517571e+00 -1.562971581885e+00
8.706893365175e-01 -1.562971581885e+00 2.215246696642e+00
Mode 39
2.358535764442e+00 -2.784337773924e+00 1.621464434031e+00
-2.784337773924e+00 3.234489700120e+00 -2.456296918604e+00
1.621464434031e+00 -2.456296918604e+00 3.761725619230e+00
Mode 40
-6.988065394742e+00 7.806223417667e+00 -3.527062159159e+00
7.806223417667e+00 -8.657425530149e+00 4.286476727261e+00
-3.527062159159e+00 4.286476727261e+00 -3.457681317094e+00
Mode 41
2.615216774277e+00 -2.572460001181e+00 9.531642423051e-01
-2.572460001181e+00 3.133975891805e+00 -1.476392975719e+00
9.531642423051e-01 -1.476392975719e+00 2.651895247243e+00
Mode 42
3.639480060773e+00 -3.565143308363e+00 2.973495250196e-01
-3.565143308363e+00 3.788183494453e+00 -4.658823683042e-01
2.973495250196e-01 -4.658823683042e-01 9.044028471683e-01
Mode 43
-2.183745793878e+00 2.395951741724e+00 -1.095184452787e+00
2.395951741724e+00 -2.676364432556e+00 1.190974375282e+00
-1.095184452787e+00 1.190974375282e+00 -4.582522058550e-01
Mode 44
-2.838101970382e+00 3.324084244332e+00 -2.954571223865e+00
3.324084244332e+00 -4.281949421845e+00 3.718832886160e+00
-2.954571223865e+00 3.718832886160e+00 -3.696821307855e+00
Mode 45
-2.861408633275e+00 2.735246299019e+00 5.950890772537e-02
2.735246299019e+00 -2.755235656680e+00 -3.487101235535e-01
5.950890772537e-02 -3.487101235535e-01 1.217231382566e+00
Mode 46
-3.394271836217e+00 4.035900244022e+00 -1.842796296690e+00
4.035900244022e+00 -4.146256216117e+00 1.690408011563e+00
-1.842796296690e+00 1.690408011563e+00 9.335525032580e-01
Mode 47
5.937437979091e-01 -1.169579380943e+00 8.243734938909e-01
-1.169579380943e+00 1.704622605506e+00 -4.337066878793e+00
8.243734938909e-01 -4.337066878793e+00 1.589237428446e+01
Mode 48
6.545644027518e+00 -7.074474939098e+00 2.985733048902e+00
-7.074474939098e+00 7.866039115717e+00 -3.218979320906e+00
2.985733048902e+00 -3.218979320906e+00 1.222192765252e+00
Mode 49
2.437365056274e+01 -2.604769181566e+01 9.459610837720e+00
-2.604769181566e+01 2.856273927375e+01 -1.026005300843e+01
9.459610837720e+00 -1.026005300843e+01 4.133466630268e+00
Mode 50
-8.387411811337e+00 9.078978586707e+00 -4.789819291401e+00
9.078978586707e+00 -1.068650484332e+01 5.957999992237e+00
-4.789819291401e+00 5.957999992237e+00 -5.752197593403e+00
Mode 51
2.198519045647e+00 -1.860559586298e+00 -1.973411596378e+00
-1.860559586298e+00 1.399252136359e+00 1.692472727986e+00
-1.973411596378e+00 1.692472727986e+00 1.184310197425e+00
Mode 52
-1.013827357560e+00 5.109183617354e-01 7.651179124766e-01
5.109183617354e-01 -9.577789023189e-01 5.120340210864e-01
7.651179124766e-01 5.120340210864e-01 -6.229617276158e+00
Mode 53
7.416286271497e-01 -1.671534386527e+00 3.035254763975e+00
-1.671534386527e+00 1.798097784242e+00 -1.816946806120e+00
3.035254763975e+00 -1.816946806120e+00 -5.820435022767e+00
Mode 54
1.969216239837e+00 -1.005775464832e+00 -4.074735550210e+00
-1.005775464832e+00 3.308871480944e-01 3.369785167856e+00
-4.074735550210e+00 3.369785167856e+00 3.254431829111e+00
Mode 55
-2.309904712479e+00 2.848608236346e+00 -4.091019349193e+00
2.848608236346e+00 -4.533335036972e+00 6.079341094409e+00
-4.091019349193e+00 6.079341094409e+00 -9.461147332549e+00
Mode 56
3.779790014837e+00 -3.070495772048e+00 -1.027708003029e+00
-3.070495772048e+00 3.657672929311e+00 -5.367526845787e-01
-1.027708003029e+00 -5.367526845787e-01 7.578543089926e+00
--
