Number of atoms 
18
--
Anisotropy 
79.366
--
Frequencies 
48.175447210766
68.029055444460
74.880084390521
133.217899392314
161.474501193495
230.507078140965
323.351944471437
349.619071197493
414.657029460371
430.663458987150
517.212341148940
579.184973728604
630.978211471117
649.360683555344
768.996684843643
781.330418249927
786.268993336521
899.593054132377
909.246903930363
921.534734793231
983.868432535754
1004.146195203588
1019.622263424307
1028.246740834783
1078.573520492724
1110.226945922577
1144.504153380525
1168.361615121986
1202.675053750220
1245.189675984090
1276.635497624961
1316.038200092887
1334.033285195212
1341.128495285327
1447.176610850098
1454.897806242235
1466.874338244726
1505.286920234430
1623.122915779342
1653.038376592616
3038.700579795911
3045.913735141280
3095.741040247997
3107.444558982756
3179.697467562372
3188.741830236045
3202.429000810089
3212.501773429988
--
Displacements 
Mode 0
-2.102213324889e-01 -3.898818533167e-01 2.662995250758e-01
1.151629944093e-01 1.988593634705e-01 1.576117079007e-01
1.942488715770e-01 1.546889238943e-01 -6.783235047573e-03
9.169073959560e-02 1.134014247493e-01 -1.896666092030e-02
-2.100234421002e-01 -1.862928125169e-02 -1.521275793297e-01
-3.458642269741e-01 -8.687635941594e-02 -1.980613327266e-01
-1.590930129785e-01 -1.871950762635e-03 -9.617660873608e-02
1.415343197679e-01 1.403841054993e-01 3.919009685830e-02
2.675737019257e-01 2.101818181069e-01 6.947366889169e-02
5.699010133402e-02 -4.024588926023e-02 -5.300292281183e-02
8.220781476783e-02 9.812186224901e-02 3.077015239359e-03
1.188682679281e-02 1.061413793423e-01 1.220170111510e-01
9.521385833617e-02 6.222285868589e-02 -4.413456586219e-03
5.269053127435e-02 1.856141052912e-02 -3.396859045593e-02
-9.936919456994e-02 -2.166641237927e-02 -6.564615258642e-02
-1.704842832549e-01 -5.918828989089e-02 -8.984464465429e-02
-7.211092049564e-02 -1.397262129174e-02 -3.452751890301e-02
8.460982629321e-02 5.976222419861e-02 3.541770731997e-02
Mode 1
-1.508139420618e-01 -2.589564250537e-01 2.948968656975e-01
1.167135651823e-02 -1.356839968764e-01 1.697940006147e-01
5.424440276204e-02 -3.684449806053e-02 8.000035827402e-02
2.822528349186e-02 -2.755796930223e-02 1.424868874936e-01
8.550727391240e-02 9.198696398317e-02 2.211349099010e-01
5.380410975670e-03 7.032803144714e-02 2.695670042056e-01
-1.510950522855e-01 -7.430809809146e-02 2.276236534974e-01
-1.947878266269e-01 -1.716197822005e-01 1.619194183357e-01
-9.915267389911e-02 -1.467044317647e-01 1.352467918138e-01
1.288106639399e-01 2.220645522293e-01 -4.972783237609e-01
-1.211362214835e-02 -4.886007841233e-02 5.131710263215e-02
2.636324144804e-02 -5.000658282624e-02 6.288021592791e-02
3.511080849434e-02 1.532610178585e-02 1.274739408728e-02
4.883254354161e-03 -2.693605088351e-02 -7.610695537751e-03
5.553862174234e-02 5.863891317411e-02 6.858672962775e-02
1.713788143291e-02 4.669782132757e-02 9.513481666961e-02
-6.621533918403e-02 -3.112475015906e-02 7.202767898630e-02
-8.738003602402e-02 -8.384638915851e-02 4.069098639568e-02
Mode 2
3.005217458071e-01 3.781784316629e-01 1.838439977032e-01
-2.159735582063e-02 -4.318095259127e-02 9.180931175780e-02
-8.730412639345e-02 -2.834744207906e-02 1.963520203760e-01
-5.804372959878e-02 -2.045553853775e-02 1.480099885107e-01
-1.838269515195e-01 -1.454724315016e-01 6.065541039797e-02
-6.581029670883e-02 -9.519075734910e-02 5.387118874090e-02
1.770127793761e-01 9.048087921107e-02 1.411033971164e-01
2.468007037940e-01 1.986534681767e-01 2.126625185969e-01
1.311829069926e-01 1.498104224477e-01 2.222683797582e-01
-1.545562715932e-01 -1.750152093997e-01 -3.768821753056e-01
-3.756781416530e-02 -3.491992871216e-02 4.277019796693e-02
1.886723915719e-03 -3.982554963836e-02 -2.340209417956e-02
-5.091777296360e-02 -2.714170087377e-02 6.250419713499e-02
-1.956587911260e-02 7.950805561382e-03 8.221515294165e-02
-1.026290235976e-01 -7.950581231027e-02 1.124434066951e-03
-4.356344093717e-02 -5.578313992527e-02 -4.120051989702e-03
8.575684827234e-02 4.276342099764e-02 4.303325190806e-02
1.206863151242e-01 9.483189720161e-02 7.968900073586e-02
Mode 3
-1.025961429422e-01 -8.756444413051e-02 -1.618379398253e-01
1.098462058988e-01 2.908898570079e-01 -8.071440468703e-02
1.392482538192e-01 -1.406423946414e-01 -1.548199640134e-01
-7.082826104624e-02 -2.403928527082e-01 -1.161750973201e-01
-1.712778699337e-01 -1.683342235846e-01 -1.003763384171e-01
2.925262266956e-02 -3.259197338626e-02 1.308646913346e-01
2.751982139337e-01 4.929305870512e-03 3.147317810830e-01
2.023793819773e-01 -1.560299448142e-01 2.025938341180e-01
4.144814111153e-02 -2.963727433989e-01 -3.746029467873e-03
-1.245614590126e-01 2.112873973711e-01 1.037742732924e-02
1.524157826018e-01 1.624320717255e-01 -5.477574241293e-02
-6.182879670626e-02 1.750221182157e-01 2.984521023795e-02
8.622647512649e-02 -2.863108929477e-02 -4.339156312848e-02
8.223325025075e-02 -9.057288151400e-02 -4.675219876751e-02
-9.606214666496e-02 -5.128492587363e-02 -6.697392886856e-02
4.352165102312e-03 1.741172675896e-02 5.108581200567e-02
1.387758828147e-01 3.925743169523e-02 1.498037525052e-01
8.560984746496e-02 -5.370706567645e-02 8.489783711865e-02
Mode 4
-4.065553971348e-02 -1.047138429343e-01 1.162864392541e-01
-5.099933936550e-02 4.702643161023e-01 7.712134492009e-02
-1.568521578414e-01 5.576009651316e-02 2.332450185462e-01
-2.533096456348e-01 -2.408401129279e-02 8.359162547642e-02
-3.192128398790e-02 -1.001433770351e-01 9.286364640680e-02
1.960727390921e-01 -2.732148831421e-02 2.173787760010e-03
1.206329268252e-01 7.549512814143e-02 -1.243103740812e-01
-1.671602101691e-01 1.049967939305e-01 -1.536375439519e-01
-3.400089410487e-01 6.443549983463e-02 -2.583745110943e-02
1.880859488986e-01 -1.485130688258e-01 -1.041358591069e-01
1.166345306885e-01 2.378111695069e-01 -6.617966465788e-02
-1.438832652000e-01 2.558660594676e-01 8.396882537298e-02
-6.437852124131e-02 -2.775273279535e-02 8.705300277722e-02
7.025870056095e-04 1.875355320686e-02 1.259293935196e-01
7.324676637225e-03 -5.579327827959e-02 5.957287077063e-02
1.241420132455e-01 -1.427008088453e-02 1.143861411989e-02
8.249238379675e-02 4.075449160752e-02 -5.686147676744e-02
-7.066134764064e-02 5.544631861528e-02 -7.602133484210e-02
Mode 5
1.354338559023e-01 -2.658138311364e-01 -4.470299723678e-01
1.492293865196e-01 9.960020510050e-02 -1.955799783381e-01
5.458726883911e-03 -1.413597418910e-02 1.592422377236e-01
1.120215472547e-01 2.650226392326e-02 2.680151978318e-01
2.227378966149e-01 -5.195921324492e-02 2.689405914813e-01
4.551278016643e-02 -1.922126626848e-01 4.950448788726e-02
-1.150799052756e-01 -1.864618017669e-01 -8.720259790942e-02
5.645458332814e-02 5.241609223665e-02 7.610991144132e-02
1.600901883838e-01 1.345491309407e-01 2.584917952157e-01
-2.183524618902e-01 1.377973752979e-01 -2.475404938892e-02
8.856193299561e-02 7.058693628054e-02 -1.108899125044e-01
-1.950613748100e-02 8.047066124274e-02 -4.440824070723e-02
-9.534966365842e-02 -2.091888469017e-02 4.034077805787e-02
4.241616814107e-02 1.943779298166e-02 1.205165412594e-01
9.756993566111e-02 -2.375255885390e-02 1.125751188921e-01
1.088973002273e-03 -8.987311524056e-02 -5.749341231018e-03
-8.986117031518e-02 -9.099268856702e-02 -8.448675018888e-02
2.441394095187e-02 4.301703412892e-02 1.248587825545e-02
Mode 6
4.362724529757e-01 -3.547268032400e-01 -1.448852793645e-02
2.999888831614e-01 -2.050415475613e-01 -4.741121617621e-03
2.377309868458e-01 1.187699779165e-01 7.117922955370e-02
-5.917454704848e-02 4.512645293461e-02 7.358019192231e-02
-2.704440419860e-01 -9.814947440162e-02 -5.073481889050e-02
8.821164146961e-03 2.929414057734e-02 -2.505884917275e-02
1.698105057117e-01 1.897407454965e-01 5.074566748609e-03
-2.052710216913e-01 4.297290682847e-02 -1.344451703750e-01
-2.565109878770e-01 2.788955842129e-02 -4.739235742994e-02
-1.679761543631e-01 1.158614548914e-01 4.129765720936e-02
-1.517324174903e-02 -1.168193988271e-01 -7.548850277944e-03
1.673625852199e-01 -1.223090249925e-01 -1.255201931671e-02
5.475554579783e-02 6.320168600924e-02 3.213787625421e-03
9.084207131734e-02 -1.674592330767e-03 1.006595941407e-02
-1.241817498035e-01 -6.481090220655e-02 -2.872329857759e-02
3.431545522692e-02 -7.717795267365e-04 -5.503958234098e-03
1.278720045600e-01 9.582646526036e-02 2.198756855034e-02
-1.147714309431e-01 -1.808732986663e-03 -7.522073300332e-02
Mode 7
5.188980618575e-01 -2.914193622587e-01 1.831614918669e-01
-1.697404994080e-01 7.046243063047e-02 4.541661226388e-02
-2.775688563740e-01 -8.043791022285e-02 1.296041327744e-01
4.944972411034e-02 -3.716082884076e-02 -2.596465043595e-01
8.623775343559e-02 1.384974621655e-01 -1.915776093656e-01
-2.072552721485e-02 1.627273246978e-01 -3.190845220943e-03
-1.139249849385e-01 -2.236584804629e-02 4.452565210490e-02
7.072242442946e-02 -1.067852542728e-01 1.906462162772e-02
1.847455661832e-01 -8.201328076977e-02 -1.680478706308e-01
-1.377402267567e-01 9.347318298062e-02 7.660318813236e-03
1.648087019932e-02 8.127743882374e-02 -6.309079726121e-02
-1.329020990959e-01 8.635745281456e-02 2.773312667004e-02
-1.437142568398e-01 -1.740416442976e-01 1.039142327187e-01
-1.187134117936e-01 1.211633070164e-01 1.445730214167e-01
3.509620989894e-02 8.345849479284e-02 -7.782386116115e-02
-1.614134864625e-02 9.253984381158e-02 2.019485523351e-02
-7.119334738311e-02 -2.021902967376e-02 3.810245089240e-02
4.128509557403e-02 -6.129950963323e-02 3.872889295176e-02
Mode 8
3.426345342231e-01 -1.094607563844e-01 1.789871684632e-01
-2.294380751015e-01 3.028421782560e-02 2.237324945175e-02
-1.918520875638e-02 -9.060941058580e-02 -4.462791782882e-01
-2.259112280106e-01 -6.845056255536e-02 4.510189076328e-02
5.266775195468e-02 1.236960629547e-02 1.603950450057e-01
8.118323065177e-02 -4.296852349962e-02 -1.344155466888e-02
-7.893563701181e-02 -7.459116340644e-02 -1.377314829777e-01
8.542733107188e-02 1.245891695066e-01 1.808655330677e-02
-7.762144822465e-02 4.961677320800e-02 1.332327191455e-01
-5.379766816967e-02 5.050223109370e-02 1.753668455422e-02
-1.118893389677e-02 4.928277338924e-02 -2.438844742611e-02
-1.061099273151e-01 4.802213872778e-02 3.144939259902e-02
2.205424552627e-01 2.047010148299e-01 -2.107913170757e-01
-1.341772007040e-02 -2.453260451610e-01 -3.721850160182e-01
6.856806362204e-02 5.440769558876e-03 9.202766519751e-02
6.590844225096e-02 -2.352303300837e-02 -4.450538798551e-04
-4.499046924056e-02 -3.720870614594e-02 -6.978760181484e-02
8.542813256657e-02 1.015922777730e-01 1.708693617808e-02
Mode 9
2.878982828824e-02 -4.345197013529e-02 4.940239487168e-03
5.919815565733e-02 -1.830615695575e-02 1.929520707870e-02
2.080873661181e-02 2.235184756976e-02 5.441823248234e-02
-3.781495454751e-03 9.718728740509e-03 -8.956919519159e-03
3.065295796665e-01 1.901697916917e-01 1.423501087639e-01
-3.557968418734e-01 -1.651320650882e-01 -1.859224681144e-01
1.116616794893e-01 8.450508498198e-02 5.174475898025e-02
2.456621572059e-01 1.403596064301e-01 1.085374131802e-01
-4.611269681036e-01 -2.506443201241e-01 -2.125288491888e-01
-2.663009175708e-04 1.058520811420e-02 -2.475337237153e-03
1.771398170205e-03 -1.390507417848e-02 4.214439292506e-03
2.950949839771e-02 -1.422094252689e-02 5.693656161557e-03
-1.051310024111e-02 -2.376321756101e-02 2.855314545389e-02
6.165568000524e-03 2.980430670753e-02 3.986762064377e-02
1.966883978665e-01 1.145839686900e-01 9.264203518161e-02
-2.431222881156e-01 -1.237115775387e-01 -1.228595413127e-01
7.284100689034e-02 4.790853796099e-02 4.040595414967e-02
1.810695254079e-01 1.045263486213e-01 8.429355643065e-02
Mode 10
8.572715930048e-02 -3.003729000860e-02 -2.083261057646e-02
-3.104593597788e-01 1.066510301949e-01 2.729290400484e-02
-1.324773361477e-01 3.633573042572e-01 -8.191569837135e-02
2.313194098240e-01 3.143235188747e-01 1.112784239804e-01
8.957351483615e-02 -5.625819831056e-02 -8.398340542965e-02
-2.972103095420e-02 -1.873660071314e-01 -1.483483083914e-01
3.403927823900e-01 -1.651512447894e-01 1.641995088710e-01
-1.430923434256e-01 -2.292927574713e-01 3.529820523357e-02
3.424608065535e-03 -1.064340073283e-01 1.501134808951e-01
-6.773774163072e-03 7.202528167057e-03 -1.608579741711e-02
-1.287181449472e-01 2.024452755634e-02 -2.797818101088e-02
-5.883367663232e-02 1.147476902004e-02 1.413270316998e-02
9.329871700878e-03 1.624184298206e-01 -4.350026066184e-02
-1.136720418526e-01 1.072611134071e-01 -1.160328982982e-01
-5.478400833851e-02 -1.111293198971e-01 -2.668168540769e-02
-1.454255368341e-01 -7.856097600710e-02 -8.371007183159e-02
1.137913419082e-01 -3.922862804926e-02 6.037782822057e-02
-1.797318784963e-01 -1.119559237037e-01 -7.614183251251e-02
Mode 11
2.749976231404e-02 3.608306558788e-02 -1.891294224860e-02
-9.081593434712e-02 -7.046181936831e-02 2.919955804147e-02
-1.946959388574e-02 -4.320956832480e-01 -4.335099405643e-02
3.219173157323e-01 -5.236192909326e-02 1.644313986678e-01
4.830348490651e-02 3.897351791340e-02 1.705205949255e-01
-2.279665086976e-01 -4.963120055623e-02 6.571010067942e-02
1.052414772429e-01 3.806142475673e-01 5.936607244195e-02
-1.880398418210e-01 1.797003171617e-02 -1.963142167902e-01
1.244104514889e-01 1.325035960923e-01 -1.228029968457e-01
2.369227880434e-03 -1.905243546938e-03 2.604050794351e-03
1.890091393704e-01 1.118480867719e-01 -2.378914236260e-02
-2.073220134798e-01 1.238940223263e-01 4.025722305523e-02
3.108283120252e-02 -5.011377783558e-02 -4.560770416366e-02
-4.831651278845e-02 -1.405967497774e-01 -8.138374901748e-02
-9.074002096994e-02 1.130220822807e-02 -4.081809746763e-02
-1.757516913301e-01 -1.370067767322e-01 -6.806232452674e-02
3.049693345524e-02 1.068608712517e-01 -6.967127349436e-03
-2.048171407359e-01 -1.204655171855e-01 -1.069058090687e-01
Mode 12
6.284555669087e-02 -2.303688630181e-02 -4.831947894717e-01
-2.277149824551e-01 3.729115749831e-02 6.325420296850e-01
9.763372744276e-02 5.546478426334e-02 2.322136639857e-01
1.659300851426e-02 -6.284898589022e-02 -6.279144404134e-02
2.315116357386e-02 -8.124468053301e-02 -6.339696042818e-02
2.120288369671e-03 -3.561587518675e-02 1.250315804042e-01
-9.504785356769e-02 2.943047084289e-02 1.745378402603e-02
4.966366575136e-03 6.537662267638e-02 3.078368167693e-02
7.499268863623e-03 3.892944603928e-02 -1.623593306403e-01
2.582702002337e-03 -4.767935799953e-03 -8.310946339275e-03
-1.077996568538e-01 -1.020668282502e-02 1.616926541867e-01
-2.781752920237e-02 -4.487908717884e-02 1.084631734263e-01
2.610991297685e-01 8.536281788775e-02 6.961057490140e-02
-3.605542593838e-02 -7.086186896445e-02 -1.051367574119e-01
3.008647740927e-02 2.021382098884e-02 -2.871640503046e-02
3.419669001527e-02 1.736563978672e-02 5.772547176730e-02
-3.237479676446e-03 1.619032604517e-02 -1.734011356331e-02
4.673843191705e-02 1.101351264462e-02 5.021876932212e-02
Mode 13
5.926137882959e-03 -1.055546918091e-02 1.343139523344e-01
3.768655057212e-02 1.939826796753e-02 -1.762463213576e-01
-1.079781730621e-02 8.879385152266e-02 -1.072944057150e-01
2.443666446296e-02 3.098687096998e-02 -1.685399593361e-01
2.549690077564e-01 -2.956219002866e-01 -1.822463974790e-01
-2.700315061666e-03 -3.438206218693e-01 3.690688861556e-01
-8.013576730165e-02 -1.504101684904e-02 1.724798885320e-01
-2.337250284185e-01 2.530060683844e-01 2.113155105996e-01
-1.627046648358e-02 2.687121298178e-01 -3.384997473500e-01
1.370075085428e-04 2.510203695906e-05 1.197687414034e-02
-2.262980895754e-02 -1.540420162742e-02 -4.146793431167e-02
4.048662995702e-02 -1.048731633613e-02 -3.667126784430e-02
-2.665673449785e-02 2.107705161451e-02 -3.320636058404e-02
8.832368028293e-03 2.620432024452e-02 -1.743842295877e-02
8.024613200523e-02 -3.686055958723e-02 -8.068658829128e-02
-3.252424853173e-02 -4.662163040357e-02 1.290130580122e-01
5.767573002017e-02 6.841010723300e-03 -1.043320825037e-01
-4.464880393350e-02 1.781936552327e-02 1.135798738400e-01
Mode 14
-2.846734355464e-03 -9.543549084925e-03 3.149363265900e-04
-2.296419605159e-02 5.491916817347e-02 -1.311680030415e-02
9.645655188507e-03 2.265831760653e-02 -5.772148097104e-04
-1.750870306835e-01 -1.051070276451e-01 -7.822816963534e-02
3.413945662660e-02 2.807407422882e-02 4.708825213283e-02
-2.874137759036e-01 -1.551139155983e-01 -1.355835310063e-01
5.279581904200e-02 3.570079125163e-02 2.274184911884e-02
-2.365031469330e-01 -1.596795492663e-01 -1.395945615541e-01
2.876067132089e-01 1.390411066285e-01 1.169213964327e-01
-1.547427101566e-03 -1.057527958213e-03 7.223206693778e-04
-6.744744347391e-02 -2.651641194547e-02 2.363621709790e-02
4.579799234222e-02 -3.309469154243e-02 -3.111353038628e-02
1.377330659120e-03 -1.290203852796e-02 1.000231353866e-02
2.817822278761e-02 -8.628267461420e-03 1.574012316923e-02
3.729118515565e-01 1.999854174182e-01 1.929591474971e-01
2.379335662324e-01 1.210406379018e-01 1.147056097803e-01
4.167515608469e-01 2.351261642841e-01 2.138402052572e-01
8.808425116615e-02 3.641465662610e-02 3.830070647606e-02
Mode 15
-1.562133013896e-02 5.278266569478e-02 -8.197284930952e-02
1.725455793942e-01 -2.417468326306e-01 1.677218751073e-01
1.359957597524e-03 -2.742039642962e-01 9.783886115829e-03
-1.097699674916e-01 1.456220255000e-01 -7.673170190731e-02
1.281854199344e-01 8.413266149240e-02 -3.064056134842e-01
4.888443317394e-02 8.719687301858e-02 -2.896547016815e-01
1.346991122072e-01 -2.654957979898e-01 9.318490886631e-02
-2.527944701332e-01 1.296106376566e-01 2.674459348733e-01
-1.240418319551e-01 1.697028706818e-01 2.130915287998e-01
7.721850783535e-04 2.945654617802e-04 5.348317499169e-03
2.813665235583e-01 7.992054746307e-02 -2.370385470834e-02
-1.326940849835e-01 9.888402786919e-02 1.337150157678e-01
2.292477071356e-04 -7.281736191914e-02 -1.894045373897e-03
-2.677619756080e-02 -7.379022415729e-02 -2.125602251264e-02
7.590734249922e-02 -6.297487500347e-03 -3.959992997932e-02
-6.055011639347e-02 1.567599910680e-01 -3.362234883541e-02
6.744677672545e-02 -6.543418238951e-02 1.247630331379e-02
-9.017856209400e-02 1.043557162512e-01 3.116342710995e-02
Mode 16
-2.232144417982e-03 4.343211831343e-02 1.735138369047e-02
-7.174955250772e-02 -1.753374175526e-01 -6.114869135905e-02
2.099265405241e-02 9.776202426769e-03 8.655412382556e-03
4.334505193849e-01 2.221579021407e-01 2.090449071930e-01
-2.153093740570e-01 -1.262838981141e-01 -6.603309881211e-02
1.395356171560e-02 -6.435211252115e-03 5.259955864823e-02
-2.396231479318e-01 -9.831270931258e-02 -1.216894164952e-01
7.536580498088e-02 1.383689481968e-02 -2.877836272622e-03
-1.909875677942e-01 -1.272606422646e-01 -1.149951815243e-01
5.902479420996e-04 2.137649257581e-03 -7.798435620980e-04
1.785598265457e-01 9.297690250180e-02 -1.185672340247e-01
-1.871606145938e-01 1.122980989336e-01 8.453305197225e-02
-4.401404344254e-02 5.540912563543e-02 -3.105320445496e-02
-1.033871794575e-01 7.003777281912e-02 -6.127874233497e-02
1.882577308049e-02 1.213415479530e-02 1.755234308989e-02
2.843981750223e-01 1.320584658917e-01 1.441980777962e-01
2.471556656375e-01 1.475608490670e-01 1.217986217823e-01
2.629133486037e-01 1.315441467766e-01 1.206233965395e-01
Mode 17
1.255007844169e-02 -6.852832637681e-02 2.426337022897e-02
-6.764217371762e-02 3.031013257377e-01 -4.429975820824e-02
1.416599301631e-02 -2.530782935807e-01 -4.112067430232e-03
1.346353484079e-01 1.869659076961e-02 6.212409069931e-02
2.029904581616e-01 1.069517384409e-01 -5.550565431475e-03
7.539558458658e-02 9.752849209847e-02 -6.623466625572e-02
-1.351008960744e-01 -1.192262246660e-01 -6.837644392279e-02
-2.010302811123e-01 5.476804836734e-03 2.212958558525e-02
-6.426703610479e-02 2.737452465790e-02 5.972842920292e-02
-7.590319504840e-04 -5.788502543888e-04 -2.282513531568e-03
-2.044043769404e-01 -8.414382949469e-02 2.195331924008e-01
1.373038069080e-01 -1.184539103131e-01 -2.355012104661e-01
5.127007208754e-02 -8.631463987578e-02 1.030921101727e-02
8.291666404113e-02 -1.146751750190e-01 5.040531314969e-02
-3.580485798306e-01 -1.859151808493e-01 -2.128916859069e-01
-1.059024300175e-01 1.175165402386e-02 -5.642709958600e-02
2.836891068673e-01 1.441246043647e-01 1.290548446816e-01
2.118630566465e-01 1.754541844153e-01 1.280962834294e-01
Mode 18
-5.122823286252e-02 1.308789025425e-02 8.238006251769e-02
4.066327965135e-03 -9.349786025221e-02 -3.074096272057e-01
-3.966186310330e-02 6.245681518528e-02 5.637404714650e-01
-9.533386821359e-02 -5.643706362708e-02 2.686136655799e-02
8.576275993884e-02 3.871727272273e-02 -8.425302716902e-02
3.308277202623e-03 8.267392733470e-02 -7.257110891704e-02
-7.945811896651e-04 -4.403189425557e-02 5.841974083274e-02
1.823467910807e-02 -7.036578222649e-02 -2.381468989285e-02
7.913504520456e-02 2.697846475586e-02 -1.329403023744e-01
-3.953648901086e-04 1.118966723422e-03 1.482167012523e-03
-4.026884507107e-03 9.244184252545e-03 -2.212215942183e-01
-1.301273430286e-01 3.401520027516e-02 -1.702273511429e-01
2.861170756198e-01 3.635482248941e-01 3.107995726802e-02
-2.364722781267e-03 -3.327920165862e-01 -2.049518082884e-01
-2.519958894032e-02 -2.299366915477e-03 -6.153508722602e-02
-7.101355303438e-02 5.044118547590e-02 -2.401995742927e-02
-2.115054886569e-02 -1.259731361094e-02 7.719027658490e-02
5.111164536210e-02 -2.175951163410e-02 2.904667476360e-02
Mode 19
-9.359822724909e-03 6.191214171385e-02 -4.683141630024e-02
1.571314636895e-01 -2.630215188891e-01 1.321013904390e-01
-8.590243232830e-02 2.594110665721e-01 -7.704717608406e-02
-2.560780098563e-01 -5.987820593118e-02 -1.280889694838e-01
1.845958971610e-01 1.083286040581e-01 2.034433406978e-01
5.188590585380e-02 -3.918733679426e-02 1.440424125289e-01
-5.987966284825e-02 -5.649881410437e-03 -3.532703836136e-02
-9.375928832887e-02 -1.745249930265e-01 -1.701501053843e-01
1.327144555449e-01 1.855172931503e-02 -1.278574927180e-02
-1.453503584337e-04 2.130705981800e-04 2.482955731571e-03
1.841048526677e-01 6.214081923004e-02 -1.734966359718e-01
-6.416863746961e-02 9.440868514616e-02 2.583892547195e-01
-7.604497913265e-02 4.976364246782e-02 -1.596370298710e-02
-6.727410139072e-02 1.232197321988e-01 -2.298331261493e-02
-3.260199297237e-01 -1.748221545895e-01 -1.196616376614e-01
-1.591205427521e-01 -1.622309550576e-01 -7.105469824212e-02
1.578286981078e-01 9.557867867111e-02 8.336028438027e-02
2.627351199908e-01 9.330893121612e-02 1.001278396818e-01
Mode 20
5.963084287782e-03 6.960284951351e-05 1.225941201694e-02
-1.756676589475e-01 -9.743280354554e-03 -7.482022069203e-02
1.812556832258e-01 -2.050154278639e-02 1.268078035996e-02
7.869579251486e-02 1.960505799513e-03 1.723980004221e-02
-1.573458703096e-01 -8.761286398818e-02 -8.055829483218e-02
1.398484964421e-01 9.190513425583e-02 4.734999838133e-02
1.953536656426e-01 1.112677030132e-01 8.321582698226e-02
-3.373524481898e-01 -1.473526901465e-01 -1.203599887010e-01
1.229719857554e-02 2.054018977585e-02 5.001560154747e-02
-2.406411947865e-04 4.197235317131e-04 2.986559248772e-06
-2.958171969799e-02 9.646508051332e-03 -1.671945977624e-02
-4.949792821398e-02 4.793875217149e-03 1.550021902595e-03
1.037313405274e-02 -6.525531559660e-02 2.727405557771e-02
5.011783410037e-02 3.905493384889e-02 5.019070069432e-02
2.266149713566e-01 1.196678722255e-01 1.091323488340e-01
-2.321264534464e-01 -1.183771693828e-01 -1.195351837688e-01
-2.612397734404e-01 -1.468456781372e-01 -1.490031822556e-01
4.688094375179e-01 2.817948891439e-01 2.392773919468e-01
Mode 21
1.651344518365e-02 2.830636737284e-02 2.442827925940e-02
-4.865838787316e-01 -1.515002829123e-01 -1.970852397344e-01
5.365854318923e-01 8.009626695548e-02 6.223196458687e-02
-7.422058240804e-02 -1.254427052156e-01 -8.820358677713e-02
1.232596716360e-01 1.716305050773e-02 4.131194642079e-04
-3.520029442130e-03 1.887310456867e-02 -3.668669191145e-02
-8.696298914782e-02 3.985314629857e-02 -7.729919126458e-02
2.124215970330e-02 1.090485205878e-01 1.040063902742e-01
-3.259565208870e-02 -3.319633225510e-02 1.502734466182e-01
2.035291257717e-04 5.915245514169e-04 1.709849158833e-04
-6.860692561445e-02 4.202433744978e-02 -1.954246902998e-01
-1.514034208895e-01 4.824466915170e-02 1.605283013307e-01
6.417459871631e-02 -1.784836236884e-01 1.060372462490e-01
2.130536961132e-01 9.928473568876e-02 1.747604077248e-01
-8.536776955272e-02 -5.262851885467e-02 -6.644985017634e-02
4.480230412237e-03 5.241373855964e-03 -1.133160176368e-02
1.071686122470e-01 7.902706289299e-02 -8.465269973012e-03
-1.606817626622e-01 -4.557910611446e-02 -5.708460477360e-02
Mode 22
1.529801221608e-02 -4.189519029977e-03 1.746254384482e-03
-1.000580253768e-01 -1.491655324807e-03 -1.502300714496e-02
1.155133097982e-01 -3.116322179712e-02 -2.530265970100e-02
-2.504762793894e-02 1.367365893968e-03 3.979962766153e-02
-3.008991701712e-01 1.891474427853e-01 3.726695512632e-01
7.069117473393e-02 6.143201500014e-02 -1.069621031255e-01
1.521551092909e-01 -4.447393623231e-01 8.512675776135e-02
-3.104693454061e-02 2.234246981799e-02 1.247749249781e-01
9.448423581420e-02 2.504601975954e-01 -5.371731110527e-01
1.270857230578e-03 -5.756848734291e-04 2.135146522744e-03
-1.292855833767e-02 3.755310186237e-03 1.586452489515e-02
-1.042504683969e-02 -1.514654568585e-03 2.848678192989e-02
-2.818353811661e-02 -4.874542233387e-02 3.089471939073e-03
5.210534582875e-02 2.568388810669e-02 5.335159502960e-02
-6.304392161222e-02 1.868448670251e-03 1.756472895330e-01
-3.074199089029e-02 -3.360618791025e-02 -6.377238074270e-02
8.928556664933e-02 -1.057610428580e-01 7.570661746049e-02
-4.262745143648e-02 -4.278939464916e-02 3.492626695553e-02
Mode 23
2.564795733721e-03 5.968820232094e-04 1.849429321857e-03
-3.679939555981e-02 -7.218845619705e-03 -1.189029525853e-02
4.170694166129e-02 2.597477656781e-03 -1.499107537242e-03
9.517415562707e-03 -3.264671478525e-03 3.380368007963e-03
1.418849187252e-01 1.158755723323e-01 1.268132469484e-01
-2.955325695761e-01 -1.595748559802e-01 -1.631608915491e-01
2.347437126963e-01 7.402371393297e-02 1.138175552477e-01
-9.689825729557e-02 -4.215878263413e-02 -2.340137900218e-02
-1.235392495386e-02 1.543964859447e-02 -5.934785901280e-02
1.672114149324e-04 1.028230893530e-04 1.784097502869e-04
-6.033250362360e-03 2.300326113985e-03 -8.204160939172e-03
-1.046143494224e-02 2.403632995580e-03 9.657289905982e-03
5.582732228661e-03 -1.621051468082e-02 6.691155284144e-03
1.863732866410e-02 1.234220655271e-02 1.977611573717e-02
-3.014553573029e-01 -1.511730828218e-01 -1.285144142005e-01
4.963501174003e-01 2.646720027475e-01 2.373142007594e-01
-3.263679481684e-01 -1.991768999733e-01 -1.653513847846e-01
1.577660149188e-01 9.053923911380e-02 8.490733751938e-02
Mode 24
2.425840575289e-03 -4.145501169784e-03 3.429216032398e-03
-3.697968657545e-02 -3.184698751143e-03 -1.779904387526e-02
5.046967034270e-02 -4.582109300502e-02 2.398853869557e-02
-9.869663834543e-03 4.365262270820e-02 -2.591417267835e-02
-5.289511918460e-02 1.498803756861e-01 -5.955190355922e-02
-1.689117458601e-01 -7.136377165850e-02 4.133071115328e-01
1.926457968141e-01 -3.313295048760e-01 -1.502956313734e-02
1.772558519821e-01 -8.369433740178e-03 -3.476540119879e-01
-1.078022358934e-01 1.021891326723e-01 1.168575189700e-01
-1.458317577366e-04 -4.726685235264e-04 -5.852845381915e-04
4.553648659171e-03 1.569287088783e-03 1.706775316870e-02
-2.311856817950e-02 -1.728656129361e-03 -2.774771070921e-02
1.973848933907e-02 -2.500413360109e-02 1.317941558597e-02
2.658815543993e-02 -1.552236556202e-02 2.074684211060e-02
-4.935234213889e-02 2.934515025097e-01 -2.118755594283e-01
-2.047498108307e-01 1.852827732064e-01 2.076211471950e-01
9.708884639367e-02 -1.051460996217e-01 -7.967494271314e-02
-4.051069313056e-03 2.358580201301e-01 -2.871663126111e-01
Mode 25
-2.305060608904e-02 -1.252436388599e-02 1.589143354147e-02
8.298985511582e-02 -6.686895125926e-03 -1.496468364687e-02
1.213944826140e-04 4.304072338882e-02 7.816480201453e-02
6.482744563411e-02 -7.420847033290e-02 -1.892676672258e-01
-1.627294046776e-01 2.160320007418e-01 1.161034569681e-01
1.815550242506e-02 -7.234094512912e-02 4.684935068474e-02
8.883179607298e-02 -1.611676987926e-03 -1.879042907932e-01
-1.457591983582e-01 5.624043104214e-02 2.436534622574e-01
5.584620504546e-02 -1.667988236415e-01 1.090124639391e-01
-1.260479267121e-04 1.333407924690e-04 1.351460137655e-03
5.391583390803e-02 9.650169433243e-03 1.302639936038e-02
-1.084978708715e-01 -7.140839878214e-03 -2.601949006876e-01
1.718348829938e-01 -4.604596551266e-02 7.874215642615e-02
-2.466436492273e-01 1.561532445932e-01 -1.316273310776e-01
-7.909465972919e-02 2.357127206824e-01 -1.035654789181e-01
1.155567575830e-01 -1.881185526060e-01 -4.511014307880e-02
2.410240382743e-01 2.576136959572e-02 -5.015998321741e-01
-3.984599951453e-02 -4.925488659404e-02 1.159368836749e-01
Mode 26
-1.033566834278e-02 -4.057041595093e-02 2.088711153126e-02
3.386933097269e-03 -4.049992587026e-02 -2.033419667345e-02
1.996807919039e-01 3.736589067250e-02 -1.590774522461e-04
-9.996654385661e-02 6.856436123109e-02 -1.377799970972e-01
6.389672778734e-02 -1.208709871792e-01 7.681664356347e-02
-2.751516933520e-02 2.604149172646e-02 3.304663188398e-02
-3.133869816966e-02 1.096917435768e-02 4.890032274171e-02
7.949023773078e-02 -4.340100571625e-02 -9.285692196468e-02
-6.211038985867e-02 1.207708642650e-01 2.994872585850e-02
-8.003395786204e-04 -1.904219542412e-04 3.129902634880e-04
2.085803164928e-01 3.282933315011e-02 2.488705854340e-01
-2.581591968464e-01 -1.362843086146e-02 -4.840855712224e-01
1.541750413217e-01 -1.552967060690e-01 9.741768793363e-02
-2.966692342112e-01 2.932220728419e-01 -1.384236594365e-01
1.934012596602e-02 -2.532088449814e-01 1.735744557170e-01
-4.055736505398e-02 3.913787550718e-02 1.854647010618e-02
-1.235822615088e-01 -8.824971599567e-03 2.638792905747e-01
-9.662938578703e-03 6.012102407309e-02 -9.471077499882e-02
Mode 27
9.196588386807e-04 1.779413949379e-03 -2.143913350897e-03
1.031369059408e-02 5.810706947538e-03 2.251155127547e-03
-2.044322632235e-02 1.346941002259e-02 -7.630655803656e-03
-1.159254578576e-03 -1.167801921024e-02 2.448096547755e-02
2.717502755795e-02 -1.106389076855e-01 7.081215328167e-02
-1.048319553522e-01 1.671062276367e-01 2.242330823473e-02
3.443898989738e-02 3.985532336703e-02 -1.139159867589e-01
3.350117807904e-02 -6.790754284798e-02 1.303660407887e-02
4.013924026040e-02 -4.627608732421e-02 -3.517870966442e-02
-4.216212629888e-04 3.319482718329e-04 -3.846206951279e-04
-8.874802601814e-03 -2.691512310973e-03 -8.078386190017e-03
2.007085308240e-02 1.025680470933e-03 2.970294991366e-02
-1.546877530349e-02 7.026111902947e-03 -5.180865024299e-03
-7.330741908810e-04 -1.008547552576e-02 -1.090257175634e-02
5.266631459953e-02 -3.626980115321e-01 2.840094522833e-01
-3.624336213846e-01 5.123804563216e-01 1.764472866991e-01
2.020652329273e-01 3.089017644499e-02 -4.480622088752e-01
3.628501835418e-02 -1.422976185185e-01 9.111002864936e-02
Mode 28
-3.424814313585e-02 3.668662359628e-02 1.478464633236e-02
1.577416229766e-01 7.165212557682e-02 7.885187781152e-02
-1.152305353268e-01 -5.803972932575e-02 -7.618139355651e-02
2.008894639939e-01 -1.532007276760e-01 -8.135106636004e-02
-2.096740314543e-02 -8.111678764305e-02 9.280828887137e-02
-2.932472088936e-02 7.709710404725e-02 -2.614215409642e-02
2.454875309774e-02 -4.305730143974e-02 -6.744064930612e-04
-5.039765710726e-02 6.041200486171e-02 1.279395901900e-02
-6.606402137708e-02 6.851045291849e-02 5.244155793278e-02
2.209258285909e-03 -9.135380132116e-04 4.493483443624e-03
-3.208706864670e-01 -1.166199948980e-02 -5.981534477266e-01
1.386161220528e-01 -2.360518632232e-02 7.187218713954e-02
3.363058183570e-01 -2.379828285463e-01 1.503701713002e-01
-2.094518166876e-01 1.209053526081e-01 -9.347313344958e-02
1.330108104153e-02 -6.895476121314e-02 7.392291812767e-02
-2.683359791376e-02 5.700538753148e-02 5.601952017870e-03
-5.680748262176e-02 -1.787282608518e-02 1.456226806905e-01
-4.314148377389e-02 1.685841483120e-01 -9.769389599064e-02
Mode 29
1.323950372137e-03 3.968689825587e-03 -2.257569579523e-03
-1.010518019701e-02 -1.839776263968e-02 -8.069472979846e-02
-9.242703532526e-02 -1.664172152501e-01 2.956724586016e-02
-1.122258094733e-01 5.725637266677e-01 -1.931402420717e-01
-6.562860741790e-02 1.232600406912e-01 -3.647404640108e-02
-2.673162366243e-02 -1.170670012805e-01 1.777502768891e-01
-1.304569285392e-02 3.031244562528e-02 -5.013606240799e-03
1.178542799952e-01 -1.754334832145e-01 -5.254832957556e-02
-2.736852825637e-02 2.241503463781e-02 2.852589999076e-02
-1.984974628290e-03 1.644034107157e-03 -1.601531344481e-03
2.879986937246e-03 -7.042882670695e-03 -1.322805521006e-02
7.786190828279e-02 -5.245340676328e-03 1.207763690563e-01
3.348640697719e-01 -2.392715889047e-01 1.588715180568e-01
1.592517185593e-01 -1.998886295270e-01 7.984841124405e-02
2.042032147173e-02 -1.945956820028e-01 1.941889014804e-01
1.336375818655e-01 -2.239886315001e-01 -1.022168293436e-02
3.500769087326e-02 9.444200938197e-03 -8.552587385498e-02
5.648123535771e-02 -1.268880642863e-01 3.807455969980e-02
Mode 30
3.102294827822e-02 -3.718523797774e-03 -2.544220808955e-02
-6.508786118793e-02 4.075483263590e-02 -3.696661882252e-01
-6.146828710352e-02 -6.373057173214e-05 1.550577822998e-01
1.073663179271e-01 -1.335026080568e-01 -1.436981229541e-01
-2.445702962899e-03 -6.462258328532e-02 8.681993102223e-02
-4.131540224586e-02 7.840677825440e-02 -2.098541382262e-03
2.938436304755e-02 -1.185492664100e-02 -4.762805194377e-02
-3.397511180303e-02 9.310264257695e-03 6.333452915688e-02
-3.022930943205e-02 2.705446919428e-02 5.052086815662e-02
-2.134092908306e-03 8.117272385819e-04 -7.374786247859e-04
1.182225108575e-01 -6.225766819062e-02 4.407340058522e-01
2.712556622688e-01 5.817230371382e-02 5.398654448074e-01
1.439901314844e-01 3.538768249207e-03 6.630229444739e-02
-2.678580146653e-01 7.945625451047e-02 -1.800189334302e-01
-4.593706009280e-03 -1.897047568047e-02 2.177378037050e-02
3.485611844221e-03 1.035571923192e-03 -9.089139958134e-03
-2.176080191848e-02 -5.976615369577e-03 5.011527773086e-02
-4.189908937080e-02 1.352267887099e-01 -7.454641835592e-02
Mode 31
-2.249407427667e-03 1.048243279690e-03 -5.654355609230e-04
-7.959038515411e-03 9.491980573686e-03 -7.861818077798e-03
2.803983837665e-02 -3.405305233302e-02 4.497999534390e-02
-7.539431820344e-02 3.927781879309e-02 8.755679701906e-02
-7.162074853743e-02 2.496765206098e-01 -1.231929917915e-01
8.739458996827e-02 -1.588055825181e-01 8.735563514797e-04
-1.242044729774e-01 -4.781244944155e-03 2.544822716972e-01
-1.272564208907e-01 3.382787458749e-01 -1.256864352438e-01
2.950378976410e-01 -4.505470596974e-01 -8.750158124646e-02
8.120515906618e-04 -4.428492370535e-04 -5.109326603798e-04
-4.063736307791e-03 1.769068256398e-03 -2.447000547428e-04
1.803210411765e-02 -4.905036678142e-03 1.203846071107e-02
-3.265630769148e-02 2.329266331590e-02 -1.158313269653e-02
-4.159274949669e-02 1.283205312613e-02 -2.524540540849e-02
1.874544207617e-02 -2.426883768318e-01 2.187209686191e-01
5.998607945111e-03 -2.333590676999e-02 1.079233563726e-02
3.261183345888e-02 5.716938501618e-03 -7.631590954916e-02
-9.138101669198e-02 3.919059853164e-01 -2.442263454385e-01
Mode 32
-3.636925383151e-04 5.393506826348e-03 -2.684685413289e-03
-1.134124472868e-02 1.048590122906e-01 -4.846987706570e-02
2.520841525323e-01 -2.423203454263e-01 7.388812439938e-02
-2.836804751159e-01 1.610553848886e-01 2.977461632550e-01
1.938064735513e-02 9.575635394705e-02 -1.220925921796e-01
1.158025511364e-01 -1.721669636919e-01 -3.755035072487e-02
-4.381933054500e-02 4.789278392405e-03 8.371335408973e-02
5.470737941672e-02 5.256326722238e-02 -1.662445407046e-01
2.380646642727e-02 8.256616230446e-04 -3.684536495343e-02
-7.553546863719e-04 9.564673207616e-04 -1.905617012042e-03
-1.170031468103e-01 -5.387252109913e-03 -1.129177471846e-01
1.592195556843e-01 -2.693665549758e-02 1.315761908456e-01
-9.045335230975e-02 -8.772759419917e-02 1.100180857320e-03
-3.921770840936e-01 2.148333933027e-01 -2.401064919883e-01
-1.952878245685e-02 1.122439006491e-01 -1.150892344247e-01
-6.249124043325e-02 7.787322381495e-02 3.533899453730e-02
-4.010568736377e-03 -5.204555368948e-04 -1.452295187996e-03
9.443805892042e-02 -3.468578780165e-01 2.011862028039e-01
Mode 33
1.401848705821e-03 -4.907735739390e-03 1.431428185697e-03
1.044875962925e-02 -9.935087862999e-02 -8.207736992706e-02
-2.563929778110e-01 2.045157880128e-01 -1.881129805342e-01
-5.365666239743e-02 -9.045746433011e-02 3.314186116718e-01
-4.202302481959e-03 -6.316993641259e-03 -1.409757854434e-02
1.203980692472e-01 -1.095552927611e-01 -1.228033872453e-01
-3.476458664416e-02 5.574020240780e-03 6.294985503898e-02
-5.327378015122e-02 1.683725291325e-01 -9.662459844105e-02
8.241782207016e-02 -9.318856446416e-02 -6.102281028040e-02
-2.921290963108e-04 -2.778825630150e-04 -1.959118463756e-03
1.526182181364e-01 1.378808167816e-03 1.670149375201e-01
-5.739341508512e-02 2.395440193418e-02 -5.776635633746e-03
5.210177886969e-01 -2.031111284620e-01 1.821141654415e-01
1.412300643547e-01 6.903426071747e-02 2.151004408467e-01
-1.272157633926e-02 1.791598565483e-01 -1.396706538860e-01
-1.243009661324e-01 1.919917240660e-01 4.418473274341e-02
-2.536404429562e-02 2.367362102141e-03 5.490409356262e-02
3.053891175408e-02 -1.370292291424e-01 1.062353919373e-01
Mode 34
1.759682524328e-03 -1.525922878484e-03 -1.212549202813e-02
2.578992744128e-01 -2.143973872996e-02 -5.795293137916e-02
2.769875870082e-02 -4.707674613615e-02 -3.238570396777e-02
-4.275978582336e-03 -1.560355470572e-02 2.126293968534e-02
1.093778201379e-03 3.919754911914e-02 -4.875773363877e-02
-9.352973173234e-03 5.684582035432e-03 1.211188696270e-02
-1.174530632523e-02 -1.849084813924e-02 4.464709673602e-02
1.964330724774e-02 -4.983023604987e-03 -3.524989355758e-02
-2.355310306634e-02 3.392665179549e-02 9.242144162454e-03
4.720233499616e-05 3.359530620666e-04 -5.751669302898e-05
-4.997431776953e-01 -3.724236180696e-01 1.939915707236e-01
-4.924074820416e-01 4.464917625844e-01 1.452569124689e-01
3.906397479872e-02 5.634024945239e-02 -4.097925143841e-02
-7.925105384752e-03 8.123821943769e-02 7.088646100399e-02
1.040121266137e-02 -4.068712013172e-02 2.821500074253e-02
2.663643508788e-02 -3.937036965825e-02 -1.121959334883e-02
1.844959566398e-02 -4.269140338830e-03 -2.988775721348e-02
1.325672481675e-02 -3.348901781700e-02 1.076543580739e-02
Mode 35
-1.210011506655e-03 -1.304678069948e-03 -5.475040005059e-03
6.072937875060e-02 -1.188382465370e-02 6.090669643810e-03
2.059800861115e-02 2.559393702408e-01 4.656059371341e-02
5.938108095668e-02 5.340534716698e-02 -7.905949377136e-02
-5.565608444065e-02 2.029104364043e-03 9.900666506308e-02
6.429835944235e-02 -1.178920486763e-01 7.336825037383e-04
5.621160382606e-02 2.269624346984e-02 -1.388056103523e-01
-7.996906546065e-02 1.289846635405e-01 1.527822245347e-02
4.812169908853e-02 -1.150166444716e-01 2.002462337443e-02
1.779116309524e-04 5.118493847342e-04 7.971693089649e-04
-6.364298790487e-02 -6.058366623297e-02 5.800469117631e-02
-1.022664671185e-01 7.647986032595e-02 -5.106311007274e-03
-3.066362322343e-01 -4.589766718582e-01 2.184907777025e-01
7.614336625927e-02 -4.270171918859e-01 -4.253721940734e-01
-2.930002677531e-02 6.916157072664e-02 -1.866272711003e-02
-9.454956963670e-02 1.238038835337e-01 6.246275117668e-02
-8.194198838521e-02 -2.431425042838e-03 1.622937661423e-01
-6.227863865477e-03 -4.153861668349e-02 6.614560802437e-02
Mode 36
-2.008579426279e-03 1.972646055045e-03 5.197815004766e-05
-5.741277892617e-03 5.911396346272e-03 8.027530681090e-03
-4.109886016921e-03 -1.721556553785e-01 6.134247341262e-02
6.029003570191e-02 1.356290829319e-01 -3.253758568424e-01
-1.159642753805e-01 7.588145001553e-02 1.579186385606e-01
1.056429373097e-01 -2.602788248719e-01 7.101268921265e-02
1.415223141953e-01 4.344925277218e-02 -3.335138531746e-01
-1.412472380047e-01 2.265212163540e-01 3.210817726924e-02
5.650961462814e-02 -1.835517848004e-01 9.829386165519e-02
4.241790222353e-04 -3.799143045504e-04 1.888169690406e-03
-2.672456050894e-02 -5.942748920916e-03 -2.356073916072e-02
-1.691926975474e-03 3.423922432170e-03 8.300840032287e-03
5.251338168291e-02 3.003831564216e-01 -1.477286351575e-01
2.274621130839e-02 1.035404892648e-01 2.058030365663e-01
-4.011102054938e-02 2.555430870082e-02 5.665519091687e-02
-1.758617042652e-01 1.996271902942e-01 1.321319663778e-01
-1.706635841257e-01 -7.180610050484e-03 3.525162044276e-01
-4.843807876192e-03 -1.306529663161e-01 1.562641010339e-01
Mode 37
-3.092955485616e-04 6.820848623091e-04 1.764193209236e-03
-2.814375777958e-02 -8.988331707671e-03 -6.227832929543e-03
-5.135558688012e-02 1.102007885446e-01 5.826556292866e-03
2.203691220061e-01 -3.564340278051e-01 -5.715757386475e-02
-4.064520878587e-02 2.830727548130e-01 -2.269071455093e-01
-8.501551998049e-02 3.667339906516e-02 1.292726617096e-01
6.281482658699e-02 -1.986560153484e-01 9.596128815345e-02
-1.981860504002e-02 2.862465891759e-01 -2.897800597640e-01
-1.508045791811e-01 9.986753441397e-02 1.931429512061e-01
1.337607910476e-03 -1.300815405573e-03 2.578134104299e-03
6.538597799316e-02 3.392782412296e-02 1.488532755451e-02
3.106458827875e-02 -3.428923516327e-02 -1.314467609646e-02
-3.146976952338e-02 1.527101435779e-02 5.985637366524e-03
2.874062147424e-02 -3.685623707795e-02 -2.147652849115e-02
3.731267534786e-02 -2.579165291295e-01 2.041333891918e-01
1.021731478527e-01 -1.702849782624e-01 -1.930553723304e-02
2.036729649425e-02 -7.068541199682e-02 4.356595341536e-02
9.074919966839e-02 -3.619731598938e-01 2.237456882562e-01
Mode 38
-9.246258228481e-04 1.219486321225e-04 -1.086085247048e-03
8.085641417566e-03 1.915307157835e-03 2.046177545202e-03
1.058082585645e-02 -6.313501433185e-05 -3.806664404537e-02
-1.836912220884e-01 5.529674099230e-02 3.164557505372e-01
1.294470911256e-01 -8.375765220296e-02 -1.702283265628e-01
-3.268460764001e-01 3.427888056983e-01 2.826644184357e-01
2.771266680385e-01 -1.138603247446e-01 -4.338046730037e-01
-1.225528277819e-01 1.065934163054e-01 1.340279741100e-01
1.785474534186e-01 -2.056681465482e-01 -1.350934415466e-01
-4.096225193381e-04 5.202380785804e-04 -1.412724382527e-03
-8.246374894467e-03 -4.408148450715e-03 -3.844185105616e-03
-1.050537833263e-03 4.142948901610e-03 8.399194286098e-04
3.243841747283e-02 -4.611433457042e-02 1.917486552027e-02
-2.970273791886e-02 4.294699437268e-02 -2.906478616168e-03
5.176913697517e-02 -8.626017228977e-02 -9.543549371304e-03
9.918424475153e-02 -1.722140937447e-01 -9.288339559563e-03
-4.873236759843e-02 -5.484712828744e-02 1.521766815354e-01
-3.305079846513e-02 9.480639645510e-03 6.158554558811e-02
Mode 39
1.300933457392e-03 -1.723719535588e-04 7.778487513958e-04
-8.159053422915e-03 -1.148519303968e-04 -7.996582196885e-03
-6.886112160278e-03 4.238706031337e-02 -2.296212321682e-02
1.842962392431e-02 -2.332903716497e-01 2.291012533077e-01
-8.384450768682e-02 4.311530250435e-01 -3.030382957143e-01
1.304173026967e-01 -3.257759240303e-01 9.587362054566e-02
3.261874666877e-02 1.830445407694e-01 -2.700477845156e-01
4.914088420105e-02 -3.516454940773e-01 2.995066000008e-01
-7.866595237044e-02 2.078398944551e-01 -8.055296415055e-02
-1.044232690861e-04 2.655539118285e-04 -1.309252686595e-03
1.208566675518e-02 5.530874044581e-03 8.921612716765e-03
6.616892619719e-03 -5.127013336881e-03 2.694460394741e-03
1.107738598945e-02 -3.274418986369e-02 1.885717884329e-02
-1.544691355389e-02 1.941247700654e-02 -1.509545799188e-02
9.739766865058e-03 -1.314531383014e-01 1.203836125440e-01
-7.389729506383e-02 5.087900922161e-02 9.183583378273e-02
-7.384969202160e-02 5.470408413333e-02 8.944098348492e-02
-4.347089682828e-02 1.386249563788e-01 -7.337336965292e-02
Mode 40
-1.055109415618e-03 -4.986871156885e-04 -2.072139470569e-03
1.781067181523e-01 -7.584048555443e-05 -8.897669167507e-02
9.790675466061e-03 8.553768751904e-02 8.454057006436e-02
-5.429696574024e-04 -1.106483814293e-04 1.786607876808e-03
1.484488350531e-03 -2.385238823229e-03 -1.201526285585e-03
-2.584329683268e-04 1.705598699118e-04 -2.536473777529e-05
4.730968361275e-05 -4.645528518760e-05 -7.398272916548e-05
-6.122750483689e-06 1.361653172760e-04 7.870124106638e-05
6.343751613940e-04 -6.304711389467e-04 -1.295491315001e-04
-9.308449298877e-05 6.417361227353e-05 5.362917456962e-05
-2.611029520887e-01 4.907706521097e-01 1.309512077827e-01
-3.386889441404e-01 -4.922190208766e-01 1.888416901106e-01
6.800329544030e-02 -1.951881870416e-01 -3.934359264219e-01
-1.109633008758e-01 -9.085629613207e-02 9.388436712756e-02
-3.550462622988e-03 4.026645982808e-03 5.050679409238e-03
1.187252554616e-04 4.990472779621e-04 -8.200895942290e-04
2.854405826134e-04 -2.636534077060e-04 7.883047594336e-05
-8.540927288554e-05 3.098616937180e-04 2.132535640713e-04
Mode 41
3.357072659152e-04 1.864686937577e-04 4.027436460172e-05
-9.937285820716e-02 -4.201589168448e-02 5.168448567880e-02
5.179271314170e-02 1.656320389064e-01 1.119055308693e-01
1.675230809521e-03 -4.008226642799e-03 2.407020783662e-03
3.378008374206e-03 -3.446091070978e-03 -3.261075114289e-03
-9.592704328307e-05 3.389294581776e-04 -4.472245579219e-04
2.625252408893e-05 7.940825628080e-05 -6.348556161961e-05
-1.238303173905e-04 9.440192782530e-05 6.090081012736e-04
1.673677000734e-04 -3.881023263561e-04 -5.431842284767e-04
6.344371833810e-05 -1.618649952098e-05 4.054094465614e-05
1.013126375214e-01 -1.903429270157e-01 -5.061299998262e-02
2.342824787129e-01 3.352567940631e-01 -1.311937706945e-01
1.049776920861e-01 -3.130556923814e-01 -6.318326774420e-01
-2.872440639615e-01 -2.434898275052e-01 2.430430492542e-01
-1.023025432615e-02 9.275467148075e-03 1.178981766304e-02
-5.413948797137e-05 6.910369169552e-04 -6.528107489980e-04
2.202001521166e-04 -6.549886179934e-05 -7.569610657330e-05
7.460283808788e-04 -2.471250286540e-04 -1.114125362480e-03
Mode 42
-1.582365096994e-04 -8.659367880187e-04 5.719448899678e-04
-1.182838348751e-02 3.059051608988e-01 -5.635412829979e-04
-2.563524127668e-02 8.348942407951e-03 6.137174602014e-02
2.006988847888e-04 -7.520854624840e-04 1.712879460416e-03
2.531578102096e-04 -7.372524845443e-04 -6.874899078410e-04
-3.030891228586e-05 -1.720971693036e-04 -3.488738641497e-05
-6.197072461363e-05 -1.302662255922e-05 1.740872822082e-04
-4.463417134966e-05 3.374541001635e-04 -6.820268915445e-05
7.529772375952e-04 -6.216980499396e-04 4.121428487643e-05
-5.765978336020e-05 -9.920586312878e-05 -1.482192173654e-04
3.528919116216e-01 -6.198348541065e-01 -1.783946508745e-01
-3.167221156630e-01 -4.308409859914e-01 1.765724164211e-01
2.601453638744e-02 -8.209726249349e-02 -1.610579195863e-01
6.551495125638e-02 5.999996950066e-02 -5.346604194833e-02
-9.186833606675e-04 1.588193961712e-03 1.871934127698e-03
9.215132691178e-05 1.816008673916e-04 -3.094547853760e-04
5.967978390571e-05 -1.342796902000e-04 3.894964360885e-05
1.375165300530e-04 -4.107810914292e-05 -1.678610849919e-04
Mode 43
-5.923652177454e-04 -6.603906343081e-04 5.260839258794e-04
1.649792128967e-02 6.173889366528e-02 -1.080320391110e-02
1.702583379462e-01 7.893902403850e-02 -2.324609016838e-01
2.043684723516e-03 -8.845442674802e-04 -2.383453008870e-03
-2.397055806063e-03 2.839937195916e-03 3.888648166356e-03
7.101203172895e-04 -4.756092857962e-04 -3.680820916183e-04
-4.749255743318e-04 8.269448671745e-05 7.525254555050e-04
-1.936158271174e-04 8.529957096479e-04 -1.001626790330e-03
-4.252181022361e-04 -5.264161264646e-04 -2.419544201964e-04
1.769159833498e-05 -4.889016138781e-05 1.289785432108e-05
4.418908619035e-02 -7.555404724447e-02 -2.076089026956e-02
-9.733623869977e-02 -1.335970070302e-01 5.124802724588e-02
-5.897532456150e-02 1.933951711568e-01 3.797190872522e-01
-5.335297879235e-01 -4.625840441483e-01 4.295439803826e-01
8.358042628618e-03 -8.336808777474e-03 -9.627676501955e-03
-3.781813065692e-04 -9.722088086871e-04 1.765324126217e-03
3.604598013207e-04 -9.098558698249e-04 3.356094691552e-04
-1.364308143140e-03 1.162121658562e-03 1.884565994660e-03
Mode 44
-2.900485017382e-04 1.397591497201e-04 -1.373318417063e-04
3.254546650874e-04 5.116491826628e-06 -4.587005593236e-05
-2.431453921366e-05 4.586539030598e-04 1.142496053463e-04
2.506366485954e-03 -2.483783575169e-03 -3.023988710124e-03
-1.676395989628e-02 1.252248943504e-02 2.073919365870e-02
9.346057579937e-03 2.328153246249e-02 -4.456971086683e-02
3.632290188837e-02 -6.832019129930e-02 3.420299398173e-03
-1.538245752120e-01 1.015091350866e-01 1.985473306648e-01
6.381951725975e-04 -5.165624901370e-04 -1.998695738731e-03
1.801459501427e-04 -6.666267894510e-05 3.260646206810e-04
-2.061951407316e-04 3.216437073252e-04 -6.683999817110e-06
-3.855545772708e-04 -5.169367646466e-04 2.415547578024e-04
1.643281848177e-04 -3.166090247527e-04 -8.284875777867e-04
-6.806956837287e-04 -7.209610515684e-04 5.318371682421e-04
5.799759543557e-02 -4.639439996708e-02 -6.784138941670e-02
-3.215407061320e-02 -7.916056058567e-02 1.523939450464e-01
-1.178239383578e-01 2.470305757690e-01 -3.981770411586e-02
5.111881324012e-01 -3.492711968511e-01 -6.454938234645e-01
Mode 45
-1.314898285847e-04 9.551978613399e-05 -2.725473156309e-05
3.310888231408e-04 6.001253853782e-04 -3.976383924409e-04
1.182372066117e-03 -1.521497298523e-03 -4.085471563405e-03
7.540454751977e-04 -4.236566601549e-03 2.853363645794e-03
8.604258548193e-02 -6.326622200579e-02 -1.068290301434e-01
-4.265881688902e-02 -9.882676046035e-02 1.955367634057e-01
-1.774924313701e-02 4.788683289179e-02 -1.796229486937e-02
-4.524612953892e-02 2.910968064630e-02 5.931139923097e-02
-6.669569800223e-05 -1.183786442794e-04 -4.609137829277e-05
5.889568924140e-05 -1.995030784663e-05 1.144271696929e-04
-8.452275878231e-05 1.987715744236e-05 9.917728930162e-05
-1.445409387701e-03 -1.968494819694e-03 7.347766941523e-04
-2.337931060459e-03 7.334919409380e-03 1.292253094494e-02
-2.156229561440e-03 -1.451401563367e-03 1.962758426131e-03
-2.943106014746e-01 2.344639425175e-01 3.458641629086e-01
1.372929188039e-01 3.377363728584e-01 -6.507446242995e-01
7.580817042847e-02 -1.641385663883e-01 3.105849103184e-02
1.472474780884e-01 -1.003801734144e-01 -1.863256619426e-01
Mode 46
8.223212318386e-06 -2.045073649010e-06 -7.290347556693e-05
-5.432716066668e-04 -1.025670836665e-03 4.588300334452e-04
-1.473826841238e-03 2.247852428206e-03 5.453501631242e-03
1.155626876430e-03 5.671733893776e-03 -8.510803582433e-03
-1.382504361975e-01 1.135392962299e-01 1.585515138716e-01
-1.554896823095e-02 -6.787083459979e-02 1.061238265304e-01
-4.315758669248e-02 9.931677657812e-02 -2.428147319761e-02
-1.877914344882e-02 9.845969092511e-03 2.717718087418e-02
1.752075552715e-03 -2.106515071894e-03 -1.190224013757e-03
-5.910008575888e-07 -2.324895839934e-07 -2.526516269876e-05
3.789511779807e-04 -2.319662898491e-04 1.509672586067e-05
2.056403897097e-03 2.964041352285e-03 -9.961816569594e-04
3.011875426807e-03 -9.309663160375e-03 -1.615943672982e-02
2.206298608352e-03 3.593681610494e-04 -1.895705392233e-03
4.470897603942e-01 -3.591036977995e-01 -5.222758540671e-01
7.172277221390e-02 1.860613573241e-01 -3.509798749414e-01
1.549597127152e-01 -3.311677203938e-01 5.943485065868e-02
5.940289515296e-02 -3.975800880508e-02 -7.626409360094e-02
Mode 47
-1.217134525407e-04 6.156415436115e-05 -6.477502849832e-05
1.809427024755e-04 1.761140394145e-04 -1.484766211413e-04
3.472608505175e-04 -7.056866420560e-04 -1.244560308591e-03
6.252983310481e-05 -2.744009098641e-03 2.641906210230e-03
3.841816202847e-02 -3.523329607399e-02 -4.008710527070e-02
2.857474449909e-02 5.357001764971e-02 -1.167546651187e-01
-1.082306932860e-01 2.277980203559e-01 -3.731608734048e-02
-3.545928168976e-02 1.577475704136e-02 5.432696687902e-02
8.844642332733e-04 -1.538724099706e-03 -3.655990928188e-04
5.853755678342e-05 -2.526966400131e-05 1.233760029187e-04
-2.042599031402e-04 2.342570122589e-04 6.007038738100e-05
-4.673166360154e-04 -7.113747889881e-04 2.792889519668e-04
-8.320668152984e-04 2.232597139337e-03 4.075650966160e-03
-4.333826862908e-05 4.292137957985e-04 -1.634136867579e-04
-1.169672002769e-01 9.501278626755e-02 1.354609914562e-01
-7.542271915676e-02 -1.821494689204e-01 3.541225106475e-01
3.437900825947e-01 -7.296591785554e-01 1.257131131252e-01
1.093317515342e-01 -7.210285495681e-02 -1.413504767756e-01
--
Dipole derivatives 
Mode 0
-3.202065610020e-02 -3.209535753441e-02 -5.599744317977e-02
Mode 1
-1.795027825084e-02 -2.527855410503e-02 -2.920474155181e-02
Mode 2
-5.891291502715e-02 5.956303817828e-03 -3.458243112203e-02
Mode 3
4.044466457914e-02 -6.452299010852e-03 1.255138268700e-03
Mode 4
2.548498263253e-02 -3.375507868917e-02 2.706016663625e-02
Mode 5
-1.072143990491e-02 2.027631620687e-02 -4.912361029160e-02
Mode 6
1.060888806585e-02 -2.000882441086e-03 -2.078203257287e-02
Mode 7
-1.643644564245e-02 1.631458729620e-02 -5.129414271130e-02
Mode 8
-2.325951774781e-02 -3.396521402910e-02 -2.513648485925e-02
Mode 9
6.633161411345e-02 -2.248266959165e-02 5.974004863071e-02
Mode 10
-4.672132990727e-02 2.090007438862e-02 -2.465164829667e-02
Mode 11
-2.980662015816e-02 4.297455731508e-02 9.969364107631e-03
Mode 12
5.099055147408e-02 7.390307677465e-03 3.698106188006e-02
Mode 13
1.219354736098e-03 9.088338802785e-03 5.330570809677e-03
Mode 14
8.814662378689e-02 -7.501551699365e-02 6.439344521285e-04
Mode 15
1.805942238112e-02 -1.843820973066e-02 -4.492661433859e-02
Mode 16
1.039547007499e-01 -9.313741836241e-02 -1.923311291684e-02
Mode 17
-3.688961466925e-02 -5.253599643822e-03 3.491394760002e-02
Mode 18
-2.141168369874e-02 7.813215042395e-03 -2.948115771312e-02
Mode 19
1.769830261316e-02 1.083172921533e-02 -4.632752996717e-02
Mode 20
-2.140711732144e-02 -1.542852943785e-02 -2.997256995468e-02
Mode 21
-3.371678369381e-02 -2.214045040117e-02 -7.009788327633e-02
Mode 22
2.370920236935e-02 4.255155724833e-02 2.228500977103e-02
Mode 23
-6.864101411430e-03 4.863425065176e-03 -1.425825177307e-03
Mode 24
-2.433892806872e-02 -4.226403513977e-02 -2.988968352958e-02
Mode 25
-3.935354564468e-02 -1.944661420546e-02 -3.572222161747e-02
Mode 26
-1.297347354547e-02 3.829541089828e-02 -2.558907817117e-02
Mode 27
3.048935078997e-02 2.533189777988e-02 -3.948868915046e-02
Mode 28
3.556435392040e-02 2.840184216498e-02 8.863708237728e-04
Mode 29
-2.345483548825e-02 -3.857853623310e-02 -1.058612441456e-02
Mode 30
-1.246377388178e-01 -1.193860309614e-01 6.625830693760e-03
Mode 31
-1.078231053701e-02 -1.366705603629e-02 -3.554622334730e-02
Mode 32
-4.661615073752e-02 -1.337437213481e-02 3.392245512617e-02
Mode 33
-1.785900209332e-02 -4.799079869720e-02 3.386825441104e-02
Mode 34
-7.653105922165e-03 2.925806916007e-02 2.657523485728e-02
Mode 35
-7.143809130653e-02 5.383223802905e-02 -4.672099867580e-02
Mode 36
7.356319956794e-02 2.467572177478e-02 -1.121891204241e-01
Mode 37
-3.515108547900e-02 -8.570212195863e-03 1.499009644347e-01
Mode 38
4.615614772199e-02 8.060328511214e-02 -6.486821664893e-02
Mode 39
3.789613748495e-02 9.583972164688e-02 1.317881945540e-01
Mode 40
2.340104695832e-02 -1.094819469228e-01 3.594431668402e-02
Mode 41
1.355894737351e-01 7.743376394054e-02 -6.786833031013e-02
Mode 42
3.893873641784e-02 -3.739784054656e-02 -7.853871926240e-02
Mode 43
-5.197343445458e-02 -7.140118718779e-02 -1.022278574108e-02
Mode 44
2.224638608878e-03 2.273857180552e-02 -8.280798428097e-02
Mode 45
6.889179075948e-03 3.609140396594e-02 3.492966165919e-03
Mode 46
4.150795113449e-02 4.223727371166e-02 -4.648632241459e-02
Mode 47
-1.855511075506e-02 -1.914740491929e-02 -7.856962206639e-02
--
Polarizability derivatives 
Mode 0
-6.875448547630e-01 -5.706655650086e-01 -6.896726702496e-01
-5.706655650086e-01 1.099139206956e+00 -1.257173122668e-01
-6.896726702496e-01 -1.257173122668e-01 -3.308379405863e-01
Mode 1
5.658109979289e-01 2.820862041577e-01 -6.177175901463e-01
2.820862041577e-01 2.187657137995e-01 -1.579421734103e-01
-6.177175901463e-01 -1.579421734103e-01 -1.075285414113e+00
Mode 2
-9.718175837932e-01 1.633807309128e-02 -5.164232532394e-01
1.633807309128e-02 6.581653000282e-01 -7.239569034551e-01
-5.164232532394e-01 -7.239569034551e-01 2.478593010268e-01
Mode 3
-7.117105154685e-01 -3.330301837050e-01 7.389411608905e-01
-3.330301837050e-01 9.982938283134e-02 -5.411851216161e-01
7.389411608905e-01 -5.411851216161e-01 3.496796016217e-01
Mode 4
9.324834036336e-01 4.265378678872e-01 4.434357380300e-02
4.265378678872e-01 -1.766235038745e-01 -2.795466500326e-01
4.434357380300e-02 -2.795466500326e-01 6.465623609839e-01
Mode 5
4.832568348887e-01 -3.597092703961e-01 -6.131175121494e-01
-3.597092703961e-01 1.362394009041e-01 7.099237969497e-01
-6.131175121494e-01 7.099237969497e-01 -6.566961079212e-01
Mode 6
8.058859061857e-02 4.857373170032e-02 3.166775874382e-01
4.857373170032e-02 -3.962793067701e-01 4.515346805284e-01
3.166775874382e-01 4.515346805284e-01 -2.369882056866e+00
Mode 7
-4.484030105726e-01 -9.231800238090e-02 -4.299209300850e-01
-9.231800238090e-02 -2.238603293367e-01 5.406931380229e-01
-4.299209300850e-01 5.406931380229e-01 -1.262336345208e+00
Mode 8
-7.283875979533e-01 -1.849924806455e-02 -6.525177230412e-01
-1.849924806455e-02 -2.837309093338e-01 -1.549479028853e-01
-6.525177230412e-01 -1.549479028853e-01 -9.399874712834e-01
Mode 9
-2.042230563122e-01 -2.003142273651e-01 1.080709156835e-01
-2.003142273651e-01 6.038686812687e-01 1.140491267986e-01
1.080709156835e-01 1.140491267986e-01 -5.302012519342e-01
Mode 10
-6.018225803767e-01 -4.915899168884e-01 -1.112000652465e+00
-4.915899168884e-01 1.785952131691e-01 -1.340973701095e-01
-1.112000652465e+00 -1.340973701095e-01 1.045963721380e+00
Mode 11
-1.081664111871e-01 2.704354245430e-01 -2.689173560150e-01
2.704354245430e-01 4.256986229630e-01 1.844083023995e-01
-2.689173560150e-01 1.844083023995e-01 -1.185762135103e+00
Mode 12
1.864751660894e+00 6.451860383583e-01 1.149114321820e+00
6.451860383583e-01 4.899208313902e-01 4.831050026699e-01
1.149114321820e+00 4.831050026699e-01 1.270424110938e-01
Mode 13
3.035920555578e-01 4.187349096170e-01 1.725447512808e+00
4.187349096170e-01 9.852006190190e-02 1.750395857124e+00
1.725447512808e+00 1.750395857124e+00 1.193736029308e+00
Mode 14
9.923006383185e-01 6.714430760583e-01 1.047770482908e+00
6.714430760583e-01 -3.220306498135e-01 2.453011139278e-03
1.047770482908e+00 2.453011139278e-03 1.179651955205e+00
Mode 15
-1.115578398109e+00 -7.778906645791e-01 -4.066943355449e-01
-7.778906645791e-01 -1.333219657004e+00 1.407110226057e-01
-4.066943355449e-01 1.407110226057e-01 -1.624042891469e+00
Mode 16
9.213856115854e-01 5.397802902066e-01 1.006995860798e+00
5.397802902066e-01 5.818112574821e-01 4.037147327018e-01
1.006995860798e+00 4.037147327018e-01 1.513994744117e+00
Mode 17
-1.184022964319e+00 -7.940876217964e-01 4.726956011911e-01
-7.940876217964e-01 -4.224836111418e-01 -8.172686795907e-01
4.726956011910e-01 -8.172686795907e-01 -1.161247426330e+00
Mode 18
3.780593886879e-01 -3.206070426495e-01 5.915363678748e-01
-3.206070426495e-01 -7.469194169767e-01 1.542434585107e-03
5.915363678748e-01 1.542434585107e-03 1.014832939051e+00
Mode 19
4.514762433350e-01 9.904009841740e-01 4.258946708996e-01
9.904009841740e-01 1.415116790788e+00 4.289820563786e-01
4.258946708996e-01 4.289820563786e-01 9.936856685743e-01
Mode 20
1.924999325682e-01 -6.326947817751e-02 7.420983192546e-01
-6.326947817751e-02 4.438970534027e-01 -5.996661439640e-02
7.420983192546e-01 -5.996661439640e-02 9.130702746568e-01
Mode 21
-6.322023398382e-01 -6.567376517903e-01 -7.734123471011e-02
-6.567376517903e-01 7.999827849242e-02 -7.607742007082e-01
-7.734123471011e-02 -7.607742007082e-01 1.439572513169e-01
Mode 22
2.100383174388e+00 1.546099746755e+00 1.901589268395e+00
1.546099746755e+00 1.573680134563e+00 1.499159374226e+00
1.901589268395e+00 1.499159374226e+00 4.446178675183e+00
Mode 23
-8.238945901734e-02 1.583019350571e-01 3.518335662727e-02
1.583019350571e-01 1.340948928443e-01 4.136259734775e-02
3.518335662727e-02 4.136259734775e-02 1.506192257789e-01
Mode 24
1.622625011411e+00 1.202248367316e+00 4.260520650267e-01
1.202248367316e+00 1.908466372581e+00 3.934344231894e-01
4.260520650267e-01 3.934344231894e-01 3.093811928008e+00
Mode 25
-1.695183340674e-01 -1.060435009375e+00 -1.182016290937e+00
-1.060435009375e+00 -1.219853613637e+00 -5.327220021107e-01
-1.182016290937e+00 -5.327220021107e-01 -3.954898925896e-01
Mode 26
1.445858734250e+00 -3.075910302417e-01 3.750464837191e-01
-3.075910302417e-01 -1.917470328600e-02 8.580249544752e-01
3.750464837191e-01 8.580249544752e-01 -1.181372296061e-01
Mode 27
4.602295314045e-01 6.431185631930e-01 -7.941417172376e-01
6.431185631930e-01 4.188594839538e-01 -1.192226279599e+00
-7.941417172376e-01 -1.192226279599e+00 -1.267204184829e+00
Mode 28
-6.374830208500e-01 -6.344397604015e-02 1.465265180095e-01
-6.344397604015e-02 -5.619051662774e-02 3.605466097106e-01
1.465265180095e-01 3.605466097106e-01 -2.701744354837e+00
Mode 29
1.175030039647e+00 1.175705008175e+00 1.500126406026e+00
1.175705008175e+00 1.047441348054e+00 1.320979051008e+00
1.500126406026e+00 1.320979051008e+00 2.150656925449e+00
Mode 30
-1.561204717741e+00 1.033722382341e-01 -1.097017065177e+00
1.033722382341e-01 -4.559330232143e-01 2.611923229902e-02
-1.097017065177e+00 2.611923229902e-02 -2.552299438126e+00
Mode 31
-7.881516791760e-01 6.084595638801e-02 -3.337317006922e-01
6.084595638801e-02 7.756950125140e-01 -4.043892169399e-01
-3.337317006922e-01 -4.043892169399e-01 2.778766238195e-01
Mode 32
9.134776292434e-01 1.471828163191e+00 2.164120101161e+00
1.471828163191e+00 1.733558035652e-01 9.692080928561e-01
2.164120101161e+00 9.692080928561e-01 5.481282510724e+00
Mode 33
9.341302802325e-01 -8.451205786903e-01 -6.009064919544e-01
-8.451205786903e-01 -6.255719819041e-01 -1.088768831571e-01
-6.009064919544e-01 -1.088768831571e-01 -2.025807186956e+00
Mode 34
-9.437731962193e-01 9.318435747711e-03 -4.720439788765e-01
9.318435747712e-03 1.738311521568e+00 -2.222066713193e+00
-4.720439788765e-01 -2.222066713193e+00 3.525020418758e-01
Mode 35
-2.602027092030e+00 8.885920136502e-01 4.083705156108e-01
8.885920136502e-01 5.408563848322e-01 -1.322579610877e+00
4.083705156108e-01 -1.322579610877e+00 -8.006337897446e-01
Mode 36
-2.956658553737e-01 -6.460824130742e-01 -1.529141480625e+00
-6.460824130742e-01 3.948086752604e-01 4.005487183990e-02
-1.529141480625e+00 4.005487183990e-02 -4.968664459482e-01
Mode 37
-1.044140367202e+00 -3.787417424624e-01 -1.596890145647e+00
-3.787417424624e-01 1.537769906302e-01 -9.454073641748e-01
-1.596890145647e+00 -9.454073641748e-01 2.816781920699e-02
Mode 38
2.964473948354e-01 1.335536953488e-01 2.043844416810e+00
1.335536953488e-01 -2.805170823501e-01 2.389541815207e+00
2.043844416810e+00 2.389541815207e+00 2.700931454560e+00
Mode 39
3.195364452439e+00 2.318823410179e+00 3.495897369115e+00
2.318823410179e+00 1.749172941612e+00 2.021751974414e+00
3.495897369115e+00 2.021751974414e+00 -4.666517063288e-01
Mode 40
-2.174593798192e+00 -1.162944340623e-01 -8.381979867975e-01
-1.162944340623e-01 4.984694749542e+00 -2.103657983923e+00
-8.381979867975e-01 -2.103657983923e+00 5.716927921758e+00
Mode 41
-8.225940632222e+00 -1.081145264903e+00 3.594900028822e+00
-1.081145264903e+00 -6.724062124431e+00 9.183627177826e-02
3.594900028822e+00 9.183627177826e-02 -5.109296430254e+00
Mode 42
-3.281775641469e+00 -2.571921318880e+00 4.624080754187e+00
-2.571921318880e+00 4.078522100279e+00 3.607643329544e+00
4.624080754187e+00 3.607643329544e+00 -9.500755812444e+00
Mode 43
2.630304587957e+00 2.001469666411e+00 -3.251560202625e-01
2.001469666411e+00 -2.777277057441e+00 -1.957852819465e+00
-3.251560202625e-01 -1.957852819465e+00 -2.062482933235e+00
Mode 44
1.328111647213e+00 2.176063591786e+00 -1.997226776650e+00
2.176063591786e+00 3.880795359483e+00 -3.335621816245e+00
-1.997226776650e+00 -3.335621816245e+00 1.242300322155e+00
Mode 45
4.679252804853e-01 -7.133072447976e-01 -4.066989060843e+00
-7.133072447976e-01 -2.095719654010e+00 -5.415116190820e+00
-4.066989060843e+00 -5.415116190820e+00 3.243638264888e+00
Mode 46
-4.292338768406e+00 -4.495697971227e+00 4.195734662862e-01
-4.495697971227e+00 -5.569005868838e+00 2.209761843494e-01
4.195734662862e-01 2.209761843494e-01 2.881884919263e+00
Mode 47
2.938487387329e+00 2.968721440740e+00 2.146242927588e-01
2.968721440740e+00 4.979592711183e+00 2.012807578893e+00
2.146242927588e-01 2.012807578893e+00 1.476084965699e+01
--
