Number of atoms 
18
--
Anisotropy 
195.589
--
Frequencies 
28.098254229438
37.130607553991
37.480738183186
62.237134405401
92.965778558653
108.836862565348
161.893058521967
192.646974483213
237.715509662480
254.282906822352
289.466956294482
374.867188463772
402.980607334626
460.842614090308
472.896644300182
528.356842143233
556.852178736374
569.960359024582
630.190657503902
647.955948069085
677.486161400219
692.685500664422
697.890935799063
752.864751693869
760.107754930791
802.579859832104
836.711872118047
889.914978169983
903.500910629659
952.163943590569
964.529802431758
982.497325565765
1003.532715124617
1097.345034595131
1145.433986658961
1188.539166385085
1267.206258123561
1312.168096210132
1434.084181961999
1465.829807154378
1569.239277638065
1584.077840051719
1675.030495472368
1826.359722443404
3158.382402497017
3225.992821985520
3248.834422700565
3255.059960464803
--
Displacements 
Mode 0
1.559952217698e-03 4.082738006204e-01 8.359193002415e-04
1.421225117674e-03 1.234841512185e-01 5.180248198990e-04
1.435071819028e-03 -1.016468743813e-02 4.719875110517e-04
1.157056204318e-03 -7.709216814665e-02 4.493081231194e-04
1.183723285419e-03 -2.458017153477e-01 4.196184582049e-04
1.134087439919e-03 2.522187771385e-02 5.707886694842e-04
2.202357832455e-03 3.627232366993e-01 1.063028590943e-03
5.917172511030e-04 -6.568606744514e-02 7.355138488099e-04
8.712164489776e-05 1.182878707681e-02 1.788073301437e-03
7.841075394611e-04 3.965734134779e-01 3.103218787241e-03
-1.266926173530e-04 3.646769711083e-01 4.274280446498e-03
-2.921482141002e-03 -2.253934641971e-01 6.089190031186e-03
-1.264485145342e-03 -2.955957755484e-01 1.965906266960e-03
-1.997391026364e-03 -2.762607549661e-01 -6.979931224817e-03
4.298677340882e-05 -6.692082929235e-02 7.050353662577e-05
5.900858881474e-04 2.048403791770e-01 9.396698977904e-04
2.602856320820e-05 1.783869199766e-01 1.571885083741e-03
-5.900094692738e-04 -1.782206228104e-01 3.180310060374e-04
Mode 1
3.737550524719e-02 1.681117304446e-01 1.082835968853e-01
9.273989825836e-02 2.816111375119e-02 6.690727852773e-02
9.976160301849e-02 1.284202358655e-02 7.257298144966e-02
8.674228160765e-02 -3.629988997312e-02 6.456377920005e-02
9.659716662669e-02 -7.555366308572e-02 7.148220693499e-02
8.534440978584e-02 -4.390992708167e-02 6.789164704039e-02
1.542470402890e-01 -1.734924205524e-02 1.128282704882e-01
4.913436536590e-02 -4.760697941133e-02 7.921232589034e-02
1.620465307965e-02 -3.325923990203e-02 1.506854569829e-01
5.694928054649e-02 -8.845745051636e-02 2.271778441054e-01
4.889247660680e-03 -4.178587655542e-02 2.942241649021e-01
-1.591155201802e-01 1.172368638340e-01 4.335540262436e-01
-6.938146673538e-02 5.121383638847e-02 1.627350651577e-01
-1.476597224434e-01 -3.385053178733e-02 -5.938239754675e-01
5.181575472976e-03 -1.446623885450e-02 1.232839041151e-02
3.398108201201e-02 -4.831869657013e-02 6.726467074839e-02
6.116076854662e-03 -2.025812050832e-02 1.044540780097e-01
-3.404314796708e-02 3.125572871369e-02 3.300087918307e-02
Mode 2
-8.638275925047e-03 6.183218782885e-01 -3.021572243822e-02
-2.554245461879e-02 1.077667983295e-01 -1.867963590868e-02
-2.768615248747e-02 4.579578649917e-02 -2.058447574154e-02
-2.444977390834e-02 -1.323130535863e-01 -1.820920884904e-02
-2.752413026078e-02 -2.815425584049e-01 -2.043359110228e-02
-2.418125588019e-02 -1.532712855347e-01 -1.876211925343e-02
-4.297470593969e-02 -3.809157388507e-02 -3.082813832099e-02
-1.417356216679e-02 -1.717688496843e-01 -2.188139415116e-02
-4.889869917829e-03 -1.180348353105e-01 -4.202705539057e-02
-1.644090847731e-02 -3.002519584492e-01 -6.371353169252e-02
-1.706130828649e-03 -1.361471351800e-01 -8.272763947857e-02
4.446848395834e-02 4.060698297221e-01 -1.217403871865e-01
1.928209802518e-02 1.702958683882e-01 -4.542056942976e-02
4.109513700872e-02 -1.353364185462e-01 1.661707787823e-01
-1.568975222354e-03 -5.458597270033e-02 -3.362289520780e-03
-9.744321080496e-03 -1.643779913287e-01 -1.887956153166e-02
-1.820405274866e-03 -6.584526785896e-02 -2.941928782837e-02
9.527523515172e-03 1.042856427721e-01 -9.144720464240e-03
Mode 3
1.732843201304e-04 1.883380995975e-01 -2.536191127306e-04
-2.628779352598e-04 -2.021702122510e-02 -1.829104009712e-04
-2.178419750591e-04 2.068028838082e-01 -2.074095267023e-04
-1.384265586218e-04 6.986285938454e-02 -1.672201230516e-04
-5.913993062307e-05 2.589635756820e-01 -1.552176931669e-04
-1.475704172914e-04 -1.995679737588e-01 -2.038301634066e-04
-4.970879752000e-04 -7.563266373342e-01 -2.312635770106e-04
6.950435060563e-05 -1.220050657752e-01 -2.963909578087e-04
1.730535516727e-04 -7.075142330427e-02 -5.380456284210e-04
1.362682919520e-04 1.985663833705e-01 -6.145745836344e-04
1.473069905398e-04 3.060880354651e-01 -6.517563337887e-04
4.908828154216e-04 1.043977447845e-01 -1.065849801277e-03
3.260650322676e-04 -1.661475926256e-01 -5.635160227558e-04
-8.703773218527e-05 4.812752060089e-02 1.559783065549e-03
6.118427109089e-05 -3.432443638371e-03 -4.416697849360e-05
7.496556446069e-05 1.030268915022e-01 -1.706308694413e-04
2.249036010980e-05 1.514092844071e-01 -2.059056502654e-04
1.179525489423e-04 -1.008225566108e-01 -1.536670842583e-04
Mode 4
-1.544887188640e-01 -4.319849429750e-04 -2.557465976138e-01
-8.090885082099e-03 6.099352388812e-04 -1.616648988771e-01
4.703860133872e-02 7.886207872466e-04 -8.831852772265e-02
1.496560535523e-01 3.406128554834e-04 -1.005364245033e-01
2.443467922987e-01 7.207319289406e-04 -3.884111155332e-02
1.777107866683e-01 -4.825082632984e-04 -1.984122064544e-01
1.295608156846e-01 8.600050205695e-04 -4.245060599566e-01
1.804087118876e-01 -1.560609572206e-03 -2.010138487404e-01
1.296680544412e-01 -1.537511442429e-03 -9.438076347021e-02
2.152243121162e-01 -1.674885326983e-03 6.531591497587e-02
1.042789991351e-01 -5.326929131995e-04 2.116294214501e-01
-1.875863906321e-01 1.298059427352e-03 2.487428240960e-01
-5.078548433385e-02 -4.258328604493e-04 -6.953916910312e-02
-2.279918235596e-01 2.875199768983e-04 3.434992641464e-01
4.371570867049e-02 -5.671102084825e-04 -6.809616095523e-02
9.758586966703e-02 -7.130591810358e-04 2.145258957028e-02
4.048705258360e-02 -1.067628549389e-04 1.031324123870e-01
-4.519878546911e-02 -2.630402730967e-06 -5.117339376075e-02
Mode 5
-1.630592136103e-04 -2.472942748133e-01 8.428872689612e-04
-6.718035902724e-05 8.979048347559e-02 5.474063237909e-04
-2.014431375123e-04 9.379793123296e-02 4.099999344661e-04
-4.545445950669e-04 1.125627336489e-01 4.218750248850e-04
-6.426265775537e-04 3.183298711500e-01 2.968417029094e-04
-5.507883665568e-04 -8.635937485156e-02 6.713738659934e-04
-4.446881441941e-04 3.562291772411e-01 1.203783484713e-03
-4.986265145405e-04 -4.367130882064e-01 7.173184110788e-04
-3.360726506506e-04 -4.142791788555e-01 3.553754077720e-04
-6.528476285419e-04 -1.991854495046e-01 -1.555982744254e-04
-3.708080638286e-04 1.492659701568e-01 -6.027024188908e-04
5.337837297335e-04 3.130716004271e-01 -6.644743298067e-04
2.176890395199e-04 -3.010454570402e-01 2.815389667866e-04
9.664742629190e-04 6.947480319635e-04 -1.307713662075e-03
-1.069879468575e-04 -1.730916924312e-01 2.576117164792e-04
-3.192090270030e-04 -8.369755272080e-02 -5.755417360674e-05
-1.566220886677e-04 1.086805537329e-01 -3.065973993810e-04
1.611711462577e-04 -1.090526597071e-01 1.748088800000e-04
Mode 6
-9.136741132446e-04 -3.211414984310e-01 4.927407200108e-06
-1.658937590976e-04 3.384347625473e-01 6.065492389608e-05
-6.239007138606e-05 7.062467597989e-01 1.002166679022e-04
-9.701980499838e-05 9.499840682977e-02 1.987978516723e-04
-1.557416781717e-04 -5.156738354584e-01 4.194607030676e-04
-7.929368131272e-05 5.219846457845e-02 1.459256242886e-04
-2.910222539652e-04 -7.314909659495e-02 1.491071009370e-04
-2.710482814984e-05 1.158469815570e-02 1.484568906945e-04
-7.789047101395e-06 -9.989326869179e-03 1.474962111705e-04
-4.481060611926e-05 -5.051721494634e-03 8.790260026271e-05
4.329514796841e-06 6.297100502097e-03 2.282113519159e-05
1.711569955241e-04 9.385807011049e-03 8.617241103159e-05
7.103115122553e-05 -9.547606367358e-03 1.406701760784e-04
5.638767934786e-04 -4.319206673313e-03 -4.863681134262e-04
-5.907850517518e-06 -1.768200844578e-03 4.786759153292e-05
-3.807982213594e-05 -1.496820534036e-03 2.307486050955e-05
-3.783435694885e-06 3.651680660508e-03 -1.213002724333e-05
3.497178279896e-05 -2.859336297876e-03 5.551120224849e-05
Mode 7
-1.836206745874e-01 1.813205025315e-03 2.324098809167e-02
-3.404919020101e-01 1.317932914439e-04 4.482464148596e-02
-3.181533788773e-01 -8.597028430920e-05 1.601131690425e-01
-1.371893611157e-01 -6.339100013793e-06 1.633765577227e-01
-3.208737662612e-02 3.404254070183e-04 3.297390074856e-01
-8.475950433046e-02 -1.110360812265e-04 -1.849195074618e-03
-4.735364707934e-01 2.158219869408e-04 -1.689028306137e-01
1.063140681354e-01 2.380755660255e-06 -5.782110510623e-02
1.386048373490e-01 1.040356712714e-04 -1.004338426949e-01
2.061686664342e-01 -1.478022145022e-04 7.808729142620e-03
1.305569263179e-01 -3.551717243608e-04 1.170524705752e-01
-2.956732350277e-02 -1.232697569195e-05 1.323215348465e-01
3.307783203819e-02 3.086863456264e-04 -8.399097544261e-02
3.455533728479e-01 -8.668806738837e-04 -1.554613036170e-01
5.311757650751e-02 -6.741304791975e-06 1.038432595771e-02
8.407762007138e-02 8.036127660709e-06 3.517152564030e-03
4.517956548734e-02 -1.636266304277e-04 6.338044849246e-02
-1.192518830208e-02 1.401633609064e-04 -4.624596184738e-02
Mode 8
-9.343854283320e-02 6.198039635464e-04 1.308964810993e-01
-4.428011971109e-02 2.736438677348e-05 6.704878410765e-02
1.057106448234e-02 4.097894604918e-05 1.900347811493e-01
2.044570779889e-01 -8.372292554631e-06 1.487668603619e-01
4.715439743796e-01 -1.265645853535e-06 4.373240906865e-01
1.723531242877e-01 6.178407918585e-06 -6.556243583766e-02
1.348430053948e-01 -1.071049262591e-04 -1.860132692408e-01
-6.664346500551e-02 1.593801497276e-05 -2.177080212904e-02
-1.770937662371e-01 6.356483531835e-05 2.478785739039e-02
-2.677282621050e-01 9.627669384313e-05 -8.245646088275e-02
-2.252285318542e-01 9.137441916852e-05 -1.578670945605e-01
-2.429056404865e-01 -1.021723305644e-04 -2.270476281445e-01
-1.640540683309e-01 -1.136119593612e-05 5.698150058585e-03
1.032881256034e-01 -2.458695846461e-04 -3.263945491350e-02
-5.301896194359e-02 6.062655708369e-07 -4.853746729172e-02
-1.052374202099e-01 -5.356178986214e-06 -2.573783642536e-02
-6.900042404004e-02 2.800001713692e-05 -5.990248354629e-02
-3.900206845646e-02 -1.549254988203e-05 9.888166833187e-03
Mode 9
-1.913758102898e-01 6.924510823255e-04 -3.467114400910e-01
-1.288564465346e-01 -1.817680767250e-05 -1.452755549514e-01
-6.588116645037e-02 -2.568585626166e-04 -4.883991873271e-02
3.511228147370e-02 -9.909013503147e-05 -3.443341904202e-02
5.708293451317e-02 1.064494227023e-04 -2.899822991067e-02
6.483835047425e-02 -3.228082804873e-05 7.367045905369e-03
-1.275970251992e-01 -1.652864753829e-04 -2.597971109016e-01
-6.954553985906e-02 2.535889822172e-05 1.041966383288e-01
-1.377596983063e-01 2.912560867584e-05 3.727354855609e-01
-2.427478287232e-01 1.026480431112e-04 2.118018127724e-01
-7.659622443746e-02 1.904392278941e-04 -1.576709930036e-02
4.298564624531e-01 3.204710298488e-05 1.273006441506e-01
1.135667481020e-01 -3.602216571672e-05 3.697755591080e-01
7.628110041644e-02 -2.331698210573e-04 -9.638216410702e-03
-6.133851265222e-02 4.712142755752e-05 -1.721499422316e-02
-1.323434487357e-01 -2.636824558040e-05 5.532277156071e-02
-3.852849255150e-02 7.586998925785e-05 -7.091165085977e-02
8.457167800868e-02 -1.234261103019e-05 1.607786392611e-01
Mode 10
-3.705888174922e-04 -7.698031915983e-02 -1.529819169715e-04
1.561490180137e-04 1.609119846175e-01 -4.164486326949e-05
1.761672088669e-04 1.273067048366e-01 -3.223747001344e-05
7.819220693110e-06 -1.607046490659e-01 2.909792951471e-05
4.067099820791e-05 1.925026592444e-01 -7.536573559571e-05
-7.436249766776e-05 -5.616785865557e-01 1.974896054360e-04
1.431064798061e-04 1.392088904760e-01 2.180428634565e-04
-8.227018352310e-05 -3.823276118088e-01 1.584272847623e-04
-1.055668987720e-04 2.647991225386e-01 3.213882264288e-06
-7.967060785719e-05 2.400168634116e-01 -2.135397580051e-05
-2.017431633352e-05 -7.781426068354e-02 -4.472098447271e-05
6.881016930906e-05 -2.026758137571e-01 -8.970350788726e-05
-7.483532056564e-05 4.134352741333e-01 9.140963276034e-06
6.946454959242e-05 -2.084291181273e-03 -3.535531947365e-05
-9.755095343612e-06 -1.856012506849e-01 7.438259018307e-05
7.276319311785e-05 7.905701133337e-02 1.875876577275e-06
6.103773201897e-06 -8.071020459763e-02 -2.528148678321e-05
-2.354032468587e-05 1.226787270377e-01 3.011234463322e-06
Mode 11
8.714655109631e-01 -1.807821594283e-03 1.107514999155e-02
-7.967586010194e-02 -4.305643470042e-04 -4.188061959686e-03
-1.301054905237e-01 4.958116188708e-04 -4.508155185341e-02
-9.185132294205e-03 1.847126808292e-04 -3.564746954642e-03
1.232795297169e-01 -9.688126003422e-05 1.404921925988e-01
-1.807256522209e-03 -1.078980466990e-05 -5.607741947539e-02
-2.606045094080e-01 2.041508352966e-04 -1.932219631987e-01
4.278840877022e-03 -3.696899770306e-04 -4.690220984424e-02
-1.984971213001e-02 3.881486959537e-05 3.714907025142e-02
-2.779169997567e-02 1.186740538231e-04 3.210752127652e-02
-7.884440948059e-03 -5.061404335004e-05 5.058882029474e-03
6.196943608672e-02 -7.567439757527e-05 3.267356314652e-02
9.813724325926e-03 2.552108306934e-04 4.318153554550e-02
-2.374867481038e-01 6.437926202129e-04 3.078504913107e-02
-7.703011161219e-03 -2.017106165700e-04 -2.393042177387e-02
-1.749317753145e-02 5.952925062135e-05 8.036712098555e-03
-4.453867979529e-03 -3.511307420484e-05 -7.410509216033e-03
9.725174954944e-03 8.550045088780e-05 1.983059676116e-02
Mode 12
-6.623177546565e-02 3.063506454389e-04 7.243900277223e-01
2.668621854602e-02 -2.955905135464e-04 1.282349047634e-01
-5.842634862445e-02 2.880771949271e-04 -5.269697843823e-03
-6.350346264054e-02 1.708749052986e-04 -1.034218955108e-01
-1.920582708176e-01 -1.171894993344e-04 -2.525801050685e-01
5.525888970414e-02 4.099499006747e-06 -1.515908920354e-01
6.453576444146e-02 -2.073128953060e-05 -4.940119206706e-01
1.789894150593e-02 -3.504081474097e-04 -1.408475814537e-01
-4.077873260944e-02 1.153786731289e-05 6.070436415281e-02
-5.639844926097e-02 1.045076973276e-04 5.680271234058e-02
-1.901943109997e-02 4.834081326139e-05 3.480664238396e-03
1.070863393079e-01 -1.069074328902e-04 4.077210592264e-02
7.347544781390e-03 2.558958478046e-04 6.898090824223e-02
4.877593360632e-02 -9.892934744734e-05 -1.414740165875e-02
-1.932347482408e-02 -1.571720612437e-04 -6.797195100894e-02
-2.850806291160e-02 1.029187650366e-05 1.503070644707e-02
-9.903517304928e-03 1.260478518927e-06 -1.673747605364e-02
1.536131213372e-02 9.020366035518e-05 3.407192617831e-02
Mode 13
2.313001305093e-04 -4.296228057201e-02 3.783932403678e-04
8.092900255721e-05 2.151615462616e-01 4.241758203953e-05
-4.911569147163e-05 2.289822619235e-03 -4.200341030779e-05
-5.412789629243e-05 -2.128729008119e-01 -5.027831601116e-05
8.631086694884e-05 9.119122150107e-02 -3.545674153387e-05
-3.914806599257e-05 -4.241138558537e-01 4.984855211756e-06
-9.022426190957e-05 7.402749406653e-02 -3.064525233371e-04
-1.187369982635e-04 3.554494114743e-01 -1.132213338735e-04
-1.191360920011e-04 1.714808590009e-01 3.968627317509e-05
-8.408996403723e-05 1.044338102317e-01 4.265903379431e-05
3.412558225919e-05 -3.498384585204e-01 -2.232887570990e-05
6.672163346339e-05 2.963568916099e-01 6.736622883198e-05
1.043106801632e-04 -4.664533797194e-01 -3.471959876127e-06
-4.938899584062e-05 -1.985340657577e-03 -1.345003823854e-05
-6.712890476927e-05 2.008454848092e-01 -8.835252239313e-05
2.586329925420e-05 7.595489992347e-02 2.063490478790e-05
1.509535053267e-05 -1.447226498545e-01 -3.152893241340e-05
6.135934683583e-05 -2.266375995419e-01 5.987360680040e-06
Mode 14
2.262075728905e-04 -3.581584045066e-02 1.699587530378e-04
3.555326041925e-05 1.838498443551e-01 3.195740198451e-05
-4.753444535229e-05 -1.203393735159e-02 2.108534184270e-05
-9.260741413386e-05 -1.691498776334e-01 4.016246546508e-05
-3.337663526851e-05 6.307499877110e-02 3.373634349393e-05
-7.136439818621e-05 -3.563798085835e-01 4.528300703324e-05
-3.188251738110e-05 7.574211413069e-02 -2.406392799747e-04
4.146409514888e-05 3.603666318698e-01 -1.078493882180e-04
7.801287792648e-05 -8.920486608504e-02 -1.190513916136e-06
9.080833559027e-05 -3.985505623865e-01 7.711848726519e-07
-7.460477445131e-05 5.009428905191e-01 5.919996091325e-05
1.135879565987e-05 -2.239038025851e-01 5.483796313061e-06
-2.768077115383e-05 1.077138122266e-01 2.250588878098e-05
-4.922545595049e-05 -1.657774270057e-03 -8.562292511988e-06
6.353148412049e-06 2.726701560226e-01 -6.546297719136e-05
-4.225649146420e-05 -2.312208277862e-01 -1.963268871098e-05
-4.111868723117e-05 2.276747505889e-01 2.554210677027e-05
-1.267733350592e-05 1.021964146630e-01 2.001908574332e-05
Mode 15
-1.342893162688e-01 2.199117881165e-04 2.734584931744e-01
2.755226376757e-02 -3.601802148545e-04 -8.498511069786e-02
-1.408657773876e-01 1.253127322398e-04 -3.509554339515e-01
1.046598464498e-01 6.323245879409e-06 -3.718256953635e-01
5.304920374844e-01 -1.550291115204e-04 -6.445079905516e-02
-5.758690644945e-02 -1.158057235615e-04 -1.302922250190e-01
-3.043905799566e-01 2.496406782653e-04 3.702782786992e-01
-1.161237271058e-01 2.871576548576e-05 -1.040592363972e-01
-6.340365753580e-02 -1.278682102521e-04 -5.488367293998e-02
8.359681745200e-03 -1.043333834522e-04 2.141622920032e-02
1.115725758947e-02 4.532558778406e-05 3.277558728618e-02
1.369272142613e-01 -1.999127473194e-05 1.061527994878e-01
2.636904406963e-02 9.569439460296e-05 -4.636698638054e-02
2.287146693333e-02 -6.170338492897e-05 -4.399533347373e-03
-4.368333877654e-02 9.109779651828e-05 -4.417049219882e-02
2.649171531498e-02 7.438054636993e-05 7.861312322351e-03
-3.473741294281e-04 8.496860406696e-05 -5.986111157105e-03
1.273108392762e-02 6.672705389750e-05 -7.594902921840e-03
Mode 16
2.789340483982e-04 -8.706096998451e-02 3.108878482466e-04
2.547553352710e-04 8.161725517569e-01 -4.737589615252e-06
-4.062765399594e-04 -4.206499751682e-01 -2.024249916040e-04
-5.159425161821e-04 -9.103695226779e-02 -1.956233539082e-04
1.052338542880e-04 5.183813763216e-02 5.534763157624e-04
-3.044954062750e-04 2.651941033969e-01 -5.314519731411e-04
3.141941255183e-04 -2.127144339184e-01 2.669705546071e-05
-2.719481971070e-04 -7.439899833592e-02 -5.117553434370e-04
-2.250822867281e-04 -5.091280318000e-02 -1.656690852325e-04
-7.888142875354e-05 2.931093474927e-02 6.506680392150e-05
-5.480186731730e-05 -1.699201333087e-02 5.944601479276e-05
4.707947833953e-04 -8.293661606385e-03 3.702795150827e-04
3.199256741883e-05 4.917640914577e-02 -1.268576965695e-04
-5.643531643585e-05 -5.472080824027e-03 -2.586377489912e-05
-1.029936926560e-04 -9.246130222433e-02 -1.640627601455e-04
2.403846603414e-05 3.791387024701e-02 2.709205888866e-05
-3.334794346996e-05 -1.057529681057e-03 -5.180222534244e-05
2.192125825697e-05 3.168264073095e-02 -1.618504557028e-05
Mode 17
2.779211138473e-02 8.344739313069e-05 -6.079279169706e-02
-9.522338510046e-02 -1.064137116711e-03 2.394980564717e-03
-2.325297916774e-01 5.570460352803e-04 -1.029512787403e-01
-3.215028852698e-01 1.402064188272e-04 -1.571555547170e-02
-7.524893281633e-02 1.448867063735e-05 3.599764566414e-01
-1.883872859838e-01 -3.406076872063e-04 -2.296966320002e-01
5.413485386291e-01 2.195174201669e-04 7.485368462361e-02
-2.136608767436e-01 3.267183744429e-05 -2.350273059685e-01
-1.415827607451e-01 7.677575481607e-05 -1.269476817031e-01
-3.366673553472e-02 -3.740043443276e-05 1.239637363439e-02
-3.934961791886e-02 4.377684866718e-05 3.692861422839e-02
2.656971903876e-01 2.843346996261e-05 2.336163605120e-01
3.556833830070e-02 -5.463151101420e-05 -1.176704857928e-01
-4.386288691100e-03 1.611565579478e-05 1.761722244504e-04
-6.786494746039e-02 7.429853815113e-05 -7.521503789595e-02
4.265147954510e-02 -9.853928891187e-05 8.289400914802e-03
-2.100753185431e-02 -7.053216151719e-06 -2.951474873291e-02
1.499634661323e-02 -4.238316554195e-05 -2.792514743995e-02
Mode 18
2.037432703881e-02 -4.589986720469e-05 2.038529456201e-02
-2.010514913258e-01 1.200140010549e-04 -2.721696638080e-02
-2.957156838227e-01 7.687207941857e-06 -1.230921610066e-01
-1.055246306248e-01 -6.363178364999e-05 -7.531476499888e-02
-1.049656918399e-02 2.412252346634e-05 9.013964784437e-03
7.256928439568e-02 -6.153506876222e-05 -1.054608939176e-01
2.062416702405e-01 1.341176850659e-05 1.907873693780e-01
1.974907936628e-01 -2.923589524540e-05 -1.311133478381e-01
6.191742040457e-02 2.086582333152e-05 2.345489825859e-01
1.018137886228e-01 9.253571114932e-05 3.022246086662e-01
2.435562070129e-01 3.681352937596e-05 1.100028486545e-01
-2.010433026644e-01 1.799971264136e-05 -5.288863724159e-01
-1.129000121420e-01 -8.611552397241e-05 2.783106063835e-01
-8.221233386068e-04 2.113142689864e-06 -3.681197882182e-03
4.287001910335e-02 4.233569769241e-06 -5.479395260933e-02
-2.657757859304e-02 -8.556496962840e-05 8.349251076799e-02
8.031347962007e-02 -1.266764724889e-04 7.310476587840e-02
2.513416645713e-02 3.279945008214e-05 1.400627315804e-01
Mode 19
-3.200114928693e-06 -3.055729450316e-03 -8.504686608236e-05
1.494154952737e-04 -1.338002480867e-03 4.966835644815e-05
2.160507903710e-04 -1.393137600982e-02 1.589137896036e-04
-2.199964820354e-05 4.397893406325e-02 1.143306000354e-04
-1.332043159711e-04 -2.494891961529e-02 9.844221263516e-05
-2.817928303801e-05 -1.284172204642e-01 -4.896793287478e-05
5.303338558629e-06 4.662317548418e-02 -5.798249270164e-05
-1.566407638844e-04 1.385914651652e-01 -1.296492052256e-04
-1.412632243035e-04 -6.136672189187e-01 -1.452686222165e-05
-3.062422983614e-06 1.774687882191e-01 1.760828810905e-04
5.750552533369e-05 -2.484091452416e-01 1.295451623572e-04
1.081529028227e-04 1.664192965486e-02 -2.589278447670e-04
-1.187441399406e-04 2.135356465955e-01 4.564565191119e-05
-2.425913799255e-06 3.581823157620e-04 2.577431623526e-06
-8.808178063648e-05 2.519047087032e-01 -1.226792087829e-04
1.935167022425e-04 5.115161527263e-01 1.230219988234e-04
-6.836968511814e-05 2.447353011433e-01 2.502777349452e-05
8.573731895584e-06 2.422829682280e-01 1.065086286507e-04
Mode 20
7.306280981418e-02 -1.419130792871e-04 2.039862251866e-02
-5.046364102435e-01 3.939243975702e-04 -2.080595216735e-02
-4.413723081763e-01 -1.826629458600e-05 6.268084379754e-02
2.045993195262e-01 -9.707852887942e-05 -8.596000509779e-03
3.473525297537e-02 -3.740559469250e-05 -3.447199027849e-01
2.739643081733e-01 -3.588284825784e-05 1.074442914143e-01
2.558071201050e-01 -2.807202087514e-05 1.202812469594e-01
7.701515449318e-02 7.228329379349e-05 1.877957586952e-01
8.427745823861e-02 -2.410005545711e-04 -3.288026399396e-02
-5.909408098990e-02 8.814570671608e-05 -2.222613394074e-01
-1.452075693380e-01 -1.504767715627e-04 -1.260200624271e-01
-4.071705677988e-02 -1.988741850245e-05 2.129317162530e-01
6.575771297232e-02 1.324229995891e-04 -6.393348598816e-02
-3.069433039679e-03 1.263845149650e-05 -8.980245467126e-03
2.885395154509e-02 1.035026061332e-04 5.977583729703e-02
-2.399995163833e-02 2.309761365222e-04 -6.523525126045e-02
-4.261075395796e-02 1.734820035997e-04 -3.864191023811e-02
-2.401013539658e-02 4.172988135331e-05 -6.383112323979e-02
Mode 21
-2.570836119025e-03 8.561217509993e-06 -5.025367680122e-02
2.994204053169e-02 -9.375195002488e-05 3.040791035989e-02
1.090209762101e-01 8.431666895098e-05 1.369393818247e-01
-4.665373887736e-03 -9.918335255486e-05 1.035719199837e-01
-1.517400345660e-01 4.832942652429e-05 -2.219707597542e-02
1.505143408800e-01 -1.288821838375e-04 -3.064960243554e-01
-1.617461976738e-01 1.193091840990e-04 3.092283855321e-01
4.644305251823e-01 -2.643570891315e-05 -4.901542162099e-01
7.350816771867e-02 2.186531544470e-05 4.056607491272e-02
-1.858643813071e-01 2.605302366543e-05 -8.823630945054e-02
-2.164540228310e-01 -1.062746831670e-04 -1.332542547986e-01
7.654329001834e-02 7.127474314678e-06 1.674068632849e-01
-7.228947142929e-02 6.457099443690e-05 1.044891372264e-01
2.817072411590e-05 4.400276381164e-07 6.953070812818e-04
1.019210905824e-01 4.312085122140e-05 -1.841021886704e-01
-1.181571223077e-01 -1.106987060981e-05 -3.013910515443e-02
-7.304641157439e-02 8.790352757666e-05 -7.701014195221e-02
-4.372950371042e-02 -2.130401589918e-04 8.347387752034e-03
Mode 22
3.201737973470e-06 2.173743549793e-04 -8.382648997646e-06
-1.312527682825e-05 -2.046322337917e-04 7.639820910463e-06
-7.154901378616e-06 -3.056955411517e-03 2.060012719248e-05
6.485697053412e-06 9.356555946488e-03 6.545169931791e-06
-1.051286438825e-05 -9.898749507801e-04 -3.900763165946e-06
2.025410849444e-05 3.467957118205e-02 -4.409573409492e-06
4.333031196794e-05 -5.858170600610e-03 -2.481071300797e-05
-1.282196573278e-04 -5.727217682346e-02 5.315506859198e-05
-1.329828159224e-04 2.399304562402e-01 3.793062988533e-05
1.005775142109e-04 -2.961728361061e-01 1.181495945544e-04
1.242969278220e-04 -2.139249743035e-01 8.565710550340e-05
2.866467236122e-05 7.435494016316e-03 -1.953685289650e-04
-7.815157037104e-05 2.214944018909e-01 3.607037867949e-05
-8.431858141023e-09 1.045054627466e-04 -6.233897917463e-07
-4.472765297683e-05 -2.659727116148e-02 2.155698718257e-06
9.467336453845e-05 2.129680019966e-01 7.601653078363e-05
-1.339417867317e-04 6.111185940048e-01 3.735163805075e-05
7.717927017868e-05 -5.793894299454e-01 -5.646736127140e-05
Mode 23
-4.303582326378e-02 5.325306091672e-05 5.865995151037e-02
1.907700106582e-01 -3.587578313648e-05 -5.987996884245e-02
-8.672590045513e-02 -2.899426615407e-04 -4.112703312425e-01
-2.814065795789e-01 6.934163024104e-04 -1.490278600811e-01
3.066076084698e-02 -1.712133358407e-04 2.603014028714e-01
-1.136842747209e-01 -3.062503152776e-04 1.970701354855e-01
7.440918491838e-02 -2.024701112479e-05 -1.211049408555e-01
3.199795631911e-01 3.529098728405e-05 1.636797793275e-01
2.612175033980e-01 -2.434737774067e-04 1.447474311827e-01
-4.934192484372e-02 3.349999728622e-04 -2.524520218229e-01
-7.576530500949e-02 -1.787923064585e-04 -2.609216655303e-01
-2.111663897898e-01 -5.386296132969e-05 1.631276541964e-01
9.113315791364e-02 2.781513315076e-04 1.838417271579e-01
1.817503721521e-03 -7.528131547797e-06 2.851480607330e-03
1.537515813099e-01 3.322987870023e-04 1.208190439225e-01
-1.253186889372e-01 -8.240369726086e-05 -8.367129262668e-02
-1.573581030214e-02 1.226568179234e-04 -5.252611912700e-02
-7.543107268741e-03 -3.796081857345e-04 1.812746579160e-02
Mode 24
-5.721759472106e-05 5.753637594531e-04 9.126240136063e-05
1.745459069390e-04 -8.528714151228e-02 -1.421386064998e-06
3.071354092203e-06 2.889664471461e-01 -4.613068937441e-04
-4.026395406259e-04 -7.782771899491e-01 -3.189478998777e-05
8.469570168938e-05 2.333150596249e-01 1.704715948828e-04
-6.106828087078e-05 3.193911256157e-01 1.380311939104e-04
6.515314417027e-05 -4.970748229576e-03 -1.388298347874e-04
2.619912631467e-04 8.842445364797e-02 1.699556082560e-04
2.199425820101e-04 -1.750575915855e-02 1.342560455483e-04
-2.489035982440e-05 -5.838797525760e-02 -2.232928928446e-04
-5.484700920505e-05 -3.825734265841e-02 -2.375585228755e-04
-1.925373957231e-04 7.157637952485e-03 1.379822580711e-04
8.485991436544e-05 -7.126070027960e-02 1.706713129049e-04
3.865834626020e-06 -1.051994088629e-03 -1.900063536501e-07
1.422693159788e-04 -2.416292635467e-01 1.782707076641e-04
-1.099639280939e-04 1.133225250410e-01 -5.844305896008e-05
-4.720441431413e-05 1.338201485142e-01 -4.668764583694e-05
-3.111102748789e-05 1.994328267385e-01 5.091352572613e-05
Mode 25
9.586282203529e-06 -1.693038759823e-03 -3.953335976325e-07
-5.394609260192e-05 -1.460819932245e-02 3.197198534762e-05
4.872733455775e-05 8.241011150752e-02 9.618801748282e-05
4.266956317055e-05 -2.506492211896e-01 4.918924290522e-05
6.285186320274e-05 6.739365008953e-02 -9.344513276302e-05
-5.857807975112e-05 9.602129825028e-02 7.333737484571e-06
-1.234882800524e-05 9.424782731741e-03 -2.946356926158e-05
-1.705120022263e-04 4.440465854940e-02 3.082009777178e-05
1.445122905263e-05 -3.701067726171e-01 -8.250539197361e-05
-2.232974892178e-05 2.044899084675e-01 1.372051693956e-04
7.681019349730e-05 8.078127416896e-02 9.002928764063e-05
9.258690784122e-05 -2.031485110954e-02 -4.945989624503e-05
-1.164021225208e-04 3.644191478903e-01 -8.617210462234e-05
-6.305966874169e-07 -4.271225598463e-04 -1.421080136054e-06
-4.719141169290e-05 1.608251549507e-01 -2.149073033878e-05
-5.938967088252e-05 -1.918468982970e-01 6.338170536269e-06
1.233246381076e-04 -3.757092611614e-01 1.756375279736e-05
4.733983343926e-05 -6.260847681008e-01 -1.358404855915e-04
Mode 26
-7.937083623745e-03 8.252864894092e-06 8.975909288447e-03
3.155851331894e-02 -1.318436098040e-05 -8.846946782360e-03
-4.356615984578e-02 -1.661524299356e-05 -1.072544969927e-01
-4.479323120590e-02 2.444542633975e-05 -2.158591257376e-02
3.629570148151e-03 1.784687339659e-06 3.399515091990e-02
1.291102952166e-02 3.170584414535e-05 1.101115982490e-01
1.135569917236e-02 -1.515106336266e-05 -3.393891193904e-02
1.791015848636e-01 6.820073532598e-05 6.684626181134e-02
1.132657157716e-01 7.789727454598e-05 -9.294679034959e-02
-8.102258214650e-02 -1.943079546825e-04 -5.182812193607e-02
-5.861407358661e-01 -3.504542300198e-06 5.365696286555e-01
2.362254744183e-01 6.731687261381e-05 -2.826031541950e-01
6.454831078261e-03 -1.359723124562e-06 -4.199351334981e-02
2.784544751958e-04 -1.229045017752e-06 3.389695916801e-04
9.839370925779e-02 -9.082979568008e-05 7.212374492498e-02
1.568902390310e-01 2.300361915636e-04 6.965382202643e-03
-1.541687026653e-01 -3.045050257326e-04 2.540574567299e-01
-3.471832564036e-02 -6.812180861641e-05 -5.382679348181e-02
Mode 27
1.720848570031e-03 -2.937644996793e-06 6.085402850803e-04
-2.262341749688e-03 3.396345840785e-06 -5.133306263166e-03
2.755878012419e-02 2.141164472514e-05 3.350918213390e-02
-2.482559620090e-03 -7.204724414829e-05 1.259274869119e-02
-2.239173461632e-02 2.097909456439e-05 6.542554204509e-03
2.966404866689e-02 3.216335370861e-05 -1.143484542913e-01
-2.012263628288e-02 1.633573405716e-05 3.600225150855e-02
-4.396992395379e-02 -1.303055048856e-04 -7.620246969728e-02
-3.191930632901e-02 7.656385243379e-06 -1.481569614831e-02
-1.220194430955e-01 6.306872971630e-05 5.601607075876e-02
-9.897846987357e-02 -8.194343346748e-05 1.039410253010e-01
-3.536737831371e-01 -6.862168613419e-05 -2.104298193956e-02
7.818243354433e-01 1.758696386228e-04 -7.260182641787e-02
-9.950675215748e-05 2.760455576857e-07 3.341155752328e-05
-4.239751622115e-02 1.917833760884e-04 -5.732952022868e-02
-4.645565513582e-03 -1.480496315161e-04 2.006623466946e-02
-3.227556653113e-02 7.913971429946e-05 3.263137463766e-02
4.035394108106e-01 2.830696271218e-05 1.469840779488e-01
Mode 28
-1.331865300424e-05 4.138013848777e-04 -3.319462545325e-07
8.136940922924e-05 -5.471133931546e-03 -4.913043273756e-06
-1.060253805171e-05 -2.926311057865e-03 -1.262109119988e-04
-1.112466588709e-04 2.092934547861e-02 2.618052014300e-05
-1.286238151758e-04 -4.344026291088e-03 1.167857485146e-04
2.873283877585e-04 -9.855633974264e-03 -1.335426946711e-04
-1.529268519414e-06 2.137622122297e-03 4.238343589372e-05
-1.094281537681e-04 -1.574580094537e-03 5.818117949456e-06
-1.748604684936e-04 9.330330608116e-02 2.486597212944e-04
2.746088792608e-04 -4.273209966284e-01 -4.588330406738e-04
2.253616285195e-05 2.778957902319e-01 -3.718429488290e-04
-2.401762306480e-04 1.486008304937e-02 1.440895812409e-04
1.413368245786e-04 1.794885727867e-02 3.899425066538e-04
3.833748281831e-07 1.253454655369e-04 7.050336037348e-07
-1.499552200314e-04 -6.322048527024e-02 -1.252313436729e-04
3.779102367171e-04 6.924457379517e-01 -1.664868473197e-05
1.552258141071e-04 -4.875825576297e-01 -1.144832588496e-04
1.793529052009e-04 -9.542797279419e-02 2.334025847806e-04
Mode 29
6.790718441383e-06 4.257117002506e-03 1.651682729081e-05
-6.957808515932e-05 -4.921197012384e-03 -4.450448949328e-05
-2.523401828615e-05 -4.244484654017e-02 2.381313443109e-05
1.405826271306e-04 1.689305728318e-01 -8.405087246576e-06
7.016703506765e-05 -3.272833885804e-02 -7.722275671632e-05
-2.539886603476e-04 -1.842412611088e-01 1.646408704228e-04
5.335853634207e-05 -1.891591863554e-02 -3.143713713747e-05
2.908197471866e-04 4.864618332907e-01 -1.420850653411e-04
-2.078169240315e-05 -1.949430742032e-01 -2.149066130756e-04
-4.393833103182e-04 3.412613277299e-02 8.137738789955e-04
9.060395259724e-05 -8.171946887913e-03 -2.417714163358e-05
-6.041689090265e-05 -1.798819046134e-03 5.642591553339e-06
2.032968043765e-04 8.220048200146e-02 -4.594717934227e-04
7.011087020925e-07 1.872031417719e-04 -4.994542217215e-07
3.401125926594e-04 -8.007431402220e-01 4.203238642964e-04
-2.821987504405e-04 -4.121658492918e-02 2.267184851033e-04
-9.357476484834e-05 4.565552759090e-03 -4.725107312164e-04
4.351736022413e-05 -9.324134705590e-02 -1.892568452773e-04
Mode 30
-8.611242350415e-03 1.143143949607e-07 1.463974593083e-02
3.264882694325e-02 -5.032733684410e-06 -3.118738647159e-02
-4.400306677986e-02 2.456703187622e-05 -1.430269170632e-01
-2.304730376464e-02 -1.684925361844e-04 3.251431719088e-02
-3.238293502866e-02 4.533330984026e-05 3.384807407983e-02
1.166471959934e-01 2.070215537275e-04 1.452271400967e-01
-9.458518769074e-03 1.683428216711e-05 -1.680735733291e-02
2.263683218007e-01 -5.817225880850e-04 7.062455100273e-02
-3.347492947193e-02 2.967238743948e-04 -1.320360586967e-01
-2.768201891889e-01 -3.611359582143e-04 5.639335605335e-01
6.377240252812e-02 1.854475731294e-04 -4.154709453189e-03
1.400835160454e-02 1.350511997562e-05 -1.894505709159e-03
3.636001355717e-02 -9.022373941307e-05 -4.332063805890e-01
1.586159901687e-04 -1.185028478911e-06 2.347573471685e-04
1.410762673832e-01 9.779646273040e-04 1.043694363516e-01
-1.677529861737e-01 5.190569250875e-04 1.635874639535e-01
-7.029232332379e-02 -2.661633441224e-04 -3.534544532389e-01
-8.090038628314e-02 1.274161916979e-04 -2.271641629265e-01
Mode 31
-4.624131646486e-03 2.318030567724e-05 -2.126054078671e-01
1.135848073234e-01 -7.644547381270e-06 6.136109357585e-01
-1.913534612934e-01 1.060534575644e-04 2.709300861479e-01
4.254096879035e-02 -6.297148887006e-05 -2.223718497169e-01
2.430615799447e-01 -8.169566760857e-05 -2.087028966922e-01
-4.569358480032e-01 9.530186784498e-05 8.144210040504e-02
7.285497643993e-02 -2.007735024275e-05 -9.380441548623e-02
1.144117600331e-01 -1.978052315542e-04 -1.266745406529e-01
5.653398576381e-02 1.335171345616e-04 -1.927311557453e-02
-6.096737469279e-02 -1.488469959244e-04 7.501656643577e-02
-2.335702715041e-02 6.361916896446e-05 -1.085458949855e-02
-1.324143570332e-02 4.868493796280e-06 3.545824176061e-03
2.187722878663e-02 -3.436954994748e-05 3.194103080376e-02
1.691220638051e-03 -3.344786411345e-06 6.750109948271e-04
1.237621095511e-01 2.743391836138e-04 7.024240475138e-02
-4.811270510134e-02 2.905002526428e-04 2.084648574972e-02
-2.066535935043e-02 -1.149412067703e-04 -5.582602181667e-02
2.020810430542e-02 3.144554145132e-05 2.363475623321e-02
Mode 32
-3.924257745688e-02 4.808332294236e-05 -1.763981115744e-01
3.095164241528e-01 -5.385539061725e-05 5.338625835742e-01
-2.495922316080e-01 3.127423045173e-06 -2.019863849541e-01
-1.312357785923e-01 9.920884958513e-05 -1.881347295051e-02
-9.933167794306e-02 1.346829431749e-05 4.885860347027e-02
5.788308076676e-01 -1.533715981281e-04 -5.908568228218e-02
-1.216961420740e-01 6.690299435035e-06 7.618312454059e-03
-9.929854897155e-02 2.246623448636e-04 1.024114503618e-01
-7.046390471219e-02 -1.455303487843e-04 3.359162374179e-02
5.348083666466e-02 1.616467944913e-04 -6.077997374610e-02
2.448250848998e-02 -6.479824617360e-05 -2.949279718129e-03
2.206129234853e-03 -9.745365624242e-06 1.234858705376e-03
-3.955918002842e-03 4.264711757654e-05 -5.535970770772e-02
1.816552498238e-03 -5.851674496426e-06 2.748352047907e-03
-1.770103643370e-01 -3.506438517876e-04 -1.433670970039e-01
9.520810452733e-02 -3.593343518164e-04 -1.219234044071e-02
1.392290875341e-02 1.245932463973e-04 2.324395476176e-02
-1.948980663742e-02 -3.341025023109e-05 -3.588815065345e-02
Mode 33
1.796784456487e-03 1.299948679083e-06 -8.975248039551e-03
-1.979855913428e-03 -9.447565552581e-06 1.796670973442e-02
1.291882024979e-02 3.934253140696e-06 4.828810950788e-02
-4.398181449088e-02 2.113452397667e-05 -5.358060669035e-02
1.167607225572e-02 -8.968840442923e-06 -9.567769303509e-05
1.835176454890e-02 -8.288231840833e-05 -1.545984148057e-02
3.257958769637e-03 3.655202675154e-06 8.996995009896e-03
-3.866826936026e-02 -9.168073419395e-06 7.754346746394e-04
4.698970403450e-02 2.449109791836e-05 4.258762107536e-02
-1.741044611289e-01 -1.741093535888e-04 -2.468656964070e-02
1.455590068420e-01 7.996967527684e-05 3.383571687629e-02
5.792972358084e-02 2.237357629377e-05 -2.730347555194e-03
9.986893636644e-02 1.737550460471e-05 -1.337797521878e-01
-1.522348501422e-04 -3.640120524180e-07 -1.668449443411e-04
-3.814252759584e-02 -4.889780991561e-05 -2.969771022390e-02
-6.258814820505e-01 4.314836251618e-04 -6.092544754983e-02
1.953508932164e-01 -7.810170847528e-05 6.205930249869e-01
-1.581755486649e-01 2.542303738342e-05 -2.353344131122e-01
Mode 34
-2.776199471820e-02 9.182333497114e-06 4.108731871593e-03
1.133763483925e-01 3.569739846572e-06 9.927214989777e-02
-1.902901911125e-01 -4.091818758966e-05 -4.391399098680e-01
4.194015529511e-01 -2.011014358478e-06 5.238244848612e-01
-8.409098368397e-02 2.243297381712e-05 -3.901495881731e-02
-1.732569079776e-01 3.628650595824e-05 2.074571378874e-02
8.678586593746e-03 -1.208374907731e-05 -2.894777823589e-02
3.763595348868e-02 -5.675814592441e-05 -1.074267087936e-01
-1.397171816041e-01 1.579924681908e-05 -1.496120888541e-01
-3.169447311595e-02 -1.867437661611e-05 -3.107490671464e-02
6.494242627814e-02 1.409402977840e-05 4.017531009749e-03
4.271103319135e-02 8.799026957760e-06 4.243089330876e-02
-1.147823909074e-01 -1.684960625447e-05 -1.570590414243e-02
1.697636218007e-03 -1.027289152883e-06 1.691337968967e-03
1.261879661294e-01 9.758382707638e-05 9.790510224622e-02
-1.208232784402e-01 4.265814668254e-05 -2.118705536986e-02
5.756214788427e-02 -2.932908513928e-06 1.501091884936e-01
2.175880608185e-01 -8.319112895791e-06 2.556167859720e-01
Mode 35
1.033607614426e-02 -2.773297609446e-06 -6.493508079846e-03
-4.274524129086e-02 -2.799607378413e-06 -3.114405232297e-02
8.197545404054e-02 1.658831919350e-05 1.806407623314e-01
-2.482227596086e-01 1.899362667471e-06 -2.760463106847e-01
3.191274287806e-02 -8.128460240759e-06 2.949172832378e-02
2.326305825017e-01 -2.020244357519e-05 7.468798259621e-02
-1.402337101566e-02 5.580109976234e-06 8.881938968569e-03
1.000383645690e-01 -7.892395478751e-06 7.403809657130e-02
-1.366043626383e-01 1.247744247185e-05 -2.389186920534e-01
-2.090807587803e-02 -1.246512359789e-05 -4.140239955311e-02
5.941288626409e-02 1.354280268276e-05 4.941630153901e-02
6.107112501660e-02 1.057093600984e-05 6.680775541506e-02
-2.912284643642e-01 -2.786414654271e-05 -1.549092012507e-01
-7.960660591082e-04 9.825876211563e-09 -8.282465019163e-04
1.602150978280e-01 4.884160648928e-05 1.670952599456e-01
-1.848958623584e-01 2.254209804435e-05 -3.072125680766e-02
3.459837152985e-02 -6.806379155845e-06 7.440356518891e-02
4.448357998647e-01 -2.008645591625e-05 4.983325920152e-01
Mode 36
2.238569843842e-03 -1.774563813662e-06 3.166120424554e-03
-1.320128240936e-02 6.720238627915e-06 -2.247647799082e-02
1.196510894622e-02 3.119796473723e-06 2.784714471769e-02
-4.710526024915e-02 -1.220935390644e-05 -5.433940315181e-02
1.411964954714e-02 -1.439031465387e-06 -8.248836929366e-05
2.102286472788e-02 6.299165598353e-05 6.892021059048e-02
-8.407878271612e-04 -9.451593167577e-07 -6.148567105993e-03
2.073377815394e-01 2.006747679664e-05 -2.924991679739e-02
-4.026928256468e-01 -6.469121001790e-05 7.035388768412e-02
-1.921918549683e-01 -9.487987460561e-07 8.860549433593e-02
5.495904292226e-02 1.521796134419e-05 -3.332446886754e-01
1.424175188181e-02 -4.523600782553e-06 3.792930210101e-02
7.183996118743e-02 1.183015133975e-05 -4.480862490825e-02
-1.224834274197e-04 1.899339094856e-07 -1.963371155796e-04
1.903465543198e-01 6.630363942629e-05 1.366429124733e-01
5.547918217635e-01 -2.263233059429e-04 8.129623029882e-02
1.533526214153e-01 5.660859518338e-05 4.543691141703e-01
-5.041960247146e-02 1.162043889604e-06 -8.568273972118e-02
Mode 37
2.830111709293e-03 -9.430647515037e-07 1.301838556388e-02
5.723233797535e-04 -1.572906174241e-05 -8.066016548070e-02
-4.360282325240e-02 6.108364874728e-06 -1.821662195178e-03
1.688304633287e-02 1.965061816718e-06 -1.941407881558e-02
2.383485938214e-02 -6.022730575370e-06 -1.126006611426e-02
-1.585662248069e-01 9.007885596148e-05 4.285913210719e-01
3.817811575628e-02 -1.578729342675e-05 -2.880416416448e-02
2.986331430403e-01 3.892051327368e-05 -1.917496234919e-02
-1.130757096170e-01 -3.253912251649e-05 1.005803073155e-01
3.133690436186e-02 5.922820732509e-06 -1.900333596681e-02
-2.369420892966e-03 -2.682561512696e-06 -8.359093417731e-03
1.944523499286e-02 1.854240768581e-06 1.786332137519e-02
-7.550094011123e-02 1.455875380805e-05 -2.269993007391e-01
-1.112595249369e-04 4.633639601883e-08 -2.131775394827e-04
-4.405544832695e-01 -2.340701083817e-04 -6.200593018215e-01
3.011569724525e-02 -3.128804873500e-05 -4.137558853894e-03
1.118958486667e-02 7.860262410074e-06 4.538017632922e-02
1.350846521210e-01 -4.911077378591e-06 8.496159419431e-02
Mode 38
8.877298313500e-05 1.698669080171e-07 6.590468048447e-04
7.952859976545e-03 -3.184463813684e-06 -9.641221040189e-03
-6.757875258516e-03 8.549856112388e-07 1.917382374612e-03
1.614982279162e-02 5.886833036465e-07 2.506624451608e-03
-1.353250785129e-02 4.282639088548e-06 8.475428696669e-03
1.644543689400e-02 6.559036035319e-06 5.222646265535e-03
-3.263284030062e-03 -1.533721657184e-06 -4.303850257556e-04
-1.609166612778e-01 -1.559825438912e-05 5.282820818024e-02
5.694814635363e-01 1.020493619549e-04 -4.275571488902e-01
-3.252525522824e-01 -8.496204180679e-05 2.747408048703e-01
-4.066729857772e-02 2.266904369427e-05 -2.495114004110e-01
4.349332790353e-03 -1.601232893709e-06 3.044278809657e-02
-8.711308756667e-02 -3.364900797070e-05 1.988409932865e-01
-3.196624269550e-05 7.806404063231e-08 3.200013842504e-05
-1.897714460250e-01 -3.584204498834e-05 -1.476397105113e-01
1.831883209571e-01 6.189036058364e-05 1.210994439235e-01
5.101050736338e-02 -2.963972619218e-06 2.017290780776e-01
4.202993931018e-02 -8.649041486207e-06 1.371625817683e-01
Mode 39
-7.648970094816e-04 6.901084399164e-07 -2.091160681036e-03
-4.341816390549e-03 3.754084343819e-06 2.582073173408e-02
1.092141686576e-02 -3.810196832546e-06 -8.268172222423e-03
2.678390433950e-02 2.562850881109e-06 3.578607770369e-02
-1.604985217516e-03 -5.728623813475e-07 -4.941151862765e-03
-6.057332400384e-02 -4.226747395695e-05 -2.075464742322e-01
-4.484716977667e-03 4.685869550150e-06 1.028656130188e-02
-1.126739914041e-01 4.358854460110e-06 5.466594903000e-02
2.479473223976e-01 1.729191001676e-05 4.375418414825e-01
3.433005936838e-01 4.602277099474e-05 2.427684473246e-01
-3.645437855697e-01 -5.345667373307e-05 -3.294358631351e-01
9.985119451927e-03 4.060978083250e-07 1.793326219723e-02
-1.252683528662e-01 1.164323366690e-05 -4.041711043323e-01
9.977937002887e-05 1.770038057479e-08 1.399264451435e-04
7.968753967293e-03 6.227558476817e-06 7.141770132685e-02
-2.162466372012e-02 1.907951785312e-05 7.417414200305e-02
-5.947059112208e-02 -1.692744486697e-05 1.723354261973e-01
1.810991807659e-01 1.010883361084e-05 8.231258546539e-02
Mode 40
2.094837358215e-04 -4.155843875574e-07 1.042436061864e-03
1.027659892070e-02 -6.800809402191e-06 -1.972349819306e-02
-1.604060742577e-02 5.785951164535e-06 8.348700641269e-03
-1.904742096159e-02 -2.591828846757e-06 -3.250088767548e-02
-3.421979149744e-03 1.552201025084e-06 6.859643339226e-03
7.816384204910e-02 2.257693362028e-05 1.947806511935e-01
1.603849334712e-03 -2.969732967161e-06 -8.463764816603e-03
2.314000204921e-02 -1.998350443438e-05 -7.524034736442e-02
-2.846315579094e-01 -1.390103475407e-05 -3.920213147466e-01
5.145537130861e-01 8.198075316023e-05 2.640089856112e-01
-3.141405172884e-01 -5.085417489774e-05 -2.650124818500e-01
-3.990499368516e-03 8.036434046884e-09 -5.195570884022e-03
1.420423647586e-01 3.581766724422e-06 3.158218366615e-01
-8.907591992990e-05 -2.212649121522e-08 -9.662586315162e-05
3.239574604939e-03 8.360991121697e-06 -3.123938750046e-02
-2.435726004082e-01 -3.210261810149e-05 5.065300859918e-02
-7.685624739685e-02 -2.048992977053e-05 7.342936309565e-02
-1.147047797936e-01 -1.252511830405e-05 -4.475969372403e-02
Mode 41
1.967832073433e-03 3.430040410675e-07 -1.312400245615e-02
-5.830552518522e-01 2.052352576317e-04 4.264284765959e-01
5.484157499948e-01 -1.951670005855e-04 -3.786880022901e-01
-1.361053400292e-01 6.343464401900e-05 5.393400301377e-02
8.151839205319e-02 -2.593493624247e-05 -2.057295968137e-02
-4.266270832414e-03 1.426252206579e-06 2.906428755944e-02
9.560929675659e-03 -6.529096954569e-06 -1.473062961946e-02
2.396669343438e-02 -1.701786194893e-06 -3.543822558321e-03
-7.850142897000e-03 -8.409171327761e-08 -1.799070496689e-02
3.260832759400e-03 -3.981440979290e-08 6.485337281262e-03
-2.411330325219e-03 -6.623773879513e-07 -5.464944774201e-03
2.651494266920e-04 1.075116709220e-08 6.395143579084e-06
2.938324183772e-03 5.638566197443e-08 9.230013155391e-03
1.671795598836e-03 -3.488914611813e-06 -1.960124370999e-03
-3.049421200388e-02 -1.016964869116e-05 -4.550947826408e-02
2.371723638899e-03 5.349116674782e-07 2.669626845868e-03
2.432883934403e-05 5.442757657061e-07 2.499588293289e-03
-3.087635834254e-03 -1.565713428287e-07 -7.868281681851e-04
Mode 42
-1.271752652772e-04 -6.289965635544e-07 -1.676621858363e-03
-8.184320253439e-03 1.185114841190e-05 4.829243611929e-02
7.868428259490e-03 4.219370459821e-06 1.509222260310e-02
1.214487370395e-01 -4.197230148758e-05 -7.973907944680e-02
-8.243238094174e-02 2.743540794728e-05 6.402744596167e-02
-2.067145015527e-01 -1.030881860017e-04 -5.671198865801e-01
3.789579924493e-03 6.290877934620e-06 1.829602243145e-02
3.500851050898e-01 1.086356532177e-04 6.173833144547e-01
-1.649664366217e-01 -2.311827424015e-05 -1.752650793502e-01
3.166753524705e-02 7.250601683610e-06 2.636110883834e-02
1.629207259594e-03 -4.811226302184e-07 -2.897902064668e-03
1.010138183079e-02 3.185442059044e-06 -1.150842126034e-03
-4.169338917316e-03 -5.239761480568e-06 4.290468526999e-02
2.207295647056e-04 3.964316186928e-07 3.068408926870e-04
-1.510597235533e-01 -1.885586369479e-05 -1.051715478904e-01
-3.260106704948e-02 5.893502203004e-06 4.906599859010e-03
1.597001228427e-03 -1.196881416193e-06 5.970109691530e-03
-1.630183839466e-02 -6.951031389270e-06 2.384661770969e-03
Mode 43
4.107518622100e-04 -4.254735453304e-07 4.942537115131e-03
1.119796669234e-01 -4.030524068961e-05 -9.817366829062e-02
-4.507286273978e-02 1.939312490285e-05 4.825778053189e-02
-5.678154154807e-01 1.960900747184e-04 5.299503785710e-01
4.306393031027e-01 -1.469265991911e-04 -3.885964292174e-01
-1.484494148845e-02 -1.944472872743e-05 -1.148685797481e-01
2.597687921313e-03 -1.892237830813e-06 -6.427947688597e-03
5.193563007833e-02 2.036427700565e-05 1.122223187182e-01
-2.481497004694e-02 -4.588490041289e-06 -4.103670602986e-02
7.452525428633e-03 7.552343337929e-07 6.192482620657e-03
-1.721009822769e-03 -5.556763113656e-09 -4.606045673928e-03
-3.051354760568e-04 9.259342443307e-08 -1.716180482387e-04
8.355556649874e-04 -5.303785121448e-07 1.402197820133e-02
-4.248530982113e-04 7.158231997284e-07 3.445379280408e-04
-4.119026462212e-02 -1.051707817478e-05 -2.478490916351e-02
-3.221977279960e-03 1.518646958496e-06 1.889294570250e-03
-9.641778612382e-05 9.004678834350e-08 1.637962249142e-03
-4.452788211667e-03 -1.177878640066e-06 9.604521280832e-04
Mode 44
1.273383625212e-05 -1.469158159111e-08 -1.192717414889e-04
1.287561330973e-03 -2.175176978248e-07 1.582618334162e-04
1.479664684356e-05 1.927037605874e-07 1.020825499848e-03
-3.067628160345e-03 8.468912068240e-07 1.774566792195e-03
6.333839890545e-04 -1.783325947381e-06 -1.720048465325e-03
-4.388909616214e-03 -1.210965918945e-06 -5.971338414998e-03
8.685738594700e-05 -4.742573941841e-07 -1.777918209525e-03
-2.123104435917e-01 3.463576111831e-05 1.875218243895e-01
5.980376197247e-03 1.926121008998e-07 3.456269097218e-03
1.943572617049e-03 6.577283873476e-07 1.164213269078e-03
4.886339450920e-04 1.170728608315e-07 -4.422555302545e-04
-3.345620365796e-04 -1.247787998299e-07 -2.658560894887e-04
3.152776947599e-03 -8.198172665794e-07 -2.959900973554e-03
-1.293518759338e-05 4.694804602803e-09 2.900458700055e-06
7.251987191578e-01 -1.126148976284e-04 -6.273027263000e-01
1.109856044372e-04 9.062089374196e-07 -3.187286694095e-03
-1.842398970724e-03 -2.821934606258e-07 3.519106431997e-04
-1.055815906679e-02 3.751459363758e-06 7.991359183245e-03
Mode 45
3.032599235668e-05 2.824792341317e-08 -1.156130316545e-05
9.268019067466e-06 4.235681744222e-07 2.381753545944e-04
3.552553935480e-04 -2.693585946958e-07 -2.133749219345e-04
-1.635231789926e-05 1.025720158612e-07 3.074014499098e-04
1.952941097433e-06 2.612192432324e-08 -5.446142949026e-05
-7.482232896824e-04 2.242324655634e-06 -5.762343266456e-04
7.532467384601e-04 2.184340430275e-08 6.287018372015e-04
5.587033011779e-04 9.743002316243e-08 7.466764478337e-04
9.008094260479e-03 6.838249520195e-07 -4.012481574508e-03
-2.699475006348e-02 -3.399316134287e-05 2.745627336471e-01
7.621735284966e-02 2.051884777012e-05 -2.610884557133e-02
4.471172708624e-04 2.169699002560e-07 -1.259781023535e-03
-1.714374096582e-03 -1.807984226237e-07 -1.684801016067e-03
3.189298294525e-06 -3.132981282445e-08 7.812842725862e-07
-3.734188423454e-03 3.338371562618e-07 1.767008559964e-03
8.445895105971e-02 1.080384644339e-04 -9.078330614696e-01
-2.843258334246e-01 -7.351911275388e-05 7.164785864627e-02
9.544011778922e-04 -1.500400023405e-07 -1.094081875153e-03
Mode 46
-6.599712055490e-06 -5.975221126613e-09 -1.365830000268e-05
1.551613953356e-04 5.471570068496e-09 1.930241988254e-05
-2.374578468052e-05 2.064423156099e-08 5.742326728595e-05
-2.306246329530e-04 7.318803369610e-08 1.602843629856e-04
4.250795253721e-05 -4.750996836527e-08 -9.962593983671e-05
6.300940640012e-04 1.587985088051e-07 5.636827681374e-04
3.061649886523e-05 -6.080543041384e-08 -1.438374446766e-04
-3.521299962228e-03 2.362904397092e-07 2.354064846796e-03
-3.908279578513e-03 6.046277246645e-07 -1.718234999151e-02
4.322522457359e-03 -2.145412887795e-07 1.251404830347e-02
-3.456783287390e-02 -8.863294176661e-06 4.002761837377e-03
2.786957199258e-03 -1.841629166083e-07 8.610435967328e-04
-2.008851402140e-01 -5.194937289315e-05 2.105339088028e-01
-2.679852033953e-07 5.693378268590e-10 1.110601863344e-06
1.085069292022e-02 -1.831673227379e-06 -7.699418397025e-03
2.707916263615e-03 4.494088254127e-06 -3.661430655587e-02
1.170737751233e-01 3.036424898516e-05 -2.932802098547e-02
6.747259474311e-01 1.753512355820e-04 -6.650188559667e-01
Mode 47
-8.643735329493e-06 -9.963979576467e-09 -4.933052822770e-06
1.748664965909e-05 -6.373994132037e-08 -8.420586164536e-05
-6.030265230741e-05 4.957601816404e-08 7.462677146995e-05
3.439268335744e-05 -1.573552240412e-08 -7.174155325026e-05
-2.205874479608e-05 1.437704824512e-10 3.618804894964e-05
2.268335903581e-04 -6.869554279147e-07 6.539930244484e-05
-2.592042236870e-04 -7.964174942985e-08 -2.482696907961e-04
2.632863707668e-04 -4.315769028692e-08 -9.981426106946e-05
-6.437753748328e-03 -1.138368135153e-06 1.754417337503e-03
-6.463987915401e-03 8.581220903283e-06 -1.000358949929e-01
2.777625280637e-01 6.911448423066e-05 -5.333697976637e-02
7.824870708440e-05 4.888675333459e-08 3.245324768474e-03
-3.028415945798e-02 -7.519899413608e-06 2.876580263492e-02
-1.007551456793e-06 6.989801442245e-09 3.038650511620e-07
1.494873942904e-03 -1.717274574845e-07 -4.735334555479e-05
-2.396744459124e-02 -3.336233596431e-05 2.836362875142e-01
-8.756126988345e-01 -2.250852961834e-04 2.118604746052e-01
8.817316504065e-02 2.313640087878e-05 -8.815320570638e-02
--
Dipole derivatives 
Mode 0
2.846885031321e-04 -3.957220388373e-06 -4.673213740054e-04
Mode 1
-6.743718670358e-03 -1.124094251739e-02 -4.046144657992e-03
Mode 2
-3.508347845849e-03 2.983009885720e-03 6.814221986479e-03
Mode 3
-1.407562264484e-02 -6.990112500746e-04 1.498818141101e-02
Mode 4
-8.967563484682e-03 1.345210772008e-02 -7.746850760997e-03
Mode 5
-1.086322825489e-02 -5.478916116098e-04 1.164933523820e-02
Mode 6
1.146477284805e-02 3.911027326301e-04 -1.208483883150e-02
Mode 7
2.557263254537e-02 -3.591324016173e-02 2.257119218645e-02
Mode 8
-1.676049585742e-02 -5.812812333410e-02 -1.826669981542e-02
Mode 9
-2.420513434861e-02 -1.491532642427e-02 -2.335955033268e-02
Mode 10
-3.572798302827e-02 -1.629265969909e-03 3.805329103371e-02
Mode 11
1.998148164404e-02 -5.172294349964e-02 1.663932156717e-02
Mode 12
2.233011153036e-02 -5.595598853716e-02 1.854585622688e-02
Mode 13
7.045693526265e-03 2.312037447696e-04 -7.485517117361e-03
Mode 14
5.632102830496e-03 2.520790088522e-04 -5.944604224161e-03
Mode 15
-5.999749471721e-02 -1.111288643713e-01 -6.135596497253e-02
Mode 16
1.289844964332e-03 -2.294217807215e-04 -1.458113260626e-03
Mode 17
-8.131323300358e-02 -1.245697437640e-01 -8.185239923547e-02
Mode 18
-4.389513748289e-02 -7.197669095648e-02 -4.436186408950e-02
Mode 19
1.213232492529e-01 5.711575321315e-03 -1.290286511928e-01
Mode 20
-5.693922975111e-02 -8.019642335468e-02 -5.706278416767e-02
Mode 21
2.917258622318e-02 -2.339511422865e-02 2.642564320247e-02
Mode 22
2.620170988228e-02 1.202442575583e-03 -2.787936128157e-02
Mode 23
1.016410536375e-02 1.411359027790e-01 1.556434799867e-02
Mode 24
-4.462028766941e-02 -2.002595131634e-03 4.750493771780e-02
Mode 25
-1.635326173422e-01 -7.778606040874e-03 1.739326726543e-01
Mode 26
3.694366706810e-02 9.655304921998e-02 3.899709993897e-02
Mode 27
6.197206591539e-02 1.071625768048e-01 6.298267397061e-02
Mode 28
-1.041632766959e-02 -4.541990680661e-04 1.120586793633e-02
Mode 29
-5.397375259499e-02 -2.441096650012e-03 5.750196277370e-02
Mode 30
-5.123206541565e-02 -1.989887980603e-02 -4.921796408271e-02
Mode 31
1.427706014300e-01 3.061190775261e-01 1.474643030835e-01
Mode 32
-1.470399213962e-02 2.147347504638e-01 -4.520117667398e-03
Mode 33
-6.567654965637e-02 -7.344187163393e-02 -6.496880963860e-02
Mode 34
1.517765479323e-01 7.283954063004e-01 1.743313704355e-01
Mode 35
-1.116164443704e-01 -2.969668451895e-01 -1.177811044837e-01
Mode 36
8.850407678303e-02 -2.267294504020e-02 8.223049179174e-02
Mode 37
7.071412824896e-03 -2.638805739041e-04 6.723709432359e-03
Mode 38
3.549199746193e-02 7.762890892538e-03 3.368733781061e-02
Mode 39
-4.426747479884e-02 -4.261536707113e-02 -4.351482194170e-02
Mode 40
3.164296756399e-02 5.321875871402e-03 2.998230091630e-02
Mode 41
-3.890647445551e-01 4.864597354931e-01 -3.446992100021e-01
Mode 42
3.008434255336e-01 2.138010326412e-01 2.921301943660e-01
Mode 43
-3.615232847224e-01 3.139871530805e-01 -3.263410913604e-01
Mode 44
-4.523830570386e-03 -1.668587599045e-02 -4.981106406836e-03
Mode 45
-1.398260285215e-02 1.280001083329e-02 -1.257941869040e-02
Mode 46
1.291148497379e-02 -5.526569957585e-02 9.685233150408e-03
Mode 47
-1.979284655112e-02 -1.669328618730e-02 -1.932697393242e-02
--
Polarizability derivatives 
Mode 0
6.007541976377e-01 -1.096084402235e+00 -9.351369697875e-02
-1.096084402235e+00 -8.105499127794e-02 1.193569585164e+00
-9.351369697875e-02 1.193569585164e+00 -5.046512842673e-01
Mode 1
-3.851564425465e-01 1.058344376484e-01 -3.518304607876e-01
1.058344376484e-01 1.845255145775e+00 -6.781119610752e-02
-3.518304607876e-01 -6.781119610752e-02 -2.147216797670e-01
Mode 2
-1.350883517715e-01 3.829859290136e-01 1.300483450790e-01
3.829859290136e-01 -4.773051839077e-01 -4.323618654048e-01
1.300483450790e-01 -4.323618654048e-01 2.631144393072e-01
Mode 3
6.126843629479e-03 -1.858543640873e-01 -9.193244656141e-03
-1.858543640873e-01 -2.327331837000e-02 1.991365328675e-01
-9.193244656141e-03 1.991365328675e-01 1.187587691516e-02
Mode 4
-4.846684624662e-01 9.017004688417e-01 -3.797536593881e-01
9.017004688417e-01 1.626910383165e-01 8.567286913913e-01
-3.797536593881e-01 8.567286913913e-01 -3.593061440903e-01
Mode 5
7.063556664012e-01 -1.810519328574e-01 -5.015780929494e-02
-1.810519328574e-01 -1.704703073684e-02 2.202468270366e-01
-5.015780929494e-02 2.202468270366e-01 -6.845897156009e-01
Mode 6
1.938678952398e-01 -2.377701331638e-01 -2.152862385126e-02
-2.377701331638e-01 -2.257654599127e-02 2.614722551622e-01
-2.152862385126e-02 2.614722551622e-01 -1.713006814266e-01
Mode 7
8.206136013091e-01 -2.837971513002e-01 8.876297259478e-01
-2.837971513002e-01 1.649660130089e-01 -2.555477954485e-01
8.876297259478e-01 -2.555477954485e-01 6.956384565029e-01
Mode 8
-9.008036039706e-01 -4.015850421581e-01 -7.036373230335e-01
-4.015850421581e-01 1.103634692236e+00 -3.227133144386e-01
-7.036373230335e-01 -3.227133144386e-01 -8.448426978305e-01
Mode 9
2.830215801027e-01 1.195202361307e+00 3.299521201006e-01
1.195202361307e+00 2.221132549765e+00 1.223743717210e+00
3.299521201006e-01 1.223743717210e+00 3.535690486508e-01
Mode 10
-2.249413495055e-01 1.473896203312e-01 2.093420042094e-02
1.473896203312e-01 1.507829375326e-02 -1.655666598032e-01
2.093420042094e-02 -1.655666598032e-01 2.108581647710e-01
Mode 11
-1.296854562740e+00 5.368940393741e-01 -1.117881262697e+00
5.368940393741e-01 -2.114036124463e+00 4.180477689166e-01
-1.117881262697e+00 4.180477689166e-01 -1.123685587754e+00
Mode 12
-4.726922527212e-01 -2.480666396586e+00 -3.611618539923e-01
-2.480666396586e+00 1.437660730511e+00 -2.265941895182e+00
-3.611618539923e-01 -2.265941895182e+00 -6.381044789186e-01
Mode 13
2.732585190732e-01 3.459068734321e-01 -4.095955224804e-03
3.459068734321e-01 2.831558810271e-02 -3.604913223494e-01
-4.095955224804e-03 -3.604913223494e-01 -3.101588472028e-01
Mode 14
1.159276903284e+00 1.114494550461e+00 -2.562542780801e-02
1.114494550461e+00 9.852055157954e-02 -1.133287110827e+00
-2.562542780801e-02 -1.133287110827e+00 -1.264452589370e+00
Mode 15
-6.078822145466e-01 2.639858438466e-01 -4.629728766893e-01
2.639858438466e-01 3.497988957196e+00 4.015716586067e-01
-4.629728766893e-01 4.015716586067e-01 -5.189704275243e-01
Mode 16
1.352694876882e-01 -7.149181229664e-01 -3.840599714683e-02
-7.149181229664e-01 -7.013014029439e-02 7.643032972308e-01
-3.840599714683e-02 7.643032972308e-01 -6.975847062450e-02
Mode 17
3.663770851680e-01 -7.415542689389e-01 2.824891137988e-01
-7.415542689389e-01 3.567680502586e-01 -6.835775204153e-01
2.824891137988e-01 -6.835775204153e-01 2.676823424431e-01
Mode 18
1.039022678975e-01 -1.136983376579e+00 1.033455463386e-01
-1.136983376579e+00 -2.497292472046e+00 -1.175674631530e+00
1.033455463386e-01 -1.175674631530e+00 -1.329842156913e-02
Mode 19
2.995913345785e-01 7.965954597732e-01 1.526059330327e-02
7.965954597732e-01 7.187406102505e-02 -8.358286637727e-01
1.526059330327e-02 -8.358286637727e-01 -3.744323650093e-01
Mode 20
-1.819016195847e-01 9.787023706645e-01 1.755004980971e-02
9.787023706645e-01 -7.032888092290e-01 8.976793159168e-01
1.755004980971e-02 8.976793159168e-01 -9.909861923032e-02
Mode 21
7.084805406606e-01 2.456307166456e+00 7.216099029867e-01
2.456307166456e+00 2.726061321318e+00 2.426745993162e+00
7.216099029867e-01 2.426745993162e+00 8.395330931116e-01
Mode 22
9.452059613439e-01 -3.570842091487e-01 -7.533754331681e-02
-3.570842091487e-01 -3.576890876829e-02 4.238183974916e-01
-7.533754331681e-02 4.238183974916e-01 -9.087372529200e-01
Mode 23
8.949227143421e-01 2.976472189174e-01 6.682804662421e-01
2.976472189174e-01 5.523030465597e+00 5.087665313153e-01
6.682804662421e-01 5.087665313153e-01 8.480386618108e-01
Mode 24
-3.979711506204e-02 -5.324862966990e-01 -2.074650079230e-02
-5.324862966990e-01 -4.951771801123e-02 5.676134144854e-01
-2.074650079230e-02 5.676134144854e-01 8.884940832087e-02
Mode 25
1.188170125736e-01 4.551867004874e-01 1.132673179961e-02
4.551867004874e-01 3.648401693758e-02 -4.807494023952e-01
1.132673179961e-02 -4.807494023952e-01 -1.640040461290e-01
Mode 26
-1.723006691070e+00 -1.006631463854e+00 -1.691632429969e+00
-1.006631463854e+00 -2.470483516714e+00 -1.056741717783e+00
-1.691632429969e+00 -1.056741717783e+00 -1.605638833931e+00
Mode 27
1.807486769787e-01 1.615272400240e+00 3.072901763911e-01
1.615272400240e+00 3.843919408147e-01 1.537482223302e+00
3.072901763911e-01 1.537482223302e+00 2.864252760772e-01
Mode 28
2.937642673756e-01 -1.251585218895e-01 -2.192720818416e-02
-1.251585218895e-01 -2.721898038500e-03 1.520667953349e-01
-2.192720818416e-02 1.520667953349e-01 -2.762087847411e-01
Mode 29
1.733626976778e+00 7.926291720267e-01 -7.269601303671e-02
7.926291720267e-01 7.120843979860e-02 -7.569271630361e-01
-7.269601303671e-02 -7.569271630361e-01 -1.799930667438e+00
Mode 30
-7.192822684100e-01 -8.467084837036e-01 -6.622524953796e-01
-8.467084837036e-01 -3.099589878952e+00 -9.283176234154e-01
-6.622524953796e-01 -9.283176234154e-01 -7.129466570468e-01
Mode 31
-2.783585798491e-01 3.977774848730e-01 -6.604862845004e-01
3.977774848730e-01 -8.357080891209e+00 -3.462653844863e-03
-6.604862845004e-01 -3.462653844863e-03 -1.800096834292e-01
Mode 32
-5.139918180628e-01 -5.579085124050e-01 -1.274848402177e+00
-5.579085124050e-01 -4.503437431571e+00 -7.528354494568e-01
-1.274848402177e+00 -7.528354494568e-01 -4.176920695638e-01
Mode 33
-3.555245697534e-01 -4.299258396282e-01 -1.988026416100e-01
-4.299258396282e-01 -4.226880281980e+00 -5.816683688671e-01
-1.988026416100e-01 -5.816683688671e-01 -3.774684096343e-01
Mode 34
3.147608054321e+00 2.376627921549e+00 2.262649484719e+00
2.376627921549e+00 -1.195261446975e+00 2.144501401471e+00
2.262649484719e+00 2.144501401471e+00 3.074883343356e+00
Mode 35
1.129773352785e-01 1.870616099978e+00 6.577380707131e-01
1.870616099978e+00 7.808402999041e+00 2.122641719773e+00
6.577380707131e-01 2.122641719773e+00 2.098607944680e-01
Mode 36
2.411714053814e+00 3.831224367618e+00 2.541230396439e+00
3.831224367618e+00 6.795640908728e+00 3.902620894060e+00
2.541230396439e+00 3.902620894060e+00 2.446062642493e+00
Mode 37
-1.492361733534e+00 -1.381252477941e+00 -1.239228765979e+00
-1.381252477941e+00 -5.953032800676e+00 -1.547763152650e+00
-1.239228765979e+00 -1.547763152650e+00 -1.471072881491e+00
Mode 38
-1.090325228784e+00 -3.950470169879e+00 -1.154072220498e+00
-3.950470169879e+00 -4.609379436419e+00 -3.912454710859e+00
-1.154072220498e+00 -3.912454710859e+00 -1.303083262953e+00
Mode 39
-4.443355044299e+00 -2.307584259801e+00 -3.916721552872e+00
-2.307584259801e+00 -5.360348645172e+00 -2.386697697769e+00
-3.916721552872e+00 -2.386697697769e+00 -4.166422680544e+00
Mode 40
3.005131376534e+00 6.565392903301e+00 3.282782108753e+00
6.565392903301e+00 1.029818809548e+01 6.628862014448e+00
3.282782108753e+00 6.628862014448e+00 3.194955224622e+00
Mode 41
-1.299269566586e+00 3.362822999816e+00 -1.435904135310e+00
3.362822999816e+00 -1.652356567041e+01 2.438300608598e+00
-1.435904135310e+00 2.438300608598e+00 -8.663118420437e-01
Mode 42
1.171712846326e+01 1.688712107864e+01 1.125073966010e+01
1.688712107864e+01 3.099732728277e+01 1.720269938123e+01
1.125073966010e+01 1.720269938123e+01 1.186192201614e+01
Mode 43
-2.644296789255e+00 1.973877381974e-01 -2.571825067313e+00
1.973877381974e-01 8.136874597057e-01 2.150747017731e-01
-2.571825067313e+00 2.150747017731e-01 -2.307114791568e+00
Mode 44
-1.811855839421e+00 2.067014128548e+00 -1.268236732319e+00
2.067014128548e+00 -5.170951401455e+00 1.732640798099e+00
-1.268236732319e+00 1.732640798099e+00 -1.482589097945e+00
Mode 45
-1.164205281966e+00 6.264554493302e-01 -1.229517707901e+00
6.264554493302e-01 5.347322970454e+00 8.180211698077e-01
-1.229517707901e+00 8.180211698077e-01 -9.459648656225e-01
Mode 46
-1.000259716556e-01 3.934919921929e+00 3.504151829204e-01
3.934919921929e+00 -6.870602851487e+00 3.406834690023e+00
3.504151829204e-01 3.406834690023e+00 1.903914241740e-01
Mode 47
-6.516920129909e+00 1.007753040940e+00 -5.636021113905e+00
1.007753040940e+00 -3.771705891618e+00 8.007854230756e-01
-5.636021113905e+00 8.007854230756e-01 -5.729855346181e+00
--
