Number of atoms 
21
--
Anisotropy 
141.606
--
Frequencies 
31.014923630083
33.680247015390
51.504823003426
82.531442156131
141.873599614386
156.242381803943
206.698543364747
227.973220410162
253.357296989663
270.239976783674
293.717646553740
302.411474512109
359.445545423267
367.631145591648
431.612397329080
447.489712140988
466.269569409660
483.432224597281
509.028273956226
517.593960972900
550.519547313962
581.702969813426
623.168480489670
713.991213231483
741.694041752980
768.485730349613
833.463173082098
899.435523447062
925.189082561678
951.944647463911
962.170276280674
989.768203526226
1050.161462810532
1080.563039663936
1100.879824994427
1138.867976493040
1150.047098008857
1274.181026704926
1304.671556695691
1309.587131023141
1323.431369786526
1382.358216473296
1421.288658615288
1428.779578069968
1462.081323807783
1497.450416709947
1595.241203874230
1604.536141975548
1654.949353043680
3057.413760229691
3178.337503896986
3189.991755175853
3193.823576552663
3198.860745801153
3219.476915930492
3546.015504624855
3681.655326059545
--
Displacements 
Mode 0
3.535620525688e-01 -1.455647378149e-01 -7.896607275251e-02
1.402463371572e-01 -1.029583400719e-01 -4.716706640433e-02
1.137385262389e-01 -7.342979214619e-02 -9.330633095890e-02
5.838582351476e-02 -2.807720436733e-02 -9.147901250545e-02
3.322202175423e-02 -4.435783202331e-02 -4.869087871234e-02
6.116661810539e-02 -9.803313092457e-02 -3.792421234189e-03
1.156579031171e-01 -1.101647568031e-01 -3.129063084960e-03
1.492350790721e-01 -1.355330409801e-01 4.247146018804e-02
-7.457284742026e-02 8.759406708155e-02 -7.206799741215e-02
-1.836005335623e-01 -2.559296275454e-01 2.820569688153e-02
-2.571020713571e-01 4.089026356949e-01 -4.887120340629e-02
3.283303817667e-01 1.287538314982e-01 -1.521235294941e-01
-2.716124359431e-01 9.581614685974e-02 1.773075767825e-01
3.955522684996e-02 -2.050418925836e-02 -3.747787097337e-02
1.124031519011e-02 6.380407201391e-03 -3.381072390853e-02
1.177252413251e-02 -3.298868538494e-02 8.022485135820e-03
4.777459697500e-02 -2.343301874390e-02 8.633723350051e-03
3.565803872157e-02 -3.866784148418e-02 1.749812778826e-02
1.234872312000e-01 9.171365097737e-02 -5.910351701291e-02
8.428832401919e-02 5.747221600743e-02 -4.380420195765e-02
1.357431455744e-01 -2.444583481582e-02 -4.679862477619e-02
Mode 1
-1.444683090444e-01 -4.566935797677e-02 -1.933811648756e-01
-5.626580768409e-02 -1.317477787288e-01 -1.178387531427e-01
-4.162095532726e-02 -1.308788289912e-01 -9.246514634165e-02
-1.174311105353e-02 -9.649542905839e-02 -8.961943173726e-02
2.594562808485e-03 -5.160925131688e-02 -1.145410261015e-01
-1.112996355631e-02 -7.976699607150e-02 -1.420646788938e-01
-4.120482495446e-02 -1.366014547469e-01 -1.457234166177e-01
-5.701749090080e-02 -1.728890069040e-01 -1.874999351948e-01
6.819066841706e-02 1.927637542731e-01 -1.757497149228e-01
1.158036309301e-01 3.709271533008e-01 -9.623243270728e-02
1.529498062720e-01 2.132270116355e-02 -1.635499903012e-02
-1.520383717236e-01 1.498357187159e-01 -2.870757490058e-01
6.139013434305e-02 -4.794508705363e-03 5.083470251092e-01
-1.563509475691e-02 -3.963953524527e-02 -2.114391171593e-02
-3.104809910073e-04 -2.364239908157e-02 -1.968166675454e-02
-4.443229165249e-04 -1.002960591778e-02 -4.497581752660e-02
-2.086690829385e-02 -5.324855874295e-02 -4.875539162363e-02
-1.280379883621e-02 -4.336467623586e-02 -5.319639896161e-02
-5.863191817823e-02 -5.322159174813e-04 -9.099532017612e-02
-3.841421587849e-02 7.702740151196e-02 -8.238847016074e-02
-6.506809520307e-02 6.062205287249e-02 -1.051649222405e-01
Mode 2
2.234197880429e-01 -7.189349515938e-03 5.142624173118e-02
1.051118935846e-01 1.026812096468e-02 3.201698851095e-02
7.949951869496e-02 2.587137821707e-01 1.719237163034e-02
4.006116499926e-02 2.639658947110e-01 1.389421220401e-02
3.652152294279e-02 2.076708344602e-02 3.043366156450e-02
5.980044482854e-02 -2.240699520725e-01 5.069630446532e-02
9.765434611275e-02 -2.393524309691e-01 4.543890499515e-02
1.379996448921e-01 -5.350339550177e-01 6.930349716160e-02
-2.431381700233e-02 4.568735113121e-03 5.171018668666e-02
2.757951638184e-02 1.948685855838e-01 9.087827318670e-02
7.265839983895e-02 -1.843510055862e-01 -2.637420329326e-02
-2.599255285441e-01 -2.827871143246e-02 4.080428457743e-02
-1.723087856308e-01 1.388820795015e-01 -1.413510294814e-01
2.591552757409e-02 1.272297449957e-01 7.389639567375e-04
2.550009034628e-03 1.266858012483e-01 -2.134429738162e-03
1.197395590208e-02 -1.113325084450e-01 2.088638244128e-02
2.475656621303e-02 -1.089458218376e-01 1.164519762137e-02
2.546460284794e-02 -1.922014139916e-01 1.605292655637e-02
-8.351301291482e-02 -4.063492505840e-02 -8.980463860817e-05
-9.039659195465e-02 -1.269458975385e-02 1.150371199798e-02
-9.075316224017e-02 2.355677530256e-02 2.597323528179e-02
Mode 3
1.174590603874e-01 -1.659440126374e-01 -1.317463155126e-01
3.336103398152e-02 7.472415729818e-02 -8.157924479674e-02
2.153419735105e-02 2.295803619077e-01 -9.052555706143e-02
5.750272636732e-03 3.581728710822e-01 -8.377568876518e-02
4.007522281575e-03 3.160211055275e-01 -8.031508131487e-02
1.307574853855e-02 2.349076678665e-01 -7.264140406650e-02
2.683920845489e-02 1.331246654503e-01 -7.522504382187e-02
3.890312656221e-02 7.727847713451e-02 -8.342198136890e-02
8.479562027196e-03 4.263621617370e-02 -1.662325123106e-01
1.110837326342e-02 -7.259209392293e-02 -2.315527398008e-01
1.038912506668e-02 -8.085449313177e-02 -2.966592891848e-01
-2.444893136265e-03 -9.466789543918e-02 2.931871316410e-01
-9.434971302275e-02 -2.473217612836e-01 3.242806008280e-01
8.396764945313e-03 6.368807093347e-02 -2.954767568779e-02
-8.229844442595e-04 1.229435104501e-01 -2.522588518003e-02
2.047418289200e-03 5.740975367121e-02 -1.904412330473e-02
1.295295544289e-02 -1.133130768284e-02 -1.574925854399e-02
7.476828144859e-03 2.866300662790e-02 -1.358992748848e-02
-9.117859158032e-04 -5.185638232351e-04 1.115127825652e-01
-2.119913322721e-03 -1.040676937400e-01 8.330633988243e-02
-3.989527837622e-04 -1.205218428706e-03 1.271541225002e-01
Mode 4
3.240323571803e-01 -1.351231544648e-01 -5.487350921660e-02
-7.397852733266e-02 -7.613952933333e-02 -2.728570564118e-02
-1.277200937295e-01 -8.138546301854e-02 -1.006628768141e-01
-2.371209695774e-01 -1.791861612315e-02 -8.450710125332e-02
-2.755345774943e-01 2.939004383538e-02 -5.197514109730e-03
-2.494684113429e-01 6.497052074022e-03 5.680118414774e-02
-1.378661422905e-01 -4.575853906741e-02 7.124131180053e-02
-7.387714717100e-02 -8.640747451537e-02 2.214689292241e-01
1.291076768705e-02 3.292973167491e-02 7.465992368259e-03
1.667991028072e-01 6.474441793264e-02 -4.093420868662e-01
1.680432848020e-01 -3.376823254515e-02 3.604424710782e-01
1.464632379240e-01 -2.586647857399e-03 1.283708919058e-01
2.787954732184e-02 1.071453026201e-01 -5.173445157706e-02
-2.499824052399e-02 -3.695335987422e-02 -4.874379442654e-02
-8.185051880675e-02 -1.356374544188e-03 -4.541852424520e-02
-8.460174021627e-02 4.451746979812e-03 3.437602957915e-02
1.357268021907e-02 -1.741739333664e-02 5.811863394319e-02
-3.676291991933e-02 -1.661225953383e-02 9.065363243900e-02
-2.268157609500e-02 -1.305303357082e-02 1.813836410826e-01
2.079745371731e-01 -1.035620209015e-02 3.945563616668e-02
-2.064346193556e-02 1.607128251162e-02 -8.403429292644e-02
Mode 5
1.040628292610e-01 2.667148675790e-02 6.941771434499e-02
1.646800311409e-02 2.085363227103e-01 2.858657656614e-02
-1.499716107934e-02 3.845743539443e-01 -8.354154216211e-03
-5.405279226324e-02 2.373750789975e-01 -2.216386668493e-02
-4.685443981896e-02 -1.656516668982e-01 -3.245210974103e-02
-2.697946365943e-02 -2.142652874564e-01 1.114720127344e-02
5.160773159355e-03 1.038369811328e-01 4.147388586196e-02
2.180278838579e-02 3.372905863274e-01 1.173001974776e-01
1.027195303466e-02 -1.658144886676e-01 -8.768946927595e-02
3.973588392820e-02 -2.340846624808e-02 -6.768389396298e-02
5.763757036961e-02 -7.933918066708e-02 1.407520431601e-01
1.367587481224e-02 2.164119164848e-02 -4.631734229731e-01
-5.345233629422e-02 -1.768652956176e-01 9.708714255145e-02
5.318341975389e-04 1.720954642201e-01 -9.719641970273e-03
-2.386387701881e-02 1.130116208394e-01 -1.173065429173e-02
-1.436475961446e-02 -1.185805239079e-01 1.071632895052e-02
2.315935912481e-02 1.272081858672e-01 2.347192688292e-02
2.255219377472e-03 7.415638767287e-02 3.121969283879e-02
-1.175831253185e-02 -3.629687663243e-02 -1.378344635644e-01
4.473374670486e-02 1.094358195260e-01 -1.316191101087e-01
-1.538539193593e-02 -2.041657247422e-02 -2.218773035525e-01
Mode 6
1.069499154958e-01 -8.292876866178e-02 -2.952973233544e-02
-5.763959989509e-02 -3.489501652768e-02 -1.471065131872e-02
-6.726251697114e-02 2.228145326503e-03 -1.202033570017e-02
-7.429196039019e-02 3.850175372467e-02 -4.237919478118e-03
-6.764652508137e-02 -1.173007909190e-02 2.612909054820e-03
-7.716248024033e-02 -5.627739907429e-02 -1.663169304243e-03
-7.365311814482e-02 -2.173887890288e-02 4.068150337881e-03
-7.085237973828e-02 4.505322342332e-02 4.452668436139e-02
8.489415773541e-02 3.682698387832e-03 1.762476596903e-02
8.492474459028e-02 -1.343089163715e-02 -8.106449699676e-02
8.102460174642e-02 2.352969788019e-02 1.141714682319e-01
-1.528791245352e-02 -2.042363482417e-03 -4.515476740800e-04
1.344347395382e-02 3.538767091860e-02 -1.111622700264e-02
-1.952604809901e-02 1.748834798312e-03 -3.697913054351e-03
-2.393373350300e-02 2.496572462420e-02 -2.205866955131e-03
-2.216889862742e-02 -2.350455197025e-02 -1.443076040403e-03
-7.725299286004e-03 2.282242748921e-02 9.609659998376e-03
-2.001051588368e-02 2.243920722845e-02 1.809383641206e-02
2.407385580687e-01 1.436447136415e-01 -4.496109307681e-01
-5.699958696570e-01 -5.926850442155e-02 -9.685902674071e-03
2.510641061619e-01 -9.279218506427e-02 4.546369891055e-01
Mode 7
5.941066150374e-02 -2.354518207719e-01 -2.691300059239e-01
-4.937861735380e-02 -2.057997734661e-01 -1.261854099938e-01
-1.533507363413e-02 1.397255869585e-03 -3.236272029945e-02
3.722328719701e-02 2.046555235184e-01 -1.586922159900e-03
4.893361647563e-02 -9.224575843637e-02 1.183736314454e-02
2.245942862533e-02 -4.118286562099e-01 -1.008635019287e-01
-5.337629006926e-02 -1.593236580033e-01 -1.129538812752e-01
-1.350731822002e-01 3.478332465336e-01 -1.625509816124e-01
-1.315852228875e-03 3.791010734765e-02 1.954940353398e-01
-3.047353450859e-02 6.895020247497e-02 2.709797128083e-01
-2.511120818802e-02 6.266267007670e-02 1.346552011163e-01
-2.713132942907e-02 -1.804222129178e-02 2.567896579100e-01
4.127688797863e-02 9.855048531200e-02 -2.521295443263e-02
-1.807469735261e-02 2.501023043005e-02 1.203730966297e-02
3.043384948679e-03 1.480094439436e-01 3.576946539657e-03
1.987494375225e-02 -1.597910114158e-01 -5.063165576370e-02
-3.237098894611e-02 1.313429009343e-01 -5.215151128410e-02
-5.009328419223e-03 1.566921612919e-01 -6.837098775563e-02
-4.294416035576e-02 -1.075735076696e-02 1.536743330441e-01
6.429399635900e-02 -5.419772730318e-02 7.471761947007e-02
-4.183612040025e-02 2.824891225685e-02 4.774690546342e-02
Mode 8
-3.288018613812e-01 3.578537897576e-01 1.277617416996e-02
1.828280292412e-01 -3.057007626103e-02 -3.817424216158e-03
1.470845834282e-01 -6.786822853087e-02 -8.090971711825e-02
1.320689634775e-02 -4.408491793375e-02 -9.926110243716e-02
-2.861775249454e-02 -1.000956948693e-01 -4.960044240294e-02
2.697287481133e-02 -3.169403291782e-01 2.471032174519e-02
1.617063486404e-01 -1.220369519196e-01 4.459956911680e-02
2.781417624917e-01 1.470456407637e-01 2.700845783096e-01
-6.034573740411e-02 1.227758435795e-01 -1.372397040185e-01
3.587303560837e-02 1.024480129081e-01 -3.079795590463e-01
-3.838948336222e-02 1.375342248289e-01 1.236146878455e-02
-4.416056550510e-02 -1.405544469597e-02 2.228242669470e-01
-4.374210326596e-02 -1.293046079157e-01 1.985705371007e-02
5.862623415956e-02 -3.433535798490e-04 -4.810233561494e-02
-9.920737795778e-03 2.023707968007e-02 -4.683348455788e-02
-9.958604375792e-03 -1.200673072604e-01 3.260379902709e-02
1.448677417586e-01 8.685833925428e-02 6.300296057924e-02
5.844716008989e-02 5.784760180052e-02 1.084064011880e-01
-6.576160057520e-03 2.918199091547e-02 8.195904663052e-02
-4.070680288588e-02 -1.034847334222e-01 6.236631929379e-02
-2.097700216091e-03 2.661711719850e-02 1.389485882898e-01
Mode 9
4.714419312520e-02 -1.912892698806e-01 4.145980405669e-01
-9.817159292388e-02 -2.027738415892e-01 1.777408169845e-01
-1.223983011466e-01 -1.314428856911e-01 1.594055549195e-01
-6.912497586324e-02 8.084623655059e-02 1.503799283948e-01
4.189805964660e-03 2.980375973323e-02 1.700231433539e-02
1.023510100743e-02 -2.134748075769e-01 6.846737319457e-02
-6.151977198987e-02 -1.460956260406e-01 1.029480364879e-01
-1.406700958762e-01 1.071026939568e-01 7.974956964220e-02
5.376221354375e-02 9.102415387561e-02 -2.558622040030e-01
4.005590065638e-02 1.097292657224e-01 -1.353427683981e-01
-1.199256675115e-02 -5.539366094923e-02 -5.464818832111e-01
9.899069210435e-02 3.335092756176e-02 -4.879190461427e-02
4.514153156832e-02 1.221569682522e-01 -5.579187351835e-02
-3.404673342501e-02 -4.525566343997e-02 4.444049760502e-02
-4.347595205035e-03 6.387339737910e-02 7.612816019936e-02
-1.976684806038e-03 -8.086773302449e-02 2.531729970477e-02
-3.343868665569e-02 7.263821618317e-02 1.235258539080e-02
-1.383287825868e-02 9.812723140359e-02 1.016566431494e-02
2.826259034451e-02 3.640371886846e-02 1.308239309317e-02
5.927936132761e-02 -9.169860929242e-04 -1.397904686661e-02
3.378911519502e-02 -5.592573077445e-03 -2.668294819144e-02
Mode 10
-1.053923945017e-02 1.640078874270e-01 -2.172711725683e-01
-1.859747295230e-02 7.402571437859e-02 -9.143153811925e-02
-3.305038456400e-02 3.880344184441e-02 -1.014517993869e-01
-9.392524573769e-02 -5.426437100266e-02 -9.580981400944e-02
-1.143587276403e-01 -4.276827302869e-02 -1.452328332300e-02
-1.399839681523e-01 -2.134202687647e-03 -5.218563619155e-03
-7.200786506103e-02 1.674916873931e-02 -8.986469635923e-04
5.016402040843e-02 -2.528319398868e-02 2.259496450316e-01
-1.176619685070e-02 -1.174256094109e-02 4.952107173474e-02
-2.266038166797e-02 3.280693703055e-01 4.325451601564e-01
6.700189936423e-02 -3.070264863832e-01 -2.862331875946e-01
3.812005501633e-01 3.353762294747e-02 3.808050175245e-02
-2.730141196779e-02 -7.757437359834e-02 2.337008315995e-02
-6.690705910853e-03 1.935513733633e-02 -3.464169628804e-02
-3.732746498481e-02 -2.701825497099e-02 -4.784891592111e-02
-4.133451549875e-02 4.548980721933e-03 1.470027205355e-03
7.283358353358e-02 2.807586546880e-03 5.897924054727e-02
-2.026099094002e-02 -2.573457680679e-02 1.096225781432e-01
1.675470932643e-01 1.531288960845e-01 1.382134109818e-02
1.247948164384e-01 4.734604587851e-03 1.120352520867e-02
1.971582913735e-01 -1.152110716337e-01 1.640144496719e-02
Mode 11
4.266238370532e-01 3.075638597047e-01 1.670835433276e-01
-8.986766759468e-02 3.227575560823e-01 5.758141321864e-02
-9.490223791453e-02 1.057283655051e-01 6.384578505621e-03
-1.356091729973e-02 -2.735739966267e-01 -1.370053037271e-02
1.690762885315e-02 -2.376720675825e-01 -6.163586223183e-02
2.502311414116e-02 -1.675485701352e-01 -6.299343629382e-02
-5.603493221152e-02 7.981168728992e-02 -3.754746110161e-02
-1.761659935845e-01 4.761534256718e-03 -2.762500106008e-01
5.839604429716e-04 6.363291900906e-02 -9.659830318513e-02
2.624646594638e-02 1.616480496346e-01 -2.058916320020e-02
-6.046947410658e-02 1.470431411713e-01 -5.278971623711e-02
1.995290820621e-03 -3.816170112873e-02 1.958916513767e-01
-5.006355719041e-02 -1.639809790520e-01 4.295340568430e-02
-3.019464146392e-02 4.672070262462e-02 6.003328502299e-03
9.691255243191e-03 -1.292109641967e-01 1.004172135287e-02
8.624977213873e-03 -6.696020473727e-02 -2.186418965949e-02
-1.430378033177e-01 2.529752277156e-02 -8.021670933936e-02
-3.620237925441e-02 -1.292507276693e-01 -1.488427612378e-01
-6.353576807487e-03 2.094560027571e-02 1.052717006448e-01
9.958557197276e-03 -1.153364950562e-01 5.517189462103e-02
3.429294668902e-04 2.199331215759e-02 1.092185617829e-01
Mode 12
1.957873699170e-01 3.601695660043e-01 -2.216469194130e-01
-1.382810541143e-01 -4.188865827323e-02 -6.713755260029e-02
-1.124345640513e-01 -1.110466894875e-01 2.761554298370e-02
-4.111885425445e-02 5.862671988839e-02 6.451774657967e-02
-2.817758565877e-03 9.851856992167e-02 4.617486833525e-02
-9.941879755575e-02 -3.641849290950e-02 -3.288756681069e-02
-1.754556438239e-01 -5.124922319796e-02 -1.625526920125e-02
-6.063254688397e-02 -1.991521308551e-02 2.711854414271e-01
3.611603317516e-01 5.343975856993e-02 4.217430076482e-02
9.856565967103e-02 -3.182469792216e-01 1.679834632489e-01
6.897303400609e-02 2.187283434678e-01 -2.377389562966e-01
-2.086233191197e-01 1.335024582004e-02 -4.577133812992e-02
-3.626741170710e-02 -1.159195370203e-01 1.412343428036e-02
-4.744911138886e-02 -6.138369258747e-02 3.019894352136e-02
-5.019088654728e-03 2.452559796353e-02 3.138274656739e-02
-1.053296670515e-02 -1.744619938833e-02 -3.765233757233e-02
7.814967051550e-02 1.761872761789e-02 6.910794807003e-02
-5.109359010210e-02 3.306039418345e-02 1.474448001855e-01
-1.248265151937e-01 -1.679407300142e-01 -2.563491313914e-02
-6.579742121072e-02 4.028244738081e-02 -1.277327633126e-02
-1.596917614228e-01 1.348284820912e-01 -3.968239715232e-02
Mode 13
1.941268087233e-01 5.229708440072e-01 8.539024976215e-02
5.246461203325e-02 -2.284385900796e-01 2.670774778739e-02
4.348082230667e-02 -2.713343684691e-01 -2.994397890509e-02
1.183851090354e-02 2.413463079519e-01 1.323151403111e-03
-8.394117365347e-03 2.792178819811e-01 2.497349011429e-02
4.752700253731e-02 -1.480313031599e-02 2.852381199648e-02
5.461285607789e-02 -1.148406737753e-01 1.592653136869e-03
-1.037908704273e-01 3.120061274279e-02 -2.524138533462e-01
-1.833550797932e-01 7.131015394368e-03 1.031156024668e-01
-1.059726664202e-01 -4.557130442427e-02 -7.914356866159e-02
6.007652242698e-02 -2.778968449746e-01 1.332376149182e-01
7.950909113237e-02 8.981195305022e-02 -7.577741313510e-02
-4.143505997619e-02 -1.401371395361e-01 5.691869673835e-03
1.860960488263e-02 -1.318474033106e-01 -1.790930716974e-02
-4.135101129061e-03 1.211249837225e-01 -2.321733518055e-03
8.386314789832e-03 -2.357847923076e-02 1.562338924682e-02
-8.257374329701e-02 9.455272779051e-03 -6.782943747380e-02
3.105839109371e-02 1.193651664775e-01 -1.211941902234e-01
5.932713309339e-02 7.653247739801e-02 -6.127114599688e-02
1.907435171629e-02 1.071654478833e-01 -2.073201796482e-02
6.880313380362e-02 -6.682051683233e-02 -6.231439675400e-02
Mode 14
2.999818376801e-02 7.270474075978e-02 1.207686145635e-01
4.620155171827e-03 -1.168351136116e-01 -2.221545373008e-02
-1.564399001039e-02 1.746672758152e-01 -3.340390356379e-02
-3.538355517823e-02 -5.731738217388e-02 -5.671219604074e-02
-1.083095855675e-02 -8.848875439450e-02 -6.993056376631e-02
-2.569825741171e-03 1.711701642242e-01 -5.519851495511e-03
3.267697606444e-02 -9.908896809958e-02 -3.686873414234e-02
-1.105214669401e-01 -2.947659053523e-01 -3.712265932377e-02
3.468471891112e-02 -7.599061545686e-02 -7.942294120956e-02
2.657524048470e-02 8.527541567263e-02 9.486379796303e-02
-3.762967225117e-02 1.150085852614e-01 6.301179896623e-02
9.302858312671e-03 -1.177890686823e-01 -1.696497442861e-03
-5.228732442583e-03 -1.910715060646e-02 1.094202841430e-03
-2.426116265016e-04 1.427270450467e-01 -1.600489026144e-02
-9.353983033370e-03 -1.882694908734e-02 -1.600063139662e-02
-7.192645159078e-03 9.780588713127e-02 1.039311600015e-02
1.159864220746e-01 1.683258509140e-01 -5.091884090517e-02
1.292569258174e-01 7.757744091722e-01 6.969661628167e-02
-3.997852845268e-03 -2.875316199264e-02 2.171418608295e-02
5.724092990766e-03 -8.020575177106e-02 -1.227534619692e-03
-3.874763130548e-03 -9.087327996265e-03 2.464510181177e-02
Mode 15
-8.924020492118e-02 -5.725619726733e-02 4.387168620612e-01
1.256812842731e-01 -1.674392670384e-02 3.196908928050e-02
-1.174590961667e-02 -6.701808299890e-02 -2.481589263487e-01
-2.698098032528e-01 5.310473014282e-02 -2.646042642725e-01
-2.405569986164e-01 6.727294089940e-02 -1.981943069700e-01
-1.571878678407e-01 -1.687959619152e-02 -8.091623508559e-02
1.296660703333e-01 1.242861544756e-02 -4.888351329550e-02
1.251249978798e-01 5.398499505931e-02 -1.494602033365e-01
2.106725448308e-01 6.308939965086e-02 -8.301458409936e-02
-6.242731553976e-02 -1.788931257410e-01 3.652694489378e-01
2.084635917889e-01 5.130596021888e-02 4.678624674765e-02
-3.952567582748e-02 -5.235262526580e-03 2.197089833373e-02
8.091561230417e-03 2.431940548683e-02 -5.385789420625e-03
4.585599873527e-02 -3.557787876440e-02 -1.496644851387e-01
-9.919288316774e-02 2.982211325542e-02 -1.099669072649e-01
-8.117027799558e-02 -2.112045001487e-02 3.289167562767e-02
-2.525709507337e-02 4.059796093284e-03 -4.020467472333e-02
3.106193950021e-02 -1.096886085052e-01 -8.628586675076e-02
-4.005707160782e-02 -6.094808851727e-02 1.693156641939e-02
-2.231797716315e-02 -4.574237852086e-02 5.339455387172e-03
-5.488875378408e-02 8.048765700749e-02 3.337470219216e-02
Mode 16
3.379954105693e-02 1.579354959290e-01 2.753209624237e-02
2.172692017801e-02 -3.747458440816e-01 1.873167313238e-02
-1.647891787698e-02 3.656759294812e-03 1.058788616896e-02
-4.454966497877e-02 1.677626673777e-01 1.609190372998e-02
-1.886278341783e-02 -7.007988548521e-02 -1.438610147004e-02
-2.427791160332e-02 2.402077793277e-01 2.311857103445e-02
2.615859116262e-03 -1.113365738004e-01 1.504895409654e-02
3.107365596647e-02 1.549093956382e-01 -3.811627901222e-03
4.789181850718e-02 -2.642907665814e-01 -7.243209668198e-02
1.805279357905e-01 3.175257324896e-01 7.916724943604e-02
-2.380949335919e-01 2.872842074316e-01 4.860854120473e-02
3.963160793440e-02 -3.692247604484e-01 -9.210878680058e-02
-7.322117702846e-03 -2.139250865181e-02 -9.236983211847e-03
-2.332544204801e-03 7.072458245514e-02 -1.733023703975e-04
-1.779922729154e-02 1.208011039347e-01 9.771369202555e-03
-1.057370222449e-02 1.831081911473e-01 1.678401092383e-02
-5.489106792495e-02 -6.282941487759e-02 1.608963756572e-02
-4.715882448296e-02 -2.985023352945e-01 -4.456455985966e-02
6.588488110038e-03 -9.797256585302e-02 -3.464423192514e-03
1.331808512361e-02 -1.450385725436e-01 -2.729964084495e-02
7.299485828339e-03 -8.627114246015e-02 -8.687916704986e-04
Mode 17
-6.086723346330e-03 -6.261054205434e-02 4.982302221670e-02
-5.345568345213e-02 3.180631523322e-01 1.118386893975e-02
-2.143223674142e-02 -3.228661848655e-01 -7.601801052592e-03
7.184356139456e-03 2.081452644232e-01 3.116650200394e-02
2.429547748233e-02 1.672503340453e-01 -2.445390037086e-02
2.177210296462e-02 -1.762339882983e-01 -8.384903415843e-02
-2.350738601246e-02 3.148539709999e-01 -4.060855184555e-02
5.179379713878e-02 -1.118296349881e-01 -2.051991954900e-02
-9.158478606455e-03 -1.501051495436e-01 -6.313683451433e-02
6.678177124550e-02 1.936771809495e-01 7.151140417853e-02
-1.213716606389e-01 1.385268348257e-01 9.184590761236e-02
2.704445529700e-02 -2.399338265479e-01 -7.080966748962e-02
2.095488731829e-03 1.637840262553e-02 1.004867062086e-03
-3.885129089178e-03 -2.933839882298e-01 -6.889003407369e-03
9.509467463216e-03 5.096352520213e-02 2.026813934263e-02
1.139380654623e-02 -2.693751680621e-01 -4.049840437787e-02
9.590349466115e-02 -3.514583825336e-01 6.116839933358e-02
-5.760479935051e-03 2.064201859063e-01 1.301846917381e-01
1.068433294330e-02 -5.042679191353e-02 -7.327366598165e-03
1.221251144060e-02 -8.637421858587e-02 -2.082660660918e-02
1.338045758402e-02 -7.300651660132e-02 -1.116360756403e-02
Mode 18
9.246867722521e-02 6.082598693633e-02 1.286053744113e-01
-1.692694049638e-01 -1.593722336595e-01 -2.048599413502e-03
-1.690463389048e-01 8.128428630787e-02 1.247913405103e-01
6.146718926297e-02 -2.696808634958e-02 1.098118586983e-01
1.570945874234e-01 -7.307299761853e-02 -1.202515680832e-01
8.409681254842e-02 7.358900733175e-02 -2.275333587410e-01
-7.149012324017e-02 -9.779338148641e-02 -1.945313793084e-01
1.578633309768e-01 1.450675107653e-01 7.956643573287e-02
-1.068431651411e-01 1.115519129322e-01 -3.063835623383e-01
-2.740013083266e-01 -7.392488882414e-02 9.415900560044e-02
2.082665492127e-01 -1.038520073579e-01 2.341018016129e-01
3.269321486245e-03 3.321558679795e-02 2.208534636400e-02
-5.983604804202e-03 -1.149707298607e-03 -9.164645925287e-03
-7.186326047379e-02 9.693884854430e-02 7.249724009764e-02
5.292086222461e-02 1.345256418743e-02 9.746623788162e-02
4.551381489826e-02 8.089160216111e-02 -9.567944878573e-02
1.922302799963e-01 -3.795956063055e-01 1.041257845231e-01
-7.033060122631e-02 -9.897022852879e-03 2.030964791014e-01
5.005293309280e-03 8.764038436513e-02 7.163737247321e-02
2.468480574049e-02 -1.115891137952e-01 4.504811694142e-03
1.833287650878e-02 1.838194281888e-02 6.013957957221e-02
Mode 19
1.942807869413e-03 2.996279621490e-02 -2.119666156906e-02
1.125277893203e-01 -8.301671864114e-02 2.768280947300e-02
8.635056723142e-02 1.446806880954e-01 -2.873482570199e-02
-8.429047842743e-02 -1.101977817362e-01 -3.081216122340e-02
-1.381824922183e-01 -1.199777132433e-01 8.039777594713e-02
-1.069200028679e-01 -2.284600745914e-02 7.149728873169e-02
5.059220316281e-02 -7.508173231262e-02 6.810789372579e-02
-4.989025616611e-03 1.818551502893e-01 -2.175021623927e-01
6.395998362499e-02 -8.383864650254e-03 2.469321098964e-01
1.506795869319e-01 -3.564500045589e-02 -9.959189199139e-02
-9.235551945200e-02 -6.689452256469e-03 -2.013007503073e-01
-1.930369401468e-02 1.310581245443e-01 4.022319562183e-02
-8.338702994255e-03 5.771690987639e-03 -7.032874161812e-03
3.907717857311e-02 1.414437001390e-01 -2.995035371021e-02
-5.140759388362e-02 -8.275091192579e-03 -5.072999076186e-02
-4.684938328562e-02 3.372432924237e-03 4.693324419543e-02
-6.818086465717e-03 -7.145505864715e-01 9.255456823216e-02
-1.185439859459e-02 1.986385616592e-01 3.729799604599e-02
-8.369316072920e-03 -1.741373619300e-02 -3.574235967563e-02
-2.313086727070e-02 1.210451733127e-01 1.308456169932e-02
-1.662660849126e-02 3.144575875130e-02 -2.511076274437e-02
Mode 20
6.678571094889e-02 -1.162777947088e-02 2.138674114615e-01
-9.530864810619e-02 1.695153565569e-02 -5.952426927609e-02
-9.640003607375e-02 4.507140733056e-03 1.109848662161e-01
-1.146374019645e-01 -5.099815006466e-02 1.088746461969e-01
-2.191070234775e-02 7.054108900753e-02 -3.505507296792e-02
-1.467968382992e-01 2.173087940663e-03 -3.802221628566e-01
6.100779940046e-02 -5.256298590463e-02 -3.888061750023e-01
3.493215247116e-01 2.914326379672e-03 -5.960068424647e-02
-4.120570931522e-02 -1.019896558446e-01 3.781415110225e-01
1.720901092367e-01 5.372587695230e-02 -1.347589758167e-01
-2.243165869586e-01 -3.260504141802e-02 -8.992844666052e-02
-1.002556386753e-02 8.566248743894e-02 4.193739580999e-02
2.571901010047e-03 5.038928834747e-04 3.581711974177e-04
-2.916745324602e-02 1.820906824980e-03 3.244818271805e-02
-2.602137777574e-02 -3.520578386264e-02 4.170808550540e-02
-2.834299755574e-02 2.766879689054e-02 -1.291805438322e-01
2.230746226006e-01 1.956406427617e-01 -5.447704095393e-02
3.818827636805e-02 -3.511303535252e-02 6.299665137766e-02
1.238982517938e-02 -3.731545222581e-03 -5.242041128047e-02
-1.061255104898e-02 1.638450856011e-01 1.472536994786e-02
9.732367909282e-03 -4.022997236193e-02 -6.133488035172e-02
Mode 21
4.081351967977e-02 1.085313091107e-02 -3.368414781062e-01
8.827892547435e-02 -3.299011830670e-04 1.671674461860e-01
8.420540067208e-02 -4.330844664894e-02 3.744925570368e-01
-3.393030542143e-01 5.814550648634e-03 3.990157718699e-01
-2.120210890605e-01 -9.148717911638e-02 8.565286028555e-02
-1.894468932615e-01 6.467120880303e-03 2.071736834042e-02
2.270309828929e-01 9.697336375678e-02 -7.536960726215e-03
2.376766232374e-01 -3.246912000122e-02 -2.008279166646e-01
1.424529877321e-02 5.943784370050e-02 -2.112536948036e-01
-9.923433094196e-02 -2.020395210223e-02 5.257164463606e-02
1.022198252880e-01 1.070706572169e-02 4.147082505708e-03
2.729786660261e-03 -3.889536153593e-02 -3.048176420447e-02
1.032697064322e-03 -3.616109196673e-03 5.949889143583e-04
4.500949281090e-02 -1.685792594533e-02 7.430093752467e-02
-1.089937975834e-01 2.606942257017e-02 1.020941514874e-01
-1.008741172089e-01 -2.757487557484e-02 7.752091394759e-02
-7.730286350390e-05 5.829945950451e-02 -6.702279071709e-02
1.152693104876e-01 5.371565166656e-02 -1.155776320218e-01
-6.159319877605e-03 8.539734099682e-03 2.739436194310e-02
5.700455105790e-03 -8.650636684325e-02 -1.022941997121e-02
-4.133911973916e-03 2.130706804251e-02 3.114312575286e-02
Mode 22
3.040575618070e-03 -3.807832637049e-02 -5.887778396866e-02
9.602089186905e-03 1.245617071070e-01 2.765322169995e-02
3.778714635734e-03 1.944382425846e-01 4.812027978501e-02
-1.208925092722e-02 -2.904915619139e-01 2.050282844233e-02
-4.790917077330e-02 6.223661516347e-01 4.364327067565e-02
-5.102925799328e-03 -1.420848845050e-01 2.353937344231e-02
3.049528222855e-02 -3.874999622093e-01 7.058533782135e-03
2.654749570329e-03 1.574373568995e-01 -1.681873222675e-02
-1.138782037697e-02 8.344421925447e-02 -1.692635467002e-02
-4.773073831034e-02 4.053463699559e-02 4.267631522857e-02
3.139563223365e-02 5.070752306586e-02 5.564236887365e-02
3.857036119833e-02 -3.189646075935e-01 -1.081986458334e-01
-5.222930356249e-04 3.225203803232e-03 8.701914927543e-04
2.581920427308e-03 4.960225632465e-02 1.131351081613e-02
1.456025892690e-02 -3.034181280329e-01 -3.022584020706e-03
-9.328281697693e-03 -4.819105638545e-02 1.897440287098e-02
1.413980062777e-03 -2.384110605536e-02 6.609384703744e-03
7.675172039050e-03 1.313728802113e-02 -2.341414738142e-02
1.684051742797e-02 -1.041996309665e-01 -5.438336431036e-02
6.865902333521e-03 -4.708230629857e-02 -3.136940619849e-02
9.035923659941e-03 -1.048522901224e-01 -5.394428760338e-02
Mode 23
7.972923577638e-03 4.437551302553e-05 1.787147947626e-01
1.432405493921e-01 9.001310870039e-03 -2.164473899117e-01
4.508797496192e-01 -2.439136992367e-02 9.477945368084e-02
1.603676909112e-01 1.100034661759e-02 4.997506624106e-02
-3.814677063408e-02 -1.455651125935e-01 2.272893692804e-01
-3.170683549591e-01 1.798574312639e-03 -1.844062741025e-01
-1.688017555091e-01 6.157072108278e-02 -1.419154879954e-01
-1.802334325136e-01 -3.011144028617e-02 3.292197369239e-02
-4.193224811673e-02 3.131925877614e-01 9.703105378467e-02
-1.425536390071e-01 -2.837992966909e-02 -7.343364519467e-02
1.346405308778e-01 -4.669936621533e-03 -6.470160222695e-02
3.338009756756e-02 -3.129189418180e-01 -1.040652342890e-01
-4.415010275154e-04 -7.823220715745e-04 9.819965190594e-04
1.150752691426e-01 2.520337746417e-02 5.730044254077e-02
-2.442951319834e-02 1.006236709461e-01 -9.527624078785e-02
-4.793420122744e-02 4.594630497597e-02 -1.238918408741e-01
-1.544703250931e-02 5.229470381544e-03 6.902447350645e-03
-7.378596251594e-02 -1.789465535429e-02 4.473622332901e-02
9.700135860504e-03 -8.849849688641e-02 -2.361243546707e-02
1.313114841332e-02 -1.036303873030e-01 -3.075309391975e-02
1.402902435486e-02 -9.786953315553e-02 -2.645540396763e-02
Mode 24
3.103806634400e-03 -9.109527260281e-03 7.239663534737e-02
1.257348782624e-01 9.646344675637e-02 -1.076419219727e-01
3.600822673806e-01 1.877207390383e-02 1.247976054769e-01
5.732930866404e-02 3.361659298438e-02 8.103053955719e-02
-4.069086877415e-02 1.562851009848e-01 7.125714613957e-02
-1.912692113128e-01 1.891065052406e-02 -1.093644518701e-01
-1.064918929170e-01 -1.877043086168e-01 -6.465966095839e-02
-1.806016158350e-01 4.168099707062e-02 5.587924057595e-02
4.843232893611e-02 -4.348114645381e-01 -3.265184067607e-01
9.262127090960e-02 5.401513023490e-02 1.006189175574e-01
-1.142040935900e-01 2.669382250790e-02 1.044550036260e-01
-4.733562384581e-02 4.076739888689e-01 8.013412401687e-02
-2.140152243834e-04 5.522654950670e-04 4.092066573926e-04
1.045497825140e-01 -9.002366718749e-02 3.981075858956e-02
-1.013513385030e-02 -1.192875306706e-01 -5.157363501356e-02
-3.678178643124e-02 2.258088122340e-02 -6.446623532755e-02
-3.481655191877e-02 -5.828610953200e-03 1.796185283055e-02
-5.846808646156e-02 -1.459799141143e-02 2.088910317695e-02
-2.082447087924e-02 1.633828309814e-01 7.796921477142e-02
-1.371262886112e-03 2.670420585789e-02 2.249024998993e-02
-1.324240760601e-02 1.555888097660e-01 7.653903637655e-02
Mode 25
6.259747927393e-03 4.994138392381e-02 2.866799988076e-02
3.805687926769e-02 -4.920600357228e-01 -4.649483588923e-02
5.376154344552e-02 1.592818356614e-01 3.922654118830e-02
1.788100247533e-02 -2.621222003610e-01 -1.417487180906e-03
-2.171768131247e-03 2.653974179157e-01 -1.226859587571e-02
-1.870210849015e-02 -9.883771282327e-02 -5.406129809420e-02
-3.764840058372e-02 5.466657693135e-01 5.681437557976e-03
-3.127537335634e-02 -9.873954788210e-02 2.990110443460e-02
3.915986517617e-03 -6.859804674623e-02 -4.742793033904e-02
2.163359023286e-02 1.508211381463e-02 2.338929797116e-02
-2.471007793488e-02 7.178338278026e-03 2.541110327176e-02
-1.103440582746e-02 5.362665344150e-02 1.754770772651e-02
-8.115117962879e-04 -4.032915469499e-03 -2.020701185083e-03
1.062509898281e-02 2.559037525348e-01 2.125891310906e-02
-3.777156344778e-04 -1.880366417149e-02 -7.183416723029e-04
-1.162764231517e-03 -4.103872132858e-01 -3.831877522712e-02
-3.718561881661e-02 2.717446967846e-02 -1.350437390033e-03
-2.399182392363e-02 -5.809128998824e-02 1.708188132090e-02
-9.591566555848e-04 2.075660778989e-02 3.510002184341e-03
-1.902193245486e-03 2.161474686105e-02 5.207464243764e-03
-6.968565640628e-04 9.324146464613e-03 6.958853707542e-05
Mode 26
-2.256160051207e-03 3.697112566096e-02 1.855514512926e-02
1.446386166543e-02 -2.480209794059e-01 -2.813657718871e-02
-1.808204598471e-02 2.870802069971e-01 5.444769988932e-03
-1.418967411523e-02 3.085325676359e-01 6.211767221286e-03
3.819043662935e-03 -1.674765891218e-01 7.790556391846e-03
-1.647206754872e-02 -2.059656842313e-02 4.069411167541e-03
1.851757871774e-03 9.239624390034e-02 -8.451275490589e-03
1.358215922311e-02 -1.283926899814e-02 -1.002355330648e-02
-5.763253353711e-03 7.554558320609e-02 5.597528782896e-02
-1.727262637412e-02 -9.374414540845e-03 -2.610460645213e-02
1.474623233038e-02 -9.908164837625e-03 -2.339386033720e-02
1.034744687217e-02 -2.118005390935e-02 -1.849576320281e-02
-4.030310663234e-04 -2.291754762581e-03 -1.441478771991e-03
1.601232828051e-02 -4.624025100391e-01 -3.600654505269e-02
5.871408074132e-02 -6.952300136013e-01 -3.209611164343e-02
-4.280677503245e-03 -4.876706709337e-02 -9.162344503092e-04
-1.364431746212e-03 -1.186443945040e-02 -1.157875563897e-03
7.404783218735e-04 -3.176431020820e-03 2.859086486151e-03
-3.783702202337e-03 -1.379979934175e-02 5.484451947032e-03
4.636824174827e-03 -4.198801613110e-02 -5.759078974409e-03
2.579149381945e-03 4.025368588660e-03 1.144108925575e-02
Mode 27
3.707655057562e-03 -2.674148081835e-03 2.154916625603e-02
-4.882302171454e-02 6.956327728036e-02 -5.284205990241e-02
-4.632235779251e-02 -3.530270908015e-02 -3.214483593992e-02
7.942085767249e-02 9.583290124313e-03 -2.172849267933e-02
-6.443204591994e-03 -1.400069375546e-01 1.007446680005e-01
-6.494149560900e-02 4.855819615459e-01 8.013337651651e-02
5.800428205638e-03 -2.964049042355e-01 -2.605513690761e-02
6.319715713978e-02 7.841765628639e-02 -3.405908031767e-02
-4.435005078186e-03 2.680222368786e-02 2.357903712569e-02
7.126265440067e-04 -7.230914965744e-03 -1.154935086173e-02
1.399424012297e-02 -3.680719026526e-03 -2.323751635200e-02
-8.133949491203e-04 1.579872419657e-02 -5.204542276853e-02
-5.096081634847e-04 1.287660513035e-04 -1.824707408653e-04
-3.991371447870e-02 1.404538845535e-03 3.217010655291e-02
1.493796562885e-02 1.427890603052e-02 -1.871891038868e-02
-2.440979697447e-02 -7.586245643486e-01 -4.031649144821e-04
3.061670190851e-02 3.886252235281e-02 -1.430705866926e-02
2.173403028752e-02 -1.842938126436e-02 -2.845519034471e-02
-1.383075019517e-02 2.359462215008e-02 3.722146548754e-02
7.121493288892e-03 -9.225339221213e-02 -1.617061119646e-02
4.180584563513e-03 2.916282269765e-02 3.616266826801e-02
Mode 28
6.271653071323e-03 4.760029637773e-03 6.417662486913e-02
-1.643695591343e-01 -3.527442453574e-02 -1.545387270403e-01
-2.178027623604e-01 1.472784499298e-02 -1.156809953138e-01
3.266152095377e-01 -1.387135084598e-02 -1.032910620107e-01
-7.266738748184e-02 7.644643424863e-02 4.767009542073e-01
-2.451851610336e-01 -1.438998069267e-01 1.789763298254e-01
1.475358698669e-02 8.197864161675e-02 9.559708975593e-03
2.915393148416e-01 -7.948573889261e-03 -1.536695093766e-01
7.759244890232e-03 -8.165215055048e-02 -4.661913562713e-02
-1.744978582992e-02 1.365981631274e-02 -1.190700738114e-02
1.027949468580e-02 -3.021276829603e-03 -2.150918746170e-02
5.351788542003e-02 8.809701599100e-02 -1.634833752291e-01
-6.749412640163e-04 -8.615637691455e-04 -1.252990788688e-05
-1.667985196142e-01 -3.512952801110e-03 1.286633093699e-01
6.243536390431e-02 3.114800539168e-02 -8.248552097809e-02
-7.112761646114e-02 1.612281017099e-01 6.060976111735e-02
4.729117490002e-02 8.668188057311e-03 -4.526394653957e-02
1.148377131119e-01 2.881338530923e-02 -8.621101830029e-02
-4.480554690959e-02 3.227352687365e-02 1.034329667615e-01
-3.048705685378e-05 -2.507651929409e-01 -5.115867874702e-02
-1.662724093394e-02 1.891767236715e-01 1.371081605056e-01
Mode 29
1.748396175129e-03 -7.046172783685e-04 -1.506648806512e-03
-7.396386501996e-04 4.886347127525e-03 3.759400972168e-03
3.189672349515e-02 -1.865593654116e-02 2.884068049745e-02
3.116478551116e-03 1.390825349712e-02 1.422875342103e-02
-1.281004230044e-03 -1.528570472554e-02 -4.318429719875e-02
3.396629671295e-02 1.645373530808e-02 -1.201936477225e-02
-6.810337666456e-03 -5.273290884206e-03 -1.349654925503e-02
-2.018917579581e-02 1.109977577213e-03 4.035166301391e-03
-7.108164573741e-02 -1.311114400367e-02 -3.739219069200e-02
-1.386083706311e-01 1.266878883317e-01 -2.601287025034e-02
-7.174148879575e-02 -1.196398727320e-01 3.604095860126e-02
4.428886335022e-01 2.503725852338e-02 8.528681116398e-02
6.011810977960e-05 1.140319753172e-04 -6.474206068403e-05
7.911047926867e-03 2.424636577531e-02 1.175395903812e-02
3.786974029640e-03 -9.981073417718e-03 6.168128034311e-03
7.065660496514e-03 -2.764461593671e-02 -3.033409520078e-04
1.114940567927e-02 4.515156196622e-03 5.014447773443e-04
-1.594003924495e-02 -6.534478762262e-03 1.592762658963e-02
-4.001310476237e-02 -5.982128874932e-01 -1.649418564974e-01
-2.209551823271e-01 9.439960257718e-02 2.037960046479e-02
-1.858780850340e-01 4.905111456612e-01 5.669887015701e-02
Mode 30
-3.803651130493e-03 -3.650517985428e-03 -3.046990853924e-02
7.020008941639e-02 1.613369965620e-02 8.352667340570e-02
6.453735838806e-02 -3.207497560970e-02 2.322958651207e-02
-1.693616530104e-01 -7.473878131462e-03 3.791320081857e-02
3.544687395248e-02 7.526160523787e-02 -1.701572857781e-01
1.391984383893e-01 -8.107170904684e-03 -7.806809429240e-02
-3.665002808032e-03 -6.947983402684e-04 -1.217980182890e-02
-1.139552632630e-01 -5.339900468809e-03 5.242379127352e-02
-2.752023181546e-02 9.595698504229e-02 2.680640029779e-01
1.346526566271e-01 -6.799934138680e-02 -2.882841007460e-02
-1.536497304474e-01 -1.447349280441e-01 -1.305264485911e-02
6.229475541456e-02 9.259530450966e-02 -3.773044009892e-01
4.208290448150e-04 2.545867881321e-04 3.287064986543e-04
7.624100291937e-02 6.082627428343e-02 -8.432256466720e-02
-3.987304829563e-02 -1.078605599296e-02 2.867231047761e-02
5.653774833776e-02 2.825492998294e-02 -4.625943640153e-02
-3.812217276360e-03 9.565052542799e-05 1.494519229792e-02
-5.395069539732e-02 -1.088783524219e-02 4.736770197565e-02
-9.037166960572e-02 9.934967928152e-02 2.262191724605e-01
3.184510523802e-02 -5.602822650173e-01 -1.165884651811e-01
8.909293174056e-03 2.693190551061e-01 2.598813381757e-01
Mode 31
-6.445505325889e-04 1.514573774911e-02 -9.866593136326e-04
4.129527417859e-03 -7.872880195883e-02 3.282997804380e-03
-6.346350716171e-03 4.079077337364e-01 5.300564230161e-02
-1.377319276708e-02 -3.144499447416e-01 -2.909466999675e-02
8.286357646323e-03 3.126243528149e-02 -1.800977725714e-02
3.852997670899e-02 2.185439878814e-02 8.779212873712e-03
-4.554296671936e-03 -2.508543385792e-02 -1.101502821489e-02
-1.278475900844e-02 4.123367164998e-03 -1.552340714002e-03
-6.196650132734e-03 -3.702957954591e-03 1.056977087879e-02
4.379278466442e-03 8.342743135251e-04 8.385804663478e-05
-8.424073305556e-03 -9.173069145373e-03 4.307650131951e-04
1.722191800833e-02 2.199397006583e-03 -1.581868158761e-02
-4.614191049739e-05 -6.168341267462e-04 -4.916502063676e-04
2.628261387972e-02 -6.796323040720e-01 -3.439221785786e-02
-6.652687279226e-02 4.982927777991e-01 -1.052394169616e-02
1.089432559112e-02 -1.131432253280e-02 3.296939294261e-03
1.491752133507e-02 3.764500873010e-04 -1.654174622622e-04
-1.183432675773e-02 -6.431041102839e-04 1.330686560924e-02
-5.373185601650e-03 -1.164353610046e-02 7.843210883417e-03
-8.342822620169e-03 -1.802358090009e-02 -4.994636292785e-03
-7.152213825911e-03 2.947147779580e-02 1.287090443489e-02
Mode 32
8.464944813339e-03 1.959710548724e-03 9.077426230718e-02
-6.907363499928e-02 1.304168080594e-02 -3.860872037165e-01
1.194783246414e-01 -1.856618271157e-02 4.738720609949e-02
-3.096851894816e-01 -3.740421321385e-03 5.006604953285e-02
-2.431379067294e-02 -2.836749295763e-04 1.497319434890e-01
3.694646434982e-01 -2.463119075099e-02 3.873986282856e-01
-1.181647019984e-01 2.683186827540e-02 -1.520802386485e-01
-1.783547529427e-02 1.066888023683e-02 -2.147236652178e-01
-4.834304793708e-03 -1.128367513814e-02 -3.985668012878e-02
4.755402996758e-03 -2.814340696938e-03 1.446798157953e-03
2.515925937913e-02 2.133897303291e-02 -1.162279100886e-02
-8.764505605695e-03 -3.328208103715e-03 5.239158714875e-03
-6.623024289035e-04 -2.035646938067e-03 1.291884745944e-03
1.916383677045e-02 3.169860242161e-02 3.436981651606e-02
-1.922524909014e-01 -2.831062202081e-02 -1.611592157870e-01
8.396304961618e-02 1.062379269054e-02 1.686822532048e-01
3.482003151938e-01 6.538126988113e-02 -6.920513943482e-02
-1.884404302974e-01 -8.848349997644e-02 2.206727590418e-01
3.745351281648e-03 1.069934589865e-02 -2.846994385855e-03
3.130858739178e-03 1.300092215979e-02 1.824794980414e-03
2.857285809083e-04 -1.036309741238e-02 -7.037448854247e-03
Mode 33
-3.498181152394e-03 -8.262877060421e-03 -1.225924261156e-01
9.037536176302e-02 -3.198218254795e-02 6.258488005311e-01
-4.438362195933e-02 3.462174879929e-03 -7.732809706693e-02
7.321412273849e-02 1.020180480392e-02 -1.266703870974e-01
1.832818692610e-02 1.678961523878e-04 2.722791943104e-01
-5.047423452069e-02 7.281559097736e-03 -4.473445967147e-02
-6.623399007030e-02 4.547273602988e-03 -7.182953871009e-02
-9.732867208719e-02 -9.865276358643e-03 -1.887721794007e-01
1.590318564564e-02 -1.244313267913e-01 2.378905944691e-02
-1.460131426114e-01 6.064234205416e-02 -5.057557211344e-02
1.301589768298e-01 9.153907189926e-02 -4.708230920489e-02
-2.583533104399e-03 1.197393537030e-02 -1.708025551542e-03
1.654102621159e-03 4.423407199384e-03 -2.395871180395e-03
1.284256604491e-01 2.527154825043e-02 -2.404827978132e-01
-2.826733617452e-02 -9.514349331735e-03 -1.268316526645e-01
6.902148191713e-02 -9.161681769686e-03 -1.425344382730e-01
3.209652010255e-01 1.041923204109e-01 -6.612960698346e-02
-2.169961490825e-01 -5.797040426766e-02 2.498273925307e-01
1.810831481437e-04 1.851630541451e-02 1.084915887199e-02
-7.348421410135e-05 1.043560798686e-02 5.148985240448e-04
-3.244018819530e-03 1.478447025530e-02 1.041164794370e-02
Mode 34
-5.602189242903e-03 2.498555620362e-03 3.977453651588e-02
3.001889186008e-02 1.164222258299e-02 -1.886377784587e-01
-8.449766999376e-02 8.184882301011e-03 -1.476711121345e-01
-2.888431073166e-01 -2.594010317277e-02 1.398856366031e-01
6.692424452484e-02 4.624409306923e-03 3.099207163686e-01
1.743687049591e-01 2.207958756664e-02 -9.563188623620e-02
1.167301011427e-02 -1.353087847873e-02 4.176327250832e-02
6.450404294236e-02 7.407376768679e-04 1.526246170528e-01
4.155068104731e-02 -2.059518463840e-01 8.774791670700e-02
-2.818168352756e-01 1.162080919406e-01 -1.101184011206e-01
2.044821261646e-01 1.395462725777e-01 -7.879356334452e-02
4.765610974389e-03 1.377960412577e-02 -1.677161360735e-02
-6.463255754156e-04 -1.263111421431e-03 7.490691573859e-04
7.367150092449e-02 1.294709861908e-02 -2.115733098902e-01
-1.156505144421e-01 -8.158907199210e-03 3.495022315992e-03
2.909453306081e-01 2.910567211363e-04 -4.027692981072e-01
-2.273380676715e-01 -5.967508135851e-02 5.082439482681e-02
1.611045830434e-01 5.123861532816e-02 -1.822192480569e-01
-2.045401084116e-03 2.762696320448e-02 2.509218869261e-02
-3.290034829820e-03 6.669398620277e-03 -2.912674568058e-03
-7.850535939147e-03 3.910006111668e-02 2.712911622353e-02
Mode 35
-2.625422319939e-03 -5.927358503303e-04 -5.089991385087e-04
2.682702537051e-02 -6.379141832232e-03 4.390348476620e-02
-6.247057504726e-02 1.263752660239e-02 -1.311365873467e-01
-8.000230167814e-02 -9.091299683931e-03 5.420527838202e-02
2.405707835960e-02 -3.542578618568e-02 3.370739253107e-01
2.757446147560e-02 9.988731943419e-03 -2.462759677357e-02
-3.903791585860e-02 -1.277781685029e-03 4.861750299974e-03
4.271889357435e-02 -1.155183229075e-03 -3.502756089600e-03
-2.934174014036e-02 3.383073491879e-01 -3.255406908710e-01
4.053602230322e-01 -1.606345171899e-01 1.627926693303e-01
-3.779574971843e-01 -2.574109621269e-01 1.599344424893e-01
4.167342074350e-03 -1.574020425733e-02 6.214815990687e-02
-1.549389079340e-05 7.364404621538e-04 -5.016025618207e-04
7.988306659135e-02 9.653758929544e-03 -1.993503470241e-01
-3.669207772234e-02 2.001284707629e-03 1.578708730766e-03
1.718857323439e-01 4.019013552325e-03 -2.639058932383e-01
-6.840348282906e-03 2.414218419950e-03 -1.119421633182e-03
3.390226672145e-02 1.072623855160e-02 -3.313189042993e-02
1.221401048516e-02 -7.157523834669e-02 -7.189505479879e-02
-4.512786632800e-03 2.127108917727e-02 1.429781429616e-02
3.240782380341e-03 -6.495586136289e-02 -7.104372870952e-02
Mode 36
-1.007860555646e-02 -4.908019283280e-04 4.501927816168e-02
1.573783623637e-01 1.664722087660e-02 -2.089673769418e-01
-7.609908347675e-02 2.626472274410e-02 -2.285838149186e-01
1.772154520964e-02 -3.464360967148e-02 2.243530616546e-01
1.326532378101e-02 3.007591425800e-03 2.789558515022e-02
-1.322556315579e-01 -1.491714159160e-02 9.828972432548e-02
-5.001077495318e-03 4.379393962337e-03 -1.998248604211e-02
-6.215441254548e-02 1.265489448929e-03 -8.568424373805e-02
2.206632300729e-02 -2.910584656718e-02 7.208054996061e-03
-5.072385378172e-02 2.116412405049e-02 -1.912286252882e-02
1.442728345753e-02 9.073332477704e-03 -5.418020821421e-03
1.813833621442e-03 -6.363031144764e-05 -4.607896655504e-03
-3.281725517047e-04 -6.063965346272e-04 8.726528587369e-04
1.673960065935e-01 5.196719052609e-03 -3.814826311222e-01
3.269520989361e-01 2.645292741297e-02 6.473795242489e-01
-1.214197401830e-01 3.627187255297e-04 1.585141673164e-01
1.171018773975e-01 2.864121275875e-02 -2.773553992151e-02
-9.183808764367e-02 -3.356891997052e-02 9.052205577565e-02
9.904047887416e-04 8.244406537783e-03 5.157373718022e-03
-1.599064348861e-03 9.723856099367e-04 -1.183481644717e-03
-4.261031756663e-03 1.137085271060e-02 4.720488734789e-03
Mode 37
1.481617489963e-02 2.576818624155e-03 -2.714409707296e-03
-4.474609788621e-01 -2.225568701181e-02 5.487410954987e-02
1.263448986466e-01 -6.433909199056e-04 6.052112494415e-02
1.010522066476e-01 7.791775153664e-04 8.908328656527e-02
1.284179084522e-01 5.949845413998e-03 7.004237228204e-03
4.981825836547e-02 -3.399076531950e-03 -4.106728286110e-02
-1.404464011108e-01 1.665650521366e-03 -1.031487170143e-01
1.394542090058e-01 4.421355263238e-03 7.867299320593e-02
-9.662835278690e-02 -1.404478243554e-02 -1.414605591468e-03
5.989880283305e-02 -1.907314844106e-02 1.754193790232e-02
6.103050629257e-02 3.627041750574e-02 -1.858356459447e-02
8.771919006575e-03 4.121261695986e-03 1.188134112340e-03
3.407426685746e-04 6.350801298464e-05 -8.471377763521e-04
3.655897639704e-01 4.509635924248e-02 -4.985923371497e-01
-1.087642208936e-01 -8.556049627248e-04 -2.225116415331e-01
-2.103162300007e-01 -8.584842920421e-03 3.419524326556e-01
-1.216536063309e-01 -3.471706284673e-02 2.615326635433e-02
1.385131084071e-01 3.354598528712e-02 -1.346206456487e-01
-1.779150213572e-03 -1.062045929923e-02 -1.668706874396e-03
-6.377702453640e-03 -3.956865009684e-03 3.096915420634e-05
-2.062380668849e-03 6.362741923040e-03 -9.614655775903e-04
Mode 38
-1.349194520987e-02 -8.333498592959e-04 1.631332484255e-03
3.380033159388e-01 2.467503849316e-02 -5.354268827546e-02
-3.097544824717e-01 -9.892575877020e-03 -7.966549342105e-02
-9.126664606482e-02 -9.658382291470e-03 1.060215583676e-01
3.135682576917e-01 4.121342428170e-03 2.538119279810e-01
3.666675414257e-03 8.167543029146e-03 -1.988688992547e-01
3.008367961676e-01 1.382769802235e-02 -2.226447568707e-01
-2.327556545715e-01 -9.508989764543e-03 1.341921532548e-01
-1.045935930058e-01 -9.843080943096e-03 -3.528289361884e-02
5.738474283700e-02 -1.675782642590e-02 1.130689819432e-02
4.398709153422e-02 2.473973519991e-02 -4.948336184796e-03
1.227226110308e-02 4.296758183549e-02 1.808538920678e-02
-2.299151754666e-04 -1.216611334895e-03 1.499016802324e-03
-1.273540238769e-01 -2.219171066477e-04 1.608093516845e-02
-1.615470634804e-01 -4.324480878781e-03 -1.903584312727e-01
-2.530921066580e-01 -1.127309369956e-02 3.465914204607e-01
-1.681297606111e-01 -1.988676414998e-02 3.841760192456e-02
-1.084363605023e-01 -3.838261187216e-03 1.015536579569e-01
-9.276833739482e-03 -5.372357352976e-02 -2.721921169862e-02
-9.331545404673e-03 -5.453254361562e-02 2.575339915312e-03
1.160836936898e-02 -2.747594837977e-02 -3.451175290076e-02
Mode 39
-1.164939511491e-03 -6.710540310962e-05 -3.332205783060e-04
3.315136616315e-02 1.133986119963e-03 3.625650550768e-04
-2.929988930535e-02 -2.953605079295e-04 -8.838848013685e-03
-8.323995499089e-03 3.406900571611e-03 5.958905634514e-03
3.160808267137e-02 -1.312914803022e-02 3.044348705847e-02
1.096154258672e-03 4.601033394133e-03 -2.334133656672e-02
2.369738736451e-02 2.278631921240e-03 -2.522910327469e-02
-1.979755348857e-02 -1.229629489875e-03 1.434085953839e-02
-3.372045303287e-02 5.101022761973e-02 -2.522192646940e-02
6.710391567176e-02 -2.885030138816e-02 2.145259812082e-02
-2.729459729351e-02 -2.471824715890e-02 1.103978442591e-02
4.833988371438e-02 -4.030772730438e-01 -1.370165363279e-01
-3.744090356119e-05 -7.505169620846e-05 9.863204765987e-05
-1.170635503151e-02 7.307918263286e-04 8.108903917759e-04
-1.496825077167e-02 -9.762370398146e-03 -2.152881833367e-02
-2.323422796946e-02 -9.284543734357e-03 2.962547019292e-02
-1.919965557007e-02 -1.893874720215e-03 4.115223369824e-03
-7.798785443414e-03 5.466664117781e-04 7.220237197917e-03
9.983636425446e-02 4.262998484229e-01 2.540231422363e-01
-5.895323068723e-02 5.257119732024e-01 -1.885692813996e-02
-1.977522187295e-01 3.975437332499e-01 2.482782449557e-01
Mode 40
-2.150716656795e-05 -1.424537403284e-04 1.879822360145e-03
1.550858739147e-02 -5.844683610053e-04 -6.913386561634e-03
2.187061071476e-02 3.883236045720e-03 -1.753028793807e-02
1.375489145478e-02 9.858490975269e-04 1.721284502134e-02
-8.606488351284e-02 -4.718937291698e-04 -2.115614981534e-02
1.735893682267e-02 1.921715448459e-04 -8.391637389243e-03
-2.834960805149e-03 -3.507935509506e-03 4.938738169394e-02
4.727176158056e-03 1.666141463476e-04 -2.016232567779e-02
-6.515316054456e-01 -7.899724102648e-02 -8.572636001557e-05
4.487214181144e-01 -1.377014308883e-01 1.466573003901e-01
4.279701006128e-01 2.439068583547e-01 -1.425380431892e-01
6.561497941011e-02 1.782454085691e-02 2.554894065448e-03
-2.791627448669e-05 1.999409654254e-04 -1.249150072263e-04
-2.435955508866e-02 -6.005863073454e-03 4.432888158305e-02
4.805912755852e-02 -4.835842340269e-03 8.333767597136e-02
7.780607199980e-02 1.041421385425e-02 -1.186535046131e-01
2.911446673983e-02 7.638445777810e-03 -6.158556278859e-03
-5.410520248400e-03 -4.139683240210e-03 5.275900011832e-03
-1.907351461727e-02 -5.923089446436e-02 1.893974738169e-02
-8.339271822556e-02 -2.264694890339e-02 -1.443012096469e-03
-1.873875808637e-02 3.481339800423e-02 -2.756502748906e-02
Mode 41
3.406698698893e-04 1.616807432601e-03 1.214484043847e-02
-3.263374275346e-01 -1.951453203614e-02 -5.563922318686e-02
1.351340985297e-01 3.479009148648e-02 -3.451957830054e-01
1.501963915401e-01 -1.361916272128e-02 3.627274420394e-01
-3.066805993883e-01 -1.315806160001e-02 3.503567852075e-02
1.558198041869e-01 2.545710355917e-02 -3.388609091039e-01
3.691800352262e-01 -1.260815676006e-02 3.508326775593e-01
-1.178500533537e-01 -3.565601525826e-03 -5.018453970301e-02
3.810294152325e-02 3.866255662938e-03 -1.996124592358e-03
-1.957201403122e-02 5.654274763419e-03 5.763856789397e-04
-1.970290885572e-02 -1.051340583175e-02 -2.012571771610e-03
-1.922200959713e-02 -4.185212896971e-03 -3.063823932597e-03
1.994840203040e-05 5.383061963572e-04 -5.831358114375e-04
-5.604613055241e-02 -1.521592676732e-02 4.479701708446e-02
-7.349124912329e-02 -1.136687676057e-03 -9.298543802073e-02
-3.567287486850e-02 1.421827366668e-03 2.612199294987e-02
8.730897443021e-02 4.354718473017e-02 -1.851186100858e-02
-1.440642558173e-01 -3.854756307585e-02 1.607713603325e-01
7.473409106221e-03 1.985421262916e-03 -2.571472773447e-02
4.461303082513e-02 5.105524044114e-03 2.140741611543e-05
3.311385317288e-03 6.873314988117e-03 2.913781088770e-02
Mode 42
-5.818830694020e-05 -1.011253106978e-04 -4.328536623178e-04
2.571003706790e-02 1.363152111330e-03 3.197093652539e-03
-1.005774607045e-02 -2.124227510653e-03 1.977801900899e-02
-6.704548386892e-03 -1.490949849018e-04 -1.784723903297e-02
1.359719343687e-02 1.150664668557e-03 2.940343640854e-04
-3.540685728672e-03 -4.654771424561e-04 1.613515688031e-02
-2.024246648137e-02 8.601370127519e-04 -2.594215298586e-02
4.830584234826e-03 2.025664169808e-04 4.982123394348e-03
-7.774949089221e-02 -8.830926997979e-03 -5.637792100628e-04
3.282689196335e-02 -4.633597828101e-03 6.909445981989e-03
3.198387743632e-02 1.221007499107e-02 -6.411298182716e-03
-1.973356803502e-01 -2.131058998907e-02 -1.731391895342e-03
3.377932954760e-06 -1.331681413617e-05 2.814861823227e-05
1.266347047986e-03 -3.479082117023e-04 -6.205503873400e-04
6.766053844022e-03 4.475366821452e-03 1.147513679398e-02
5.008835756013e-03 -2.742924793046e-03 -5.063382135342e-03
-7.284611493572e-03 -2.324095757495e-03 1.636112069562e-03
7.684896014001e-03 1.974045224287e-03 -8.830559081495e-03
9.082196110328e-02 -1.314489739265e-01 -4.500970996489e-01
7.021732932319e-01 7.240323872616e-02 1.213492289143e-02
4.076407829146e-02 1.489111566812e-01 4.451355720499e-01
Mode 43
2.428140296549e-04 -2.858473024303e-05 -5.460829816844e-04
-8.174538016247e-03 -6.168339956835e-04 7.014112997215e-03
9.723621427037e-03 -2.082183999322e-05 -4.211652737247e-04
-3.677180779899e-03 -5.264821091878e-04 -1.009610602680e-02
-7.416640669746e-03 3.703656823858e-03 2.929673882383e-04
6.754286934763e-03 -4.915405988434e-04 -1.063906789826e-03
9.438937429267e-04 1.756503340657e-04 -8.412315209156e-03
2.470798595220e-04 -7.045438838602e-05 3.643170974025e-03
1.590378112672e-04 -8.317521170584e-03 4.346459490522e-02
1.161728644823e-03 5.466097000907e-04 -9.834889555028e-03
2.078006691442e-04 9.538585867220e-04 -1.067609076485e-02
6.841475534315e-03 -8.090225591668e-02 1.857743915526e-01
2.047208462506e-05 1.209519535394e-05 5.329007499223e-06
-1.403218886043e-03 -2.465966182044e-04 7.336727262733e-03
5.123441336142e-03 2.562498063602e-04 7.992356277172e-03
7.526808325653e-04 -2.684577572515e-04 2.185594459069e-03
-5.231763520608e-03 -7.848861926101e-04 1.058091836010e-03
1.157192875260e-03 6.875763167592e-04 -6.229331413625e-04
3.436765992859e-01 3.683979883241e-01 -4.034850083118e-01
3.102847760135e-02 -3.402570810600e-01 3.777026138770e-02
-4.012655320694e-01 2.848303118240e-01 -4.231737027793e-01
Mode 44
8.376135727644e-03 1.122408679321e-03 -1.043685024193e-02
-2.440428777451e-01 -1.251104344705e-02 1.343763755372e-01
1.706455607970e-01 2.621570446381e-03 5.819614894943e-02
-4.439565461137e-02 1.309541818948e-02 -3.040631896342e-01
-3.368354088405e-01 -2.291190743596e-02 2.436565169687e-01
2.346040979914e-01 7.159419129632e-03 4.137947541375e-02
2.876044899593e-01 1.946047373737e-02 -4.632564863408e-01
-8.110568080422e-02 -5.776058986723e-03 1.592859275086e-01
2.433971900521e-02 -6.389725124631e-04 -1.676328936354e-02
-4.834073654859e-04 -8.975382105259e-04 6.042550198066e-03
-6.782898078852e-04 1.375959018709e-03 -7.128335209708e-03
-4.810095614675e-03 3.605990110941e-03 -6.924204556676e-03
5.681712353684e-04 -5.232162746386e-04 1.841895434975e-04
2.082395187096e-02 -5.111654586018e-03 8.327815499503e-02
1.930601750912e-01 3.908562253055e-03 2.646112058585e-01
5.122168481280e-02 -1.999663134138e-03 6.795594820126e-02
-3.044905914229e-01 -2.218301736863e-02 4.264267600537e-02
-6.184522321958e-02 2.397955559121e-02 1.103616548237e-01
-8.532546812258e-03 -2.639558479375e-03 1.157989762668e-02
-2.139186023321e-03 3.264819546549e-03 -1.762035104195e-03
1.004443662438e-02 -1.130336966119e-02 6.122712373658e-03
Mode 45
3.403593685944e-03 2.958819354469e-03 6.429394661331e-03
-2.249979556335e-02 2.004547949807e-02 -2.509700306046e-01
-2.773424625532e-01 -3.972471320344e-02 3.956048171982e-01
2.378566644547e-01 1.507977520067e-02 -2.727238408074e-02
-1.025110547446e-01 3.749747782665e-03 -1.813719993223e-01
-1.808766599306e-01 -1.461267193063e-02 2.143222692184e-01
4.301182192439e-01 2.561229367461e-03 3.048350825410e-03
-1.117834962841e-01 1.171496139642e-03 -2.316395475838e-02
7.691345465736e-03 4.811408236207e-03 8.045064104347e-03
5.431001044496e-03 -2.432400451130e-03 4.910225891902e-03
-4.146273301303e-03 -1.572774208486e-03 2.108920559014e-04
-1.705142753801e-03 -3.625504397621e-03 3.808260736496e-03
-3.199167766521e-04 -2.097354873866e-03 1.290720038587e-03
1.793379971189e-01 2.882059380202e-02 -3.033271052044e-01
-2.138122229993e-02 7.900032713580e-03 -1.918066166994e-01
1.519926491536e-01 1.074340523487e-02 -2.583654138392e-01
-8.951571917285e-02 1.254440490300e-02 -1.218951413193e-02
-1.544527512810e-01 -1.601791983648e-02 1.951344359887e-01
4.200012881180e-03 6.500102820419e-03 -3.328197443969e-03
1.448542391707e-03 1.278095448636e-03 1.068383890856e-03
-4.631151690500e-03 2.403526485244e-03 -3.146146774331e-03
Mode 46
-8.699847594828e-04 1.064678779591e-03 -3.393121472301e-03
-2.141974621346e-01 -4.131495120011e-03 -3.271853504011e-03
1.757815846244e-01 1.115430109555e-02 -7.044338475195e-02
-2.374288578337e-01 -5.384829938089e-03 -1.214072276720e-01
4.172107478424e-01 1.644979466725e-02 6.622956946849e-03
-2.187614980449e-01 -6.265832778060e-03 3.239287383916e-02
2.825431078580e-02 -4.302338859700e-02 2.214083058989e-01
2.548488188023e-01 -4.490641027217e-03 -1.863858284515e-01
-2.671485988865e-02 -1.467323238116e-03 -1.088873160975e-03
4.697286758040e-03 3.212757957602e-04 -6.321925385876e-03
4.614365158902e-03 1.239073953566e-05 7.311429876425e-03
4.650027757255e-03 3.846510521721e-04 1.311232938193e-03
7.206059270579e-05 -8.482213461108e-04 1.198965121002e-04
-5.796696583640e-03 -5.130045061788e-03 7.700664438784e-02
-8.413810627545e-03 -2.795340960000e-03 8.314232675194e-02
-2.521050037957e-02 4.271135184455e-04 -6.070263751492e-02
-4.227489511708e-01 8.512018707655e-02 -7.531566283667e-02
-2.176675092130e-01 5.810204177148e-02 4.600099813078e-01
6.161080319067e-05 -5.943467139476e-03 -2.418759279258e-03
1.187196335753e-03 1.959412441877e-03 4.814918821440e-04
-5.757499123400e-04 4.132936716069e-03 2.322048750098e-03
Mode 47
-6.869392968624e-03 -2.646150693536e-03 7.176998561519e-03
2.019336215301e-01 -5.730030967259e-04 1.265509427000e-01
-4.766076274397e-02 1.780584139898e-02 -2.703008863055e-01
2.357707165507e-01 -1.643681348547e-02 4.326714468641e-01
-2.436029057654e-01 -3.079167215314e-05 -2.030368398712e-01
5.101477565317e-02 -1.043319156713e-02 2.362205705737e-01
-2.649465204959e-01 -1.147459857500e-02 -3.251050143398e-01
1.994030894538e-01 -8.078351057473e-03 -2.175146105745e-02
1.687979629386e-02 1.225045564119e-03 7.450594173790e-03
-5.793316754583e-03 7.799756036062e-04 1.987878391804e-03
-2.127250455204e-03 8.016811791459e-04 -5.860872223096e-03
-2.549021176674e-03 -1.170926366001e-03 2.875031341560e-04
4.482818392353e-04 6.864137374768e-04 -3.207361984088e-05
-8.006646705951e-02 -5.518670550575e-03 1.030952360235e-02
-8.973428664419e-02 1.878295072785e-03 -1.489444003210e-01
8.625359397579e-02 2.675478368609e-03 -3.207368811362e-02
-3.840692657608e-01 3.545360424535e-02 -1.829680984965e-02
-6.386431225307e-02 6.535474065864e-02 2.140371484638e-01
3.140144583324e-04 3.549243131049e-03 1.610011880258e-03
-1.587622657462e-03 -1.130019788419e-03 -2.776111938039e-04
6.366497684938e-05 -3.047785507035e-03 -2.436950254056e-03
Mode 48
-3.202724598357e-03 5.352327744353e-04 -1.675538462974e-03
2.561525186333e-01 1.722376485002e-02 -1.334171046369e-01
-1.888724241643e-01 -2.753896732981e-02 3.192375240583e-01
7.709885730454e-02 1.863262281400e-02 -1.852820287290e-01
-3.103563459590e-01 -1.955003860066e-02 1.469267174889e-01
3.150308216498e-01 3.359123040178e-02 -3.758608848028e-01
-3.119278749608e-01 -4.013184449323e-02 2.936408407380e-01
1.954841641776e-01 -1.072297324569e-02 -1.175173064297e-01
1.954940197937e-02 -4.988660854084e-04 -2.985702616934e-03
-3.677347650999e-03 -5.980949834624e-04 7.125598311420e-03
-3.890239799778e-03 -6.149104025131e-04 -3.396227379335e-03
-3.560128199485e-03 1.260262021550e-03 -1.250514389420e-03
-5.285668735839e-04 -4.228356752871e-04 8.439607027860e-06
6.483543411327e-02 9.026706448022e-03 -9.587821498490e-02
7.013448026410e-02 1.371524782416e-03 1.573668676884e-02
-7.363510139380e-02 -7.252783720142e-03 1.541319875547e-01
-1.974511745090e-01 6.230812008849e-02 -4.272196238133e-02
-7.312792973225e-02 4.443795061968e-02 1.991796750965e-01
-2.313823894360e-04 3.506880617601e-03 4.730305564683e-04
-2.334402022417e-04 -2.612890045839e-03 -1.599492317983e-04
8.093524561544e-04 -3.296642441565e-03 -2.256500790463e-03
Mode 49
1.781316110733e-07 7.251590052567e-07 -2.258965824593e-05
-4.673436555484e-05 6.232137232677e-07 9.155494189179e-05
6.563377889772e-05 6.247330500572e-05 -1.458058873559e-04
-1.428768974852e-04 6.125972341343e-05 3.694738380197e-04
2.650315949936e-05 -2.365647021569e-04 -5.427411962486e-05
6.254479231080e-05 9.107767910243e-05 2.652174374766e-04
8.487649180631e-05 5.196729596764e-05 -1.422292213571e-04
-2.805056405541e-05 -2.443616253076e-05 2.052275561548e-05
-3.153175980331e-04 2.439113630000e-03 2.349081549543e-04
7.605475985219e-04 3.610173160825e-05 1.010152397053e-04
-7.182219477475e-04 -1.475219221024e-04 7.756302948686e-05
1.516850413822e-02 -1.338101260897e-01 -6.134316598216e-02
-4.925102382085e-07 -2.408101561840e-06 1.440233895203e-06
-1.529380517382e-04 -1.402503354888e-05 -9.747898222680e-05
6.405433264769e-04 6.870668443570e-05 -4.022548160629e-04
-4.663176513097e-04 -3.764701620986e-05 -3.519208866800e-04
3.991073273728e-06 4.535254541344e-06 4.573661633670e-05
-5.061027697421e-05 5.038781534057e-05 -2.228767164581e-05
-4.801875328555e-01 1.846661725534e-01 -2.041027301801e-01
-7.985374910251e-03 -2.055715807157e-02 6.027053261284e-01
4.374028532098e-01 2.842679948503e-01 -1.894307288564e-01
Mode 50
-2.710525988860e-06 -3.655392637145e-06 6.153358188384e-06
-3.035042429600e-05 -1.162208595225e-05 -6.210304864894e-05
-8.299410919718e-05 4.866221637256e-05 -3.026179456362e-05
-5.397881548228e-04 1.330016017644e-04 3.767322887266e-07
1.054434983267e-04 -5.639582768825e-04 -2.771373003814e-04
1.461199733878e-04 1.964237211042e-04 -2.643205240052e-04
9.750747021152e-05 7.176776297127e-05 7.667706059179e-05
-2.758711974065e-05 -2.941145666059e-05 7.353680493577e-06
-7.146793590041e-05 -7.281733789404e-05 2.064510719757e-03
-7.168559295235e-04 7.123661320659e-04 -6.630959188291e-04
5.949026819090e-04 8.393538970550e-04 -6.553558779737e-04
6.060555867010e-03 -1.080418468521e-01 2.948217002549e-01
1.773853883936e-07 2.124682172609e-07 8.597647547834e-08
2.543776201390e-04 -3.812073222306e-05 1.633325667760e-04
1.029987529041e-03 -7.791130063388e-05 -6.058822220038e-04
1.497969416190e-04 -2.340558123853e-04 7.646196312481e-05
1.584156224538e-05 -2.452160894349e-06 4.361692241538e-05
-7.951549974667e-05 4.100209389684e-05 -3.072197074680e-05
-3.591546776688e-01 1.389634948607e-01 -1.409243498972e-01
1.106304820898e-02 1.474919025392e-02 -7.499492577811e-01
3.278616176607e-01 2.142004586561e-01 -1.306107412259e-01
Mode 51
5.494183287631e-06 7.827489333153e-07 1.485883191349e-05
2.398447913991e-04 9.839587994965e-06 -8.171412244330e-05
-1.959961025411e-03 -6.799514694184e-05 -8.162513092238e-04
1.606384531754e-03 1.347180236714e-04 -1.128649568144e-03
3.072741748690e-05 6.406040647130e-05 2.033928430562e-05
1.045976653937e-03 1.059701569810e-06 8.668865452081e-04
-4.149238069911e-05 3.767033701095e-05 -3.186061971221e-04
1.526866277620e-06 -1.335544364435e-05 2.098105942897e-05
-3.040591990196e-03 -3.217674488669e-04 -1.366085555235e-05
1.998171831767e-03 -4.195519549250e-04 4.022662531348e-04
1.845087560615e-03 8.307652771094e-04 -3.675647501579e-04
-3.155073276180e-01 -3.361999907733e-02 -5.742654381868e-03
7.935557395152e-07 1.195125003505e-06 -7.090559972506e-07
6.206995952080e-03 -2.171649156098e-05 3.855287794129e-03
-5.193262545442e-03 -4.745162764207e-04 3.173856996219e-03
-3.249711024686e-03 -2.299016736743e-07 -2.291494133530e-03
-3.367997577891e-05 2.740950111395e-05 6.367367678683e-05
-9.711384002853e-06 1.739658264621e-05 -1.390220038243e-05
5.790147428967e-01 -2.346248154259e-01 2.473245315010e-01
-1.068725281980e-02 -1.185988584018e-03 7.165243626233e-04
5.212376498439e-01 3.518564563236e-01 -2.281950059542e-01
Mode 52
-7.005253071789e-05 -1.396680904665e-05 -1.084924653024e-04
-2.130026567893e-03 -6.315452167461e-05 1.797009295446e-04
3.023273175718e-02 -2.305657517736e-04 1.973210040452e-02
-8.382963262643e-03 -5.673327368553e-04 3.144362044207e-04
-8.103873445003e-03 -7.875526143090e-04 5.611830596174e-03
2.429586864266e-01 -4.910031266007e-03 1.524497679078e-01
1.404972112421e-03 3.240029946256e-04 -1.265273893039e-02
-3.353340096541e-04 5.240418058998e-04 1.429918579556e-03
1.198082234571e-03 -6.305916125757e-05 8.174590211064e-04
-8.140670862410e-04 4.717631863385e-06 1.090581135475e-03
1.237287803584e-04 4.024813215796e-05 -5.471749542103e-04
9.221874178630e-04 1.563747646220e-04 -6.469487665222e-05
9.609516190815e-06 -7.220737000407e-06 1.322343204427e-05
-1.024961012555e-01 3.939279926559e-04 -6.397049142025e-02
2.113533614139e-02 2.165698438359e-03 -1.122461408252e-02
-8.016227764125e-01 1.923879468518e-02 -5.078176366297e-01
-1.753823472002e-03 -8.959051253572e-04 -2.953939991235e-03
-9.695307222299e-04 -3.549905168360e-04 3.724557145100e-03
-1.550225820894e-03 5.498737021508e-04 -6.707580049848e-04
1.239615563445e-05 -1.920967417585e-04 -5.836950939404e-04
-1.715046419097e-03 -1.529217305708e-03 5.019273660332e-04
Mode 53
-1.368464420059e-05 5.984926451739e-05 2.395346523949e-04
7.215291623273e-03 6.853379085735e-04 -6.138620561338e-03
-2.305209500356e-01 9.815190649793e-04 -1.409125541723e-01
8.188715294338e-02 7.379084518502e-03 -3.551829222569e-02
-1.604365984706e-03 -6.570449865916e-05 -6.810260755708e-04
3.060077771477e-02 -6.744356130147e-04 2.080083791073e-02
1.640618276175e-03 1.197188938460e-04 -1.394705432101e-03
-6.930901708057e-05 -2.290436132633e-04 3.405925884860e-04
6.978763926857e-04 1.309264622988e-04 5.264559776921e-05
-1.811850398410e-04 -6.713670235266e-06 2.919958245235e-04
-3.192175315854e-04 -4.590633217597e-05 -4.419182379550e-04
3.054293273570e-03 2.563468695911e-04 7.099523215552e-05
-8.883809182294e-06 -3.880736709108e-05 2.447777565775e-05
7.599385107659e-01 -2.999345147855e-03 4.751229978673e-01
-2.742174255709e-01 -2.856835157276e-02 1.526372550082e-01
-1.028626817205e-01 2.519571082866e-03 -6.527593196363e-02
-3.673811071458e-04 1.650246111011e-04 1.601921604601e-04
-1.528574410174e-03 3.064161682624e-04 2.039677239788e-05
-5.868212197265e-03 2.512224967175e-03 -2.361251294687e-03
3.980080892957e-05 -4.024315210838e-06 8.999353605805e-05
-4.885264945765e-03 -3.358013826718e-03 2.067017994665e-03
Mode 54
-9.243668184092e-05 -1.549563327801e-05 2.280378357822e-04
4.946847941846e-03 2.162768434867e-04 -3.337893342710e-03
-7.991842553157e-02 1.239373673591e-03 -6.321666371829e-02
-2.376858338895e-01 -2.456833031692e-02 1.403055946170e-01
8.589470996475e-03 -1.448832863512e-04 5.681575556931e-03
6.256401225597e-03 -6.022272540479e-05 1.772417791127e-03
1.096696799724e-05 -6.778713880015e-05 2.847327364066e-04
3.094628039351e-04 3.869489345145e-04 5.478418681835e-06
-1.345848305054e-03 -2.293811008802e-04 7.812806628321e-04
-6.887040101155e-05 2.668853578007e-05 -5.785439781639e-04
8.734028504824e-04 1.308789672945e-04 7.446356556654e-04
-1.061472186797e-03 1.471314480205e-04 -5.353875440828e-04
7.071315320308e-06 -6.520530436347e-06 1.472727053974e-05
2.629636739135e-01 -9.101342491368e-04 1.677114521224e-01
7.814374853140e-01 8.213950699347e-02 -4.446070842772e-01
-1.421900253175e-02 3.286450221084e-04 -8.809573177254e-03
7.011991406469e-05 -6.013834785732e-04 -1.522547916554e-03
6.378405106578e-04 -3.801753970926e-04 4.509728202859e-04
2.840381028798e-03 -1.462584868319e-03 8.451898943487e-04
4.107079866364e-05 -2.577883462858e-04 4.768492480181e-04
1.133452399900e-03 7.314369111554e-04 -4.614963224180e-04
Mode 55
-4.130577368583e-04 3.203797193342e-04 -9.099994723056e-04
3.433371604094e-03 3.003781019136e-04 2.622353369252e-03
-3.241744828749e-04 -1.684391559853e-04 -4.942593025643e-04
1.775638675655e-03 -8.034012251983e-05 4.250926534876e-04
-2.113821474147e-03 -4.342993355248e-04 6.133694622422e-04
2.107003067097e-03 5.378102142699e-04 -5.073249891329e-03
1.989843215918e-04 3.858851771012e-03 3.852572344234e-04
-1.254170169530e-01 6.563118123344e-02 1.484959710542e-01
-5.175828416053e-08 -4.265865177900e-05 1.734085811558e-04
-6.930656144137e-05 2.522842870680e-05 -1.232145761992e-04
1.251496313768e-05 4.532980158716e-05 -9.729154621595e-05
-1.853644546037e-05 -3.935863906451e-05 -3.257870879598e-05
-1.631888017112e-05 -1.957253070350e-04 7.477712857069e-05
4.981374247495e-04 1.425976953550e-04 9.591386816247e-05
-1.430539009113e-03 1.423800939789e-04 9.852692541150e-04
2.220042684490e-03 6.616419695515e-04 2.438646721520e-03
6.192899114066e-03 -1.551335243667e-01 -8.099470941300e-01
4.452613799704e-01 -1.034148375020e-01 2.622055775770e-01
-4.287620837049e-05 4.418240212715e-05 4.928058325939e-05
2.505563636960e-05 -1.262714495227e-06 -3.033163904285e-05
9.571020201539e-05 9.378900737966e-05 2.630974596115e-05
Mode 56
-2.752521848346e-04 1.684632998512e-05 -2.139402640707e-04
-1.328850084032e-03 -3.808015387416e-04 3.865699103474e-04
5.166671753666e-04 1.929404960937e-04 2.242824713179e-04
-7.974016584033e-05 -1.491879492410e-05 2.003510958114e-04
-1.489724397944e-04 7.552151930393e-05 1.395729211286e-05
-1.781906286172e-05 6.898202747410e-04 -1.231433245560e-03
-3.173316331488e-03 -1.176803186375e-03 4.599242150618e-03
1.838150094661e-01 -1.658545817711e-02 2.372474595540e-01
-1.214535606033e-04 4.370952658626e-06 -1.372599655630e-04
1.258158784813e-04 -2.708655504139e-05 5.655158797168e-05
4.879369449613e-05 1.137823653824e-05 4.743571316116e-05
4.013311763360e-06 -3.334944418343e-06 1.808995019466e-05
3.172534768305e-05 -5.409730350267e-05 3.702064995673e-05
-4.264429728220e-04 5.408465803053e-05 -8.128294128525e-04
1.452859006085e-04 -1.855107381108e-04 7.699669271613e-06
1.119606086171e-03 -6.850044567584e-04 -2.954746578408e-04
1.067247409875e-02 -1.042442238564e-01 -4.930086617214e-01
-6.810137027183e-01 1.697311561726e-01 -4.037127489270e-01
6.151493917001e-05 -3.668832509688e-05 -1.275103512872e-05
-9.077818700264e-06 1.380817843781e-05 2.900747842353e-05
-3.783451883098e-05 5.257144009125e-06 -2.164516085357e-05
--
Dipole derivatives 
Mode 0
-2.954126112177e-02 6.157406822462e-03 2.337301287504e-02
Mode 1
2.936131390858e-02 -8.533221224840e-04 7.695854619597e-03
Mode 2
2.768990273050e-02 -1.726434296908e-02 -9.068803726363e-03
Mode 3
-2.622496500158e-02 -3.010779048181e-02 -5.102223546770e-02
Mode 4
1.616971976588e-02 -1.903502697946e-02 -4.182121023543e-02
Mode 5
1.980674779949e-02 2.866611436543e-02 8.608506162967e-03
Mode 6
7.277012801078e-03 -3.507020553128e-03 -1.699839452568e-02
Mode 7
-2.686828882136e-02 2.344526405255e-02 -1.684637434515e-02
Mode 8
-2.958822591627e-02 -1.165189169097e-02 9.608919088331e-03
Mode 9
-4.591778137350e-02 -4.622102461546e-02 -3.709517924164e-02
Mode 10
-5.753741814564e-03 2.450275176390e-03 8.486434066493e-03
Mode 11
7.980125522298e-02 4.784240808502e-03 2.234789539962e-02
Mode 12
-6.096886145256e-02 4.419077285351e-03 -1.210991681954e-02
Mode 13
-2.096778954047e-02 4.424883922269e-02 -4.175717101861e-02
Mode 14
-2.431143090726e-01 1.363595597895e-01 3.036956941336e-02
Mode 15
5.350188327329e-02 1.681293577849e-02 5.067441842712e-02
Mode 16
1.501967290153e-01 -8.524009896967e-02 1.003645941620e-01
Mode 17
4.276255712933e-02 -3.248390157688e-02 1.206743740253e-01
Mode 18
8.899699661832e-02 5.133589006073e-02 3.278389391955e-02
Mode 19
4.788937605996e-03 -1.598716495999e-01 -1.113462446222e-01
Mode 20
-8.086686027471e-02 -2.047035612046e-01 -1.015697741584e-01
Mode 21
5.833127743575e-03 2.080636302362e-01 6.100761291289e-02
Mode 22
4.516208149305e-02 -4.418680124776e-02 2.488972018966e-02
Mode 23
-7.255087853592e-02 4.072908196758e-02 -1.208724364505e-01
Mode 24
1.590822141570e-01 7.748321013482e-02 2.852022260883e-01
Mode 25
8.041448859827e-03 -1.043066218311e-02 3.496947164357e-02
Mode 26
-3.517665761138e-03 -1.352579634689e-01 2.748091626889e-02
Mode 27
5.187133174600e-02 -8.580323633445e-02 2.905190328800e-02
Mode 28
2.058238621383e-02 -5.458981349230e-02 -3.729351896442e-02
Mode 29
3.220322351956e-02 3.518148831971e-02 2.478156019869e-02
Mode 30
-1.161828159857e-01 -1.651777547886e-01 -1.783910165139e-01
Mode 31
6.799212287953e-04 -2.957287520958e-02 -1.093637257345e-02
Mode 32
1.569404946796e-02 -4.036336168561e-02 8.274317959412e-02
Mode 33
8.964783012341e-03 1.017350565428e-02 2.302780535587e-02
Mode 34
3.927858657979e-02 -1.051192720293e-01 1.154218216823e-01
Mode 35
5.871544122386e-02 5.444681447079e-01 7.734479662669e-02
Mode 36
-8.588208726730e-02 -7.065989291869e-02 2.358251949117e-02
Mode 37
4.745825271839e-02 6.982545489133e-02 -9.208619367549e-03
Mode 38
2.822643571696e-02 -7.254018685571e-02 2.252298399274e-02
Mode 39
-2.560600930793e-02 7.591734084854e-02 -8.117942212892e-02
Mode 40
3.662831558662e-01 -1.716388496640e-02 -2.034002344612e-01
Mode 41
1.115264845070e-01 1.995241868590e-01 5.940292826675e-02
Mode 42
-6.757377802724e-02 -1.340157959154e-03 3.763362930100e-02
Mode 43
2.296596454229e-02 4.522239184137e-02 3.790555466219e-02
Mode 44
-1.212940469885e-01 6.281871870362e-02 1.377789793004e-01
Mode 45
-1.101863426886e-01 -1.261211994309e-01 9.844510385140e-02
Mode 46
8.621915502213e-02 -5.354332565622e-02 -2.118079431424e-01
Mode 47
1.391450292683e-01 1.251710014006e-01 -1.412718523056e-01
Mode 48
2.029289467466e-01 -6.157018285943e-03 -2.884174674615e-01
Mode 49
-6.097422259139e-04 -2.347126715807e-02 -4.078784704830e-03
Mode 50
8.091415675091e-03 -3.950238667418e-03 1.132731666654e-02
Mode 51
1.129381213882e-02 -2.889304296513e-04 -4.353081514495e-03
Mode 52
1.178252533418e-02 3.951104474889e-02 4.302734462349e-02
Mode 53
3.228343717620e-02 -1.701992732367e-02 -1.578985823288e-02
Mode 54
3.162002172826e-03 2.566533659312e-02 2.855878287059e-02
Mode 55
-2.530507621215e-02 2.484181326677e-02 1.922482334361e-01
Mode 56
1.895894734459e-01 1.314013054312e-01 -2.361013967503e-02
--
Polarizability derivatives 
Mode 0
-2.501122126251e-02 3.678807680240e-01 1.373868643646e-01
3.678807680240e-01 -2.868359743660e-01 -1.099017075275e+00
1.373868643646e-01 -1.099017075275e+00 1.074876812100e-01
Mode 1
6.563074514161e-02 -7.772431443470e-01 1.093904272508e-01
-7.772431443470e-01 -1.674758037180e+00 -8.535336245085e-01
1.093904272508e-01 -8.535336245085e-01 4.141164165076e-02
Mode 2
-1.106497632398e+00 8.502521641623e-01 -6.181198973194e-01
8.502521641623e-01 1.256312447512e+00 -5.686988644592e-01
-6.181198973194e-01 -5.686988644592e-01 1.571198327008e+00
Mode 3
-1.613984562779e-01 4.440707926609e-01 3.005138089269e-01
4.440707926609e-01 -2.546136835018e+00 -1.505794390244e-01
3.005138089269e-01 -1.505794390244e-01 7.190856933052e-01
Mode 4
1.998580359876e-01 -5.048404176180e-01 1.004384765708e-01
-5.048404176180e-01 7.614455632914e-01 2.571856456004e-01
1.004384765708e-01 2.571856456004e-01 4.174845098981e-01
Mode 5
-1.162858946872e+00 1.310113706237e-01 -9.031985564322e-01
1.310113706237e-01 -9.131423058824e-01 -3.582971415941e-01
-9.031985564322e-01 -3.582971415941e-01 -5.498431575888e-01
Mode 6
-2.524985227567e-01 -3.057819540188e-01 -1.180149873602e-01
-3.057819540188e-01 7.212678429754e-01 2.348088745683e-01
-1.180149873602e-01 2.348088745683e-01 4.105289186661e-01
Mode 7
1.801826718772e-01 5.400954352019e-01 4.433456181169e-01
5.400954352019e-01 2.012062338526e+00 5.839979554812e-01
4.433456181169e-01 5.839979554812e-01 9.172544435420e-01
Mode 8
7.489595024186e-02 6.316888681070e-02 -5.730495407503e-01
6.316888681070e-02 -2.134912421097e+00 -4.883295953689e-01
-5.730495407503e-01 -4.883295953689e-01 -1.996637254202e-01
Mode 9
2.530170800992e-01 -2.224057403093e-01 8.383666114650e-02
-2.224057403093e-01 3.713810967999e+00 9.985384838396e-02
8.383666114650e-02 9.985384838396e-02 -3.480245813051e-01
Mode 10
1.179908963777e+00 3.664474848466e-01 4.227283839275e-01
3.664474848466e-01 -1.782945414246e+00 -5.898004463685e-01
4.227283839275e-01 -5.898004463685e-01 -1.200908921451e+00
Mode 11
-1.187111699771e+00 6.603121071399e-02 -5.843254998540e-01
6.603121071399e-02 -1.833235674913e+00 3.209246268303e-01
-5.843254998540e-01 3.209246268303e-01 -4.853703935963e-01
Mode 12
-1.965402750929e-01 5.090195602703e-01 -2.186846498350e-01
5.090195602703e-01 -3.061290727519e+00 -1.156558505006e+00
-2.186846498350e-01 -1.156558505006e+00 -2.656125754403e-01
Mode 13
-7.078821203226e-01 -3.753609340601e-01 9.537639532590e-03
-3.753609340601e-01 -2.528730712686e+00 -3.357794647312e-01
9.537639532590e-03 -3.357794647312e-01 -2.148231373101e-02
Mode 14
1.161972365940e+00 5.281382695896e-02 -2.759107929909e-01
5.281382695896e-02 7.575540072862e+00 2.275820305840e+00
-2.759107929909e-01 2.275820305840e+00 -1.560903247896e-01
Mode 15
8.405539086276e-02 3.006587447108e-01 -1.251940977081e-01
3.006587447108e-01 3.220014327336e+00 5.215817784551e-01
-1.251940977081e-01 5.215817784551e-01 2.542856148786e-01
Mode 16
-4.689434245298e-01 5.182630295283e-01 -8.582425307219e-01
5.182630295283e-01 -4.307659280372e+00 -2.791974179945e-01
-8.582425307219e-01 -2.791974179945e-01 -1.058216297577e+00
Mode 17
-5.806139431303e-04 1.213521872152e-01 -4.488643699016e-02
1.213521872152e-01 -2.555686232596e+00 3.200940027710e-01
-4.488643699016e-02 3.200940027710e-01 -4.010027614289e-01
Mode 18
-9.467341995487e-01 -3.347370103882e-01 5.536337874053e-02
-3.347370103882e-01 -3.711510514089e+00 -8.171199360399e-01
5.536337874053e-02 -8.171199360399e-01 2.025657563971e-01
Mode 19
-3.713765273301e-01 -4.840051529185e-01 4.636887847604e-01
-4.840051529185e-01 -7.511578329810e+00 -1.169733604436e+00
4.636887847604e-01 -1.169733604436e+00 8.460484933460e-01
Mode 20
7.662197110379e-01 -9.971055746797e-01 -8.993282680164e-01
-9.971055746797e-01 3.001371042391e+00 8.586454959762e-01
-8.993282680164e-01 8.586454959762e-01 1.540747782337e+00
Mode 21
-4.421379699390e-01 -1.487677100619e+00 -5.675870460084e-01
-1.487677100619e+00 -7.349033517589e+00 -4.291355834544e-01
-5.675870460084e-01 -4.291355834544e-01 6.565576117147e-01
Mode 22
-6.963066277516e-01 -3.630448363161e-02 -5.665141785991e-01
-3.630448363161e-02 -2.016548230368e+00 7.371373373915e-01
-5.665141785991e-01 7.371373373915e-01 -9.746396757197e-01
Mode 23
-3.179224473129e+00 -4.332086598674e-01 -3.504402474147e-01
-4.332086598674e-01 6.410987087697e-01 -5.476110077806e-01
-3.504402474147e-01 -5.476110077806e-01 -3.204135441004e+00
Mode 24
-5.946717313790e-01 -3.983014499019e-01 1.220441747199e+00
-3.983014499019e-01 -1.738974850167e+00 -4.611658963547e-01
1.220441747199e+00 -4.611658963547e-01 1.362697446144e+00
Mode 25
-3.102503121585e-01 3.886279212760e-01 1.239706938067e-01
3.886279212760e-01 2.160923563528e+00 3.219379965813e-01
1.239706938067e-01 3.219379965813e-01 1.957827182876e-01
Mode 26
4.812656811902e-01 -2.223712976391e-01 2.831325428396e-01
-2.223712976391e-01 2.122523205061e+00 4.989289724207e-01
2.831325428396e-01 4.989289724207e-01 -3.980961930651e-01
Mode 27
-3.490327960435e-01 3.660176891517e-01 -3.392761200957e-01
3.660176891517e-01 1.021413441164e+00 -3.136051695373e-01
-3.392761200957e-01 -3.136051695373e-01 4.498673110235e-01
Mode 28
8.926712847891e-01 9.658964315831e-01 -1.695113604205e-01
9.658964315831e-01 4.403231674379e+00 2.091427904536e-01
-1.695113604205e-01 2.091427904536e-01 -2.097991985276e-01
Mode 29
5.882508099906e-01 -8.952123452498e-01 7.487582532263e-01
-8.952123452498e-01 -6.566178960098e-01 5.390377983103e-01
7.487582532263e-01 5.390377983103e-01 -8.959213501405e-01
Mode 30
3.162166950453e-01 -1.585022389380e+00 -7.313133224237e-01
-1.585022389380e+00 -3.380112779573e-02 -1.088230057563e+00
-7.313133224237e-01 -1.088230057563e+00 -4.405010921771e-01
Mode 31
5.496403556377e-01 -1.756302837590e-01 1.741730987653e-01
-1.756302837590e-01 4.239833177554e-01 2.015462584199e-01
1.741730987653e-01 2.015462584199e-01 -1.818647448869e-01
Mode 32
1.496373655367e+00 1.442375122289e+00 -4.382599366539e-01
1.442375122289e+00 1.116262360657e+01 2.618761105514e+00
-4.382599366539e-01 2.618761105514e+00 2.156014006478e+00
Mode 33
-1.570253283400e+00 -1.400460013896e+00 6.713260583515e-01
-1.400460013896e+00 -1.973942666832e+01 -4.720614106111e+00
6.713260583515e-01 -4.720614106111e+00 -2.064671593382e+00
Mode 34
1.085162988276e+00 6.783189588565e-01 -2.959086085648e-01
6.783189588565e-01 6.317241692796e+00 2.480072379151e+00
-2.959086085648e-01 2.480072379151e+00 1.542843625746e+00
Mode 35
2.092532194882e+00 8.264079203172e-01 -7.895371345619e-01
8.264079203172e-01 -4.101725825043e-03 8.565126362909e-01
-7.895371345619e-01 8.565126362909e-01 1.120425935081e+00
Mode 36
-8.490576770551e-01 1.171220602327e-01 6.695474320274e-01
1.171220602327e-01 2.804582478975e+00 7.989406724069e-01
6.695474320274e-01 7.989406724069e-01 9.922799224311e-02
Mode 37
-5.774459428796e-01 -1.185014151224e-01 1.315857778826e-02
-1.185014151224e-01 -3.377632892973e+00 -9.909444177896e-01
1.315857778826e-02 -9.909444177896e-01 -4.927890286296e-01
Mode 38
1.523314265258e+00 1.547312155697e+00 2.522684751738e-01
1.547312155697e+00 1.106729184671e+01 2.667724142928e+00
2.522684751738e-01 2.667724142928e+00 1.193166486143e+00
Mode 39
2.267051692586e-01 1.452747636022e-01 -1.671769886440e-01
1.452747636022e-01 8.967209250229e-01 -1.624766057930e-01
-1.671769886440e-01 -1.624766057930e-01 -1.618138644469e-01
Mode 40
-3.292698602802e-01 1.175592975343e+00 -2.557341281350e-01
1.175592975343e+00 -2.047381055883e+00 -1.033182065678e+00
-2.557341281350e-01 -1.033182065678e+00 2.248182191453e-01
Mode 41
8.791550638242e-01 -1.763402153985e+00 -1.731735001975e-01
-1.763402153985e+00 1.354209090172e+00 4.007961682862e+00
-1.731735001975e-01 4.007961682862e+00 1.378381859940e+00
Mode 42
2.410433488475e+00 9.846725132135e-01 1.497482174567e+00
9.846725132135e-01 -5.090174675628e-01 -9.890816963900e-01
1.497482174567e+00 -9.890816963900e-01 -2.518445977842e+00
Mode 43
-1.527193630335e+00 -6.241631024724e-01 -2.248238210650e-01
-6.241631024724e-01 1.300439807927e+00 -1.543570277674e+00
-2.248238210650e-01 -1.543570277674e+00 -1.594853817375e+00
Mode 44
3.074463184703e-01 1.042130689777e+00 6.825496117269e-01
1.042130689777e+00 4.145156522018e+00 1.176397287047e+00
6.825496117269e-01 1.176397287047e+00 2.773995462961e-01
Mode 45
6.495230531647e-01 2.093258633295e+00 7.963378803609e-01
2.093258633295e+00 1.962992710985e+01 3.550285798404e+00
7.963378803609e-01 3.550285798404e+00 4.013437352318e-01
Mode 46
-3.666055861043e-01 1.083826344016e+00 2.267295385583e-01
1.083826344016e+00 5.955271750048e+00 1.343186907107e+00
2.267295385583e-01 1.343186907107e+00 -5.321984810902e-01
Mode 47
1.474241186970e-01 -2.848047240646e+00 -9.498108280010e-01
-2.848047240646e+00 -2.126413412116e+01 -6.620536394368e+00
-9.498108280010e-01 -6.620536394368e+00 -3.549760553952e+00
Mode 48
-9.072180976283e-01 2.999802818004e+00 2.582114617748e+00
2.999802818004e+00 4.617410455957e+00 2.431460105934e+00
2.582114617748e+00 2.431460105934e+00 -1.525334363845e+00
Mode 49
5.559123592758e+00 1.797496841494e+00 1.455679616881e+00
1.797496841494e+00 6.641671069715e+00 3.173055239089e+00
1.455679616881e+00 3.173055239089e+00 7.380581072060e+00
Mode 50
6.080807828774e-01 -3.922445208440e+00 -4.517076605488e+00
-3.922445208440e+00 -3.842721011637e+00 -6.534175672371e+00
-4.517076605488e+00 -6.534175672371e+00 -4.183115420158e+00
Mode 51
1.809057546155e+00 -3.091942156162e+00 1.707502027033e+00
-3.091942156162e+00 3.317320897305e-01 1.583915965020e+00
1.707502027033e+00 1.583915965020e+00 -2.580942261973e+00
Mode 52
-4.671764581900e+00 -3.183943316254e+00 1.134414052628e+00
-3.183943316254e+00 -2.519434445884e+00 2.083162774940e-01
1.134414052628e+00 2.083162774940e-01 -1.097947200916e+00
Mode 53
-7.373400692546e+00 -2.268964355975e+00 9.408778066373e-01
-2.268964355975e+00 2.238803069875e+00 1.727401516240e+00
9.408778066373e-01 1.727401516240e+00 6.258800341245e-01
Mode 54
-6.211879824976e+00 1.222370815569e+00 3.636131145774e+00
1.222370815569e+00 -3.222883401775e+00 -2.998224109108e+00
3.636131145774e+00 -2.998224109108e+00 -4.515077750785e+00
Mode 55
5.349817044641e+00 3.022296824615e+00 -3.359798442371e+00
3.022296824615e+00 9.669711263559e+00 1.351003736649e+00
-3.359798442371e+00 1.351003736649e+00 7.017899224058e+00
Mode 56
-4.986882145034e+00 -2.057180521499e+00 3.552228819829e+00
-2.057180521499e+00 -6.549425220461e-01 2.146536715047e+00
3.552228819829e+00 2.146536715047e+00 -6.481863768420e-01
--
