Number of atoms 
19
--
Anisotropy 
161.488
--
Frequencies 
35.300667554409
49.368968106366
79.097425853271
125.180869147308
169.684545862498
261.522922196905
297.820054524089
331.260397892508
338.642125797989
371.092072273726
383.150481719511
437.677301041466
479.181450123540
501.873002173996
528.756823603591
554.311752822045
580.261191926840
610.555835437474
628.485880699250
738.565636236664
743.512762321986
782.290812587317
814.061477044107
842.424881988557
904.662487995609
913.148148014606
987.945298566528
1020.942275148584
1038.970389667866
1061.358503816509
1107.762848648785
1138.513243070130
1159.249741491874
1264.679527807584
1295.819554323656
1351.721845872148
1391.699610538107
1400.983203189796
1466.663299039753
1507.442328566423
1536.647430553812
1588.766975945725
1610.386837445983
1648.151866868222
1677.315070773818
3178.251087323556
3190.170445196501
3201.911409277225
3206.906735868199
3570.342362220464
3697.921213659002
--
Displacements 
Mode 0
-4.504950383797e-02 -1.735504374462e-01 1.214933474243e-02
-2.895353314718e-02 -5.719196436597e-02 -1.378160908712e-02
-6.640314836890e-04 -2.179049476028e-01 -1.587974353110e-02
1.565635674531e-02 -9.080650043229e-02 -3.648306770883e-02
4.714896398441e-02 -2.453018575549e-01 -3.915606882739e-02
6.219045064824e-02 -1.302558685936e-01 -6.124446130865e-02
4.621339902918e-02 1.406148440318e-01 -8.142403789095e-02
1.549950655318e-02 2.843716319351e-01 -7.991217164759e-02
2.111396630769e-04 1.688898162347e-01 -5.657102170381e-02
-3.232998811329e-02 3.204834031296e-01 -5.976630458041e-02
-4.184948580727e-02 1.992782520328e-01 -3.848586028051e-02
-9.445182533239e-02 5.878866141632e-01 -5.528296507535e-02
-3.537159006923e-02 -3.999202408215e-02 5.507389490449e-03
-1.738415085628e-02 -1.047199616661e-01 1.014022233868e-02
1.702508472145e-02 -1.310375703051e-01 -6.479220258084e-03
2.490521100578e-02 -7.180114870200e-02 -1.825935855031e-02
1.691701736527e-02 6.766713454278e-02 -2.869092387661e-02
9.387329637880e-04 1.423101453003e-01 -2.768248346412e-02
2.969918271713e-02 -2.746351474816e-01 1.443596963765e-01
Mode 1
7.498785721948e-02 4.763710676176e-03 4.271861372399e-02
3.635299765662e-02 6.452311680334e-03 9.280262015875e-02
-3.033096774800e-02 -6.718641631069e-02 9.318615334353e-02
-6.288008803393e-02 -4.297152193339e-02 1.411653666777e-01
-1.402695698035e-01 -1.298051539823e-01 1.368416374281e-01
-1.809360089317e-01 -9.857041385160e-02 2.011806025848e-01
-1.489215599855e-01 2.212635689873e-02 2.682293322143e-01
-7.552515245279e-02 1.004125763029e-01 2.726899652063e-01
-3.184016777206e-02 6.319177141269e-02 2.043295045376e-01
4.276116073565e-02 1.187219851971e-01 2.200406086603e-01
7.315689853114e-02 7.462190012143e-02 1.571015741243e-01
1.289316596443e-01 1.030154649671e-01 2.470051700783e-01
2.802440077498e-02 1.869438524032e-02 1.744306951629e-02
1.251601506293e-02 -1.576592512411e-02 3.725164631727e-03
-4.832229382651e-02 -6.317617437068e-02 2.308915805644e-02
-6.895864736547e-02 -4.790134203517e-02 5.722268785966e-02
-5.214308005809e-02 1.447093732916e-02 9.166868391567e-02
-1.358470711001e-02 5.442549683434e-02 9.494060786396e-02
6.596841659739e-02 -5.258658309861e-02 -5.789395392011e-01
Mode 2
-2.032836796216e-02 -4.140421605934e-01 3.907639466164e-02
-1.331462559213e-02 -1.443730466972e-01 2.023795978509e-02
-1.171316309847e-02 4.266187122431e-03 2.492996900613e-02
-1.363656425988e-02 5.918856880014e-02 2.750042607383e-02
-1.938897060627e-02 3.327770746346e-01 3.369275661968e-02
-2.116853659238e-02 2.752974835221e-01 3.558545192638e-02
-1.777845225829e-02 -8.240630966088e-02 2.926885411976e-02
-1.326372749706e-02 -3.065516679844e-01 2.393246066754e-02
-1.201286804831e-02 -1.854816233000e-01 2.317955157043e-02
-1.180655573477e-02 -2.128486855451e-01 2.355296210627e-02
-9.335241464814e-03 -7.140065107782e-02 2.094157921035e-02
-2.333250186211e-02 5.386790211472e-01 3.352308605615e-02
-2.484487758225e-02 -1.656169623920e-01 -7.544077807185e-03
-9.657971915915e-03 -1.239819294166e-01 6.929163066491e-03
-6.494130032456e-03 1.648501592645e-01 1.028569000601e-02
-7.220215240150e-03 1.417434831540e-01 1.168959411129e-02
-5.267249469278e-03 -4.525249800069e-02 8.416388628604e-03
-2.984702855777e-03 -1.548890234548e-01 6.326980140285e-03
5.472560768875e-02 -7.568579445847e-03 -9.233990574384e-02
Mode 3
-3.569697570192e-03 4.145720160978e-01 3.709950722553e-03
6.996182487252e-04 -4.528139173627e-02 2.706176590985e-03
8.168754878420e-04 -3.138109982802e-01 -1.247153695517e-03
7.048248909868e-04 -3.173091521166e-01 -3.098459986269e-03
-4.222025129441e-04 -1.312362254763e-01 1.568459955849e-03
-3.325927428820e-03 2.724955222174e-01 1.049397542053e-02
-3.922575765375e-03 3.829820465159e-01 1.287621179201e-02
-1.735162060840e-03 4.053050830190e-02 5.231396194048e-03
9.424208488087e-04 -2.804955349893e-01 -2.209618344793e-03
1.350838307343e-03 -3.580276945583e-01 -3.433006409296e-03
-2.636830681457e-04 -1.518650027530e-01 -7.383030903423e-05
-1.726219951183e-02 1.908041698426e-01 -3.241824078583e-03
2.363903418342e-02 1.618643500377e-01 1.850304993399e-02
9.264144278949e-03 1.432148535199e-01 8.706321503239e-03
-8.902874732447e-05 -5.068175221755e-02 1.017597108229e-04
-1.485672451402e-03 1.531567479849e-01 4.722691550172e-03
-1.859520784857e-03 2.122141603658e-01 6.047083051762e-03
-5.723876219503e-04 3.255454090090e-02 2.054714793965e-03
7.069072160567e-03 1.875595687007e-03 -8.092508310200e-03
Mode 4
3.661390155133e-01 -3.202684168130e-02 -3.012155479336e-01
2.578678188130e-01 3.893242170618e-03 -1.457058091335e-01
1.715438695672e-01 -6.922421824611e-03 -1.771847866379e-01
1.179999879078e-01 2.340660730641e-04 -1.033657242636e-01
-4.232196347039e-02 1.670662352771e-02 -1.132347590219e-01
-1.330485999048e-01 1.696579503191e-02 2.110470774065e-02
-6.911497889142e-02 -8.685203984788e-03 1.453458748985e-01
8.941366510566e-02 -1.936373905361e-02 1.471289623839e-01
1.771143655166e-01 -3.006565017318e-03 7.009704019760e-04
2.925285887040e-01 1.826260988180e-02 -1.193487686381e-02
2.776043011606e-01 2.790031117426e-02 -3.904341401455e-02
1.076336635517e-01 1.099725950812e-01 -3.164661699156e-02
1.250938966165e-01 4.057881692058e-02 -6.446822799883e-02
8.324433654547e-02 -1.637926463408e-02 -1.027155558670e-01
-3.021138763032e-02 8.963173476718e-03 -6.968149593329e-02
-7.272793887496e-02 9.810968402625e-03 4.819036796727e-03
-3.811333883769e-02 -4.533409828176e-03 7.001709572270e-02
4.614182374929e-02 -9.255065301418e-03 7.896756210739e-02
-4.395768056570e-01 -4.943025768498e-02 1.709227907992e-01
Mode 5
-1.322076840528e-02 -1.189464394355e-01 5.735709421862e-02
1.398302756782e-02 4.789454791590e-02 -4.830268827314e-03
2.875573285388e-02 4.967924513546e-01 2.960430968979e-03
1.856956162374e-02 1.863710482919e-01 -3.736007585872e-03
-8.836941664396e-03 -1.566620882442e-01 -1.350457379121e-02
-2.395126270941e-02 -3.005858210620e-01 4.220663119216e-03
-2.056339857633e-02 2.017139443804e-01 2.872740368848e-02
4.910476029146e-03 2.638135833525e-01 2.850581518310e-02
2.157706936568e-02 -5.350575938437e-02 -4.416866169100e-03
1.877357843621e-02 -4.637780655871e-01 -1.840522835921e-02
1.320360059697e-02 -3.168874935200e-01 -1.578525028167e-02
-1.246562937343e-02 1.606984791757e-01 -3.848576693880e-02
-1.164540426327e-02 -1.963481148739e-01 -3.850912098539e-02
3.341376089498e-03 4.621602621972e-02 4.471509548341e-03
-5.758127590419e-03 -9.904624962696e-02 -1.237261931795e-02
-1.063195122920e-02 -1.936886298931e-01 -1.359958995623e-03
-8.737243752896e-03 1.178152479829e-01 1.334804172922e-02
5.291334910791e-03 1.308497980461e-01 1.688798018984e-02
-6.775728237252e-03 3.616193945266e-03 8.502380895678e-04
Mode 6
2.211977437426e-01 -6.105440145696e-03 -4.647159336770e-01
-7.100718222350e-02 6.428952143661e-03 1.171341935430e-03
-2.508911402098e-01 3.635334536623e-02 1.646559769436e-02
-2.063128846452e-01 1.645366180067e-02 8.852176141895e-02
8.250993766981e-02 -1.259134905052e-02 1.138493484650e-01
2.434925408496e-01 -2.251736429038e-02 -8.122317041165e-02
1.893187757943e-01 2.359569622103e-02 -1.747412757065e-01
-6.746695409658e-02 2.092426189599e-02 -1.593679275664e-01
-1.980251163015e-01 -1.267746697476e-02 9.088808165476e-02
-9.547128551192e-02 -5.538622945916e-02 1.468440835755e-01
-2.503021766418e-02 -2.013121612813e-02 1.206082761253e-01
2.459185921057e-01 4.895615224719e-02 2.901029714808e-01
1.914875253391e-01 -3.096400152345e-02 -1.318936887452e-01
-2.144985682403e-02 -9.476429183421e-03 -2.570610341918e-01
6.056017507379e-02 -9.912838020033e-03 1.091170777828e-01
1.081837342452e-01 -1.601065764663e-02 -2.203187806589e-02
7.584703074711e-02 1.364286352269e-02 -8.334189203978e-02
-6.109973292688e-02 1.122801900328e-02 -1.201797044753e-01
-7.803030074078e-02 -9.926206939866e-03 -2.913998565871e-04
Mode 7
-1.380548443046e-02 -3.691870503284e-01 -8.492723433411e-02
5.628337782605e-03 2.798796656984e-01 9.927028893024e-03
-5.878933656190e-03 3.564039931018e-01 -2.830941323449e-03
1.047488951441e-03 -1.229248027028e-01 -9.458398135035e-03
-1.642527207717e-03 -3.029642624272e-01 -1.853862106514e-02
-1.783736673906e-03 1.055231351323e-01 -1.433158929292e-02
-4.711041282999e-03 2.287040236376e-01 -1.662242848750e-02
2.702028956153e-03 -2.433511984543e-01 -2.377217219581e-02
-6.793982809697e-04 -2.266296919074e-01 -1.674003106419e-02
1.235729961846e-02 5.125273142665e-02 -2.518871088993e-03
-7.474634031398e-03 2.783465106904e-01 1.827985058271e-02
-8.720776661399e-02 -8.931541156839e-02 8.734581937822e-02
-3.401925115506e-02 4.089418541080e-01 1.357130902983e-01
3.064530594997e-02 -1.105877651197e-01 4.883158114511e-02
-5.937731211982e-05 -1.252778532904e-01 -5.861161155517e-03
8.890118316193e-04 8.893493120313e-02 -2.905552226060e-03
-2.263519127401e-03 1.684767806112e-01 -2.172581752598e-03
-3.024873289915e-05 -9.023898157129e-02 -8.667811479320e-03
3.914152128595e-02 2.232041008892e-03 -5.330187138873e-03
Mode 8
1.896419237797e-02 1.768234990305e-01 1.463294589083e-01
-1.289829534831e-02 1.794686301227e-01 -1.235515806126e-02
8.406382165817e-03 8.978700837963e-02 6.690524237451e-03
-2.057585589693e-03 -1.063952900215e-01 -8.492377413610e-03
7.256977080710e-04 -2.081827134635e-01 -7.408981203332e-03
-4.712029771254e-03 1.074099132279e-01 4.859957412561e-03
1.816186038114e-04 1.301885903344e-01 1.668165853064e-02
3.752127115411e-04 -1.990164821205e-01 6.417712072128e-03
3.297227758103e-03 -1.352681485763e-01 4.201262207603e-03
-1.535906639197e-02 9.520216641517e-02 2.843346422750e-03
8.454952029757e-03 2.427057143936e-01 -1.890274433579e-02
1.976925011272e-01 -7.682149010169e-02 -8.292704152457e-02
-5.949183870503e-02 -7.063743073825e-01 -1.987190578902e-01
-9.038476093591e-02 -2.338566486088e-01 -5.801626357365e-02
5.817083033762e-05 -8.625603316465e-02 -3.274360046789e-03
-4.519687548115e-03 8.468093742704e-02 2.690942429836e-03
-9.661115225946e-04 9.889408028057e-02 7.050157767573e-03
9.389385918829e-04 -7.979536926183e-02 2.262343034081e-03
-7.017227200200e-02 -2.211201055252e-03 1.329453379426e-02
Mode 9
-2.528872393300e-01 -7.422458345956e-02 2.031643015688e-01
-3.048970898449e-02 -1.526768893578e-02 -5.808009299332e-02
2.718206223466e-02 5.987960127957e-03 -5.530808760034e-02
-2.115188674670e-02 3.012352573221e-03 -1.708087681443e-02
-2.722077130478e-02 1.554695414948e-02 -2.204554945373e-02
-5.391317409994e-03 -6.677535351312e-03 -6.179592790164e-02
-6.066473645967e-04 -6.055685406969e-03 -6.618124988102e-02
-3.543055977510e-03 1.675606614303e-02 -5.385417165644e-02
-2.978734645416e-02 3.773756528092e-03 4.550072399752e-05
-3.774252506862e-02 -5.813229553866e-03 4.302771759094e-02
7.424966074765e-03 -1.118041215018e-02 -3.118017673669e-02
8.325589542819e-01 6.570166159365e-02 -5.656412736645e-02
-1.439984801839e-01 1.863657538825e-01 1.177386845756e-01
1.667949088840e-02 7.893084022142e-02 1.731057594906e-01
-4.702108475756e-03 7.284650884839e-03 7.450474876213e-05
5.666803184118e-03 -5.498567249973e-03 -1.778394160079e-02
-1.671120883173e-03 -4.986052999635e-03 -1.708825828717e-02
-7.154961618001e-03 8.308693746022e-03 -2.596748462549e-02
-2.281778795795e-01 -2.604619383024e-02 3.199450339568e-02
Mode 10
1.311056482504e-01 -4.408243891310e-02 -6.825054224899e-02
5.928083499515e-02 4.957256764978e-03 3.493349555308e-02
-1.237419860257e-03 2.967379740507e-02 8.073007537539e-02
-6.530619921999e-02 -5.433667882951e-03 2.238322126926e-01
7.663711253958e-02 -2.297384805562e-02 3.019638082411e-01
1.376892944755e-01 2.606160655322e-03 2.548961790337e-01
7.393999656174e-02 7.320953358732e-03 1.293403584265e-01
-9.587565809328e-02 -1.871149761609e-02 1.078949735678e-01
-1.226336443683e-01 -5.011075910262e-03 1.168692477590e-01
-1.290772088716e-01 1.971337636533e-02 5.237485787380e-02
-7.306250706908e-03 8.448938158603e-03 -1.283514270340e-01
2.896114583103e-02 1.254423843157e-02 -7.543588846889e-01
7.277882873644e-02 1.014722255745e-01 1.782560093200e-02
2.331857406195e-02 -1.477784434237e-03 -3.899786016105e-02
3.790483179611e-02 -1.104465846916e-02 1.214114366210e-01
6.239387745299e-02 3.764957302129e-03 7.543520066785e-02
4.538057202055e-02 6.898283356672e-03 1.088045549450e-03
-3.665088089900e-02 -8.231372114300e-03 1.464746010123e-02
-4.047944546755e-02 -5.897202709122e-03 1.589989247209e-02
Mode 11
5.097090316198e-02 2.088512420726e-02 7.030195563073e-03
1.084054710884e-02 3.305547279235e-01 1.159856924975e-03
-1.011282673190e-02 -2.470233867729e-01 -3.854571138062e-03
-1.156152153066e-02 9.141507271472e-03 3.470196302945e-03
-4.660833126537e-03 2.415167721317e-01 1.000491737412e-02
4.423545243001e-03 -1.567476490642e-01 -6.791012842772e-03
1.411524014612e-03 -6.281578590715e-02 -8.009159462108e-03
-1.191202847941e-02 2.312450532572e-01 -8.018991440886e-04
-1.111391441466e-02 -7.847355775724e-02 1.827954946933e-03
6.574372603592e-03 -4.131519193238e-01 -4.077570128178e-03
9.881983956224e-03 3.416255235277e-01 -3.043977323590e-03
1.081367804999e-02 -5.922041006083e-02 -1.600204505858e-02
-1.131221254580e-01 1.125745163970e-01 3.786892301930e-02
-6.060333840676e-02 -5.514727867693e-01 2.751319079038e-02
-5.207766560262e-04 1.420050332690e-01 7.147283192186e-03
3.236952359103e-03 -9.434558500912e-02 -2.966411397388e-03
1.381262440781e-03 -2.641480182661e-02 -3.982239599977e-03
-5.716941400520e-03 1.495197547349e-01 -1.599938677530e-03
-1.328772960517e-03 2.199651880996e-03 2.649816187917e-03
Mode 12
3.973719196629e-01 2.285968726641e-02 3.142222713704e-01
3.075416623270e-01 -3.527614351873e-02 1.905051107239e-01
-7.240873470101e-03 2.603059083823e-02 1.742278523827e-01
-1.028768168238e-01 -4.786038865569e-03 1.167058252166e-01
-2.078047429942e-01 -1.983899298167e-02 8.645468188265e-02
-1.113609553282e-01 1.771307836472e-02 -1.244664262712e-01
-2.203072435465e-01 2.177679299175e-03 -3.342946835460e-01
-2.138346073464e-01 -5.057630434094e-03 -2.922035651776e-01
-1.827198102186e-01 1.746021057138e-02 -8.671343395570e-02
1.499263098185e-01 3.276105834420e-02 -5.445836426140e-02
1.647957238009e-01 -5.656541755916e-02 -1.430132129960e-02
-1.266282287950e-02 9.680575206655e-03 -1.177189692197e-02
6.738695954350e-02 7.692952837155e-03 8.603218310224e-02
1.192764650659e-01 -5.752190590835e-02 1.200202107136e-01
-5.996113064512e-02 -9.800021902862e-03 2.430972860090e-02
4.311760342727e-02 1.081348231809e-02 -3.344735493838e-02
-5.222572899539e-02 -2.806777510350e-03 -1.168142792615e-01
-7.778474628025e-02 -8.340365782681e-03 -1.104416447859e-01
-1.898958770868e-03 -6.057273794892e-04 4.320883318251e-03
Mode 13
-3.687312248756e-03 -1.249704316691e-01 1.429893503498e-02
1.433389753230e-02 2.132619994242e-02 2.131943433265e-02
1.619050070821e-02 1.538001407639e-01 2.079358174484e-02
6.832003185354e-03 -4.034486247112e-01 3.178251516312e-03
-1.190543503307e-02 2.562545253117e-01 1.902047092571e-02
-8.362925563317e-03 -1.510778816439e-01 1.503963963526e-03
-1.860070211739e-02 -9.323763573384e-02 -2.004519666254e-02
-1.306977527303e-02 2.327331529559e-01 -1.032367368915e-02
-2.185465797944e-03 -4.728054644856e-01 -2.269774602544e-02
1.575722393359e-03 1.902951458996e-01 -8.258166409252e-03
-3.759156922039e-03 1.672356027430e-01 -2.075993840123e-03
-5.739272382604e-03 -3.847675449953e-02 -4.977952271137e-03
7.342178906741e-02 -1.269626497205e-01 -2.853729372456e-02
4.317512994442e-02 3.427082758191e-01 -2.203765628748e-02
-6.303026752328e-03 3.176651143886e-01 7.795007423310e-03
2.896153966675e-03 2.207733299779e-02 2.091947366678e-03
-4.893438900324e-03 6.794856254633e-02 -5.503938953914e-03
-4.434232965149e-03 3.235798582464e-01 4.366259849435e-03
1.919010226376e-04 -1.315724644817e-03 3.404970172901e-04
Mode 14
8.774668012595e-03 -2.144250798935e-01 1.039979788989e-02
-2.671637133071e-03 1.633677236709e-01 1.009392465722e-01
1.821857353358e-02 -3.220475695419e-01 9.072935969902e-02
5.072874677456e-02 2.622922775732e-01 2.191230858744e-02
-2.357838086304e-02 1.822148352262e-02 4.024473203569e-03
-4.519359604746e-02 -7.388210933328e-02 4.540618774913e-03
-6.561909515990e-02 1.325536111249e-01 -3.532749290029e-02
6.767540546038e-03 -9.894087300196e-02 -3.848114550257e-02
2.522694594759e-02 8.804254775034e-02 -4.816366881857e-02
-8.738696520422e-03 -2.772298614507e-01 -5.478507764341e-02
-4.879569615187e-02 4.269475758905e-01 1.924333875546e-02
2.351774128319e-02 -5.045916396096e-02 -2.989436210537e-02
1.555920530772e-01 -1.296143173858e-01 -2.319270759881e-02
6.160941758659e-02 5.657483752250e-01 -6.264247696238e-02
-1.605214142372e-02 -1.028323552954e-01 -2.210017648077e-02
-2.621996480348e-03 -1.194430264979e-01 -7.360246781179e-04
-2.077027148459e-02 3.642985381968e-02 -7.650135179872e-03
1.140749281754e-02 -1.157115507485e-01 3.245910791591e-03
-2.416949495596e-03 9.271317249946e-04 6.948349133625e-04
Mode 15
1.382684602550e-01 2.422099856675e-02 -1.008774245870e-01
-1.993787139748e-01 -2.870867362590e-02 3.679030902681e-01
-3.719943901787e-02 6.044574904299e-02 4.053794936897e-01
2.555442660561e-01 -4.071785052090e-02 -3.337668108933e-02
3.635919542280e-02 -9.279281266746e-03 -1.067533982288e-01
-1.369336778312e-01 1.751761359535e-02 6.586818984823e-02
-1.775351902681e-01 -3.096808144421e-02 4.501058668546e-03
8.159988694239e-02 2.321063605048e-02 -2.581940215307e-02
1.776785639429e-01 -7.017750311910e-05 -2.083957217007e-01
-1.276503606212e-01 3.814263740618e-02 -2.481578796118e-01
-2.846903479863e-01 -8.509786108172e-02 8.330949417471e-02
2.113547850346e-01 2.421023521614e-02 -7.232039707630e-02
2.236163003608e-01 9.196688243762e-02 4.035156102359e-03
-1.058020144360e-01 -1.562553884127e-01 -2.221436987605e-01
-3.444789362818e-02 1.840671552669e-02 -1.249859789267e-01
-5.314631874864e-02 2.634179742858e-02 1.833664272030e-02
-6.093871093611e-02 -1.165711786987e-02 1.643342909679e-02
7.047418114915e-02 1.915761719717e-02 7.619001897597e-02
-1.985514302937e-02 -3.598504906665e-03 -5.623162932768e-03
Mode 16
1.343378665219e-02 1.451410792715e-01 1.274527565756e-03
-9.302499536371e-03 -2.891112980019e-01 -3.950609561087e-03
-1.227049487746e-02 -6.735201523708e-02 2.685014619347e-03
-1.426915731353e-03 2.268263026426e-01 -3.786901260373e-03
6.000247884460e-03 2.891042047205e-01 -5.664358872400e-03
3.953989182655e-03 -3.961268797398e-01 -1.043085839807e-02
9.809732327578e-04 4.122151631291e-01 1.822562341754e-02
1.419571370283e-03 -3.095280913250e-01 -3.493639405568e-04
3.967231979147e-03 -2.369096180107e-01 -7.507022295170e-03
-4.042010002938e-03 2.348994882696e-01 -1.286602892029e-03
-3.154695647901e-03 2.127246441114e-02 1.078075735690e-03
6.595234379270e-03 -1.498783863647e-02 1.705516861884e-03
-1.069748179992e-02 7.975931901037e-02 1.621156729990e-02
-1.811063682469e-02 -1.455602717994e-01 1.111055263946e-02
1.562969483360e-03 6.513538894782e-02 -2.682865577999e-03
-1.786634017819e-03 -3.037424365969e-01 -7.457384436949e-03
-1.048911327771e-03 2.949961051811e-01 9.445132144225e-03
8.707471896008e-04 -8.920350618068e-02 6.547607406543e-04
-4.019227348733e-04 -6.116964376052e-04 -2.942703190878e-04
Mode 17
5.033272298684e-02 -7.451777225865e-03 3.171195559502e-02
-1.939845121417e-02 -2.912641312004e-03 8.103823292988e-02
-5.301930494227e-02 6.032270941356e-03 8.015135699234e-02
-6.273435928997e-02 -6.428335063182e-03 3.394587997666e-02
-2.910372883098e-01 1.237719251537e-03 -1.133437338199e-01
-1.228985921259e-01 8.031560138837e-03 -4.554862322483e-01
1.233367997788e-01 1.075036142157e-03 -8.111578912987e-02
4.468572239844e-01 4.824224179072e-03 -2.507878536365e-02
1.456899902864e-01 -1.144206622713e-02 3.005847104357e-01
-1.270434909653e-01 -8.432101228310e-05 3.727138933143e-01
-1.213069572824e-02 -1.530383985572e-03 1.941440002022e-01
-5.876419884931e-02 7.315260400907e-04 -2.660030872816e-01
4.502670620522e-02 1.553815556290e-02 1.485710238114e-02
-3.412306977950e-03 -6.110322714897e-03 -1.866060628990e-02
-6.752320588645e-02 4.409366208274e-03 -8.749256871206e-04
-2.626384610610e-02 5.648514182360e-03 -1.321785268347e-01
-5.026597884411e-02 -1.517254382204e-04 1.084355544551e-01
1.089444812367e-01 6.953862412178e-03 -4.492150217597e-02
6.538345458690e-03 -1.060208345191e-05 -6.670205892136e-04
Mode 18
4.813405915772e-02 -2.499348211351e-02 1.467734539511e-01
-3.184602475423e-02 3.823527156720e-03 1.627692475832e-01
-5.352951696339e-01 -4.550160897785e-03 1.656289140512e-01
-1.945655731869e-01 1.545282382024e-03 -2.360020584614e-01
2.075820107738e-01 5.513952304593e-03 -3.427771132370e-01
8.872063835473e-02 7.406818725325e-03 -1.271558018287e-01
1.888214516310e-01 -9.076181206146e-03 2.143964722867e-01
-1.596239247778e-01 -4.652168329170e-04 1.875468437969e-01
-7.547675656252e-02 -1.041295497286e-03 -1.651133940872e-02
3.163425150536e-01 -3.466115883119e-03 -6.175542332659e-02
1.583458954128e-01 1.374751042319e-02 1.099634012571e-01
6.573050857711e-03 -7.761738332317e-04 -1.541323473011e-01
7.811618986150e-03 9.333357000906e-03 4.481962695959e-02
3.128178657195e-02 4.351561416974e-02 5.797432065148e-02
7.510642091634e-02 3.210189656865e-03 -7.072198382950e-02
-1.008596763362e-01 4.909715073775e-03 -4.235181683450e-02
6.357985697831e-02 -2.696495098972e-03 4.793041472893e-02
-6.916636791116e-02 3.084437030677e-03 1.264347117073e-02
-2.569078381592e-03 -5.702430613365e-04 3.461234116389e-03
Mode 19
-2.206826522484e-01 -9.908014921863e-02 -1.106791135926e-01
-1.094021535906e-01 4.947176218209e-01 2.860146083217e-02
-1.439707171128e-01 -1.570775514732e-01 6.392360299936e-02
-2.854168102375e-02 -1.778128569763e-01 9.125039729803e-02
-1.155734126890e-01 9.431435664362e-02 1.950143915143e-01
-7.005170700039e-03 -1.443677139537e-01 6.478118906540e-02
-7.820896786117e-02 1.274056218464e-01 -9.244723261590e-02
1.292668677572e-01 -1.126587753988e-01 -8.564965604704e-02
1.075526438901e-01 1.604630930681e-01 -1.864011992748e-02
3.528919799914e-01 1.309530090032e-01 -9.396204787981e-02
1.550932574418e-01 -3.733128234497e-01 5.844861107451e-02
-8.647057832334e-03 2.634275590156e-02 -5.981205994179e-02
-7.456287752700e-02 -4.725939955421e-02 -3.999031095538e-02
-6.838349519689e-02 3.263629822141e-02 -5.551759004192e-02
-2.958844510206e-02 1.402608736568e-01 7.202209050208e-02
7.593537836963e-02 -2.150709916560e-02 2.290019328773e-02
-3.096781484410e-02 7.082420955295e-02 -1.319725133421e-02
5.361908902360e-02 -9.672705774435e-02 1.594222684319e-03
-1.217222454510e-03 2.057240392814e-04 2.915613688860e-03
Mode 20
2.605410923767e-01 -1.012663989022e-01 1.204493911184e-01
1.431383869592e-01 4.119222222715e-01 2.796277029717e-03
1.790583779038e-01 -1.243312803166e-01 -7.170202868153e-02
4.471327154661e-02 -1.534895788146e-01 -1.162480306520e-01
1.432514299957e-01 8.771255371572e-02 -2.378079769518e-01
9.403313110290e-03 -1.183867901235e-01 -8.650582889048e-02
8.627473112593e-02 1.055868710299e-01 1.116958726599e-01
-1.638119189745e-01 -9.671338577409e-02 9.442627581624e-02
-1.360252074748e-01 1.454189529627e-01 3.143249611702e-02
-4.254314001339e-01 8.825335320815e-02 1.266467832250e-01
-1.813768327294e-01 -2.971517067313e-01 -6.566852500719e-02
1.296462001002e-02 2.289497010385e-02 6.282385300346e-02
5.147545250168e-02 -2.923863940967e-02 3.048740088293e-02
8.830878056253e-02 4.190659688611e-02 4.457176624213e-02
3.386707619144e-02 1.263312401907e-01 -8.594066851113e-02
-9.271258818772e-02 -1.625201971165e-02 -2.927382250559e-02
3.572027379339e-02 5.360203653850e-02 1.552964525485e-02
-6.732296017657e-02 -9.001879811711e-02 -9.293727947514e-03
9.054362318604e-04 2.656372026271e-04 -4.024506562532e-03
Mode 21
-1.403317893493e-03 1.128865624617e-02 2.586509259375e-04
9.721380651201e-04 -3.633007381367e-02 -2.831263416216e-03
2.439671631836e-03 -6.259018586365e-02 -4.349908280030e-03
9.173475841508e-04 2.436374021131e-01 5.239095800662e-03
2.879736485969e-03 -1.767939834822e-01 -4.366828413287e-03
1.667772095501e-03 -1.765953956994e-01 -2.002083218379e-03
-1.451528879841e-04 -2.178520119415e-01 -6.322136616976e-03
-1.889177151089e-03 -1.880191046331e-01 -5.156116943687e-03
-2.729591193618e-03 1.747183966610e-01 4.786116335383e-03
-5.964712290600e-04 -6.017268534415e-02 8.063453509278e-04
1.188565083571e-03 2.730874304962e-03 7.345801843394e-04
-8.736160353675e-04 2.157050986960e-03 1.011455949818e-03
1.495280032351e-03 9.918497891132e-03 2.790241325298e-03
1.264696667470e-03 2.783427081203e-03 2.389756717830e-03
-1.442487305175e-03 2.700109688763e-01 4.837272124245e-03
-3.285111196073e-03 5.064664255995e-01 1.200846556671e-02
-3.727388755052e-03 5.539109598849e-01 1.116593500030e-02
-3.264127994747e-03 3.448614646853e-01 6.772783165280e-03
1.692126006005e-04 5.503479117472e-04 5.784717560179e-05
Mode 22
-5.717601329592e-03 3.615817788717e-02 3.670264825001e-03
-6.621123699493e-03 -2.845683107494e-01 -9.640791137652e-03
-5.867197119407e-03 2.104430303714e-01 1.879731687925e-03
-3.977131110645e-03 -4.206012505507e-01 -5.913526454717e-03
-8.006086588962e-03 -1.292322344306e-02 8.763794036457e-03
2.849309560030e-03 -2.262662151400e-01 -3.819205639586e-03
4.094896408089e-04 2.024814419188e-01 6.273276251085e-03
8.774238400313e-03 -6.312411192488e-03 -8.257686177016e-04
9.059973366152e-04 4.507808645080e-01 7.608355944009e-03
1.141308095622e-02 -2.159784299881e-01 -1.276724103337e-02
2.453123387781e-03 2.455641003239e-01 -2.345582955967e-03
-1.273193652475e-03 -6.433815800146e-03 1.748729393302e-03
1.529934975767e-02 1.604930836348e-03 -5.602538236275e-04
-1.859360850797e-03 -5.415351970768e-04 1.688127834667e-03
-3.406403610337e-03 3.921249148677e-01 1.405517275552e-02
2.368980616964e-03 1.190467973026e-01 3.267368216307e-03
-1.506825825746e-04 -5.964916328196e-02 9.404524065585e-04
5.625719228449e-03 -3.478116987843e-01 -6.257467710466e-03
7.279393087648e-05 -2.707807813973e-04 2.555440123138e-04
Mode 23
2.241776149602e-01 -8.864551424928e-03 9.794413118945e-02
1.155896397762e-01 1.769458010294e-02 -6.892769387961e-02
-2.909555805509e-01 -7.220309342980e-03 -4.440356149237e-02
-2.309894854386e-01 5.098274097266e-04 4.354569659286e-02
-2.325604207208e-01 -4.793184528578e-03 2.127358014795e-01
-6.796958229777e-05 5.256652264674e-04 -3.192188738660e-02
2.101707449937e-01 -5.086677853419e-03 1.915677699693e-01
3.304602574826e-01 -1.585600449462e-03 7.690480683483e-02
8.181368670491e-02 3.497829810215e-03 -1.733696279223e-01
-1.503338794353e-01 8.452596474570e-03 -3.905308303512e-01
-1.816087251616e-01 -7.172539062947e-03 -3.120980116239e-01
5.134478458669e-02 1.332567453266e-03 1.709576245036e-01
-2.087935706210e-02 -9.049406397333e-03 2.414292974848e-02
1.220069019402e-01 1.994599532427e-02 1.216379581397e-01
-1.908396562197e-02 -7.127073700172e-03 1.691546909747e-01
1.336540950907e-02 1.138103664064e-03 -5.813456366501e-03
5.078818096508e-03 1.664919047211e-03 1.480448500487e-01
1.382513516288e-01 3.685593905039e-03 8.691567389751e-02
-2.781911806652e-03 -1.217261974159e-04 -2.747944638148e-03
Mode 24
6.465346858985e-03 -1.469736534924e-05 -1.510028285256e-03
5.105825528382e-03 5.719713132864e-02 -3.417981466463e-03
-1.339779978446e-02 -1.223925620597e-01 -4.071626768272e-03
-3.377416711585e-03 3.745337690306e-01 3.604280135779e-03
1.176937302548e-02 -2.968807156873e-01 -9.345899985502e-03
1.160594120951e-04 -1.490297176891e-01 1.109160805781e-02
-1.134370555241e-02 1.368081646811e-01 -3.456046740533e-03
8.197818967709e-03 2.839160389982e-01 3.203684728169e-04
6.690462416875e-03 -3.554923152437e-01 -7.657114849993e-03
-8.511384554830e-03 1.198497432512e-01 1.029548472853e-02
-1.234638484426e-03 -6.070473704273e-02 2.551907622991e-03
1.225483028376e-04 -1.284617856657e-03 -8.196347958413e-04
-9.364366095810e-03 7.032899785035e-03 1.849547728629e-03
6.187002476059e-03 -3.433415729774e-03 8.062858935793e-03
-9.397453048524e-04 3.889578794040e-01 4.349271212300e-03
-1.526126660732e-03 3.281600251466e-01 1.165609738477e-02
-1.225192941338e-04 -3.023029824747e-01 -9.885652319186e-03
7.429034330722e-03 -3.677815460664e-01 -5.554335335960e-03
1.906708681075e-05 -3.987473303821e-05 -1.189246021150e-04
Mode 25
1.538104948894e-01 3.718708681169e-03 8.855557289274e-03
8.839617335117e-02 -3.890766254563e-03 -1.338183496153e-01
-3.654521912806e-01 5.007583246890e-03 -6.273174427737e-02
-5.591833760238e-02 -1.431487749244e-02 -1.581973941414e-01
2.818226774084e-01 1.400523879842e-02 -7.541401343478e-02
-2.194079750499e-02 -5.133989103915e-03 4.236977374558e-01
-3.130666959280e-01 -2.003928035882e-03 -1.955607967012e-01
2.990553605874e-01 -3.253349866022e-03 -1.755084553739e-01
1.229346450773e-01 1.285330458444e-02 1.449671395373e-02
-1.740806831693e-01 -1.005021503001e-02 2.271954873649e-01
-2.121981752525e-02 5.011884648173e-03 1.248385038582e-01
-1.419320932354e-02 -1.034870997099e-03 -3.695578831226e-02
-1.374208161706e-01 -2.980544364787e-02 -8.623398825882e-03
1.558091437098e-01 2.692445906581e-02 1.861228401197e-01
4.252394039960e-02 -9.922377616056e-03 -9.906805531604e-02
3.418569673961e-02 -1.415876220719e-02 1.246758227561e-01
-7.001440232283e-02 1.147466496521e-02 -8.709365048876e-02
1.503139806824e-01 1.103551331677e-02 6.475383819154e-02
2.208365930194e-03 2.804025135042e-04 -9.442036880360e-04
Mode 26
-6.521821790247e-05 -2.535532175056e-03 -1.434098577556e-04
-2.087284110862e-04 9.543035597292e-03 1.020995337721e-03
6.013165439999e-04 2.246462073177e-02 1.390032102690e-03
6.064290636349e-05 -8.233031020051e-02 -1.809624554813e-03
-4.680091392064e-04 2.819035010309e-01 5.764260410375e-03
1.342012469196e-03 -1.816388215259e-01 -5.465418091206e-03
4.112125801421e-04 -2.352163186231e-01 -5.383645042806e-03
-2.503031480075e-03 3.227736274682e-01 7.552750743256e-03
6.943736798878e-04 -8.233503121038e-02 -2.042697042171e-03
3.259355089287e-04 2.667633507839e-02 1.495836087284e-03
-1.489928823859e-04 3.330690915656e-03 2.581879500991e-05
1.117241009284e-04 -1.243593913889e-03 -5.494990905399e-04
-5.396614627718e-04 -2.459960540270e-03 -8.279932027651e-04
-9.100048397408e-04 -1.621018065458e-03 -1.031884417410e-03
3.573687396473e-03 -4.488237815411e-01 -8.613466246639e-03
-2.624268240021e-03 2.988067495611e-01 6.279481779221e-03
-3.307894183423e-03 3.875240139574e-01 9.118221592543e-03
3.371475025124e-03 -5.212552148224e-01 -1.060216836168e-02
-4.109763644010e-05 -2.300499985514e-04 -2.038310758132e-05
Mode 27
-3.393844307028e-04 1.026335078728e-04 1.831934988926e-04
1.383241298829e-05 2.859493037970e-03 5.825730949433e-04
-3.615124400253e-04 -1.768392526844e-02 -3.396742828808e-04
-1.173305704398e-04 3.480944532937e-02 1.231063604459e-03
-5.060984780824e-04 -2.271034171355e-01 -5.692786900600e-03
-2.953817772651e-03 3.261690890070e-01 1.013714343663e-02
4.682451212863e-03 -2.831236906305e-01 -5.520810408581e-03
5.909041244279e-05 1.739158891898e-01 1.978599083577e-03
-4.773861850095e-04 -2.287457808997e-02 -9.338571264767e-05
-3.151734995319e-04 1.451797577736e-02 2.729509305439e-04
1.183043233240e-03 -3.921173907149e-03 -1.873194591876e-03
-2.015615661226e-06 -4.104455895412e-05 3.338302380954e-04
2.678318635795e-04 5.881902136504e-04 2.936199232658e-04
-3.266827781247e-04 2.885701861197e-04 -4.276275932363e-04
-4.212011873382e-03 3.826008400723e-01 5.211184521060e-03
3.122505337932e-03 -5.332583140299e-01 -1.116483060077e-02
-2.186456913781e-03 4.574577458882e-01 1.042103976681e-02
1.017446351084e-03 -2.979039365282e-01 -9.222917551290e-03
-2.747559983796e-05 -4.620716557281e-05 -7.219042847069e-07
Mode 28
-8.109894737163e-03 -2.563433533661e-03 3.140295085699e-02
-1.628605954009e-02 1.065691853746e-03 2.306763196142e-02
-1.465540214923e-02 7.044888239510e-04 -5.487717512907e-03
3.638538206426e-02 1.009871557426e-03 -6.040181808174e-02
-2.441854446393e-01 1.873992373536e-03 -4.594405274563e-02
-1.785632406417e-01 -1.333395580276e-02 4.083186090466e-01
4.223774678120e-01 2.950524973379e-03 7.513216626316e-02
1.207927080457e-01 5.608831439564e-03 -2.302573875076e-01
-7.229902924821e-02 -1.238600488457e-03 2.054109007899e-02
1.818077070615e-02 3.014106041594e-04 8.611294308811e-03
4.360672470427e-02 -4.214700510060e-04 -1.763531655701e-02
-2.493115391295e-03 1.773025727754e-04 1.598926559674e-03
4.003603607560e-02 6.612538168079e-03 1.158479192666e-02
-2.652794546588e-02 -4.186214595138e-03 -3.171164281266e-02
-2.467841154460e-01 2.180953052836e-03 -3.554322039211e-01
-1.853374174499e-01 -9.855144794210e-05 1.242757102685e-01
2.072181044257e-01 1.284919546368e-03 -8.826035795573e-02
-1.408811833903e-01 8.654051961299e-03 -4.015318287649e-01
-1.767469382136e-04 -7.620968690383e-05 5.029435352497e-04
Mode 29
1.390165717233e-01 1.700692378698e-02 -1.479419026912e-01
1.450350913176e-02 -1.033824060125e-02 -8.388054535576e-02
9.925677998936e-02 -7.966968430259e-04 -4.654055346617e-02
2.096167940174e-02 4.004152826889e-04 -8.195336010780e-02
-1.782280072499e-01 -4.018648839067e-03 1.178170086482e-01
2.512194400672e-03 7.536086997080e-04 -2.185562737588e-02
1.522783824531e-01 3.195947841330e-04 8.863200546191e-03
-1.685600969345e-01 -2.104134521163e-03 7.309216601428e-02
9.135848899845e-02 5.145560177894e-03 -1.894305922351e-01
1.092519569512e-01 1.856281739358e-03 -8.714084406987e-02
-3.674247026100e-01 -3.361024727023e-03 6.354706229357e-01
1.720740238185e-02 -5.593927619129e-04 -1.201832240741e-01
-2.477469099703e-01 -4.835891725313e-02 -6.031239462439e-02
2.133537261153e-01 2.442171115680e-02 2.488089317695e-01
-4.717873159671e-02 -1.350797982933e-04 5.044338402910e-02
3.453683047126e-02 -3.492559923684e-04 -2.554636175939e-03
1.190324708855e-01 4.351795034471e-03 -1.116419228072e-01
-3.635213021031e-02 -2.757450909927e-03 4.560636067371e-02
4.632892472996e-03 2.999280701969e-04 -1.751635215400e-03
Mode 30
-3.532569427915e-02 2.782840860914e-02 -3.863200183960e-01
9.319543104680e-02 -2.573899979409e-02 3.312453491641e-02
-9.440102651479e-02 -7.324265036894e-03 4.025451812424e-01
2.538822471311e-01 -4.544395095748e-03 2.217786243830e-01
4.324113695190e-02 1.513953108939e-03 -3.203705547539e-02
-2.063238929875e-02 2.827945322447e-03 -1.415458686717e-01
6.926949904684e-03 -8.604126760470e-04 4.869161717574e-02
-6.310943714395e-02 -6.947073333090e-04 -3.025651866678e-03
-2.529677058603e-02 8.245959686479e-04 3.860168623242e-02
-1.058514312647e-01 -3.784664736350e-03 1.017862617936e-02
1.182251564574e-01 1.260098397643e-02 -2.439186734575e-01
-3.506912834530e-03 -2.576078333044e-03 4.403658868158e-02
-4.731057074340e-01 -6.293759656139e-02 -1.362667779442e-01
2.125958595727e-01 5.463696194793e-02 2.638426569959e-01
-6.303915744430e-02 2.991387728587e-03 -1.733359619259e-01
-2.694976028213e-02 1.024132493485e-03 -4.478162927494e-02
-6.412162386299e-02 -3.154507200680e-03 1.137882343873e-01
-7.621396129436e-02 1.868542084616e-03 -1.048731240254e-01
-9.827886180622e-04 4.515337836311e-04 3.909333408511e-04
Mode 31
-1.959779003709e-03 4.126169956795e-03 -3.882718893046e-02
1.191553958145e-02 -2.483408917832e-03 1.844518343798e-03
1.329756275096e-01 -4.966980282624e-04 -1.055946780520e-02
-9.488026545073e-02 -1.023231941770e-03 5.779266681006e-02
2.616738251815e-01 8.554178997042e-04 1.013198441677e-02
-1.684050654323e-01 -1.158980883795e-03 1.675521350938e-02
-6.558533298575e-02 -2.769693606748e-03 1.084027522513e-01
1.466157632982e-01 6.018389535882e-03 -2.217484882087e-01
-9.174265220402e-02 8.990429750284e-05 -1.352004386816e-02
9.245475596523e-02 1.992648544617e-03 -9.088134784718e-02
-9.788863572674e-02 -1.028800907503e-03 1.438187677450e-01
6.305313769483e-03 -2.013317023291e-05 -2.238674847289e-02
-3.797415789811e-02 -7.585455987818e-03 -1.415793843619e-02
2.059415258462e-02 1.025549059158e-03 2.483236592552e-02
2.653652827646e-01 -5.568523719512e-03 3.748339255561e-01
-4.694017339842e-01 -3.381878393269e-03 -1.395341293455e-02
-1.938024531012e-01 -8.457373882275e-03 3.055246813896e-01
-1.254144559218e-01 7.848721183732e-03 -3.833747514513e-01
8.094186627163e-04 3.241578490643e-05 -1.305463344433e-04
Mode 32
-6.489868096141e-02 3.559440964844e-03 -6.293203698888e-02
6.714335203220e-02 -4.574745308819e-03 5.774643739681e-03
1.274116040077e-02 -1.827579303882e-03 1.552837769399e-01
-2.375193775798e-02 -9.493118390845e-04 3.886322025074e-02
8.579812999580e-03 -6.993453955846e-04 1.361695852528e-02
-1.763206093945e-01 -7.882208001325e-04 -1.082621047543e-02
1.248362398012e-01 3.982401381992e-03 -1.392765646223e-01
6.462401346055e-03 -1.246757432694e-03 3.484556189218e-02
2.165049159493e-02 2.585500254631e-03 -6.703110249870e-02
-2.446711470235e-02 -2.272100110016e-03 1.063099127516e-01
7.229345823179e-02 1.848819366457e-03 -1.221821106927e-01
-6.642277492282e-03 -3.215045773922e-05 1.666121539643e-02
-5.081998236943e-02 -1.522255637350e-03 -1.971395838869e-02
-1.861026768972e-02 2.981535552834e-03 -1.759569080600e-02
1.164027081283e-01 -3.522410505012e-03 2.325993532965e-01
-5.608674406434e-01 -3.928637072545e-03 -2.287373340727e-02
3.235968151065e-01 1.361111815815e-02 -4.808961674305e-01
1.717657364354e-01 -5.918639441080e-03 3.220382700358e-01
-4.707638145138e-04 -3.737899265596e-06 1.204525287298e-04
Mode 33
3.798606138151e-02 -4.886094855359e-03 4.400981211216e-02
-6.205940243158e-02 3.554836388920e-03 -2.825728499516e-02
-2.026980262785e-01 2.827688252454e-04 2.803183729770e-02
3.041039858616e-01 6.951617389898e-03 -2.915087991260e-01
-1.720637560901e-01 -2.739982312143e-03 7.294695291161e-02
-7.222849952180e-02 -5.487499182440e-04 3.882473892174e-03
-5.420323890818e-02 -1.517769816877e-03 4.636294948864e-02
-1.513862152434e-01 -3.305002943254e-03 1.037302068599e-01
3.983319593279e-01 2.808749986753e-03 -2.763960020868e-02
-1.528807079959e-01 -3.215799657916e-03 1.384857051397e-01
1.188222283022e-01 7.542390215817e-04 -1.172691094255e-01
-7.505125522081e-03 -2.447639070315e-05 1.472385071182e-02
3.419727859747e-02 5.467585944404e-03 1.539206589900e-02
6.569667716123e-03 1.258832550171e-03 5.332528263722e-03
1.485161827133e-01 -7.958241122088e-03 4.310454860546e-01
1.502790160178e-01 6.896203410071e-04 9.667782566646e-03
9.045295694606e-02 4.247532891721e-03 -1.537965907528e-01
-2.623260492636e-01 5.855328323433e-03 -3.614615303211e-01
-6.383778384404e-04 -5.976659520999e-05 4.678624190049e-04
Mode 34
-1.612104037313e-01 2.114874765062e-04 -2.921882019757e-02
2.736114086361e-01 -5.231759083597e-03 -6.214767677713e-02
5.221906848143e-02 -2.564280060513e-03 2.603546881179e-01
-4.622359903060e-02 7.132507633139e-03 -2.995571545563e-01
-3.106308443175e-02 -3.492064152469e-03 1.336261887952e-01
-1.067586085358e-01 -1.999053533521e-03 5.177942630573e-02
2.013460520362e-01 1.653530817502e-03 -4.843760683010e-03
-3.485109473884e-03 2.043916384274e-04 -3.649850014023e-02
-1.667337184312e-01 1.104498870867e-02 -5.502706303010e-01
-6.803905691361e-02 -6.452808885313e-03 3.587730938083e-01
1.114623046285e-01 -8.840222127198e-04 4.299584530957e-02
-1.665565268732e-02 4.497211919037e-04 -1.281096651072e-02
-1.373701716406e-02 1.494515961580e-02 -6.096146820369e-03
-1.211557572957e-01 -2.745554260415e-03 -1.361961599665e-01
1.602580259258e-03 -9.376549448914e-04 6.878522661501e-02
1.278935191284e-01 3.437462863176e-04 2.604416993583e-02
-1.268210483806e-01 -7.303343612550e-03 2.937313284768e-01
7.671155700435e-02 -1.807634495849e-03 1.206472344414e-01
5.806722316755e-04 -9.216188967889e-05 5.553307630884e-04
Mode 35
1.584869669898e-02 -6.000958742640e-03 1.126365270825e-01
-6.806515695698e-02 1.092564919852e-02 -1.255318054621e-01
-2.690985956576e-01 4.494175667528e-03 -2.317235051161e-01
2.600143698969e-01 -7.013566161766e-03 2.818606398729e-01
-4.015568330501e-02 -3.631658683629e-03 1.638987317294e-01
2.220688771272e-01 3.831108906537e-03 -1.013900842946e-01
3.009417659903e-02 -1.925659654729e-03 8.969546651350e-02
-2.458690579115e-01 3.477434956319e-03 -2.307991685248e-01
2.415487908302e-01 4.783712222879e-03 -2.155768577371e-01
-1.883943828866e-01 -2.529432565401e-03 6.944045325451e-02
2.218639282283e-01 -1.238682616816e-03 1.713990796755e-01
-1.207671063470e-02 -2.038803750624e-04 -1.904415445406e-02
1.351965997439e-01 6.575155782623e-03 3.723746942690e-02
-1.868184706951e-02 -1.413850134719e-02 -7.061324448497e-03
-1.079761289488e-01 2.208524736185e-03 -1.456147264530e-01
-3.715401995929e-01 -1.665653957157e-03 -4.766480084599e-02
-1.012415425418e-01 -5.252353058061e-03 1.936745727068e-01
3.316638748032e-02 -2.392651821351e-03 1.258518185911e-01
5.482328777951e-05 -6.550022202005e-05 1.438488673831e-03
Mode 36
1.932057395888e-01 1.591474933942e-03 1.754360376191e-02
-4.855523110567e-01 7.840917970012e-03 7.461699481263e-02
-1.359021746119e-02 4.429104717842e-04 -1.111996019298e-01
3.638269774464e-01 7.118713526647e-03 -2.709477465757e-01
5.592495657273e-03 -4.415093346641e-03 2.007384399287e-01
-1.618929694566e-01 -1.735034616687e-03 2.445855696374e-02
1.815753721237e-01 5.973512845657e-03 -2.066613273450e-01
3.561103354850e-02 -1.079001951177e-04 3.470017199722e-02
-3.904584405265e-01 -5.432767091857e-03 1.159556693583e-01
5.101110221732e-02 5.105802813437e-04 -1.208985857912e-02
1.476312368269e-01 1.046960106348e-04 -5.528772237338e-02
-3.875237174127e-03 -2.576338390428e-04 7.782898509350e-04
5.023223475698e-02 -2.182371314080e-02 2.523205050488e-03
1.680501226096e-01 -6.545137290157e-03 2.001370054419e-01
1.828832572982e-02 -1.785372606630e-03 9.535394156803e-02
-3.025660438484e-02 -5.423231562705e-04 1.072041421834e-02
-9.232911001338e-02 -4.418725082841e-03 1.664389479400e-01
1.047114054450e-01 -3.981766660943e-03 1.861768187862e-01
-6.218143854569e-04 -8.522439291251e-05 9.198767238729e-04
Mode 37
3.315964725135e-02 5.744491717366e-03 -1.006088078075e-01
-1.777804410349e-01 -1.131500015805e-02 3.245536934507e-01
1.892231475300e-01 5.137942720630e-05 -6.759457826756e-02
-1.558624275656e-01 3.126414272603e-04 1.492555335534e-02
-2.593126039836e-01 6.665409934857e-03 -3.703490009883e-01
1.605795504066e-01 -2.560266217683e-03 1.723809170751e-01
-3.194531116336e-03 -6.489984872680e-03 2.811905106502e-01
-4.376979482638e-02 8.155262073232e-03 -3.688373364610e-01
2.026697472697e-02 5.901739213911e-04 -4.900074719436e-02
-1.659367888972e-01 -2.253554214082e-03 -2.443538937068e-02
3.009519961684e-01 3.883921240269e-03 5.345738868931e-02
-4.340665274390e-03 -1.049962636428e-03 -1.169417194577e-02
-1.354176908549e-01 -1.496618083209e-02 -3.484150558952e-02
7.313105934269e-02 1.777481462061e-02 8.292602032617e-02
1.001434973382e-01 -5.685212904905e-03 2.579715639505e-01
1.396400157625e-01 -7.975438372403e-05 6.249135698403e-02
4.733975397385e-02 -6.705141739322e-04 2.509036540919e-02
1.462411918962e-01 -2.222095072262e-03 1.689411787510e-01
-8.165379441061e-04 8.395959789447e-05 1.438257025898e-03
Mode 38
-1.436068832795e-01 -3.146044477274e-03 9.544352480307e-03
4.235986981135e-01 -1.665065561168e-02 1.138709053228e-01
-2.022202144058e-01 5.142511180781e-03 -1.802589553550e-01
3.321952007407e-01 6.591288536157e-04 1.711508015237e-02
2.121617142868e-02 8.705684843960e-04 -1.220946399582e-02
-1.722913532547e-01 -7.360432045914e-04 -2.291586156594e-02
3.831238930750e-02 -1.607426128342e-04 1.944243175466e-02
8.772495321877e-02 1.223653191347e-03 1.372241406089e-02
-2.734301979237e-01 -6.967476797231e-03 1.857059996529e-01
-2.418737262757e-01 3.891375729118e-03 -3.574055999923e-01
1.801304328439e-01 1.606497617107e-03 3.121712150682e-01
2.497220087397e-03 -1.036539723956e-03 -1.357646439741e-02
-1.497086896204e-01 2.158807598706e-02 4.780721110495e-03
-1.670843283203e-01 2.955214201469e-02 -2.181109183379e-01
6.173062483952e-02 -1.707844119071e-03 9.829518088884e-02
1.187992400344e-01 6.609390273985e-04 -9.217157711692e-04
5.381449191616e-02 1.316717337011e-03 -5.514451704357e-02
4.610983314519e-02 -1.089068087456e-03 3.774266890482e-02
9.522002196321e-04 2.230248326398e-04 1.086819878675e-03
Mode 39
2.901086980967e-03 5.433793540693e-03 1.829302935621e-02
-2.009421336397e-01 1.810275363765e-02 -1.546786137652e-01
-9.657382580127e-03 -7.536777863470e-04 -2.767162528210e-02
4.333734710395e-02 -7.634744435834e-03 3.198269500872e-01
1.948025386415e-01 1.532182613541e-03 -1.137364596635e-02
-2.745588636978e-01 2.231418000871e-03 -1.802720231674e-01
-1.109300770277e-01 -7.959091662818e-03 3.187021134209e-01
2.267769721965e-01 1.132023531541e-03 2.046536167345e-02
-2.216126322415e-01 5.965809008178e-03 -3.721325948563e-01
-3.392376989730e-02 -1.356900592113e-03 7.239011916640e-02
1.664822517098e-01 -2.341563493717e-03 1.016725006920e-01
-9.622052887404e-03 4.395702284002e-04 -1.158268024132e-02
2.197453039665e-01 -2.064405091179e-02 3.819539979029e-03
9.003591952524e-02 -4.425398297882e-02 1.637084233410e-01
5.027154267994e-02 1.160398185252e-03 -4.734677768699e-02
2.513350609411e-01 2.823121851913e-03 -4.939464312730e-02
2.035804075317e-01 7.483548778274e-03 -2.606982132908e-01
2.354751066029e-03 3.440894820286e-03 -1.427714445939e-01
-1.400369049873e-04 -2.095381984351e-04 1.244209771715e-03
Mode 40
-4.458033135752e-02 1.470728291944e-03 4.341272344622e-02
9.169126061549e-02 1.732865440951e-02 -3.330542101702e-01
-1.377114326562e-01 -2.587324868401e-03 1.186525445717e-01
2.149147292904e-01 -6.069697735341e-03 2.770998776366e-01
-3.954661351554e-02 7.226510601738e-03 -3.218531950009e-01
-2.506672118240e-01 -4.455507599929e-03 1.172618141078e-01
2.264359214355e-01 1.814598970301e-03 -7.549396558484e-03
-2.008613706353e-01 4.106573706143e-03 -2.635438907225e-01
4.037737974229e-02 -3.571349751773e-03 1.759958120736e-01
2.050411397799e-01 1.515817713447e-03 6.788424472781e-02
-2.945740360775e-01 -2.784511629141e-03 -8.160879801509e-02
2.339881861874e-03 8.058946974198e-04 7.443226128922e-03
1.999144414989e-01 -6.235527424307e-03 1.395930793554e-02
1.036705324348e-02 -3.619575878626e-02 5.260933957603e-02
1.340160367548e-01 -3.258176982149e-03 1.822918997505e-01
2.090871210119e-01 1.087231426166e-04 5.239351487847e-02
-1.088103993481e-02 -2.966644237197e-03 1.347037790937e-01
8.545756166061e-02 -3.746450294043e-03 1.925094963887e-01
4.569086956241e-04 -4.618025192892e-05 -1.340251955109e-03
Mode 41
-2.948361591333e-01 2.489012612927e-02 -1.399309726092e-01
1.345752564191e-01 3.328745713220e-02 -1.391258747892e-01
8.862848514647e-02 -5.682466488672e-03 2.487549360020e-01
-1.415549531684e-01 1.864579766585e-03 -1.467008514919e-01
-3.215331633651e-02 -7.562072376046e-05 4.990886324197e-03
5.919159480870e-02 -5.409638274221e-04 4.613023910057e-02
1.502683075318e-02 2.458015973394e-03 -1.100179023840e-01
-1.940786245951e-02 -1.436770879114e-03 6.835095486562e-02
6.063773511791e-02 -2.968095536002e-03 1.584857883276e-01
-2.244063470524e-01 3.656466897902e-03 -2.656056719071e-01
2.345083958930e-01 -3.816329665435e-03 1.622887823300e-01
-3.275849883297e-03 1.289962111061e-03 4.154930831563e-03
5.262650128471e-01 -5.713937100373e-02 -5.084951743234e-02
1.576665364374e-01 -1.274780548312e-01 3.962645118578e-01
-1.845948754933e-02 -1.965145271406e-04 -7.009917512169e-03
-4.966431418951e-02 -6.847754175301e-04 1.324878694780e-02
-4.474782481680e-02 -1.056659943959e-03 3.750823957016e-02
-1.991697346600e-02 -5.159141871532e-04 3.481596482530e-03
-7.837336142731e-06 -3.364110211271e-04 1.083346672530e-03
Mode 42
5.428429403709e-02 -2.906632888888e-03 -2.201447002976e-03
-1.217245206962e-01 -7.979512358833e-03 1.620570998236e-01
5.261251818582e-02 2.911692998276e-03 -1.471402150690e-01
-2.849986453744e-01 -6.699795690733e-03 2.370290670612e-01
2.354998743116e-01 1.966257667074e-03 -3.397166253379e-02
-4.429604348108e-01 -4.386918891574e-03 5.485145650458e-02
2.975439140825e-01 9.744417082986e-03 -3.410833422067e-01
-1.557933947681e-01 -5.202689147724e-03 1.836676893379e-01
3.487893737060e-01 4.584466543023e-03 -7.523135338399e-02
-1.675673122423e-01 -3.497239800073e-04 -8.998363467756e-02
2.074691153639e-01 1.492984126160e-03 4.491529169750e-02
-1.498716187255e-03 -4.289139763390e-04 -2.043081173972e-03
-1.071850043010e-01 6.317530555399e-03 -4.027256648289e-04
-3.341263326802e-03 2.215551239931e-02 -3.332489034936e-02
5.798317796876e-02 1.529556825093e-03 -5.098319133919e-02
1.414588590765e-01 5.543901480354e-04 2.773401406452e-02
-6.199216367757e-02 -3.374932519535e-03 1.301059223848e-01
-7.497575545703e-02 -1.052231828677e-03 1.701909243485e-02
-4.725533938280e-04 -4.755621147529e-06 8.650602583302e-04
Mode 43
2.047046048224e-01 -2.958258441850e-02 1.489428502906e-01
-2.074777140347e-01 3.726708733468e-04 -4.614611326456e-01
1.199041076204e-01 -6.525813423336e-03 3.621924274087e-01
-1.454867108696e-01 4.677564346991e-03 -1.973386245062e-01
1.183548260571e-01 -3.149871614405e-03 1.748149021032e-01
-1.121434029389e-01 1.269339168452e-03 -9.602783636694e-02
-1.050265160467e-02 -4.491553891457e-03 1.919540260228e-01
-8.761801051922e-02 5.126815518845e-03 -2.494234139910e-01
8.825710302449e-02 -4.104526334290e-03 2.301554184493e-01
-1.175926887113e-01 2.615796377083e-03 -1.961828481292e-01
1.867667327454e-01 -4.257678387457e-04 1.165420729382e-01
-5.193303815039e-03 -7.463951364363e-04 9.578494924063e-03
-2.057779338610e-01 5.625354811560e-02 5.627234545648e-02
-9.489624472365e-02 7.289425288970e-02 -2.321355217602e-01
-2.512983296536e-02 1.688726528676e-03 -7.258745417226e-02
5.276141092239e-02 1.087343963936e-03 -2.822081128591e-02
5.764841379484e-02 1.171409848903e-03 -2.898680834013e-02
5.459904280196e-02 -1.482950507267e-03 6.958349265185e-02
3.204227543136e-04 -4.392410613430e-06 8.243992479979e-04
Mode 44
1.347018405800e-01 -1.667675421738e-02 1.121291457730e-01
-1.581444285287e-01 2.395231312296e-03 -3.449614353710e-01
2.902324814283e-02 -4.016768665642e-03 1.860092770421e-01
6.073786553052e-02 -4.477387527833e-03 2.406502756090e-01
-2.436585321545e-01 6.542628687961e-03 -3.552003950552e-01
2.566457546126e-01 -2.420604431396e-03 1.813221474678e-01
-1.797520399558e-02 6.375858745748e-03 -2.882092464641e-01
1.480381068615e-01 -7.151112130520e-03 3.748184061084e-01
-1.690642803108e-01 2.084761198717e-03 -1.656493351561e-01
-7.285479022246e-02 1.106153113144e-03 -8.882025995695e-02
1.464444389710e-01 -7.009923752744e-04 1.243324633760e-01
-6.565904940220e-03 -4.435476054852e-04 -1.948200572164e-03
-1.035734502095e-01 3.056041296858e-02 4.063679639020e-02
-5.724761191786e-02 4.062062889730e-02 -1.407424268287e-01
3.684616865599e-02 -2.621497414775e-03 1.236708108977e-01
-9.189127047737e-02 -1.878922348333e-03 5.516810330046e-02
-9.511777523929e-02 -1.504022967393e-03 3.840124102469e-02
-7.337500019249e-02 1.644696424352e-03 -9.700307097139e-02
2.270563510941e-04 -3.215181980038e-05 1.019080888579e-03
Mode 45
-1.338540719775e-04 -1.581700742299e-04 -1.478597753135e-04
3.059611339941e-04 7.978746186390e-06 7.179431755892e-04
-2.593945728003e-04 3.540670898093e-05 -6.065067242014e-04
-4.452698503525e-04 1.032786537523e-05 -1.594769624772e-03
-5.735254820947e-02 -1.071477315863e-03 3.476360556263e-02
4.092618494822e-03 4.479415099301e-03 -1.976727726703e-01
1.436156262520e-01 -1.220685134418e-03 9.832464680424e-02
-6.490979516679e-02 -1.058879425104e-03 3.003063897430e-02
9.696324177679e-04 -2.694851809880e-05 1.749184038250e-03
4.031454835344e-04 4.060758206763e-06 4.651513259072e-04
-5.560423112298e-04 -9.220085861904e-06 -4.354538336194e-04
2.142954357206e-05 3.123624266867e-06 1.047327122596e-04
-9.400607438006e-05 3.606848082387e-04 -6.034021157548e-04
-4.150658492366e-04 1.337887330254e-04 2.914757497725e-04
2.125149612338e-01 3.551665603706e-03 -1.067655145588e-01
-2.512865140072e-02 -1.527582033168e-02 6.693502809344e-01
-4.968538344087e-01 3.898512353837e-03 -3.249267813192e-01
2.210439995958e-01 3.938317666446e-03 -1.190304656117e-01
1.734024044496e-06 -1.018385480870e-06 -7.329269064575e-06
Mode 46
-5.270870309205e-05 -3.317193887541e-05 -4.054931744767e-05
3.327314122802e-04 1.762512093307e-05 -5.212816420630e-04
-1.012733475447e-04 -1.557476171969e-05 4.281609850497e-04
1.493663420948e-03 -1.108214351096e-05 1.821790502287e-03
8.306090722944e-02 1.530804918874e-03 -4.879579922914e-02
-1.294664536917e-02 -3.751128160220e-03 1.624063057905e-01
1.385665667356e-01 -8.164925293246e-04 7.923550609266e-02
-1.312295103173e-01 -2.223199057905e-03 6.409994825031e-02
2.324987987889e-03 -6.065250519184e-05 3.689529582962e-03
3.848319156233e-04 3.499181959302e-06 2.886720427686e-04
-7.080341721010e-04 2.506382036284e-06 -3.133953872658e-04
1.065408112779e-05 -2.612642505825e-06 -2.526273557471e-05
-4.427839090218e-05 6.018791158966e-05 -6.703844811343e-05
-1.069684582855e-04 4.750729231584e-05 3.662129169392e-06
-2.952729070319e-01 -4.939985302015e-03 1.484075699927e-01
2.339344112772e-02 1.221257612337e-02 -5.336892148280e-01
-4.434454624598e-01 3.346692150200e-03 -2.847654088629e-01
4.354649489771e-01 7.764815519805e-03 -2.347917013451e-01
-3.334862244138e-06 1.430349373408e-06 -1.706220807136e-05
Mode 47
1.384685387823e-04 6.261404708916e-05 3.963976437765e-05
-7.360222135631e-04 -1.049449230161e-08 -4.774770310538e-04
1.968643296124e-04 -8.633790048221e-06 -5.594235080065e-04
3.868491032924e-04 -1.350589212818e-04 7.564186188161e-03
1.488050499669e-01 2.404278626029e-03 -7.140975110044e-02
-1.185741105672e-02 6.260781059269e-04 -3.117570512203e-02
9.679557509465e-02 -1.092277360459e-03 7.773358795019e-02
1.798835538877e-01 3.435079422668e-03 -1.049838333348e-01
-7.332152205211e-03 5.630410025193e-05 -6.652220988597e-03
4.615540056901e-04 -2.497510368196e-06 3.343504833005e-04
2.783257084386e-04 -2.424948837157e-06 7.301535101665e-04
-2.897052854143e-05 1.626446187963e-06 -2.300299326706e-06
3.726941822089e-06 -1.761181765482e-04 2.666919051810e-04
2.826927916464e-05 -1.497224726715e-05 -1.505815447667e-04
-4.855684236639e-01 -8.055496630850e-03 2.406132184036e-01
1.103133288769e-04 -2.167019282805e-03 9.607113819056e-02
-3.263773266815e-01 2.631011339173e-03 -2.162075865582e-01
-5.928298491496e-01 -1.066498755710e-02 3.238369391538e-01
7.098927343398e-06 -1.007990292515e-06 1.932851324874e-05
Mode 48
1.563029167782e-04 8.382236903528e-05 1.503601077168e-04
-3.197121423532e-04 -3.983425565941e-05 6.927179687993e-04
3.592262196921e-04 1.273162950981e-05 3.857956034179e-04
-2.465621894971e-03 1.376411393290e-04 -8.713196600517e-03
-1.902682443382e-01 -2.980584586414e-03 8.649753567028e-02
3.720225435935e-04 -3.028268095522e-03 1.336077727191e-01
9.726611269727e-02 -7.665815242990e-04 6.376005271651e-02
1.041247219973e-01 2.033581348009e-03 -6.291061419005e-02
-2.812639891615e-03 8.977994343088e-05 -4.463850059214e-03
-2.491287874287e-04 -1.358027362997e-05 2.047545241326e-04
7.112498906994e-04 -3.697145187734e-06 -1.011735148540e-05
2.411660168558e-05 8.963781582149e-06 1.217672385711e-04
2.071203921437e-05 -1.405320642618e-04 2.463046071398e-04
2.732488884274e-04 -1.354428682922e-04 -1.835589454372e-04
6.054307498895e-01 1.000059573352e-02 -2.981640539008e-01
1.534163361493e-02 9.455671040739e-03 -4.140264337281e-01
-3.046138992641e-01 2.369159752755e-03 -1.975889944894e-01
-3.404224858708e-01 -6.151588887098e-03 1.869546184518e-01
2.849494922792e-06 -2.131906565304e-06 -3.058186504635e-07
Mode 49
1.623033295562e-01 -7.527935868898e-02 8.606196165680e-02
-3.675116627922e-03 -3.572861568602e-03 -3.605624866220e-03
-1.556942351631e-03 -7.790928169762e-04 -3.147634500545e-03
1.418386204136e-03 7.292245275612e-04 6.554468275413e-04
-2.097993615174e-04 -1.900206295003e-05 -1.945127360072e-04
-8.459697702214e-05 -4.218898954050e-05 3.097356990690e-04
-2.413542937666e-04 1.122980408313e-05 -3.513648146290e-04
4.775831647766e-04 -1.379681004145e-04 9.527900026396e-05
-8.396893970723e-04 1.498795424115e-04 -5.199177896065e-04
1.207867963183e-03 -4.086135691234e-05 9.930641471555e-04
-2.839477606194e-03 3.270040791797e-04 -2.627505937869e-05
2.395625062741e-05 1.848787327116e-04 -2.859030733090e-06
1.299002649828e-02 2.033860242708e-01 -6.558661834761e-01
-5.953319202128e-01 8.854013803457e-02 3.557545864774e-01
-1.716789189791e-05 1.132362510831e-04 5.873565158555e-05
1.889426887015e-06 1.861184331530e-06 -5.826251994222e-04
1.761444599967e-04 4.729483447787e-05 1.014671060792e-04
-4.844468165335e-04 3.449793429653e-05 2.113615489189e-04
-3.381277309760e-05 -4.921042736482e-05 8.844225963513e-06
Mode 50
1.525865630017e-01 3.055683806714e-02 -2.633833592544e-01
3.275341455503e-03 4.129564265514e-04 -1.339680100969e-03
7.760969304068e-04 5.232355873695e-04 1.037212941143e-03
-3.826281470877e-04 -1.869625048267e-04 4.349013172501e-05
4.098611530998e-05 -3.529349100780e-05 2.104682052733e-04
-1.608874360905e-04 2.364017110497e-05 -4.647232926838e-05
9.754401513600e-05 1.306877424691e-06 -1.032594596163e-04
3.126122480259e-05 4.030173509668e-05 1.045680295328e-04
-1.078364504888e-04 -2.125348518703e-05 -1.762206498117e-04
1.714453991152e-04 -1.597007694381e-05 -1.258123977353e-04
-1.700421554414e-03 -2.147285745749e-04 2.067686485872e-04
-6.691896315064e-06 -1.634122303361e-04 -6.859674293294e-05
-8.425816022722e-03 -2.098813566708e-01 6.457172176309e-01
-5.680843824136e-01 9.429656514124e-02 3.372108149587e-01
1.095574769747e-04 -3.543054290409e-05 -1.159549136907e-04
-2.186130458873e-06 2.331275331280e-05 2.956717941842e-05
-6.346430997348e-07 -3.225004058328e-05 -1.521513924666e-05
7.949799880326e-05 -2.737031892760e-06 -6.798365345508e-05
2.064168986831e-05 4.946833135224e-05 -1.485674930870e-05
--
Dipole derivatives 
Mode 0
2.387721131402e-03 -4.437023963580e-02 -7.448521632855e-03
Mode 1
-2.774974417734e-02 -8.702447390855e-03 2.162906866882e-02
Mode 2
-1.700649541389e-02 -4.565868983334e-02 2.821805888237e-03
Mode 3
5.350578730112e-03 6.220261538387e-02 5.310546210271e-03
Mode 4
1.477666248460e-02 6.247231526398e-03 -8.532817887251e-03
Mode 5
-1.846960723703e-02 -4.824101420474e-02 6.280261372006e-03
Mode 6
-8.589101463687e-02 -1.432018837300e-02 2.395972470615e-02
Mode 7
6.972746627755e-02 1.560568447926e-01 -1.098508844627e-01
Mode 8
-6.278798714300e-02 -3.231706374248e-01 1.927801453218e-01
Mode 9
6.023799770702e-02 9.323488935383e-02 -5.147388746136e-02
Mode 10
3.007991713996e-02 4.875148105817e-02 -7.974073343658e-02
Mode 11
6.714175384939e-02 -7.940607152814e-02 7.342737325994e-02
Mode 12
-4.163276701267e-02 -3.037050110419e-02 2.397777016786e-02
Mode 13
-2.479651945322e-02 1.274060543473e-01 -3.024488784253e-02
Mode 14
-3.294082758000e-02 2.157039749815e-01 -7.132956356841e-02
Mode 15
-9.870034843367e-03 -3.624163166979e-02 7.906672279906e-03
Mode 16
-1.529874681195e-03 -7.554062761495e-02 1.798300247206e-02
Mode 17
7.603453929058e-02 2.033313964724e-02 -9.424288982286e-02
Mode 18
-7.569040753591e-02 1.800093619129e-02 4.199979301026e-02
Mode 19
4.968266659629e-02 5.278961683701e-02 -1.648901847975e-02
Mode 20
-3.564414838182e-02 4.740532730180e-02 1.971879275607e-02
Mode 21
1.905058994858e-02 2.220450822445e-01 6.332172352046e-02
Mode 22
-6.785698768982e-03 -1.361710671602e-02 1.371298286079e-03
Mode 23
-9.782041859333e-02 9.259470763130e-03 2.644169468438e-02
Mode 24
1.800348295696e-03 1.874321926439e-02 7.100831802544e-04
Mode 25
-3.439834631750e-02 2.189687128051e-02 -5.369776791024e-02
Mode 26
-2.864750419945e-04 -3.281689573495e-02 -9.558492840660e-03
Mode 27
-2.140016037136e-04 6.330330112283e-03 2.150575314655e-03
Mode 28
-4.362568558817e-02 -1.998020713366e-02 8.315217062735e-02
Mode 29
2.610751526384e-01 2.441645171970e-02 -1.739457619942e-01
Mode 30
-1.257630772451e-01 1.726202671616e-02 3.536822032008e-02
Mode 31
1.525471075695e-01 -1.179412236636e-02 -1.670297997941e-02
Mode 32
-1.155811319381e-02 8.209791655037e-03 -2.423892039886e-02
Mode 33
-7.756717205669e-02 -1.525902821691e-02 8.581080585402e-02
Mode 34
1.671378019123e-02 2.180066806760e-02 -8.586038330695e-02
Mode 35
-2.252671150740e-03 1.630257212571e-03 -3.047899858333e-02
Mode 36
5.541735293755e-03 -6.668713079974e-02 2.138811730362e-01
Mode 37
2.177050048192e-02 -7.433297703133e-03 4.583674471844e-02
Mode 38
6.752372292636e-02 1.133807914445e-01 -3.611617427067e-01
Mode 39
-2.699034045470e-02 -2.304159586874e-02 6.993509646487e-03
Mode 40
-1.074297167191e-01 2.311909014866e-02 -9.656730728543e-02
Mode 41
-2.214465297134e-03 3.104205554546e-02 -2.982219447115e-01
Mode 42
1.691029264671e-01 2.449888407488e-03 -4.468086693039e-02
Mode 43
1.450084719693e-01 -1.198386243437e-01 4.718783668328e-01
Mode 44
1.186754800419e-01 -6.443459538187e-02 2.277761955452e-01
Mode 45
-3.227952385497e-02 3.605798017023e-03 -6.282854143396e-04
Mode 46
4.414270578907e-02 1.528170268374e-02 -6.927957032010e-02
Mode 47
-8.589139593061e-02 2.829984270105e-02 -6.888342861762e-02
Mode 48
7.915072610585e-02 1.629040761121e-02 -9.071997527796e-02
Mode 49
4.203505256234e-02 -2.874470538044e-02 2.766828432712e-01
Mode 50
2.149642516547e-01 -2.942489270614e-02 -2.578557755178e-02
--
Polarizability derivatives 
Mode 0
-8.460770004208e-01 -7.669806288468e-01 2.064865838600e-01
-7.669806288468e-01 1.310398627699e-01 -4.012328937957e-01
2.064865838600e-01 -4.012328937957e-01 -1.044914685884e-01
Mode 1
1.727688391058e+00 -4.601787611242e-01 -8.846797406832e-01
-4.601787611242e-01 3.730476166175e-02 3.104478452767e-01
-8.846797406832e-01 3.104478452767e-01 -3.420449125824e-01
Mode 2
5.739305933045e-01 1.186902608055e+00 3.899401588544e-01
1.186902608055e+00 -2.123979522650e-01 -3.763716109312e-01
3.899401588544e-01 -3.763716109312e-01 -2.681694309747e-01
Mode 3
1.413593309436e-01 1.937214424276e-01 -2.453190633959e-02
1.937214424276e-01 2.559226602538e-01 -3.922327951566e-01
-2.453190633959e-02 -3.922327951566e-01 -2.330892909634e-01
Mode 4
-1.646887248818e+00 6.916137898314e-01 -9.709670623821e-01
6.916137898314e-01 -3.096173781558e-01 3.940243279994e-01
-9.709670623821e-01 3.940243279994e-01 -7.069983528737e-01
Mode 5
-2.543566915793e-02 -4.764546948992e-01 -3.335945270802e-01
-4.764546948992e-01 2.257110630006e-01 -3.493149214626e-01
-3.335945270802e-01 -3.493149214626e-01 -1.815589337288e-01
Mode 6
-1.133797529406e+00 -7.056148708688e-02 3.294084838425e-01
-7.056148708688e-02 -7.059928148660e-02 1.713762217933e-01
3.294084838425e-01 1.713762217933e-01 -7.302263063485e-01
Mode 7
2.773441583608e-01 -3.614099732661e-01 8.396850571371e-02
-3.614099732661e-01 6.036998843444e-01 -8.955682055031e-02
8.396850571371e-02 -8.955682055031e-02 -1.610997333586e-01
Mode 8
3.922271976418e-01 -2.288346629133e-01 -8.384360446611e-01
-2.288346629133e-01 1.030511333120e-01 -1.093955105541e+00
-8.384360446611e-01 -1.093955105541e+00 -2.395040837642e-01
Mode 9
-3.020506127855e+00 4.780003140697e-01 2.949732130981e-01
4.780003140697e-01 1.640176477088e-01 6.678669894196e-01
2.949732130981e-01 6.678669894196e-01 -6.411246840119e-01
Mode 10
-2.229011432671e+00 6.688378494587e-01 -2.864527428610e-01
6.688378494587e-01 2.511536349613e-01 -2.987772031718e-01
-2.864527428610e-01 -2.987772031718e-01 1.032332938510e+00
Mode 11
2.009309707347e-01 -1.456014106088e+00 -6.518446757847e-01
-1.456014106088e+00 1.069323010041e-01 4.203640236402e-01
-6.518446757847e-01 4.203640236402e-01 7.011459429881e-01
Mode 12
-1.328963363442e+00 1.354676890265e-01 3.646200555893e-01
1.354676890265e-01 -3.656627093094e-01 8.156707221059e-01
3.646200555893e-01 8.156707221059e-01 -3.595131352762e+00
Mode 13
1.131661923993e+00 5.329094524759e-02 -3.283641038523e-01
5.329094524759e-02 -1.036072330886e-01 2.897883890982e-01
-3.283641038523e-01 2.897883890982e-01 -8.933896336861e-02
Mode 14
7.138656309387e-02 -1.504083828428e-01 5.765169399924e-02
-1.504083828428e-01 -3.265009045446e-01 1.059903655558e+00
5.765169399924e-02 1.059903655558e+00 -3.686498583408e-01
Mode 15
-3.556882778954e+00 2.526309512452e-02 1.259806758267e+00
2.526309512452e-02 -4.754153076935e-02 1.152677073760e-01
1.259806758267e+00 1.152677073760e-01 -1.672004908815e+00
Mode 16
-5.907242550325e-01 2.967626905294e-01 3.502596631992e-01
2.967626905294e-01 3.392436783762e-03 -3.079963816136e-01
3.502596631992e-01 -3.079963816136e-01 -2.762444619670e-01
Mode 17
-3.106244822448e+00 -1.275012989839e-01 2.230842378192e+00
-1.275012989839e-01 4.300407310873e-01 -1.627869355079e-01
2.230842378192e+00 -1.627869355079e-01 -1.922821212426e-01
Mode 18
-6.110851409552e+00 5.335740555597e-01 1.097200613267e+00
5.335740555597e-01 -1.268705813360e-01 -6.082619396838e-02
1.097200613267e+00 -6.082619396838e-02 -2.203302150780e-01
Mode 19
1.682888504254e+00 -1.932147560272e-01 -2.604008625390e-01
-1.932147560272e-01 2.939586695029e-01 -2.594732119396e-01
-2.604008625390e-01 -2.594732119396e-01 1.808814946182e+00
Mode 20
-1.524317621319e+00 -1.660017048549e-02 2.836564702514e-03
-1.660017048549e-02 -3.229160018968e-01 6.370982765028e-01
2.836564702514e-03 6.370982765028e-01 -1.663028534771e+00
Mode 21
-6.019753132916e-01 6.679322928713e-01 3.415206797434e-01
6.679322928713e-01 2.249536756921e-01 -6.635046909164e-01
3.415206797434e-01 -6.635046909164e-01 -5.872718336437e-01
Mode 22
2.733416042191e-01 4.170633367950e-01 9.704764598968e-02
4.170633367950e-01 -1.532544789448e-01 7.962807912109e-02
9.704764598968e-02 7.962807912109e-02 6.841553408183e-02
Mode 23
3.996535746345e+00 -8.878362712166e-02 -2.076732657997e+00
-8.878362712166e-02 2.163059695468e-01 -6.538106879549e-01
-2.076732657997e+00 -6.538106879549e-01 3.724060475335e+00
Mode 24
2.842915992662e-01 1.271690439251e+00 3.292669706110e-01
1.271690439251e+00 -5.245140370577e-01 3.670323720880e-01
3.292669706110e-01 3.670323720880e-01 2.984000340388e-01
Mode 25
-2.278775565016e+00 6.136283302290e-01 -7.615576362160e-01
6.136283302290e-01 7.611448955403e-02 1.347107174899e-01
-7.615576362160e-01 1.347107174899e-01 -6.226926880967e-02
Mode 26
2.451791228025e-01 -2.828856949740e-01 -1.522778901004e-01
-2.828856949740e-01 9.479942871165e-02 1.283424574695e-02
-1.522778901004e-01 1.283424574695e-02 6.473570668336e-02
Mode 27
2.049896505737e-01 1.870582409824e-01 2.754828836546e-02
1.870582409824e-01 -1.005354459451e-01 7.233102519692e-02
2.754828836546e-02 7.233102519692e-02 8.123939423492e-02
Mode 28
2.737967402190e+00 -1.527572265335e-01 -5.775782064881e-01
-1.527572265335e-01 5.030221783471e-01 -6.254967539081e-01
-5.775782064881e-01 -6.254967539081e-01 2.808316493557e+00
Mode 29
-1.071590154593e+01 1.291702017854e+00 1.724977661556e+00
1.291702017854e+00 4.696614006148e-01 -6.341835804723e-01
1.724977661556e+00 -6.341835804723e-01 1.204091217464e+00
Mode 30
-2.520153592664e+00 6.691576704002e-01 -4.129906066107e-01
6.691576704002e-01 -2.736600346115e-01 -3.764074164484e-02
-4.129906066107e-01 -3.764074164484e-02 1.153905724111e-01
Mode 31
-1.110693617312e+00 3.971265197288e-01 -4.435351572182e-01
3.971265197288e-01 1.742232162216e-02 1.057609697766e-01
-4.435351572182e-01 1.057609697766e-01 -4.031491253752e-01
Mode 32
3.606876059510e+00 -5.310726136710e-01 -5.994541683458e-02
-5.310726136710e-01 1.202359306149e-01 -1.519602919183e-01
-5.994541683458e-02 -1.519602919183e-01 8.150746474996e-01
Mode 33
1.960169415083e+00 -1.513911361764e-01 -5.236351250535e-01
-1.513911361764e-01 -1.464482003514e-01 4.777128947809e-01
-5.236351250535e-01 4.777128947809e-01 -1.338595927056e+00
Mode 34
3.183744796621e+00 4.448861520496e-01 -3.343065180033e+00
4.448861520496e-01 8.096548811185e-01 -1.388417581069e+00
-3.343065180033e+00 -1.388417581069e+00 6.842191273493e+00
Mode 35
1.743429223365e+00 -1.939723103721e-01 2.742703630266e-01
-1.939723103721e-01 -2.910969621543e-02 5.944202655385e-01
2.742703630266e-01 5.944202655385e-01 -2.180364929449e+00
Mode 36
-1.438219424853e+00 -1.410905950873e+00 5.065501150927e+00
-1.410905950873e+00 -7.929691931599e-01 2.446597654543e+00
5.065501150927e+00 2.446597654543e+00 -1.098715957160e+01
Mode 37
3.683954100015e+00 2.169127675072e-01 -1.190093618294e+00
2.169127675072e-01 3.188794474299e-01 -9.542099148864e-01
-1.190093618294e+00 -9.542099148864e-01 3.891223877951e+00
Mode 38
-2.130691551542e+01 2.507295062259e-01 1.064837235588e+01
2.507295062259e-01 -6.715208882992e-01 1.921836488972e+00
1.064837235588e+01 1.921836488972e+00 -1.178904411648e+01
Mode 39
5.601912090464e+00 -8.558867171978e-01 -3.993341569204e-01
-8.558867171978e-01 2.229853714884e-01 3.351424467703e-01
-3.993341569204e-01 3.351424467703e-01 -1.006209649417e+00
Mode 40
7.081202481390e-01 8.435392180249e-01 -4.259252428045e+00
8.435392180249e-01 -2.310843379011e-02 -1.021627280193e+00
-4.259252428045e+00 -1.021627280193e+00 4.843771110226e+00
Mode 41
-6.982679819693e+00 -7.510247097489e-01 4.506736906184e+00
-7.510247097489e-01 3.174810590933e-01 -3.953611929326e-01
4.506736906184e+00 -3.953611929326e-01 -2.548049532344e+00
Mode 42
2.949631492961e+00 1.323150432936e-01 -1.698072049617e+00
1.323150432936e-01 1.370015529223e-01 -4.305986040962e-01
-1.698072049617e+00 -4.305986040962e-01 2.631403894625e+00
Mode 43
-8.905470553640e+00 -1.120064276340e-01 5.115917881883e+00
-1.120064276340e-01 9.931704949480e-01 -1.766052066732e+00
5.115917881883e+00 -1.766052066732e+00 5.246697648658e+00
Mode 44
4.314525973913e+00 1.421875457581e-01 -2.130185665641e+00
1.421875457581e-01 1.892201105601e-01 6.670676611965e-01
-2.130185665641e+00 6.670676611965e-01 -3.415309986960e-01
Mode 45
4.024211875711e+00 7.915011596389e-01 -4.241580297922e+00
7.915011596389e-01 -4.051475251916e-01 1.264061848980e+00
-4.241580297922e+00 1.264061848980e+00 -2.793668890641e+00
Mode 46
1.159372184207e+00 -2.085925224774e+00 6.980845846008e+00
-2.085925224774e+00 -4.937568738885e-01 1.892932843265e+00
6.980845846008e+00 1.892932843265e+00 -9.501417216482e+00
Mode 47
4.569551072816e+00 6.453810256881e-02 -2.327310839344e+00
6.453810256881e-02 -6.741467908765e-01 2.091362850740e+00
-2.327310839344e+00 2.091362850740e+00 -6.729268743156e+00
Mode 48
-1.404302489532e+01 1.140383094835e+00 9.109337235006e-01
1.140383094835e+00 -1.344355607475e+00 2.390326638789e+00
9.109337235006e-01 2.390326638789e+00 -9.375737119063e+00
Mode 49
1.030985505328e+01 -2.262124149241e+00 3.390973293055e+00
-2.262124149241e+00 7.910643770308e-01 -2.016911854967e+00
3.390973293055e+00 -2.016911854967e+00 1.288895857561e+01
Mode 50
1.485476589530e+00 -3.692369425320e-01 5.939910836053e+00
-3.692369425320e-01 2.253241051579e-01 -1.133582037607e+00
5.939910836053e+00 -1.133582037607e+00 -5.568750463302e-01
--
