Number of atoms 
22
--
Anisotropy 
132.822
--
Frequencies 
9.310942406833
27.129323577213
33.485047883072
55.773431314197
58.828457536078
87.802919316625
103.861983687387
118.692440103004
184.468671389065
188.489587997641
200.258730478935
231.646170248990
274.936880986592
278.178933991936
305.032640879593
345.060781395106
360.490275315145
367.847350514171
410.995734243483
454.552761121142
486.251620865233
554.024637019423
580.891158987632
626.857516703777
730.012159695559
756.003966950158
790.971762199379
810.334148615194
830.616733194643
840.368807174142
888.654099287175
921.467207835703
989.788944887766
1055.983168411040
1105.668216854190
1134.558464545180
1143.081580411264
1170.565691966593
1175.515065410791
1195.617308157859
1291.629192605439
1302.685968099232
1321.049290661187
1380.645441091989
1409.395619806789
1426.037659874267
1456.817112578292
1462.096532318664
1473.575225064276
1496.345485415352
1597.735081295737
1613.831540763872
1848.900992633251
3042.677965021450
3054.189122233380
3101.876986033785
3131.137984218144
3135.226257289482
3203.239384734933
3219.112190382982
--
Displacements 
Mode 0
3.288064172803e-01 2.714506707932e-02 -5.517082522639e-01
1.049754559657e-01 -2.450149236499e-03 -2.312485096582e-01
5.409136552146e-02 -2.073253100130e-02 -1.744588032238e-01
-9.436046925337e-02 -3.478585305537e-02 6.402395616117e-02
-2.392033581570e-01 -5.095339197965e-02 2.701299919197e-01
-8.502744767682e-02 -3.887155421777e-02 4.887524396852e-02
-9.657502328549e-02 -6.242603297993e-02 2.703325844601e-02
-2.068186484300e-01 -1.159666773276e-01 4.292385387495e-02
-8.200349130417e-02 -6.367691291891e-02 4.010138924037e-03
-5.362693828421e-02 -4.349147007427e-02 3.677045824464e-03
-3.949353780464e-02 -1.805401407338e-02 2.575538369331e-02
-5.622045976978e-02 -1.362513447615e-02 4.964429631810e-02
-6.032959269953e-02 1.448423339988e-02 1.483132582334e-01
-3.828678737534e-03 1.270934826072e-02 4.246418766989e-02
1.109228668552e-01 1.117497171094e-02 -1.815519109238e-01
1.232434783953e-01 7.515238394908e-02 -1.712190311508e-01
1.022652064715e-01 -5.579099329962e-02 -1.981279126722e-01
2.181795990175e-02 6.187430990374e-02 -2.769841929804e-02
2.314300081871e-03 -6.677761007576e-02 -5.298539409649e-02
-2.685534764987e-02 -2.266315234311e-02 -4.054715519570e-03
-1.211009441701e-02 -1.323297627432e-02 -4.107089698917e-03
1.620020627781e-01 1.205659630100e-01 5.901943571408e-02
Mode 1
-4.421606855661e-02 1.708222839693e-01 -4.677922213652e-02
-2.800677087111e-02 1.451096574927e-01 5.803159385401e-02
-8.343229017277e-03 8.565311521854e-02 4.067472779123e-02
2.590661925867e-02 4.669632882455e-02 8.855449850238e-02
3.225977027206e-02 8.334291946165e-02 1.948210892797e-01
6.107394968328e-02 -7.523014040734e-03 3.010877328344e-02
2.482455243407e-02 -9.744628802034e-02 -2.587368280536e-02
-1.081152128328e-01 -3.300234549049e-01 -4.179930159402e-02
6.047958987898e-02 -1.035599688573e-01 -8.151065097043e-02
1.340646484382e-01 -1.719255260957e-02 -8.466869875060e-02
1.701242747852e-01 5.511695931732e-02 -2.549064995265e-02
1.328836289100e-01 5.373041178523e-02 2.976642594742e-02
2.854711353115e-01 2.027610819670e-01 1.633188981756e-01
4.686816405461e-01 2.181936074116e-01 -4.426195140820e-02
-1.723127890876e-02 6.546000142329e-02 -9.875965812954e-03
-1.684788919631e-02 5.965536602186e-02 -2.902554283993e-02
-7.765271433938e-03 2.934440929652e-02 -2.509727413619e-02
-1.325194867855e-02 6.158210077963e-02 2.859148809993e-02
-3.698820228465e-03 3.210767629380e-02 3.288754032913e-02
9.626935389169e-03 -4.851061327693e-02 -3.568644521463e-02
4.820525619054e-02 -2.605633819322e-03 -3.866430514468e-02
-4.028840084757e-01 -1.571978367486e-01 -8.069764711538e-02
Mode 2
-1.118929324870e-01 1.917294142486e-01 -4.297023061183e-02
-4.383428868665e-02 1.576025905471e-01 5.739476699798e-02
-1.813658492619e-02 5.953138333070e-02 3.314794288073e-02
1.917726233302e-02 1.140147804099e-02 1.209724784242e-01
4.561175479413e-02 5.686712556676e-02 2.419562150882e-01
2.228851430476e-02 -6.361593109617e-02 1.086282746399e-01
2.669351172391e-02 2.271567129908e-02 1.015603165782e-01
5.552336330103e-02 2.816049262295e-01 1.567474585468e-01
2.692213923414e-02 7.904663594040e-03 1.021216272525e-01
2.456739974754e-02 -5.681365507486e-02 1.074414136627e-01
2.202531030706e-02 -1.196872188097e-01 1.100710433433e-01
2.053657226438e-02 -1.561300526945e-01 1.138058493603e-01
2.429330495521e-02 -4.895594048515e-01 2.120651264249e-01
6.465299719600e-03 -6.812107998747e-02 1.811377816877e-01
-3.950601154405e-02 8.020834678615e-02 -6.431204494364e-03
-4.257922438653e-02 5.638006697817e-02 -3.010141923503e-02
-3.091588640072e-02 3.780738749703e-02 -2.320912382182e-02
-1.396792834263e-02 6.300395647291e-02 2.777199632493e-02
-2.679598206725e-03 4.411534436061e-02 3.412916106229e-02
8.451413012569e-03 1.896424651132e-02 2.797678367896e-02
7.126579572426e-03 -1.179418577215e-02 3.099402312099e-02
-3.750599412737e-02 6.245535746294e-02 -5.034324355994e-01
Mode 3
-3.423664451072e-01 1.118870058967e-01 9.456762521336e-03
8.490052064728e-02 1.063767278981e-01 -3.195026686827e-01
5.106352196956e-02 -3.901468043339e-02 -2.855731229311e-01
1.421695792323e-02 -8.187963825160e-02 -5.746502676447e-02
1.824714778437e-03 -5.695366308492e-02 7.968592522468e-02
2.159006621674e-03 -1.162506552984e-01 -4.134749477507e-02
1.043654313839e-02 -4.948089375118e-02 -4.130594270911e-02
3.197264495410e-02 -2.264559315158e-01 -6.064424175173e-02
1.638421364941e-02 9.016013690032e-02 -4.895053016023e-02
1.570465788976e-02 1.574975226012e-01 -5.497661988779e-02
1.062484080426e-02 6.225591617011e-02 -4.927599089082e-02
3.838183940806e-03 -8.244485517402e-02 -4.068730897943e-02
3.496670745518e-03 -4.329863992750e-01 -3.631799001218e-02
5.223352856967e-02 1.377140869415e-01 -7.818732246083e-02
-8.772528122059e-02 6.893014124079e-02 -1.817596703294e-02
-1.255036924731e-01 -8.657248062605e-02 6.149755594372e-02
-1.825689980763e-01 1.159654385548e-01 3.808317487301e-02
1.011044513444e-01 -5.079924207042e-02 -1.307250216434e-01
5.415681721677e-02 1.443874523117e-01 -1.483521783549e-01
5.837043005750e-03 4.307423009873e-02 -1.498357573640e-02
5.352151640871e-03 7.857701187477e-02 -1.807289383305e-02
1.078586379298e-02 1.783893886887e-01 3.065023732196e-01
Mode 4
-3.953155134847e-02 -1.161552953682e-01 3.132054559516e-01
2.787318960813e-01 -4.430504585861e-02 -2.776263077672e-01
2.351629315727e-01 3.078972449480e-02 -2.138302133036e-01
-2.430931529492e-02 3.572083156053e-02 4.640374184956e-02
-2.364362842807e-01 -8.465369991652e-03 2.629542310153e-01
-2.459207733444e-02 6.338686663681e-02 4.747860218339e-02
-3.389910138908e-02 1.156839509074e-02 3.717422640301e-02
-7.491297102769e-02 1.833141607879e-01 4.869912708212e-02
-3.046547586065e-02 -8.647263283774e-02 2.960311779590e-02
-1.561989825665e-02 -1.255647362858e-01 3.341091339698e-02
-4.684401201336e-03 -4.382728890285e-02 4.043224555601e-02
-1.080650022183e-02 5.964077647938e-02 4.840183538200e-02
1.307151566441e-02 3.218625233599e-01 1.110923706178e-01
1.610644774621e-02 -6.837940874983e-02 6.517334599687e-02
1.158536924422e-02 -5.150801540080e-02 6.214659197373e-02
-2.101088714210e-02 -1.648878841624e-01 1.880185536227e-01
-9.677017791326e-02 9.859014146072e-02 1.560750887076e-01
1.576216228036e-01 -1.397080303967e-01 -1.487895380748e-01
9.644479668200e-02 1.136848858170e-01 -1.706156147016e-01
-1.112515811025e-02 -3.675189543524e-02 6.176625741843e-03
-3.307842271945e-03 -5.946112768762e-02 8.493545328491e-03
-1.301938822828e-02 -1.137767466770e-01 -1.934563892373e-01
Mode 5
1.259496889304e-01 -2.068425689525e-02 -4.088190530328e-02
1.907572938746e-01 1.096732385494e-02 -2.384391540414e-01
-2.011488279191e-01 2.043923590606e-02 2.991822212897e-01
6.073490894658e-04 3.781243268021e-02 -8.315778833560e-03
3.210596975946e-01 7.711052844368e-02 -4.687850313001e-01
-6.118748251433e-02 1.436754705654e-02 8.178954624808e-02
-8.234875843514e-02 2.314853790863e-02 3.786909511627e-02
-3.261227823488e-01 3.151516380495e-02 5.212192592067e-02
-5.496575284316e-02 1.242791891256e-02 -1.129750858757e-02
-1.301706454643e-02 5.911347693209e-03 -7.311744998137e-03
9.434670901911e-03 -8.519783467098e-03 3.653454974195e-02
-2.381895786512e-02 -1.937974768536e-02 8.018165410918e-02
-1.287637672552e-02 -9.374763844439e-02 2.121113838966e-01
1.508609571333e-01 3.963535721180e-02 6.054729853695e-02
1.331308367743e-01 -9.616149077902e-03 -1.423125870533e-01
9.714485766285e-02 -7.768074917087e-02 1.511555906914e-01
-1.312736707064e-01 6.245241970532e-02 -2.867702924325e-03
2.034719105775e-01 -6.337258310798e-02 -8.156381057820e-02
5.519420104882e-03 7.333857528326e-02 -2.124823502943e-01
-2.084475550211e-02 4.108356201683e-03 -1.280323672914e-02
1.909773862266e-03 3.972372649086e-03 -1.078279748984e-02
4.646875018558e-03 -3.089427817687e-02 -4.785848996553e-02
Mode 6
-9.407436367067e-02 -2.743439402392e-02 -8.007983042373e-02
-4.613744666993e-02 -4.933722831807e-02 -1.544794338926e-02
-3.591675163933e-02 -1.182688959457e-01 -3.032380316918e-02
1.663753155865e-02 -1.091422529487e-01 -3.942969607447e-02
6.413800020300e-02 -1.121430181232e-01 -7.562875274111e-02
1.426825118506e-02 -1.453338445832e-01 -3.338259613537e-02
3.425927912478e-03 -1.641345897808e-01 -5.092552469774e-02
-1.402059483622e-03 4.936145141458e-01 -1.505747584182e-01
-1.706263560161e-03 -4.091138291296e-01 -4.456152977066e-02
1.809640519687e-02 -4.120465986866e-01 -4.198123844856e-02
3.819172047268e-02 -1.669776912370e-01 -3.416104493473e-02
3.303227121386e-02 -1.290916892026e-01 -2.994558758730e-02
8.569769644089e-02 1.502488689675e-02 -3.851755250376e-02
1.626113971422e-01 1.441216258648e-01 -4.768416289038e-02
-3.297936984828e-02 1.020018904877e-02 -1.818118628586e-02
-3.557950484462e-02 -8.390974745015e-03 -3.673442501574e-02
-2.621520016362e-02 -2.036190775411e-02 -3.072147119659e-02
-1.398995469669e-02 -3.996534356234e-03 2.306203786819e-03
-8.034709488568e-03 -1.519853025637e-02 5.032224460155e-03
-3.230934965455e-03 -1.459574233640e-01 -1.351237496987e-02
7.888339413352e-03 -1.526441975592e-01 -1.506361970758e-02
-9.654493287110e-02 2.153756567364e-01 2.280291112134e-01
Mode 7
-3.156255650065e-01 5.786145386152e-02 -2.507946436807e-01
-5.430434358982e-02 -3.133642808214e-02 -6.208733798803e-02
-1.023494673326e-01 -2.947182264369e-01 3.577343014373e-02
-1.402251453381e-03 -2.750556043624e-01 2.476717674947e-02
6.949837963309e-02 -2.995363250287e-01 -4.338193831335e-02
-1.041107619648e-02 -1.948733694264e-01 5.492153995360e-02
1.604366468269e-02 9.282371885104e-03 6.221553337188e-02
1.085734425717e-01 1.740917670215e-01 1.053087593758e-01
2.443282715177e-02 2.424396078067e-01 5.108248251837e-02
1.478029084181e-02 2.071122492718e-01 4.997219682768e-02
3.342685242381e-03 4.702094151882e-02 4.762829645953e-02
-1.744730217370e-03 -3.495632980290e-02 4.952327178238e-02
3.368982101486e-02 4.471354926183e-01 7.613474658532e-02
3.785575140409e-02 -2.112069272273e-02 7.717133748406e-02
-8.183743743948e-02 9.854478961640e-02 -9.795128127845e-02
-1.086583897660e-01 -1.896446814001e-02 -7.060233607875e-02
-1.522907580478e-01 -7.747870063394e-03 -1.001342885198e-01
2.951433039525e-02 8.095744966765e-03 3.295850703416e-03
-3.168297924308e-03 1.830918376862e-02 -2.290503120008e-02
1.007999142469e-02 1.246996496513e-01 1.130651668479e-02
3.493300996719e-03 9.460177959207e-02 1.453987878763e-02
3.602288885484e-02 -1.134030887774e-01 -9.332237440585e-02
Mode 8
-4.873779439565e-02 -4.202112728323e-02 2.338032767059e-02
-5.812894408150e-02 -3.149999618791e-02 -6.196869340611e-03
2.315661288536e-01 3.345928726721e-02 -4.196726756816e-01
6.740784960146e-02 2.607435017304e-02 -1.952769583527e-01
1.235425848248e-01 2.245857539238e-02 -3.350007161329e-01
-8.182041101627e-02 2.166591064427e-02 5.261968299595e-02
-6.513594849672e-02 -1.849077086507e-03 9.136229596457e-02
-9.556224984958e-02 9.786037910161e-03 1.766519590407e-01
-6.684056554344e-02 -1.654266451490e-02 7.611306864777e-02
-8.460161871597e-02 2.366087321914e-02 6.000721603923e-02
-8.354010935647e-02 3.963808126243e-02 5.016646438373e-02
-1.137768109069e-01 2.366681941715e-02 6.716442250552e-02
-1.936740469558e-01 -4.815207634137e-03 2.012559970970e-01
2.987216244073e-01 1.759247152566e-01 9.158182949437e-02
-1.771046288429e-01 -3.707082127347e-02 2.313286877869e-01
-1.248995519337e-01 4.617533794299e-02 -2.283450079927e-01
2.513923672946e-01 -4.894291438610e-02 3.714923183828e-02
-1.307408436604e-01 1.360621995995e-02 -1.059241712293e-02
2.396591416261e-02 -4.433408183214e-02 9.655211333575e-02
-1.968264540665e-02 -1.006987126845e-02 2.280012754317e-02
-2.723911808358e-02 1.443586145226e-02 2.096928889010e-02
4.703359003957e-02 -9.473510887229e-02 -4.736221283304e-02
Mode 9
-8.333427061445e-03 6.922855953964e-02 2.340870081367e-02
1.059420251036e-01 3.209536136663e-02 7.930559401179e-02
2.547075512307e-01 -6.159923243298e-02 -9.437463212798e-02
1.831832986520e-01 -6.695586428274e-02 -3.254946241288e-03
2.430504754632e-01 -5.935520432829e-02 6.485861346503e-03
1.185804689536e-01 -6.770845574904e-02 3.651058846574e-02
7.571388353431e-02 1.680379725282e-03 -1.956682012726e-02
-6.180357249597e-01 1.988716020720e-03 -8.580521640105e-02
1.033358517328e-01 8.510706560597e-02 -5.291504837590e-02
1.026079438111e-01 1.987727733308e-02 -2.118873736091e-02
1.010704177660e-01 -6.895682724357e-02 1.292141126107e-02
1.133160432338e-01 -5.990929603870e-02 1.039060420279e-02
2.198009583812e-01 5.373903403624e-02 -3.766147781247e-02
-3.445300942534e-01 -2.552293436522e-01 3.213973171144e-02
-7.891160842215e-02 4.093332516529e-02 1.074778779233e-01
-6.422263730156e-02 3.242602111819e-02 -1.070434728971e-01
1.034168107104e-01 -5.930613789075e-03 1.185900953648e-02
-6.730560882171e-03 2.694475548915e-02 2.678623444298e-02
5.924110535958e-02 6.626482903723e-03 7.158700093999e-02
3.156399039683e-02 4.817049895099e-02 -1.686782917439e-02
3.293864973980e-02 8.844327003190e-03 -1.047388874364e-02
-6.178220613594e-02 1.162232919623e-01 4.196435266393e-02
Mode 10
4.151060719783e-02 6.421512588679e-02 2.870015274805e-02
8.897041777064e-02 4.269790712094e-02 6.749181981589e-02
7.047768310492e-02 -3.340083421149e-02 1.113629327506e-01
7.891057887198e-02 -4.316837323421e-02 1.054442028035e-01
9.545375533527e-02 -2.596311483065e-02 2.015581231994e-01
6.875564041340e-02 -7.022510323678e-02 6.487951978131e-02
4.046793822149e-02 -4.535031453087e-02 5.039271591542e-02
-2.650118553073e-01 4.970932856541e-02 7.546318452522e-02
3.063302841200e-02 -3.859736980043e-03 5.832167277455e-02
-3.622759616799e-02 3.930085083104e-02 5.369060869980e-02
-4.273942082409e-02 2.553316948691e-02 6.431589470427e-02
-2.864893523889e-02 -3.620009092695e-02 3.913005812875e-02
-4.180500905227e-01 -2.298541135138e-03 -6.611155069264e-01
2.866455962277e-01 2.018311983247e-01 1.117465341049e-01
3.446486636949e-02 3.413382712276e-02 -2.424811764681e-02
2.410173428062e-02 6.504099067790e-03 3.885834514235e-02
-3.040694692587e-02 1.916208498682e-02 1.664747780043e-04
4.315078506430e-02 1.509463593235e-02 2.491276384940e-02
2.686536316132e-02 2.114200628435e-02 1.334606008121e-02
1.567198005995e-02 7.719129320723e-03 2.844690732197e-02
-1.487411801119e-02 2.983479142678e-02 2.182080663870e-02
5.831543793902e-02 -8.725368246160e-02 -2.622100901968e-02
Mode 11
-1.699103465053e-01 1.736266009759e-01 -1.167242956233e-01
2.119063831855e-01 2.688192095997e-02 1.600947688563e-01
2.672048867908e-01 -1.661711932522e-01 1.924825425920e-01
1.794770470286e-02 -5.480787869323e-03 -2.604047756275e-03
-3.153801294438e-01 -2.527985266901e-01 -2.424244590202e-01
3.306200099959e-02 3.757960353637e-01 -8.551599029754e-03
2.143337161423e-02 1.731395898717e-01 1.052295716151e-02
-4.771907464388e-02 -5.186882258743e-02 5.226277154525e-02
5.949529709729e-03 -1.432051663630e-01 2.877393837068e-02
6.958968194411e-03 -1.312620295355e-01 2.888462424959e-02
1.547734784663e-02 1.470584531616e-01 -1.203003287700e-03
2.216741748255e-02 3.110274469998e-01 -9.749362986264e-03
-1.002491888307e-02 -1.583774496173e-01 -1.417172025604e-03
-3.177783531229e-02 4.165269026740e-02 -7.941507036285e-03
-4.533463767565e-02 1.848035406297e-01 -5.947167541663e-02
-8.662920906890e-02 -2.787339650109e-03 -5.066798751234e-02
-1.316622109413e-01 4.111556567468e-03 -7.903149842437e-02
8.564345107312e-02 3.558647743743e-02 7.061943199381e-02
8.701866180935e-02 3.654850747102e-02 6.045165346190e-02
-2.597382607328e-03 -1.243735781211e-01 1.430026920547e-02
-9.080748068066e-04 -1.111135078359e-01 1.498194425863e-02
1.689470401382e-02 -3.938377839453e-02 -2.400837615154e-02
Mode 12
-3.889301551296e-04 -2.555951798475e-02 2.180284306721e-02
-1.736282197077e-01 -2.720543700077e-02 1.901542801436e-01
1.774438554914e-01 2.164573886829e-02 -3.065748380191e-01
9.878435876236e-02 -1.102043547849e-02 -1.082214828292e-01
1.149357182369e-01 2.473794018794e-02 3.535662299101e-03
1.530063349549e-02 -5.427947709853e-02 2.516787526290e-04
3.018413562064e-02 -1.211028498677e-01 5.568057307606e-02
-1.179437203290e-01 7.223961001399e-02 9.466404707372e-02
3.015356919400e-02 -1.198821873121e-01 5.102434306548e-02
-9.935261375742e-04 9.468399848078e-02 2.918026962107e-02
-2.325697994699e-02 1.712555086188e-01 -3.317369998471e-02
-2.973071943581e-02 7.348498823720e-02 -1.543024078924e-02
2.513626179943e-03 -1.434816786852e-02 1.269108324839e-01
-1.240271038431e-01 1.448179255715e-01 -1.016542368987e-01
2.603102421544e-01 1.102121373466e-02 -3.493529323656e-01
1.955883234493e-01 -3.148212693231e-02 3.533031553111e-01
-3.811667963948e-01 2.928198145292e-03 -6.390699300791e-02
-1.801637526029e-01 4.196255526150e-02 6.070333071375e-02
-1.495842023937e-02 -7.313940165796e-02 1.718600350390e-01
9.442021779643e-03 -5.843866314138e-02 2.034304756847e-02
-7.572686478901e-03 4.370065161023e-02 1.890307224102e-02
3.698960229183e-02 -8.657391215484e-02 -2.841350261358e-02
Mode 13
-3.824077984584e-02 -4.220019039905e-03 -1.545103225889e-02
-7.572784336059e-02 -1.973984865149e-02 8.883030219210e-02
1.090704552801e-01 2.564168329926e-02 -1.584657179636e-01
-1.782012793144e-02 5.089062706872e-02 -8.661856225803e-02
-1.376948814591e-01 -1.436343107306e-02 -1.451884910315e-01
-1.123431613092e-02 9.682771338833e-02 -2.470932166558e-02
-1.084520400993e-02 2.575027991368e-01 -5.730080566130e-02
1.161529046343e-02 -1.489818178401e-01 -8.119645227246e-02
-1.560559235935e-02 2.838319352588e-01 -4.472920108139e-02
-1.666845798349e-02 -1.917668349928e-01 -1.820311837165e-03
3.091959219229e-03 -4.004809495199e-01 8.330524179661e-02
1.222621743566e-02 -1.919669050158e-01 2.531449007554e-02
-8.697238958017e-03 5.566462251577e-02 -8.179266139195e-02
3.305472304030e-01 -2.889059782918e-01 2.604056503500e-01
1.060266084571e-01 2.489783167691e-02 -1.672692975916e-01
7.134446837467e-02 -1.873176118712e-02 1.479670245961e-01
-1.928620902852e-01 -3.305583717712e-03 -4.233201656479e-02
-8.770771706579e-02 1.980801146338e-02 2.893702068098e-02
-2.010798507280e-03 -3.516557532142e-02 8.455810069428e-02
-9.180953623141e-04 1.447277946087e-01 -1.691245497828e-02
2.078305911211e-03 -7.944457817569e-02 -1.019196702070e-02
-7.664052161507e-02 1.781300776054e-01 5.671036376475e-02
Mode 14
1.091737918628e-01 1.991962220103e-01 9.761420370896e-02
2.198259577819e-01 1.269397789313e-01 1.805770451519e-01
2.567704357310e-01 -8.218168853852e-02 1.350460384280e-01
1.332959586918e-01 -6.313362183595e-02 8.424482597822e-02
1.579577514556e-01 -8.142971021521e-02 7.759284235899e-02
-6.476936792822e-03 -9.666552998659e-02 2.641283492148e-02
-5.807581203757e-02 -6.239377611453e-02 -1.272399959837e-01
1.732737107334e-01 -3.137534065755e-02 -3.493990818062e-01
-8.507868533991e-02 4.674091091748e-02 -1.226194590191e-01
-1.713516608432e-01 1.773090325739e-02 -1.286132075638e-01
-1.548748745572e-01 -1.024657755389e-01 -6.779816006552e-02
-1.893424724671e-01 -1.390587525191e-01 2.784474095575e-02
-3.555269061425e-01 8.039012555582e-02 3.394181193537e-01
9.379473478477e-03 1.250938284891e-03 -1.776461229023e-01
3.810459905561e-02 8.565992845274e-02 1.623036965317e-02
2.950255244955e-02 4.787407753849e-02 3.312027975202e-02
9.661219234257e-03 4.859668300710e-02 1.822178400692e-02
7.042006726189e-02 5.557682791803e-02 6.629732218917e-02
8.411872246142e-02 5.041504815570e-02 7.288493813533e-02
-1.351067973208e-02 5.011676139382e-02 -2.011427959791e-02
-5.222267144701e-02 3.765696461942e-02 -3.483781576161e-02
-6.967078162468e-03 1.662456334305e-02 1.162452483814e-02
Mode 15
3.151811306011e-02 4.638006715292e-02 2.384365992559e-02
3.175741414390e-02 3.785299452021e-02 1.593110974088e-02
1.067453105360e-02 -7.429104517579e-03 4.138910624517e-02
3.528559954932e-03 -1.604177335213e-03 -8.000533413192e-03
-4.898139713349e-02 -2.668922154563e-02 2.360083439039e-03
-2.989432177758e-02 -8.818144744804e-03 1.474285216551e-02
2.610811541560e-02 1.014636360892e-01 1.552368912660e-01
-4.394086086550e-02 2.858840629508e-03 5.733350964116e-01
1.159288237685e-01 9.406067221009e-02 -1.102279033246e-02
9.439189074717e-02 -1.160625583932e-01 -4.808830159545e-02
1.187528022301e-02 -2.019175674745e-01 -1.972627912556e-01
-6.793576076101e-02 -1.585743046439e-01 -3.839655747230e-02
-5.925435113561e-02 3.699671755439e-02 -2.911537066481e-03
6.353477993132e-02 -7.259128640538e-02 -6.587315117892e-01
5.024361749001e-03 8.186967552916e-03 1.355632750574e-02
7.651383252125e-03 1.515202864723e-02 2.987236361819e-03
1.826198773260e-02 1.584957417580e-02 1.023436840963e-02
2.000176450454e-02 1.100047492944e-02 6.945693666689e-03
9.426463798743e-03 1.701851622549e-02 -6.890062837657e-04
1.739818137037e-02 5.905247453032e-02 -3.854999954738e-02
4.413769312373e-03 -2.988532754366e-02 1.909356250761e-02
-3.070865023035e-02 6.642960931179e-02 3.456990904261e-02
Mode 16
3.183561125322e-02 4.554391577514e-02 2.948981215366e-02
4.773400885076e-03 4.258589988968e-02 1.601293461990e-02
2.180976477772e-02 1.912484736983e-03 -1.464603758542e-02
-2.671177663753e-02 3.721506809046e-03 4.563180260968e-03
-6.377287113425e-02 -3.641209222853e-02 -7.768987119956e-02
-4.275223779155e-02 -2.438685951287e-02 3.857590171193e-02
-6.979367433894e-02 -3.082388162287e-01 3.690674798075e-02
5.302776791389e-02 9.977885246354e-02 6.828456086418e-02
-3.941062141039e-02 -2.272954945054e-01 -2.930740968008e-02
4.531896665391e-02 3.022751559437e-01 -7.796119784592e-02
6.485635535335e-02 2.077905441227e-01 -1.296143257724e-02
1.067472269224e-02 1.368841353360e-01 3.057272273966e-02
-9.430823048063e-02 -2.826485687755e-02 -5.516114583291e-02
2.918091285856e-01 -6.733331780147e-01 -2.191091917885e-02
1.484257316265e-02 5.492261136531e-04 3.133064287279e-03
1.771312296822e-02 1.836886123258e-02 1.825618400350e-02
9.660884448610e-03 1.766702275086e-02 1.139704739486e-02
-4.284529442932e-03 1.675317307146e-02 6.481943406153e-03
6.094492583019e-03 1.119860055809e-02 1.328314505938e-02
-2.194644523636e-02 -1.054929971723e-01 -2.164630740735e-02
2.225793050648e-02 1.477543868855e-01 -3.804215182252e-02
-8.615252447204e-02 1.991875626125e-01 2.126242616274e-02
Mode 17
2.319684340664e-01 2.836732284337e-01 1.935263098900e-01
-9.627213240788e-03 2.959550622609e-01 1.853882090190e-02
-4.289335810559e-03 -1.517812020193e-02 -3.484462510224e-02
-9.056958295949e-02 -4.136793237018e-02 -5.151690221704e-02
-3.761486881333e-01 -2.563446126361e-01 -2.961488916336e-01
-6.166637339602e-02 -1.265490434877e-01 -2.527574471108e-02
-5.574394257708e-02 -1.970719672584e-01 2.226346209850e-02
-9.629752842258e-03 3.671605755322e-02 5.537562110124e-02
-5.151137476051e-02 -2.132009075129e-02 3.184371343310e-02
8.806363258716e-03 1.368812947134e-01 2.483001447163e-02
7.485693303177e-03 -9.677291974152e-02 3.815174050757e-02
3.819772191867e-02 -2.608514482541e-01 -1.392577861264e-02
2.263661849319e-01 3.077757256043e-02 -1.087998000323e-01
-1.000289359999e-01 1.966635597155e-01 1.144151086736e-01
8.432705070757e-02 -4.058099995207e-02 5.350622473820e-02
1.194671853342e-01 1.284658902724e-01 1.036087575774e-01
1.190983815163e-01 1.284943498860e-01 9.517227575572e-02
6.059986833314e-03 9.595146953046e-02 1.439947419896e-02
1.202515421186e-02 9.469067288112e-02 2.054895863987e-02
-1.603484035128e-02 3.408908931194e-02 2.328004367445e-04
1.133223771555e-02 1.244503271395e-01 -8.353404803081e-03
2.905688289879e-02 -6.398410281871e-02 -8.082429054487e-03
Mode 18
-1.778963255530e-01 -1.400230076926e-01 -1.407410639291e-01
2.241292640628e-01 -2.335720267711e-01 1.441448768580e-01
2.159091731029e-01 1.487944507093e-01 1.492893331829e-01
-4.595936914760e-02 2.860595910772e-01 6.350574121799e-03
-1.315282551114e-01 2.759964787699e-01 -7.811065455408e-02
-4.957106721911e-02 1.582703917489e-02 3.515894734762e-03
-8.450840354825e-02 -2.501436069537e-01 1.635103405677e-02
2.379140829395e-02 3.531150766940e-02 4.325766913387e-02
-7.184895975015e-02 -8.942853400334e-02 -6.399544529923e-03
-5.450132486558e-03 2.403628571298e-01 -3.486211413800e-02
-8.485403048044e-03 -1.822126046924e-01 1.279500313918e-02
-6.813696547431e-04 -3.508823978972e-01 1.443935115944e-02
1.222043426837e-01 4.550752914633e-02 -6.778970630506e-02
-6.578167757355e-02 1.132262843886e-01 3.483702666157e-03
-7.419342705680e-02 1.587520641128e-01 -4.224308630522e-02
-1.318302918990e-01 -1.152029574894e-01 -1.109239838135e-01
-1.403766223878e-01 -1.148514146705e-01 -1.045890927472e-01
4.575922432404e-02 -6.864149961512e-02 3.677460951858e-02
5.710633105628e-02 -7.082625138451e-02 3.253237315231e-02
-2.414659189944e-02 1.128793907210e-02 -1.436792982382e-02
8.707901398011e-03 2.121526294683e-01 -2.988318173296e-02
1.383559281666e-02 -2.785897876297e-02 1.445790844505e-03
Mode 19
-1.260234677773e-02 -2.560326183441e-02 -2.309371076129e-02
-3.987626595994e-02 -5.139365044735e-03 -4.719736239705e-02
-1.278797721078e-01 4.750290561673e-02 9.754247294670e-02
8.463491349061e-02 6.435696820736e-02 -1.818797578370e-01
-2.155638887556e-01 -2.128673427247e-02 8.445815717241e-03
2.248672890241e-01 5.531150519885e-02 -1.911137802199e-01
4.035283817416e-01 -7.006245932066e-02 3.641564955948e-02
-1.796643882672e-01 1.813262628761e-03 -2.181023390828e-01
3.271378920231e-01 -6.518703976116e-02 2.817410283228e-01
-5.672059124355e-02 1.201245234929e-01 2.679266495383e-01
-1.943130363326e-01 -7.053441697349e-02 -1.312429275767e-02
-1.017899143958e-01 -9.689027371648e-02 -1.570041680120e-01
-8.807534793656e-02 3.035316942336e-02 1.930324559176e-01
1.407053366429e-01 -5.724959924047e-02 -8.026818072873e-02
-1.247548911413e-02 -1.543487670350e-02 6.086331409839e-03
-8.177511258215e-03 -4.980060763301e-03 -1.624932624517e-02
1.111151222256e-02 -4.925968466122e-03 -2.127025677696e-03
2.481784590468e-02 -1.774251223859e-02 -1.681191809683e-02
-3.069326645409e-02 9.261003047679e-03 -5.477317100642e-02
1.401145651677e-01 -1.553302512787e-02 1.660466350351e-01
-6.813583755176e-02 1.045909167703e-01 1.539048572704e-01
-6.755173286656e-03 2.119922173760e-02 2.558387866370e-03
Mode 20
-2.186095552506e-02 -3.599303670745e-02 -1.800909710050e-02
-7.093073773886e-02 -3.847364148517e-03 -5.074433997584e-02
-4.898836363572e-02 7.004578375621e-02 -4.111490376295e-02
-3.503378170994e-02 5.652425063540e-02 8.087093290194e-03
-1.586387704623e-01 -2.920802915397e-02 -1.193904490467e-01
7.784223208267e-02 2.637450921410e-02 1.114449265787e-01
1.169587706316e-01 -3.268991639163e-02 2.964433651591e-02
2.739694231665e-02 -3.217071813913e-03 -5.743855531373e-02
2.916101242491e-01 -4.975271500516e-02 -1.839546850293e-01
4.281456226557e-01 1.325289808659e-02 -1.448155659443e-01
3.641194656995e-01 -4.909715741427e-02 -1.785371595542e-02
1.286058131529e-01 -8.367425258879e-02 1.709759810862e-01
-5.179678659742e-01 4.799510040781e-02 1.447122500686e-01
-1.699285878474e-01 8.823654279424e-02 1.145133777083e-01
-4.420454697542e-03 -2.473676035242e-02 -6.146677143928e-03
-1.233314444178e-03 -5.956943814960e-03 -5.582623471385e-04
-2.133717836796e-03 -5.631854419549e-03 -1.411064892360e-03
-2.883454303050e-02 -5.631293895174e-03 -1.928379991375e-02
-2.528380104685e-02 -8.002119880732e-03 -1.636104489719e-02
5.755299853110e-02 -1.709224155213e-02 -1.079082681060e-01
1.386524683938e-01 2.548431216671e-02 -6.110081475344e-02
8.920292958103e-03 -2.385954928236e-02 1.553200651800e-03
Mode 21
1.501206808023e-03 -2.130934296702e-03 1.659059632095e-03
-6.589023947658e-02 2.277701357649e-02 -4.710094007959e-02
-2.286073380296e-02 -6.803247027234e-02 -4.515823666856e-02
1.626324885601e-02 -8.050497662860e-02 4.362413765396e-02
1.079580735773e-01 -5.508608861049e-02 6.096680830522e-02
2.444999115919e-03 1.858672465135e-01 2.501510134154e-02
-7.677972131203e-03 5.735024059869e-01 -4.445050890732e-02
1.023977038725e-02 -5.381525890478e-02 -1.097190558117e-02
-7.074728695394e-02 -3.655496293549e-01 2.312037761257e-02
-8.053982084893e-03 2.672529349669e-01 -2.725128411185e-02
7.278593895942e-03 8.559108589696e-02 2.307384230638e-02
-1.819771054550e-02 -4.596021562151e-01 6.280104781488e-02
2.386699198930e-02 7.450548569844e-02 -2.124018686797e-02
-5.261054581838e-03 -3.218486741471e-02 -1.524786554549e-02
5.825886369343e-03 -4.303670802770e-02 -1.514200437680e-04
1.790806246343e-02 1.479910082662e-02 1.644658636695e-02
1.882850928435e-02 1.509858391382e-02 1.388287454889e-02
-1.661400241264e-02 8.884463737931e-03 -1.140920645110e-02
-1.351490978960e-02 7.139780159736e-03 -5.592373474613e-03
-3.500394608057e-02 -3.620093236352e-01 2.322226924378e-02
4.617204044773e-03 9.651761296757e-02 -1.901754475750e-02
9.891605784482e-05 2.038461165221e-03 -9.631905560183e-04
Mode 22
-1.013442117593e-02 -1.247106341797e-02 -1.288446926342e-03
6.702677618541e-03 -9.791625018114e-03 4.345438604601e-03
5.907823741435e-02 6.620338843925e-02 -7.710671351178e-02
-1.578087240992e-01 3.564701791701e-02 2.041015841714e-01
-3.477403248464e-02 1.535136487825e-02 -1.414750169312e-01
-1.022259038500e-01 -1.184866029478e-01 2.438920809265e-01
-9.143827127325e-02 4.382939309520e-02 1.466924808909e-01
1.703790450313e-02 -3.857129834061e-02 -4.011805675869e-01
-1.106056984445e-01 8.755583172981e-02 3.252245671397e-01
1.570673316934e-01 -7.275931395156e-02 3.576032704827e-01
1.302227949018e-01 1.334833694857e-01 1.693625264659e-01
1.001411668436e-01 -6.078847093724e-02 2.340173378377e-01
5.924514648343e-03 -1.708875253548e-03 -8.628694891130e-02
2.110960625912e-02 -4.026800767226e-02 -4.029822060917e-01
-2.062178342889e-03 1.162026144525e-02 -4.166941379981e-03
-8.184168054625e-03 -1.144621058130e-02 -2.414752365195e-03
-1.448155395247e-02 -7.366554524699e-03 -5.029427225696e-03
-3.165328899057e-02 4.563731389647e-03 -8.542852246888e-04
7.700703901371e-03 -1.804169650360e-02 2.454477894247e-02
-3.657673657060e-02 2.461722669101e-02 8.521444098088e-02
4.864086983846e-02 -7.787375300709e-02 1.009076034901e-01
-3.214737465785e-03 8.771991045654e-03 2.184321145195e-04
Mode 23
-2.011871185798e-02 -2.407713415228e-02 -1.478102728963e-02
-1.366975891030e-01 3.507642322819e-02 -9.577613062447e-02
-2.651086983389e-02 -1.074705886024e-01 -5.442990170453e-02
3.235037891842e-02 -1.041430981667e-01 1.010354430475e-01
1.619155419507e-01 -9.285624272386e-02 6.548888319518e-02
1.571599184644e-02 4.952358257715e-01 8.449086426370e-02
-7.867358832348e-02 -1.614000422236e-01 5.358808375221e-02
1.818238741319e-02 1.874968888613e-02 -9.228916200241e-02
-7.719800970111e-02 -1.021872832748e-01 6.380106805093e-02
3.055118007870e-02 1.805028052131e-01 3.749511047660e-02
3.806061894277e-03 -5.649986664169e-01 8.495706189792e-02
3.638955599524e-02 2.757758671847e-01 9.164675265926e-02
2.196486251886e-02 -2.546415920485e-02 -3.625447949340e-02
-2.851681415609e-02 9.067293697053e-02 -1.353857439396e-01
4.129058576935e-03 -8.882437742323e-02 -5.291426124571e-03
2.705818701219e-02 2.095093429870e-02 2.669509616840e-02
2.920248577985e-02 2.321803405716e-02 2.146305322874e-02
-3.526003699677e-02 1.670131835407e-02 -2.178070352087e-02
-2.933024706195e-02 8.752636869729e-03 -1.103828639397e-02
-2.325666988456e-02 6.262124592195e-02 1.259284866904e-03
2.099037350807e-02 2.809599984221e-01 -1.436608472630e-02
4.303521927297e-03 -7.170751156671e-03 5.450298941928e-03
Mode 24
4.366145939362e-02 9.654075659246e-02 3.918927683278e-02
9.995097749576e-02 -2.566969588043e-02 8.827501139439e-02
-2.764860815476e-02 -2.149451688644e-01 6.187566154264e-02
1.426672361271e-02 -5.662569556786e-02 -3.996122077013e-01
6.133387163356e-02 1.531267202706e-01 1.705338478350e-01
-2.274643366640e-01 -3.722397098048e-02 -3.046589350059e-01
-1.822162814047e-01 5.601063670189e-02 3.524934102599e-02
-2.037371696230e-02 -1.920607088750e-03 -2.347954776507e-02
-2.462485994016e-01 -3.147223927328e-03 2.020531646510e-01
3.825172429028e-01 3.316853240878e-02 2.384722168863e-01
1.773462864286e-01 -8.128001706012e-02 -1.046890433980e-01
8.336153945756e-02 2.999209448625e-02 -2.683488399372e-01
-1.327443565706e-01 7.793242353109e-03 6.476065512979e-02
1.597118633543e-02 6.322497669928e-03 7.234821903747e-02
1.379478983980e-02 5.003461687689e-02 8.645355531078e-03
1.375024774337e-02 4.121477942380e-02 2.058467992190e-03
1.301769964799e-02 1.040580401185e-02 2.058427787075e-04
7.512091323401e-02 -1.696645037101e-02 2.883862428446e-02
3.886547051042e-02 3.168799831101e-02 6.748987649133e-03
-1.230056680525e-01 -1.650569257374e-02 -3.766906399454e-02
1.403199184290e-01 2.429933522181e-02 2.651728053046e-02
3.557824831869e-04 8.083860965297e-04 1.713962654462e-03
Mode 25
-4.163120487287e-02 -4.056715948642e-02 -3.062372365980e-02
-1.261807572897e-01 3.209808529500e-02 -6.251032523663e-02
-1.809735279352e-02 -5.587976026926e-02 8.073736161105e-02
2.778787930904e-01 5.518312908061e-03 -2.269377983731e-01
4.760145523232e-03 -6.972137279745e-02 1.135929115354e-01
8.234693298669e-02 5.002567109048e-01 1.243301018789e-02
-9.176321793214e-02 -3.333491846014e-01 1.126570266225e-02
6.357958397899e-03 1.600798479436e-02 2.494042331177e-03
-1.384558064957e-01 1.932013421015e-01 -7.197359850881e-03
-2.599920701567e-02 -1.604349530314e-01 7.621699042726e-03
6.217901371830e-02 3.414683820617e-01 7.634442639679e-02
1.524573751341e-02 -4.021884483550e-01 1.177745905734e-01
-5.076728422519e-03 2.384068159337e-02 -4.516408819717e-03
-2.428795764470e-03 -2.702856460940e-02 -5.039181738920e-02
2.126411809992e-03 -9.184402655424e-02 -1.639605670216e-02
2.711701559002e-02 3.780767727530e-02 1.341003211323e-02
2.985015712581e-02 -7.479497689857e-03 2.205586268532e-03
1.109590286420e-02 -1.474500471893e-02 -2.280478825749e-02
-2.866166078576e-02 4.660353190681e-02 -4.058952146282e-02
-4.082497068034e-02 1.028414111470e-01 -9.018187992227e-03
1.738658341328e-02 -1.443729481484e-01 -3.329309847074e-02
-4.164678682449e-04 1.414371240272e-03 -1.471597111130e-03
Mode 26
-1.923612751170e-02 -4.650585553463e-02 2.442038620496e-02
-4.971548699904e-02 -1.329215432357e-03 7.381955866044e-02
-9.464137174896e-02 1.947342469768e-01 8.865629940341e-02
4.524270595156e-01 7.558069046412e-02 -4.353063972650e-01
-1.759292805661e-01 -1.293533676256e-01 7.516689911094e-02
6.790321963274e-02 -2.803040915477e-01 2.053963742279e-01
-6.949952151463e-02 1.664788730890e-01 4.012647006555e-02
1.924876956030e-02 -1.271149625142e-02 -3.571453023726e-02
-1.278471076765e-01 -6.577404770903e-02 -2.975335160982e-02
-7.655659240156e-02 6.292516786415e-02 -7.132347269912e-02
3.484759535954e-02 -1.297822721205e-01 1.741274918581e-01
8.510502406010e-03 1.910971696231e-01 2.540910177519e-01
4.038066727927e-02 -1.776578683228e-02 -3.911267909412e-02
-2.071684566320e-02 1.280318429620e-02 -1.088529921453e-01
2.406880303908e-02 3.572804274265e-02 -4.211790609059e-02
1.935543500659e-02 1.008207250681e-01 -5.154665785330e-02
3.314203867388e-03 -1.545822610158e-01 -7.976125687756e-02
7.015974805315e-02 -1.520288171095e-01 -6.145916869653e-02
-1.400907866346e-02 1.370511720877e-01 -1.015074935838e-01
-4.005654310663e-02 -3.966771564983e-02 -7.263813955007e-03
8.656020682818e-03 3.809797753673e-02 -6.918281036220e-02
7.038779598111e-04 -1.658638240274e-03 7.911488583046e-05
Mode 27
-7.937148234196e-02 7.714986655187e-03 1.085283521020e-01
-1.260996633147e-01 -1.963484568582e-02 1.783383738613e-01
8.981038161786e-02 -7.047919513486e-02 -1.103492133168e-01
-1.792313147008e-01 -2.249852718841e-02 1.620145547287e-01
5.997096789025e-02 5.965510801278e-02 -3.880809006860e-02
-4.722391618456e-02 6.899267085833e-02 -2.824122557606e-02
2.517873162044e-02 -3.433892079198e-02 2.826452026467e-02
-1.209355593698e-03 1.577021943500e-03 -9.849202564372e-03
9.452881478169e-02 7.719872029321e-03 -6.323219420445e-03
1.772993743326e-02 -1.571347225615e-02 6.119461202865e-03
-3.033064120158e-02 2.822452429694e-02 -7.345549881992e-02
-3.966232082606e-02 -3.804272164658e-02 -5.521141104960e-02
1.082319565161e-02 2.291477790777e-03 -2.081044601223e-03
5.627321473111e-03 -3.163725403200e-03 4.161482938577e-02
9.775166546040e-02 7.958174513966e-04 -1.312991529837e-01
1.270693227794e-01 4.129905407375e-01 -7.774675307769e-02
8.664130769723e-02 -3.655837003026e-01 -1.787691196880e-01
1.771963829184e-01 -3.837441674270e-01 -1.551883338509e-01
7.639248348101e-02 4.217074674412e-01 -1.568185440324e-01
2.683107002415e-02 9.482131588940e-03 -5.937893994877e-03
-1.489204009917e-02 -2.496572719737e-03 3.256782597291e-02
-3.093271522959e-04 4.042548326002e-04 -7.355181975363e-05
Mode 28
-1.488463393148e-02 -5.477263908817e-02 1.886030475405e-03
-3.195614502074e-02 1.880614869905e-02 -1.245585587899e-03
1.497097247813e-02 1.776436738751e-01 -3.187050056913e-02
1.988809362684e-02 1.168476639978e-02 2.238364799203e-01
-5.144714416543e-03 -1.259051225792e-01 -6.947066545476e-02
2.755159582733e-01 -6.586003948548e-02 -2.109286081768e-01
8.555998201963e-02 -3.958283293238e-03 -4.541979920629e-01
-3.735620410678e-02 1.431688098715e-02 2.100137967224e-01
-3.600212705653e-01 -1.456920083274e-02 9.130639000935e-02
-8.757937478896e-02 -5.101388620230e-03 8.294429739904e-02
1.091694295513e-01 -8.771417856765e-03 2.212671421422e-01
3.880923119128e-01 -7.641751053341e-03 -1.856462756818e-01
-1.912637820835e-01 1.517035240403e-02 1.142188001714e-01
-2.264234572701e-04 3.161083250734e-04 -1.071299340837e-01
4.279880019801e-03 8.518354664700e-03 -1.642187299118e-02
-4.383271234106e-03 1.072272918681e-02 -2.356224736875e-02
-9.385022205129e-03 -6.308001073343e-02 -3.014424113509e-02
-1.043094414598e-02 -4.164370165441e-02 -3.264830983911e-02
-1.099439171916e-02 3.293641360540e-02 -2.899886283278e-02
-5.264765433607e-02 7.023445673327e-02 1.167946329706e-01
5.300841235421e-02 4.749743978204e-02 -9.810132937126e-02
1.077199240261e-03 1.745559470113e-04 4.762999986161e-04
Mode 29
4.036968362941e-03 8.124736130161e-03 1.021998394589e-03
7.362050340128e-03 -3.962338704455e-03 2.380894287287e-03
-5.450290231071e-03 -1.771207486027e-02 2.067012298222e-03
-2.595246749691e-03 -2.743465818214e-03 -3.130856526684e-02
-1.319683527909e-03 1.517902322272e-02 8.729983358001e-03
-2.622377092499e-02 2.895239283947e-03 1.846848746158e-02
4.139928530153e-03 1.897786561431e-01 2.481825353182e-02
2.415168918516e-03 -2.669199999333e-02 -1.380955877575e-02
1.386593823412e-02 -3.280452714505e-01 6.748155361756e-03
-9.420639435945e-03 -3.002904312623e-01 1.342585416433e-02
5.323209971020e-03 2.200253013099e-01 -2.507449588963e-02
-3.152997680861e-02 -2.990313336400e-02 1.733431598356e-02
1.628749202071e-02 1.489284593894e-04 -1.020089531707e-02
-1.575180070005e-03 -3.551519270477e-02 2.088242921469e-02
-6.031529528830e-04 3.592481402539e-03 2.699628858026e-03
-6.202074546450e-04 -2.700605866355e-03 1.849764961306e-03
-1.309135721997e-04 7.309857300388e-03 3.134423570886e-03
1.620195131549e-03 4.253982766817e-03 4.190057189144e-03
1.198724704609e-03 -5.270887429370e-03 3.124296271550e-03
3.628225534589e-02 6.425205915251e-01 -6.340548290720e-02
1.519518486902e-02 5.364110376084e-01 -4.072683433146e-02
-4.543310413440e-04 1.625927046674e-03 -1.862933642116e-03
Mode 30
-2.058175316760e-01 -5.768378546754e-02 -1.583278195877e-01
-1.720122158746e-01 8.878614542524e-02 -1.185749190163e-01
3.142124942155e-01 -4.059345990068e-01 2.115947129153e-01
-6.709766892911e-02 1.666999892257e-01 -9.349382657966e-02
-9.357366060556e-02 3.274728174299e-01 -2.592400214053e-02
4.574163267898e-02 -1.726121201085e-01 2.981476558571e-02
5.490380673526e-02 4.352071176913e-02 -7.400447234855e-02
-3.284214505231e-03 -1.952540978830e-03 3.013773375454e-02
8.875620143095e-03 -2.096011924025e-02 -2.142957666268e-02
-9.879863478408e-02 1.928002527843e-02 -3.753723698169e-02
2.168317622725e-02 -1.940892413034e-02 1.497596695116e-01
1.003421028027e-01 5.277745205454e-02 6.537016067913e-02
-1.972842234264e-02 -3.344662968831e-03 7.297352057461e-03
-6.521153871649e-03 2.602193703748e-03 -6.014236951855e-02
-1.186070842656e-02 -4.366689945840e-01 -4.375032937975e-02
1.085763317293e-01 1.045668811590e-01 1.272476145980e-01
1.440256892556e-01 1.196618530768e-01 8.168392389569e-02
5.733212557242e-02 1.091413559497e-01 4.738113879435e-02
4.937810485420e-02 1.011254929575e-01 5.081679586193e-02
3.041939856874e-02 5.307934921197e-04 4.644173037908e-02
-1.270557286820e-02 -5.479603689847e-03 -3.541687329505e-02
3.828424807159e-04 -7.293060994123e-04 -2.948578967976e-04
Mode 31
-1.579954920936e-01 -2.446817418286e-01 -1.328747840605e-01
-1.392032435035e-01 1.897165937513e-01 -8.496053734483e-02
2.328890326503e-01 3.356586516791e-01 1.801836868128e-01
2.470895998875e-01 5.924534488602e-02 2.381260955836e-01
-8.938538556079e-04 -2.521901328351e-01 -3.264689057453e-02
-3.731828045744e-02 -7.804213482390e-02 -2.346532589536e-02
-1.020147772834e-01 3.469230756358e-02 8.119125541006e-02
1.791791359029e-03 -4.945179101283e-03 -3.691018564291e-02
-1.128757597288e-01 3.165555701064e-03 6.684942543376e-02
2.178540384096e-01 -3.140492076977e-03 9.628651445679e-02
-5.211623856501e-02 -8.461227188197e-03 -3.604137618047e-01
-1.881723742683e-01 1.028407312974e-02 -1.894509673127e-01
2.504232443588e-02 -1.936718086099e-03 -2.339409112915e-03
1.456365192140e-02 -4.731957825834e-03 1.284055999391e-01
-2.175648566689e-02 -2.823618341586e-01 -4.256652649853e-02
2.260238213379e-02 -2.591085158232e-02 3.291778097702e-02
4.151872649058e-02 -3.110661984535e-02 5.943145067643e-03
-9.215589407674e-03 8.261127640720e-02 2.503946996468e-03
-2.862534340369e-03 8.564791347716e-02 3.812909885326e-03
-9.498669793921e-02 -7.081676712739e-04 -9.913742743649e-02
3.456811311249e-02 1.044200605017e-02 7.170750061287e-02
-9.717740841939e-04 1.751923143861e-03 7.351817364566e-04
Mode 32
3.774650611993e-03 1.952571815061e-03 2.987105673941e-03
-2.525203154786e-03 -1.812960231140e-03 -2.036957823526e-03
-1.892742771696e-03 1.255620425028e-03 -2.198764697064e-03
-3.180294370001e-05 -3.145747709499e-03 5.711757033218e-03
4.948760161251e-03 -5.709596852326e-03 1.362400604747e-03
2.654571988286e-04 2.458582060890e-02 -6.739155189354e-03
-1.728328888903e-03 4.427168874601e-02 4.439926979810e-03
-6.579910513711e-04 -8.276023699824e-03 -2.433150421399e-03
-1.440180474763e-02 -3.404871668494e-01 3.660108837024e-02
2.164569400433e-02 3.856096970560e-01 -3.739441282033e-02
-8.607528805322e-03 -6.812325577492e-02 -7.364516096034e-04
-5.038377477797e-03 -2.039680217276e-02 5.719639799422e-04
6.379264869205e-04 1.576752576814e-03 -9.425991212863e-06
1.321757337716e-03 1.349729292367e-02 -1.244335846201e-03
2.942562861103e-04 7.213586504474e-03 8.511046204592e-04
-1.486108791961e-03 -9.244036275109e-04 -2.015395923092e-03
-2.280125735564e-03 -1.152662085933e-03 -9.565475005323e-04
-2.294883373437e-03 -2.157620923696e-03 -2.009178707410e-03
-2.365612472148e-03 -2.274529234189e-03 -1.664161506102e-03
2.927220834869e-02 5.523432431451e-01 -3.702077149610e-02
-1.906048099648e-02 -6.430748591031e-01 4.939740474139e-02
9.705784550259e-05 -4.484418375221e-04 4.575852363211e-04
Mode 33
1.261779127246e-01 3.261478037713e-01 1.210404467863e-01
-3.830569916662e-01 -3.295233664338e-01 -3.049737812675e-01
2.682428455295e-01 -1.241216351726e-01 1.818117495317e-01
1.069782861782e-01 1.198012875353e-01 9.408981529291e-02
-4.451420885664e-02 4.204416808724e-02 -2.975675134686e-02
1.161168711271e-01 -6.422036430237e-02 7.167022777743e-02
1.164392323932e-02 6.243042907741e-03 -7.129072100801e-02
-1.858458663516e-03 -5.072714879671e-04 1.174566985323e-02
-1.071567931762e-01 8.110465591788e-03 3.105119600997e-02
8.110059268147e-02 -1.758798808415e-03 3.928468970285e-02
-2.221838358939e-02 -5.681733913736e-03 -1.609273994070e-01
-1.070594836431e-01 1.562659745516e-02 7.682672976862e-03
1.775382206461e-02 -2.267057967175e-03 -6.019540860499e-03
2.118381805823e-03 -1.695179120452e-03 3.590309533765e-02
1.595235603987e-02 2.712850427404e-01 3.518478955236e-02
-7.493319819788e-03 1.071308176206e-01 -3.763720438329e-02
-4.685334918858e-02 1.011248994522e-01 1.587107808761e-02
-1.384633618899e-01 -1.954713077392e-01 -1.516683784049e-01
-1.732348228189e-01 -2.000886795468e-01 -1.090583149577e-01
-4.750354749569e-02 -2.563818692131e-03 -2.037778307709e-02
1.911638623511e-02 4.701939924560e-03 1.750695071847e-02
-4.275945267482e-04 6.319800795706e-04 2.335996554564e-04
Mode 34
6.476655399967e-02 -2.836400923539e-02 4.550562255405e-02
-1.880294694715e-01 4.110316208251e-02 -1.344244119623e-01
2.160386292094e-01 1.301672901538e-01 1.645669083623e-01
-1.489485734167e-02 -6.595245143628e-02 -3.135633094012e-02
4.569220676567e-02 -8.252000246110e-02 2.989105304195e-02
-2.228245869637e-01 -7.038422422929e-03 -1.349683078901e-01
-1.010586918664e-01 4.075635250527e-02 4.806097494736e-01
6.273902979677e-03 -6.979649408048e-03 -9.339776995254e-02
1.573048505953e-01 -8.864100527365e-03 -3.600814486507e-02
-2.823484468874e-01 1.194300107968e-03 -1.311669516174e-01
3.999742256812e-02 5.852328422446e-03 1.685793461254e-01
4.763307045519e-01 -3.993280098541e-02 -2.736386284655e-01
-9.530249314496e-02 7.565890831191e-03 4.575048314280e-02
-6.310999841999e-04 1.651352304222e-03 -2.683198695151e-02
4.779310653841e-03 9.522953610952e-02 1.169354648507e-02
-3.710228265548e-02 -3.348170243163e-02 -5.489151541720e-02
-6.077620112434e-02 -3.776374957190e-02 -2.302566052790e-02
-3.582763941123e-02 -2.864271112838e-03 -4.033373534627e-02
-4.715772716256e-02 -5.402248642747e-03 -1.920299623242e-02
1.259000549333e-02 -9.664493869662e-03 -6.621623303842e-02
-1.146242833823e-01 5.693838527368e-03 5.170824178358e-03
5.408093427292e-04 -2.133746914839e-04 4.033494172523e-04
Mode 35
2.548551717773e-01 -3.225077133882e-01 1.504372401511e-01
-2.191873428817e-01 4.560739541494e-01 -1.113654253851e-01
1.269262143227e-01 -2.245075196057e-01 7.225178466566e-02
-4.918610809449e-02 -1.093961915433e-02 -3.919850270074e-02
-2.214928953332e-02 1.159640002069e-01 -6.788748426904e-03
-4.594224946061e-03 -1.924713655668e-02 -1.703063676173e-03
1.290761702919e-02 -9.433322865590e-03 -1.593306846733e-01
-1.575625916027e-03 1.847596725382e-03 3.272524053538e-02
1.885426318190e-02 -3.553014403192e-03 -2.918385196446e-02
8.486726158077e-02 1.852249872837e-04 5.435684125739e-02
-2.556181119006e-02 4.585901634479e-03 6.081475404382e-02
-1.341951611692e-01 1.477116761391e-02 7.311718869171e-02
2.842730362170e-02 -2.917628871014e-03 -1.337079277508e-02
1.220014784056e-03 -1.595206407532e-05 -1.300659791707e-02
2.162384978647e-02 2.697608153357e-01 4.297843552581e-02
-1.561122688587e-01 -2.586579954743e-01 -1.973457864830e-01
-2.153463189554e-01 -2.554931448578e-01 -1.152885632261e-01
-2.714418002458e-02 1.533791989042e-01 -1.484345430229e-02
-4.224936209841e-02 1.566648015024e-01 -1.243883510704e-02
1.366550957896e-02 -1.204066695471e-03 1.171339453029e-03
3.311806902140e-02 2.521644869830e-04 7.797670955142e-03
9.379148865160e-05 -3.747286661879e-04 -4.633983196961e-04
Mode 36
2.588975338530e-02 -4.102621210387e-02 1.581915219814e-02
1.538530132740e-03 5.765547544251e-02 5.345841424090e-03
-2.481838357830e-02 -5.981225718705e-02 -2.234709263760e-02
-1.270634502297e-02 1.022398248503e-02 -3.599815393271e-03
-1.613451739847e-02 3.505371039447e-02 -8.507149262022e-03
2.219685379913e-02 6.007339773033e-03 1.023204387944e-01
7.717677853671e-02 9.662502681356e-03 1.862540780214e-01
-5.689502655201e-03 -3.115341692565e-03 -4.681320976151e-02
-1.748665607090e-01 3.308696721764e-02 2.871155924888e-01
-1.499126911004e-01 -1.752348135788e-02 -2.708208441366e-01
2.012901315273e-01 -3.393598873209e-02 -4.249179084024e-01
4.679685416995e-02 -3.024023791450e-03 2.160080706969e-02
-1.901574204609e-02 1.712474679757e-03 -2.490475025878e-03
-1.447790107621e-02 -2.129757194356e-04 8.295605202037e-02
2.671326134656e-03 2.507754387037e-02 4.064574302838e-03
-1.589662553895e-02 -2.976206615638e-02 -1.945841874755e-02
-2.096504346135e-02 -3.120290258950e-02 -1.287172493980e-02
1.660821489538e-03 2.312255478007e-02 4.758439085382e-03
3.226700222966e-03 2.200433108090e-02 3.749215758643e-03
1.872510842403e-01 2.996395230231e-02 5.644871028885e-01
1.168458774480e-01 -2.322489255159e-02 -3.425328388672e-01
-9.757168554111e-04 1.374685958938e-03 1.644980399085e-03
Mode 37
2.080466402656e-01 2.389125018474e-02 -2.873466823934e-01
-2.765184676448e-01 -3.073882120390e-02 4.038106155472e-01
7.721558552295e-02 -9.441066304996e-03 -1.477860036317e-01
3.750440406706e-05 1.347525698969e-02 2.285303844084e-02
7.870423340789e-04 8.539053235154e-03 -1.532087213794e-02
2.555458598127e-02 -1.483634142246e-03 1.957343781824e-02
-4.785061355875e-03 1.294215711029e-03 1.461027484735e-02
3.407126185995e-04 -5.195177551150e-04 -3.787933228862e-03
-1.399158243538e-02 1.058975124768e-03 2.948734637746e-03
-1.586535493277e-02 9.173201729692e-04 -6.804701075117e-04
3.567117869694e-03 -2.542732729296e-03 -4.317802131662e-02
3.710579302840e-02 -1.385463235161e-03 2.640304742352e-03
-6.040603914144e-03 6.038484160336e-04 2.377447859869e-03
-1.097958500049e-04 -2.485616199543e-04 6.775111807296e-03
-1.236730166937e-01 -1.713436875646e-02 1.697252956024e-01
-4.052079486024e-02 -3.307913570039e-01 5.187130225925e-02
-6.170515659573e-02 3.162740278875e-01 9.199360881560e-02
3.428829659799e-01 -1.864161810585e-01 9.594112968392e-02
-2.151645749363e-01 2.011453145831e-01 -2.771042230938e-01
-1.678993854503e-02 -7.311840668704e-04 -2.248825896996e-02
-3.280057407435e-02 3.936325944640e-03 4.122249797762e-02
-1.167053050138e-04 1.955194567077e-04 1.531369747096e-04
Mode 38
8.194457243569e-03 -4.592196048538e-02 4.453561733572e-02
8.834193145362e-02 7.564551635023e-02 1.144069728041e-02
-1.589219009237e-01 -2.108012575100e-01 -9.895894898163e-02
8.439561966959e-02 1.084259089885e-01 1.195423876347e-02
-7.001421000496e-02 9.237871254377e-02 -2.868680530517e-02
2.135297038613e-01 -3.542972589741e-03 2.096337290820e-01
-3.274019383540e-02 6.104852961597e-03 2.178261559304e-02
4.736385478364e-03 -1.633518290872e-03 -1.221419180775e-02
-1.320884408905e-01 3.508858016587e-03 2.780199202594e-03
-1.508625777304e-01 1.188216174740e-02 3.216012660834e-02
7.580356249371e-02 -2.494263690106e-02 -4.333326391286e-01
3.536766701562e-01 -1.756320980550e-02 4.094032844723e-02
-5.788319415464e-02 5.178903078743e-03 2.048045808405e-02
-2.118589524302e-03 -2.148956107723e-03 6.580245052932e-02
1.567758940670e-02 2.599846780683e-02 -1.193691370327e-02
-1.022073486487e-02 -3.899952430923e-03 -1.917881070083e-02
-8.768296080141e-03 -6.629966817804e-02 -2.207952358665e-02
-3.538525464841e-02 4.126010578945e-02 -2.209667058521e-03
2.471035992670e-02 3.927309676462e-03 2.531704324250e-02
-1.322932061961e-01 -3.411952845342e-03 -1.728912680294e-01
-3.554486771738e-01 4.570933296976e-02 4.698572524824e-01
-1.074904032089e-03 1.983538677885e-03 1.632338739648e-03
Mode 39
-1.361047344977e-02 2.678622568221e-02 -1.901282119447e-02
-5.760793808116e-02 -4.996401163126e-02 -3.400848178170e-02
1.205174610304e-01 1.868007706698e-01 1.136587853294e-01
-2.259932415185e-02 -1.063496924974e-01 -1.320063966313e-01
5.643452247150e-02 -8.647118781017e-02 5.452137052070e-02
-3.475811000675e-01 3.110394843190e-02 8.824773094268e-03
-2.314935172205e-01 -1.903019912924e-02 -4.227730006456e-01
6.486560495163e-03 5.195218842589e-03 7.428512628954e-02
2.099007003349e-01 -2.056785637126e-02 -5.666935364260e-02
1.952638678450e-02 3.366653680126e-03 5.362555526918e-02
1.235750177705e-01 -1.028085539906e-02 -8.665599793239e-02
8.449225599246e-02 3.041635904084e-03 1.521908719633e-01
-1.035334077200e-03 -5.665371109570e-04 -1.616511759358e-02
-2.960435932830e-03 3.439352208939e-04 1.022304692663e-02
-5.252600145865e-03 -1.759695159530e-02 5.418842389960e-04
7.484391275163e-03 1.512855942164e-02 8.729836228891e-03
6.051990882797e-03 3.099072613565e-02 1.027084343275e-02
8.531642243296e-03 -1.831284838689e-02 -2.647935140314e-03
2.008450314623e-03 -3.751248853612e-03 3.852847687730e-03
2.908990050553e-01 1.657912677115e-02 4.048244728460e-01
-2.137479049375e-01 3.630073757411e-02 3.519136795011e-01
-2.920460434683e-04 9.941192233709e-05 2.713379542027e-04
Mode 40
-1.448514480458e-01 -1.658826576474e-02 1.950381191751e-01
2.030831616023e-02 1.005993099586e-02 -8.552162244628e-03
7.546998700956e-02 -8.666746232071e-03 -1.250852799095e-01
2.312253703336e-02 2.172408238257e-02 2.001886313771e-02
-1.073397251804e-03 -1.252811699267e-03 -5.525542308035e-03
-4.901360943432e-03 -4.094034645153e-03 -1.882123587961e-02
-3.606191614306e-02 2.529362141459e-03 -4.491614694161e-04
5.711247777048e-04 -2.063688188707e-04 2.384170872624e-04
1.739429606031e-02 -2.144013968319e-04 4.964881845108e-03
1.302074435518e-02 -1.601932909084e-03 -9.543391260218e-03
-1.905662186520e-02 1.678180609214e-03 6.472364091363e-03
1.192159311199e-02 5.612284193172e-04 8.251633337273e-03
-1.134847937646e-03 -1.509227947047e-05 6.068664302639e-04
3.275263101830e-04 -1.625583870684e-04 -6.399679349139e-04
5.514329850699e-02 3.539082929112e-03 -7.644630169342e-02
1.626158253684e-02 1.979354130387e-01 -1.967593028553e-02
3.477938220000e-02 -1.968594935388e-01 -4.643979084484e-02
4.184062927051e-01 3.432059971368e-01 3.159291929726e-01
-4.217973875437e-01 -3.554608216258e-01 -3.551253357670e-01
1.316321175156e-02 3.236273257758e-04 1.617567478351e-02
-3.446450725125e-04 8.551335009811e-04 4.114110585712e-03
3.329026658359e-05 -2.123485157481e-05 -4.737110285871e-05
Mode 41
1.961534115232e-03 -1.087012304197e-02 1.931057527384e-02
-1.043362891786e-01 -1.038684473659e-01 -8.327831900725e-02
1.766937648667e-01 3.121419049846e-01 1.294223613439e-01
-3.953212644258e-01 -3.560390888165e-01 -2.797012291002e-01
6.085979836276e-02 1.267602739037e-02 4.115415109895e-02
1.098092988904e-01 3.162978874346e-02 9.379308083131e-02
3.537746191908e-01 -2.766773434812e-02 7.069070610337e-03
-8.987889087470e-03 2.161419217579e-03 3.842707413725e-03
-2.120444550353e-01 8.228525478116e-03 -1.105655667649e-02
-1.435831670382e-01 1.180347513126e-02 3.818419109143e-02
2.597011383051e-01 -2.390767273847e-02 -9.643570311270e-02
-1.439656267143e-01 7.911480556601e-03 9.561423644821e-02
1.638109086715e-02 -3.275465255076e-04 -1.347330109572e-02
-8.544816665477e-03 1.917363073989e-03 7.190851529820e-03
3.926086095373e-03 2.346792053321e-02 -1.473779592141e-03
6.866675772800e-03 4.626060467245e-02 -2.176299445420e-02
-1.858988579730e-02 1.850440872607e-02 1.284233462876e-02
1.556623999123e-01 1.181978627020e-01 1.216043273069e-01
9.355445385488e-02 7.101389879907e-02 7.114920228559e-02
-1.521985714216e-01 -2.410256491891e-03 -1.642986222649e-01
-7.880309453671e-02 3.083446786211e-03 5.679208915499e-02
-4.807564852930e-04 2.252367202791e-04 6.361449682554e-04
Mode 42
-1.107920864479e-02 1.114461862329e-02 -3.750018639694e-03
4.875991514106e-02 5.838971352121e-02 4.437726754522e-02
-6.063462481462e-02 -1.233819335283e-01 -4.753632966505e-02
1.854517305900e-01 1.525714599580e-01 1.067529832325e-01
-1.819736024741e-02 -2.102636071284e-02 -3.795887569212e-03
-3.196588704481e-01 2.335018940184e-02 2.046890668388e-01
3.052312355074e-01 -1.518857973934e-02 1.159560936492e-02
2.631730520761e-03 -9.420242270093e-04 -2.833986731532e-04
-1.101341824717e-01 -1.423182875025e-02 -2.623126778927e-01
-2.084964470266e-01 2.965391194321e-02 2.159640334305e-01
4.928645634811e-01 -2.313373219914e-02 1.316773767674e-01
-2.601473139839e-01 -7.827443248023e-03 -3.551009889952e-01
8.488669343366e-03 -1.237429365245e-03 -6.958440615522e-03
-4.148994953865e-03 4.823069993216e-03 -1.455107193463e-02
-4.545120383903e-05 -2.284625560351e-02 -2.464672294375e-03
-4.865721195150e-03 -1.911751482559e-02 1.289784159613e-02
1.201258330926e-02 -2.192339458006e-02 -1.214252068771e-02
-5.974792762956e-02 -5.215213934249e-02 -5.122425871486e-02
-8.054432119031e-02 -6.277536580804e-02 -6.144877845009e-02
3.691421453475e-02 6.469419980580e-03 5.633256779270e-02
-5.558024809863e-02 -1.444696415492e-03 5.507352729119e-02
4.691364256850e-06 -4.427770878782e-04 5.794344201420e-04
Mode 43
5.643364680967e-03 -3.106958814092e-01 -2.303068257979e-02
-1.184259098667e-01 -2.065278039256e-01 -1.022958003089e-01
-9.809021681159e-02 -1.827629605036e-02 -6.772322866428e-02
1.334198625113e-01 7.620121402383e-02 7.389786560319e-02
-3.263725176618e-02 1.201785605656e-02 -1.607049999401e-02
-2.428341014905e-02 5.822439272778e-03 1.288708642747e-01
-5.787320553175e-02 4.163333625113e-03 -5.274513372560e-03
5.927730865527e-03 -7.140176879682e-04 -9.452492328650e-04
2.429458806458e-02 -7.833635804990e-03 -9.054851679642e-02
2.090664405798e-02 5.927101983123e-03 7.977770700679e-02
-5.473812098491e-02 3.627508079567e-03 1.621997507478e-02
3.214735473079e-02 -1.033414183633e-02 -1.484940110277e-01
-6.499271468424e-03 5.236670261193e-04 6.143295672552e-03
4.525836734104e-03 -3.032958072778e-04 -3.079595657617e-04
-5.493939118122e-02 4.386019417889e-01 2.943441620668e-03
1.856390581240e-01 2.965157380836e-01 -1.398696834464e-02
1.600939230347e-02 2.729224115332e-01 2.117567630380e-01
1.559182449754e-01 2.675876814061e-01 2.203996508947e-01
2.266858268948e-01 2.718001658927e-01 1.031588316301e-01
5.483688497319e-02 2.029737480758e-03 5.900128299318e-02
4.696777290746e-02 -5.719120764126e-03 -3.293764656182e-02
1.295118210479e-04 7.805616396612e-05 -5.944259092094e-05
Mode 44
6.641717875136e-02 2.060965007220e-01 6.928617105391e-02
-5.101643905744e-02 -1.156404923159e-01 -4.273441169881e-02
-2.204389390357e-02 4.537923719021e-02 -2.563485638647e-03
-3.786080219804e-02 -6.631024833672e-02 -1.178164087724e-01
-1.518649299280e-02 2.587295566319e-02 1.166548126910e-02
-1.569297206390e-03 4.458369246664e-02 5.038358736073e-01
-4.101268852924e-02 -7.387192456728e-03 -1.041075170199e-01
1.387667735637e-02 -3.033003808480e-04 7.701566307975e-03
6.118819054913e-02 -1.927779829966e-02 -2.018938938602e-01
1.651451506066e-02 2.510832128038e-02 2.957531652393e-01
-2.922025739862e-01 4.851910244872e-03 -1.261470029689e-01
2.271979240880e-01 -3.188589314539e-02 -2.808896079072e-01
-2.077186274191e-02 2.685371684244e-03 1.395180752179e-02
1.452992114875e-02 -2.665034904377e-03 1.214683034658e-02
5.192902424071e-02 -2.421321634316e-01 1.445803365471e-02
-1.335669595016e-01 -1.398091472958e-01 -6.707577897483e-02
-9.219828728122e-02 -1.378857122072e-01 -1.229655509369e-01
9.795568912930e-02 6.208733598185e-02 7.891575217239e-02
8.356844370281e-02 5.365316789661e-02 6.177092326903e-02
7.237297524185e-02 -7.801645090340e-04 2.542596266544e-02
2.066359492920e-01 -2.887413039743e-02 -2.064333555790e-01
7.289003367788e-05 8.841833613800e-04 -3.956579476655e-06
Mode 45
1.349144245680e-01 2.567555433265e-01 1.211747155616e-01
-1.241980440102e-01 -3.161661092480e-01 -1.177490391433e-01
-1.009725718469e-01 -1.996955595843e-02 -7.826692185498e-02
1.535202710656e-01 1.100980864858e-01 1.629288746859e-01
-2.147214701011e-02 -3.940809794246e-03 -2.608524372712e-02
4.585026893291e-02 -2.648627057100e-02 -2.367740519126e-01
-5.762975710355e-02 1.364699649285e-02 1.100071762143e-01
-3.140916001323e-03 -9.536760942607e-04 -1.076766910733e-02
-5.059585515671e-02 5.654569954125e-03 3.027813591541e-02
4.395820708784e-02 -1.584845774581e-02 -1.603939006196e-01
1.528297793185e-01 1.992701411229e-03 1.345374530258e-01
-1.547948081564e-01 1.221658878924e-02 3.216879925196e-02
9.405803713230e-03 -1.380396736370e-03 -2.140178815155e-03
-6.068733834387e-03 1.782441068040e-03 -1.042107053516e-02
7.832208262184e-02 -2.809189410502e-01 2.677795961877e-02
-1.791575111640e-01 -1.299082443484e-01 -1.527364780583e-01
-1.842828714471e-01 -1.272358201273e-01 -1.355358662834e-01
1.435224507156e-01 2.320562800214e-01 2.156505892420e-01
2.345019992031e-01 2.454064535220e-01 9.996327025165e-02
1.642053183537e-02 4.953744675390e-03 7.924592148285e-02
-1.223877349866e-01 1.935125359874e-02 1.558187654610e-01
1.250070989418e-04 -6.578697971842e-04 -1.143861796037e-04
Mode 46
9.152551132366e-02 1.329417178019e-02 -1.227935046135e-01
4.988800323258e-02 6.416901688671e-03 -6.849642877949e-02
-5.306252518908e-03 -6.262159920681e-04 6.979873188315e-03
-1.573781646448e-03 -6.081245210583e-04 1.076571943514e-03
-3.813769831673e-04 4.601366259283e-04 4.641441828954e-05
4.335953985327e-03 -2.392345682406e-04 -1.543801641410e-03
-1.410837639975e-03 2.513382958803e-04 2.111866135150e-03
1.052602088301e-04 1.250402888406e-04 1.051713209368e-04
-2.395094546170e-03 -2.930666102916e-05 -2.108901344009e-03
2.734160366462e-03 -2.722907892950e-04 -1.806340921523e-03
-2.606502279613e-04 1.576628673865e-04 2.344594318561e-03
-1.536612348267e-03 -4.276175643750e-05 -1.297387013371e-03
-6.084695147986e-05 -2.407880830024e-05 1.639096602901e-04
-2.296393538360e-05 1.683445015717e-05 -1.681148597666e-04
-4.060710826553e-01 -5.485046217058e-02 5.591553285037e-01
3.203175884808e-01 2.082884445134e-01 3.033540638158e-01
-3.776012400524e-01 -2.153657427072e-01 -2.389770101850e-01
-9.487172889005e-03 4.350037486443e-02 -1.278574668492e-03
8.051635924104e-03 -4.732256412720e-02 7.181761407877e-03
1.161989201390e-03 1.386496442808e-04 3.108022999534e-03
-1.534302267890e-03 3.471110464107e-04 3.124375959131e-03
6.591321072928e-06 -5.608822766802e-06 -4.085897427393e-07
Mode 47
-2.784191409101e-02 -3.020547640590e-02 -2.199781852151e-02
1.244759929921e-02 9.568611302780e-02 1.658720342519e-02
2.581076082284e-02 2.843998662843e-02 1.402900415104e-02
-1.513800796717e-01 -1.010826170393e-01 -6.765217146794e-02
-8.617399962483e-03 4.498825420235e-02 -1.071306873907e-02
4.179609630776e-01 -1.489767276245e-02 1.022709448021e-01
-1.715143342198e-01 2.881619982269e-02 2.722059636415e-01
1.156434205872e-02 -2.048391623159e-03 -2.379305170752e-02
-2.380594014181e-01 -1.169617202625e-02 -3.169363233806e-01
2.750478187079e-01 -1.925373637430e-02 -9.635684079372e-02
-6.843764932650e-02 1.625379609926e-02 2.188154922512e-01
-1.408133186155e-01 -8.790146716053e-03 -2.608078430515e-01
5.270570470276e-03 4.729312600183e-04 1.461209418799e-02
3.126709291212e-03 1.020350641238e-03 -1.382303868068e-02
-9.243344802694e-03 3.456267347725e-02 -1.037998328235e-02
2.065220270416e-02 -4.880899872778e-03 3.667789117594e-02
4.760875803254e-02 2.129130745573e-03 1.227006761711e-02
4.675372331244e-02 -9.698118241418e-02 -6.336857230797e-02
-3.267109612685e-02 -1.043568948930e-01 5.651999307624e-02
1.587702010202e-01 1.912555125247e-02 3.564218857108e-01
-1.041291143002e-01 2.608296877252e-02 2.682653068266e-01
4.636887256071e-04 -6.300738699495e-04 -4.811998596651e-04
Mode 48
9.216190238982e-02 -1.274836057564e-01 5.748529476854e-02
1.798086807793e-02 1.441840974007e-01 2.619569240990e-02
-2.982491382127e-02 -1.632267575569e-03 -2.153903887888e-02
9.650351040170e-03 1.382864320276e-02 6.215026148856e-03
-1.041360810596e-03 -8.595794501463e-03 -1.189135360574e-03
-1.748715827764e-02 9.869639828856e-04 -7.060666051452e-03
7.090867697049e-03 -1.131995615614e-03 -1.208338032644e-02
-4.747988128342e-04 1.145360728124e-04 1.403262279320e-03
9.691762804610e-03 4.474754580844e-04 1.329257583587e-02
-1.163270460749e-02 7.910598366465e-04 3.905957268889e-03
5.081172460671e-03 -7.632247746109e-04 -8.518198881924e-03
3.316579923182e-03 6.916868795396e-04 1.270194537957e-02
1.652278748992e-04 -2.106037514296e-05 -7.921419451787e-04
-1.850155589809e-04 -2.757611296607e-05 4.636063216411e-04
4.389031261984e-02 -2.505765023200e-01 4.736401054275e-03
-6.525164160989e-02 3.497988497905e-01 -4.514391191432e-01
-4.719537416423e-01 3.015665303009e-01 1.167398331545e-01
2.309286251714e-01 -2.196929148058e-01 -1.034742864196e-01
-8.250142594172e-03 -2.483187037322e-01 2.242351740248e-01
-6.510233254495e-03 -6.319436973884e-04 -1.451712446025e-02
3.560103378485e-03 -9.544544162513e-04 -1.015373246943e-02
-2.504419123788e-05 2.070038905952e-05 2.042970624427e-05
Mode 49
3.539621778231e-02 -4.540493614551e-02 2.182740715554e-02
1.863370657409e-01 -1.142359728387e-01 1.243103474817e-01
6.854057807499e-02 7.235406333262e-03 4.904289347524e-02
-8.641686345436e-02 -4.607550300381e-02 -6.027844029124e-02
1.736447489720e-02 -1.491127040440e-05 1.181575877105e-02
5.867891607504e-02 1.281660402067e-03 3.750556929395e-02
-1.477957697325e-03 1.529220591508e-03 3.193466829030e-02
1.418772082482e-03 -1.409015322596e-04 -2.701172530895e-03
-3.977307978204e-02 -1.850322770775e-03 -5.064070750263e-02
3.916019835305e-02 -1.701775189310e-03 -1.866067245476e-03
-3.390591011164e-02 2.199030472098e-03 1.330000632880e-02
2.291212423771e-03 -2.355342547203e-03 -2.609141251473e-02
-1.158879004945e-04 2.133346654860e-04 1.918730147816e-03
9.730874121558e-04 -8.827381464952e-05 -7.439993801885e-04
2.454819654379e-02 -1.535870567637e-01 3.908465580630e-03
-2.856253889264e-02 1.839891228222e-01 -2.209868131311e-01
-2.329148114791e-01 1.593367812910e-01 6.076642758941e-02
-5.495741310748e-01 2.197373435201e-01 5.543579542950e-02
-1.356841301143e-01 2.703873866979e-01 -5.097993950107e-01
1.712396990487e-02 2.352035859658e-03 4.174036999966e-02
-4.054118571772e-03 2.153909349812e-03 2.558189465044e-02
4.525118753972e-05 -8.323204483608e-06 -6.135138624000e-05
Mode 50
1.561023857659e-03 1.988207860653e-03 1.780392441514e-03
-8.817472030897e-03 -5.350385105730e-03 -4.664047012371e-03
-7.680042781388e-03 -7.149711322698e-03 2.457578475953e-04
5.427465360879e-02 3.845958415440e-02 -1.625307852744e-03
7.111308707986e-03 -2.534904467885e-02 1.315377378257e-02
-3.929839471801e-01 3.643009167619e-02 1.635179285002e-01
5.091236762384e-01 -3.235263053129e-02 -3.813412109580e-02
-1.210085347419e-02 2.675207017797e-04 -3.671199612800e-03
-2.554959169167e-01 2.262741351525e-02 9.147514167174e-02
3.349792025753e-01 -4.598454440158e-02 -3.812078241577e-01
-3.571795126328e-01 2.735004632108e-02 1.181797689371e-01
1.628694317013e-01 -1.120858408379e-02 -2.281998523621e-02
4.393118942590e-03 -6.338016045340e-04 -4.325651788143e-03
2.899624649372e-03 6.474672416219e-05 1.907575600926e-03
4.348002630055e-04 2.071827236285e-03 2.036050550774e-04
-6.750158991538e-04 -1.820213559630e-03 7.324187998323e-04
6.278225649382e-04 -2.324164204432e-03 -1.346110666119e-03
1.429869235787e-02 2.431468694719e-03 4.866330491091e-03
3.556856995635e-03 -1.183163870852e-05 8.042456735042e-03
-7.242709176457e-02 8.709665203079e-03 5.964025860828e-02
-8.743891090726e-02 1.798716568315e-02 1.720320312031e-01
4.424923040077e-04 -4.335887085966e-04 -5.419899228818e-04
Mode 51
-2.241108646856e-03 -2.564457500645e-03 -1.492512032124e-03
7.611002598556e-03 6.262710350730e-03 7.231133724367e-03
1.844848172036e-03 1.044929126054e-02 6.981165715542e-03
-3.354159998719e-02 -4.550294494423e-02 -6.222285819945e-02
-1.031762496732e-02 2.225525745055e-02 3.131093198450e-03
9.873090158873e-02 2.080384045630e-02 3.672159018396e-01
-2.272570196662e-01 -3.972440813689e-03 -2.276284677896e-01
3.544744193320e-03 -1.148394563688e-04 -2.365784946703e-04
2.231794348765e-01 2.825837384079e-02 5.140528975996e-01
4.736038645660e-03 -3.039903966197e-02 -3.603787318030e-01
1.597430861154e-01 6.017603128894e-03 1.793927216139e-01
-1.654775205563e-01 -1.631730300867e-02 -4.108212913574e-01
2.427920587165e-03 -9.656125427773e-06 8.882330970565e-03
-4.582147054532e-03 2.508664913177e-03 4.698875582315e-03
-4.422663830017e-04 -1.845369203050e-03 -3.737552874474e-04
1.403479864083e-03 3.149247127467e-03 -5.623484228612e-04
-6.891375498564e-04 2.097165179876e-03 1.355550890795e-03
-7.286462391432e-03 -2.081514077946e-03 -1.762272646130e-03
-7.624435475663e-03 -3.190074208441e-03 -9.753439197025e-03
-9.345184012520e-02 -8.182871423766e-03 -1.536545859482e-01
-9.929244497098e-02 8.641379458506e-03 3.029532742932e-02
4.152854803148e-04 -9.422436568350e-04 -1.201514709870e-04
Mode 52
1.109302474977e-02 -3.170377449044e-03 7.985313089899e-03
-2.175968400273e-02 1.446558401607e-03 -1.622436003436e-02
6.998675532049e-03 -6.836271946848e-02 -6.089999721110e-04
-3.809590338860e-01 6.639981913922e-01 -2.113829018509e-01
2.783030946789e-01 -5.029522090008e-01 1.561082195374e-01
6.192341599602e-02 -2.069613553481e-02 3.252340401680e-02
-1.971605647543e-03 9.113754986332e-04 -3.638956514088e-03
4.919759981099e-04 -7.327160644417e-04 1.317438192065e-03
-2.950312324380e-03 1.922445340962e-03 9.036769604689e-04
-8.244340998263e-04 -3.569054794527e-04 7.854195539460e-04
2.416245430065e-03 1.848303843852e-03 -3.612990224690e-03
-1.141124843712e-02 2.537760746234e-03 2.402893328193e-03
2.338105553870e-03 -9.216573118015e-04 -7.570460865555e-05
-1.682896606439e-04 -5.865557128664e-05 1.211330578067e-04
9.143910025991e-04 1.359222083339e-02 1.888736472858e-03
-2.853743196972e-03 -7.646926729521e-03 -1.880459157211e-03
-2.080386923129e-03 -7.816149438375e-03 -3.131543232478e-03
2.667858065236e-02 2.615930805331e-02 1.083755217980e-02
1.636875627372e-02 2.415199503029e-02 2.481895287682e-02
-2.034334622659e-03 6.113288044770e-04 -2.311368279667e-03
-1.819887449282e-04 -2.205643463268e-04 -1.561453363803e-04
-4.110918564959e-05 -1.973252134155e-05 -7.369198311141e-05
Mode 53
3.177177047123e-02 1.652669013853e-01 3.765671233447e-02
-5.786083618662e-03 4.814992071007e-04 -3.993276432324e-03
-4.156283653330e-04 -1.846339114678e-05 -3.430298118468e-04
-1.528086825495e-04 -3.780918372494e-04 -1.145241414772e-04
1.580038693894e-04 5.186419206860e-05 1.112057790807e-04
-3.292130166286e-05 5.994470257963e-05 -1.976296707245e-06
-1.978931678623e-05 2.007247406361e-05 9.046495410291e-05
8.864610856122e-06 -3.385982316287e-06 -7.699605802122e-06
4.393542319872e-05 -1.064045666089e-05 -2.150786427331e-05
1.507522600345e-05 5.311284666186e-06 1.093169011946e-05
-2.537038577585e-06 -1.038813181302e-05 1.047507813746e-05
6.498022382505e-05 9.933335163737e-07 -3.990394526036e-05
-1.383092422121e-06 3.315586433457e-06 9.164721312603e-06
5.356258054805e-06 -1.725875595693e-06 -2.991067026386e-07
-4.588422106206e-01 -4.268391097189e-02 -3.379554785381e-01
4.486511068049e-01 -2.202507359754e-01 -2.667407520193e-01
-9.493718694992e-02 -2.865831749131e-01 4.797749646852e-01
-4.405012355268e-03 -1.216600235231e-02 2.240833475518e-02
2.114761937533e-02 -9.317237867401e-03 -1.256068506446e-02
-4.742802484370e-05 1.120904521901e-05 5.503209499900e-05
1.517724657328e-05 8.060279613970e-06 1.039635751069e-05
-4.877381014740e-07 1.619813074886e-07 -5.226062458911e-07
Mode 54
1.853110697666e-02 -1.816011265808e-02 1.163192460139e-02
-1.090764123090e-01 1.919701588591e-01 -6.045944569551e-02
-7.324003213698e-03 -5.505500996510e-03 -5.814822326975e-03
-1.760631800546e-04 1.012358286851e-02 6.256892824097e-04
2.290170587032e-03 -3.646074171325e-03 1.327972866687e-03
-1.197064428069e-04 -4.944163508012e-04 -1.791240754543e-04
1.747115310220e-04 1.278793339739e-05 -1.215093291600e-04
-5.890763947791e-05 -1.221208114660e-05 2.684618798719e-05
-1.825104216901e-05 1.780586255818e-05 2.629801740278e-05
4.580242583566e-06 -1.273741389680e-05 -6.005416796883e-06
1.580700380140e-05 4.700271584295e-05 -1.340473422733e-05
-1.451984219822e-04 4.996869621380e-05 2.263424500977e-04
2.537725314636e-05 -2.422401670152e-05 -3.433348489617e-05
-2.796533718369e-06 7.638763418360e-08 5.985441408713e-06
-3.089795015337e-02 1.521314941993e-03 -2.236375399481e-02
-3.947859245073e-02 1.784125327464e-02 2.569455202448e-02
1.040675972625e-02 2.330061396133e-02 -4.207891253099e-02
-1.336558253780e-01 -3.575365674153e-01 5.655200038694e-01
5.273346905769e-01 -2.818355395912e-01 -3.422078007192e-01
7.985949524802e-06 1.914752245890e-05 -4.576104302822e-05
-8.344295598802e-05 6.008133092892e-07 -5.457354033684e-05
-1.220417731444e-06 -1.079355184224e-06 -1.393379406719e-06
Mode 55
-6.014464243554e-02 -7.624729898832e-03 8.391391061027e-02
1.742230877563e-01 2.182282020170e-02 -2.413478344919e-01
-9.390352446264e-04 -9.450787104436e-05 1.284142685902e-03
-4.510153995090e-04 3.007796122504e-05 6.238739307744e-04
-3.264895205962e-04 -6.676911523844e-05 5.196014534758e-04
4.980127935000e-04 1.599616728296e-05 -7.814008893655e-04
1.203182278613e-04 1.348623760466e-05 -6.266478650169e-05
-4.187765613076e-05 1.109975304437e-05 9.614658243143e-05
1.272109107241e-05 -1.039259661540e-05 5.883081545134e-06
1.013861424628e-05 3.651215416765e-06 5.774011671461e-06
2.300795049912e-06 -7.603380029361e-06 1.744846365990e-05
-1.426895232669e-05 -2.941947413125e-05 -9.939400435721e-05
-4.991500245152e-05 3.684351184240e-06 5.321697271848e-05
-1.140844004850e-05 2.119396915563e-06 -4.940513681847e-06
-5.218306202114e-03 -6.004239595362e-04 3.613971663568e-03
1.770467086415e-01 -8.723541028191e-02 -1.014597743941e-01
3.419451902222e-02 1.137603675417e-01 -1.894982741393e-01
-1.150935771790e-01 -3.473622937081e-01 5.202946322161e-01
-4.794539133833e-01 2.729012594297e-01 3.031905169330e-01
-7.218507997749e-05 4.994252847543e-06 4.124541013766e-05
-4.576007990493e-05 4.412053618297e-06 -5.018448893937e-07
2.285923857586e-06 1.698458017518e-06 2.042448191347e-06
Mode 56
2.384308617601e-01 -8.125564060097e-02 1.759313614167e-01
9.706453497180e-03 -1.613019142459e-02 9.974489379464e-03
-1.037331835212e-03 1.236831516187e-04 -8.083633949056e-04
-4.700627699765e-04 -1.572924072576e-03 -4.417788468510e-04
-2.525112969694e-04 7.308781821306e-04 -1.338239492796e-04
1.695864655629e-05 1.333076978570e-05 4.417516496513e-05
-2.971701755507e-05 -4.245477538616e-06 -6.144231576321e-06
1.241435855032e-05 5.603975067831e-06 1.013754663822e-05
-1.578734179265e-05 6.594535832401e-06 1.442284710283e-05
6.804911046626e-06 3.911639675149e-06 -1.873338985922e-06
-1.655251926451e-06 -4.725378845429e-06 1.810765915762e-06
7.736899688929e-06 -8.819172644127e-06 -3.471931124561e-05
3.310398476160e-06 3.876063129482e-06 4.603981747127e-06
-4.224616555395e-07 -5.954026900066e-07 -6.198516296742e-06
-6.198584620715e-01 -6.823393709271e-02 -4.569420331114e-01
-2.866526600114e-01 1.461836283498e-01 1.858086232598e-01
8.006639596589e-02 2.076051923228e-01 -3.382207658335e-01
1.067269900605e-02 3.279482075652e-02 -4.820207048446e-02
-3.378961972402e-02 1.965956637559e-02 2.125295447151e-02
5.534856040304e-05 -2.296552167291e-05 -2.687034122851e-05
-5.915891222443e-06 -2.466028509844e-06 -2.148623901541e-06
5.086285456600e-07 5.852740776193e-07 3.947104388473e-07
Mode 57
1.780227056030e-01 1.867146299407e-02 -2.307402030824e-01
6.257846029065e-02 7.156218247783e-03 -8.586654051585e-02
-8.942144624456e-04 -9.031305522029e-05 1.178638559002e-03
-1.990190274425e-04 -2.851315106062e-05 2.563065096453e-04
-1.120263393045e-04 -4.672713318370e-06 1.568118764026e-04
1.774086273387e-04 9.589376276053e-06 -2.674160885481e-04
7.630674748013e-05 -2.236055133236e-06 -1.705116963367e-04
-1.711623023359e-05 1.072336146034e-05 8.638672123259e-05
-9.330229040494e-06 -3.326844495603e-07 5.189832404287e-05
2.703636455287e-05 2.657705077511e-06 -3.312286223607e-06
-1.826915182312e-05 -3.529994508271e-06 2.038101901453e-05
6.780915096156e-05 -2.555691827403e-05 -9.310871060467e-05
-4.888782642341e-05 2.045800068169e-06 3.489925227764e-05
-8.961887729408e-06 1.093406123275e-06 -2.338472352988e-06
-9.672294222873e-03 -9.600887577949e-04 -2.198261530979e-02
-5.079860286051e-01 2.622372339985e-01 2.979042695114e-01
-9.833594190662e-02 -3.257119598079e-01 5.224158577191e-01
-4.263299399812e-02 -1.221694956186e-01 1.793633222105e-01
-1.675247330918e-01 9.792516270606e-02 1.094895627997e-01
-8.765788708802e-06 -6.104146966945e-06 -1.716239825719e-05
-6.693299308584e-05 2.859941249863e-06 -1.898950884458e-05
2.139298189378e-06 1.651078883351e-06 1.873837085557e-06
Mode 58
-2.691917288915e-05 1.494181507599e-05 5.726553960947e-06
3.790264982664e-05 -1.859461544101e-05 3.214945181913e-05
-8.960459023633e-05 -7.295513118228e-05 -8.637087933084e-05
2.361053821617e-04 9.619122722989e-05 2.403122047442e-04
-1.136900953308e-04 1.637519799334e-05 -7.911365292602e-05
2.718318495884e-04 -1.261424116175e-04 -1.130248924306e-03
2.778762710129e-03 7.301756786265e-05 3.552836492387e-03
1.515980605312e-05 2.350811279733e-06 -2.939458573017e-04
-1.205903520991e-01 9.751982690906e-03 5.072048837327e-02
2.147397233689e-01 3.616838138424e-03 1.362166499780e-01
-6.690427141156e-03 7.958140383435e-04 5.422087458843e-03
-7.729757187803e-04 -2.382242071408e-05 -7.460884128962e-04
4.774774144462e-05 -4.139591296881e-05 -5.721639055458e-05
-7.108329917736e-06 5.788303966983e-05 -1.259789247657e-04
6.376776815123e-06 -1.460078818170e-05 1.919535940704e-06
6.518101880967e-05 -4.290089389207e-05 -4.107603189605e-05
1.901766393323e-06 -5.174300909102e-06 2.975312089056e-06
-1.965443142904e-05 4.959490629481e-05 -6.566859746008e-05
-4.471144577941e-05 3.000481599885e-05 8.207313709115e-06
3.980343730519e-01 -3.518479487037e-02 -2.021084739240e-01
-7.080947289517e-01 -1.323570950388e-02 -4.646726058968e-01
2.188134187307e-06 -2.844924333935e-05 -1.379425881770e-05
Mode 59
1.675689660913e-05 -1.668385209502e-05 7.443092040793e-06
-2.871881968717e-05 -3.714009851154e-06 1.438823344204e-05
4.781438028917e-05 4.242690529924e-05 5.797087064043e-05
-7.373137186510e-05 -3.430405683448e-05 -2.043277900099e-04
6.232875443961e-05 -3.831148735002e-05 5.896548171092e-05
-1.252387919935e-03 2.068346229218e-04 8.993715739697e-04
-9.726272401206e-03 -1.523007938841e-04 -8.911220862759e-03
1.421675377612e-04 5.250969167011e-05 7.511024127206e-04
2.293047666726e-01 -2.111939845373e-02 -1.234899868295e-01
1.119556339918e-01 3.205600795998e-03 8.645951632835e-02
-5.576508771609e-03 5.238025999543e-04 3.701153432259e-03
-9.908708279743e-04 4.109890528526e-05 -2.327257655801e-04
-7.334412991440e-05 -2.585027428359e-06 2.471812677802e-05
9.501282738989e-05 1.830579030728e-05 -1.696099132972e-04
-4.380390397729e-06 1.201486526692e-05 -1.299350891043e-06
-4.564039315193e-05 2.364989267388e-05 3.134769931722e-05
1.023783679869e-05 2.702437355939e-05 -4.363789888937e-05
3.327588173645e-05 4.291616175110e-05 -5.859819565573e-05
4.136273113753e-05 -2.090387212067e-05 -1.430044578143e-05
-7.481126504943e-01 6.684287097553e-02 3.868513866946e-01
-3.699459842526e-01 -7.232565479156e-03 -2.465234500329e-01
-5.541183421380e-06 -1.741297342868e-05 -1.689471862455e-05
--
Dipole derivatives 
Mode 0
2.289901938461e-03 1.393828595661e-02 2.663274711543e-02
Mode 1
-2.113698549316e-02 -1.799038575488e-02 -6.269677662051e-03
Mode 2
-5.540691657504e-03 -6.125354494786e-03 2.048760046626e-02
Mode 3
4.609865958377e-03 -5.685549634213e-03 1.650744226763e-02
Mode 4
-3.099933174485e-03 1.771388250415e-02 1.746677409202e-02
Mode 5
-3.091135979564e-03 2.507126577700e-03 -1.401467099852e-03
Mode 6
-5.845630760119e-03 -5.202392327423e-03 -2.228789074295e-02
Mode 7
3.604712733821e-03 -2.127916944427e-02 2.327653500059e-02
Mode 8
-1.262352221392e-02 -2.084645922530e-02 -3.579677031159e-02
Mode 9
1.818007408082e-02 -2.751475424299e-04 6.276029044591e-03
Mode 10
1.746517800425e-02 2.067186981868e-03 4.837056410679e-04
Mode 11
7.135801902165e-02 1.302214714507e-02 -2.818907878617e-02
Mode 12
-2.132641517957e-02 -1.616294220286e-03 -1.549448230887e-02
Mode 13
2.351806253611e-02 -2.640885767661e-02 -1.116491414191e-02
Mode 14
3.983682309994e-02 -1.024396199296e-02 -6.249805888653e-03
Mode 15
-3.967594965331e-02 3.913881889662e-02 4.988549025180e-02
Mode 16
9.361471595423e-03 8.564494524101e-03 1.267205870348e-02
Mode 17
1.093771708673e-01 -8.413713140410e-04 -9.902655091737e-03
Mode 18
-3.781957484864e-02 4.055030373911e-03 2.222174135028e-02
Mode 19
4.743880816466e-02 3.513287299622e-02 9.573395466869e-03
Mode 20
4.564545942115e-02 4.585315176538e-02 2.390722063052e-02
Mode 21
-4.662957333648e-02 1.967552886583e-02 -2.047227930712e-04
Mode 22
1.629816287333e-02 -1.289952545486e-02 -1.081393374033e-01
Mode 23
1.224232933167e-02 -4.379780668677e-02 1.109197454536e-02
Mode 24
-5.999488432407e-02 1.137244512813e-02 9.342161651928e-02
Mode 25
1.145085091294e-02 1.570459511270e-02 2.159873268656e-02
Mode 26
5.435024491588e-02 4.348776261919e-02 1.022253330518e-02
Mode 27
-1.627346414372e-02 -1.415999508581e-02 4.975413850388e-03
Mode 28
4.680960528351e-02 1.249351340226e-01 1.456895266934e-01
Mode 29
9.394063073074e-02 -9.290116020834e-02 3.912918942656e-02
Mode 30
-5.622727331172e-02 -4.459385288456e-02 7.856552246812e-02
Mode 31
-2.592000817481e-02 -1.301460999502e-02 -3.579600944180e-02
Mode 32
9.781640795185e-04 -4.625989074415e-04 5.646516073610e-03
Mode 33
-1.742113875060e-01 -7.942549878082e-02 7.898732025184e-02
Mode 34
-1.024150053859e-01 -2.999839406583e-02 -5.377514331539e-02
Mode 35
-1.221912582122e-01 -6.480517658909e-02 8.958046534483e-02
Mode 36
8.117947803039e-02 5.175932809817e-03 -2.521219162227e-02
Mode 37
3.081393297128e-02 -3.594825504305e-02 -6.282358428983e-02
Mode 38
2.888346761063e-01 -3.097128054481e-02 -1.576926836960e-02
Mode 39
-2.930835491252e-01 3.843271485592e-02 1.494180350265e-01
Mode 40
4.231442582132e-02 -2.041694183454e-02 -4.407235770085e-02
Mode 41
-7.096808403940e-01 -5.889809419659e-02 6.600729926517e-02
Mode 42
2.803048718631e-01 1.204881780509e-02 -3.689083232692e-02
Mode 43
8.158911203086e-02 5.124935772431e-02 4.894444544490e-03
Mode 44
-1.470595211519e-01 1.535998208587e-01 1.440326918338e-01
Mode 45
1.978624324283e-02 -1.543543127687e-02 -1.341163893455e-01
Mode 46
-2.992955701908e-03 -4.358219942854e-02 -7.518170096217e-02
Mode 47
-7.368681625783e-02 -4.860440875817e-02 -1.280631773284e-01
Mode 48
-1.732734691296e-02 -2.302793588319e-02 2.003919842344e-02
Mode 49
1.827903709824e-03 -6.472051618156e-02 2.853845606076e-02
Mode 50
7.705777131694e-02 1.025809755802e-01 7.875997715379e-02
Mode 51
-1.988611260327e-01 4.353808389670e-02 1.645463626849e-01
Mode 52
1.490076629541e-01 -3.674100236190e-01 2.468454323842e-01
Mode 53
1.081476209139e-01 -4.968315671365e-02 1.772017672798e-02
Mode 54
-5.079400540489e-02 -9.918024115059e-02 6.540910393721e-02
Mode 55
7.152260471746e-03 3.903750049190e-02 6.735997810539e-02
Mode 56
7.382666030156e-02 8.649950467422e-02 -6.522199076044e-02
Mode 57
1.410162678220e-02 7.278192103065e-02 1.212341589354e-01
Mode 58
1.760166658586e-03 1.835087315434e-03 -8.992203425117e-04
Mode 59
-7.982947535315e-03 1.841501219314e-02 1.421363406941e-02
--
Polarizability derivatives 
Mode 0
-4.777758042488e-01 3.930485824192e-01 6.300613458410e-01
3.930485824192e-01 -3.083769504454e-02 1.185833198984e-01
6.300613458410e-01 1.185833198984e-01 4.183708711575e-01
Mode 1
7.825177997218e-01 -2.162791255233e-01 4.037948676313e-01
-2.162791255233e-01 -8.528733436936e-01 -2.730581775764e-01
4.037948676313e-01 -2.730581775764e-01 6.201967108826e-01
Mode 2
5.593779313762e-01 -5.221161772681e-01 -9.854209721639e-01
-5.221161772681e-01 2.489532642214e-01 6.842679442954e-01
-9.854209721639e-01 6.842679442954e-01 2.633617520077e-01
Mode 3
-1.188794115445e+00 2.408719569907e-01 4.255143380511e-01
2.408719569907e-01 7.895536440232e-02 -7.958284251876e-01
4.255143380511e-01 -7.958284251876e-01 -3.102064237416e-01
Mode 4
8.270387288339e-01 -6.901208922840e-02 6.993165782340e-02
-6.901208922840e-02 -6.821733970653e-02 5.943207150532e-01
6.993165782340e-02 5.943207150532e-01 2.772908356045e-01
Mode 5
1.307505818577e-01 -8.320674304499e-02 -2.554491951941e-02
-8.320674304499e-02 5.876179773941e-01 5.350250489933e-01
-2.554491951941e-02 5.350250489933e-01 -2.279822244987e-01
Mode 6
1.552562772588e-01 3.901195914305e-01 5.426566066050e-01
3.901195914305e-01 -1.203095150970e+00 1.007440753707e-01
5.426566066050e-01 1.007440753707e-01 -3.030092843225e-01
Mode 7
-5.020400240789e-01 -5.240206699507e-01 -2.346205050254e-01
-5.240206699507e-01 9.959842860578e-01 -1.442603486809e-01
-2.346205050254e-01 -1.442603486809e-01 6.238914744846e-02
Mode 8
2.751586582533e-01 -6.435173860606e-01 -2.517688330178e-01
-6.435173860606e-01 5.479132376973e-01 5.461304296455e-01
-2.517688330178e-01 5.461304296455e-01 5.114833339959e-01
Mode 9
-5.246352114046e-01 5.419022863228e-01 1.990938014894e-01
5.419022863228e-01 -1.770453579357e-02 -1.745897646556e-02
1.990938014894e-01 -1.745897646556e-02 -3.257926818426e-01
Mode 10
1.240897967510e-01 -9.979683674911e-01 -3.107180233660e-01
-9.979683674911e-01 5.100123774065e-01 6.044262506420e-01
-3.107180233660e-01 6.044262506420e-01 1.103843721037e+00
Mode 11
1.269797927468e+00 -5.247481336508e-01 9.310699351388e-02
-5.247481336508e-01 2.855478537343e-02 4.525970826466e-01
9.310699351388e-02 4.525970826466e-01 3.916939315817e-01
Mode 12
-3.195130831290e-02 -6.835613820234e-02 -4.374910992832e-02
-6.835613820234e-02 3.942161384532e-01 -1.823494557030e-01
-4.374910992832e-02 -1.823494557030e-01 5.310917150347e-01
Mode 13
-2.581733145947e-01 -5.317828339315e-02 -1.103105690276e-03
-5.317828339315e-02 -6.397984159196e-01 7.194475638695e-01
-1.103105690276e-03 7.194475638695e-01 -9.423756637073e-01
Mode 14
7.622203456598e-01 5.538258751497e-01 -2.030889255507e-01
5.538258751497e-01 1.835243030622e-01 -1.062989730635e+00
-2.030889255507e-01 -1.062989730635e+00 -6.360846865994e-01
Mode 15
-2.216583649056e+00 2.188702513919e+00 1.404676555037e+00
2.188702513919e+00 -2.195766440180e+00 -1.804495704906e+00
1.404676555037e+00 -1.804495704906e+00 -4.662508990574e-01
Mode 16
-1.608532580042e+00 1.494571380911e+00 1.416577455601e+00
1.494571380911e+00 -2.165350196270e+00 -9.916116450344e-01
1.416577455601e+00 -9.916116450344e-01 -1.456613219176e+00
Mode 17
9.934705284961e-01 -8.119157997454e-01 -1.723245235401e-01
-8.119157997454e-01 1.177060832451e+00 4.880420818887e-01
-1.723245235401e-01 4.880420818887e-01 7.862088334775e-01
Mode 18
-8.739281823046e-01 7.491014509641e-01 7.214911163704e-03
7.491014509641e-01 1.274803511473e-01 -3.806641470913e-01
7.214911163704e-03 -3.806641470913e-01 -2.227608199354e-04
Mode 19
-1.089195994926e+00 -2.625075679703e-01 6.066224640657e-01
-2.625075679703e-01 -1.098115316485e+00 -3.550347994650e-01
6.066224640657e-01 -3.550347994650e-01 -7.522973873350e-01
Mode 20
-7.313257571490e-01 -1.401559276325e+00 -3.644593524640e-01
-1.401559276325e+00 -1.796633870250e+00 -7.107781017319e-01
-3.644593524640e-01 -7.107781017319e-01 -9.927908357600e-01
Mode 21
3.225129643202e-01 5.895099611879e-01 5.197867926070e-01
5.895099611879e-01 -5.875140309926e-01 -5.397964692246e-01
5.197867926070e-01 -5.397964692246e-01 -5.261394170056e-01
Mode 22
-3.396126319032e+00 1.891752365861e+00 2.966985586771e+00
1.891752365861e+00 -1.517434335003e+00 -1.401946556183e+00
2.966985586771e+00 -1.401946556183e+00 -2.060817819147e+00
Mode 23
-1.683515770357e+00 1.109736570256e+00 1.245818649701e+00
1.109736570256e+00 -3.602245397604e-01 -9.748458523704e-01
1.245818649701e+00 -9.748458523704e-01 -9.086224536151e-01
Mode 24
4.075671677421e-01 -9.497718700448e-01 -7.505309866694e-01
-9.497718700448e-01 5.612231794387e-01 1.099584418809e+00
-7.505309866694e-01 1.099584418809e+00 1.014969976154e+00
Mode 25
-5.971318960740e-01 8.860632089076e-02 -3.826087484721e-01
8.860632089076e-02 -1.042296908879e-01 4.240976622948e-02
-3.826087484721e-01 4.240976622948e-02 1.057743898458e+00
Mode 26
-1.027883906673e+00 4.425616551731e-01 2.837990008620e-01
4.425616551731e-01 -4.886231769501e-01 -8.186368436465e-01
2.837990008620e-01 -8.186368436465e-01 4.317562648732e-01
Mode 27
3.684033406498e-01 -7.731406318661e-02 8.579326502974e-03
-7.731406318661e-02 3.126994034804e-01 3.854617721329e-01
8.579326502974e-03 3.854617721329e-01 -4.677973538098e-01
Mode 28
-1.362761489891e+00 1.181361344070e+00 1.945161619636e+00
1.181361344070e+00 8.010507104517e-01 -4.525580316635e-01
1.945161619636e+00 -4.525580316635e-01 -9.438452653720e-01
Mode 29
1.874587849171e-01 -7.966891389589e-01 -9.357426273485e-01
-7.966891389589e-01 1.118085787145e+00 5.459775739477e-02
-9.357426273485e-01 5.459775739477e-02 -9.545065202497e-02
Mode 30
-4.400058346159e+00 1.337389403362e+00 1.379173095015e+00
1.337389403362e+00 -9.844245475083e-01 -8.569780235222e-01
1.379173095015e+00 -8.569780235222e-01 -1.087654016459e+00
Mode 31
1.054159711401e+00 -2.629212025316e+00 -2.247492860789e+00
-2.629212025316e+00 2.319286966049e+00 2.626252653976e+00
-2.247492860789e+00 2.626252653976e+00 2.628465714718e+00
Mode 32
4.234690017850e-01 -1.437281247591e-01 -7.557410198049e-02
-1.437281247591e-01 -6.890329536250e-02 1.160560800326e-01
-7.557410198049e-02 1.160560800326e-01 -3.099916992812e-01
Mode 33
-1.946957432735e-01 -2.136836187593e+00 -1.071161286509e-01
-2.136836187593e+00 7.428035285069e-01 1.297915678717e+00
-1.071161286509e-01 1.297915678717e+00 9.564203739681e-01
Mode 34
3.875823312765e-01 -3.683225550443e-01 -2.391915873356e-01
-3.683225550443e-01 1.511246804664e+00 4.788162291132e-01
-2.391915873356e-01 4.788162291132e-01 1.262893183356e+00
Mode 35
-4.041251291321e+00 1.461186550296e+00 1.797502312362e+00
1.461186550296e+00 -3.059451263972e+00 -7.890084394420e-01
1.797502312362e+00 -7.890084394420e-01 -2.521669464930e+00
Mode 36
5.244907571006e+00 -3.371899621979e+00 -4.857432390272e+00
-3.371899621979e+00 3.838274349921e+00 4.403845322595e+00
-4.857432390272e+00 4.403845322595e+00 5.484551187058e+00
Mode 37
9.064913626126e-01 -7.425130265703e-01 -1.112170515492e+00
-7.425130265703e-01 1.711505694254e-01 3.918686192282e-01
-1.112170515492e+00 3.918686192282e-01 1.447883752025e+00
Mode 38
9.514795902583e+00 -4.895244876852e+00 -7.833807237992e+00
-4.895244876852e+00 6.427805394225e+00 6.604272995414e+00
-7.833807237992e+00 6.604272995414e+00 7.864651876444e+00
Mode 39
-1.972435987459e+00 -4.538237571030e-01 1.155046962540e+00
-4.538237571030e-01 -9.980870451007e-01 -7.108731225012e-01
1.155046962540e+00 -7.108731225012e-01 -1.379774365107e+00
Mode 40
-8.065393674496e-01 -1.300192267845e+00 -1.934556739535e+00
-1.300192267845e+00 -2.465347195933e-01 4.164050113115e-02
-1.934556739535e+00 4.164050113115e-02 7.350946719191e-01
Mode 41
3.666693402118e+00 1.333062234607e-01 -1.787289048323e+00
1.333062234607e-01 7.427791187435e-01 5.038948293659e-01
-1.787289048323e+00 5.038948293659e-01 1.981210175066e+00
Mode 42
5.673163475533e-03 2.697311507715e+00 2.882985569000e+00
2.697311507715e+00 -3.592780455961e+00 -3.149548167543e+00
2.882985569000e+00 -3.149548167543e+00 -4.503348623645e+00
Mode 43
8.695441861073e-02 -2.060693586351e-02 7.486095661340e-01
-2.060693586351e-02 -7.703793827555e-01 -4.717320348828e-01
7.486095661340e-01 -4.717320348828e-01 -9.946550052930e-01
Mode 44
2.347715506974e+00 -3.394643095095e-01 -1.280949066739e+00
-3.394643095095e-01 9.649280526055e-02 -2.126235377045e-01
-1.280949066739e+00 -2.126235377045e-01 3.422557098019e-01
Mode 45
-4.688713453470e+00 2.153841799330e+00 1.474408781105e+00
2.153841799330e+00 -2.262471971174e-02 -1.205986971756e+00
1.474408781105e+00 -1.205986971756e+00 -7.256006047724e-01
Mode 46
-6.293322150296e-01 -1.678899209936e+00 -2.875851658088e+00
-1.678899209936e+00 -4.444415284446e-02 1.466333356221e-01
-2.875851658088e+00 1.466333356221e-01 7.622449169847e-01
Mode 47
-1.709985506476e+00 2.437517902281e+00 2.239812802069e+00
2.437517902281e+00 -1.581395120430e+00 -1.951779434061e+00
2.239812802069e+00 -1.951779434061e+00 -1.381571960812e+00
Mode 48
-2.029523257430e+00 -2.047928994203e-01 2.119418535233e-02
-2.047928994203e-01 2.490400403300e+00 -2.481638301879e+00
2.119418535233e-02 -2.481638301879e+00 -3.145739236964e-01
Mode 49
8.526999296268e-01 -7.065122323103e-01 4.192170878201e-01
-7.065122323103e-01 -5.966915056441e-01 4.896179190645e-01
4.192170878201e-01 4.896179190645e-01 -1.682747750322e-01
Mode 50
-4.615675539583e+00 3.795474759939e+00 6.199361424052e+00
3.795474759939e+00 -1.653314910867e+00 -2.767875791108e+00
6.199361424052e+00 -2.767875791108e+00 -5.500456732907e+00
Mode 51
-8.310573034701e+00 9.139737309708e+00 1.005454333979e+01
9.139737309708e+00 -3.674752894441e+00 -7.933021109123e+00
1.005454333979e+01 -7.933021109123e+00 -1.123191827886e+01
Mode 52
7.890168425134e-01 1.063393838499e+00 -1.684835468821e-01
1.063393838499e+00 9.538105364456e-01 -1.521001498085e+00
-1.684835468821e-01 -1.521001498085e+00 7.521673523216e-01
Mode 53
-7.697522913133e+00 -7.950193605083e-01 7.447417300578e-01
-7.950193605083e-01 -4.902750704223e+00 2.522753119674e-02
7.447417300578e-01 2.522753119674e-02 -5.303803713371e+00
Mode 54
2.421612140144e+00 9.594479566622e-01 -1.449700232817e-01
9.594479566622e-01 5.306161694211e+00 2.415097674953e-01
-1.449700232817e-01 2.415097674953e-01 6.365212945944e+00
Mode 55
2.872998197797e-02 -6.344165220930e-01 -1.591145465660e-02
-6.344165220930e-01 -5.554078954811e+00 -3.115929282129e+00
-1.591145465660e-02 -3.115929282129e+00 6.248118755548e+00
Mode 56
-8.106630327748e+00 -3.860243224838e+00 3.495257694799e+00
-3.860243224838e+00 1.277419922984e+00 1.574346624296e+00
3.495257694799e+00 1.574346624296e+00 2.056751957744e+00
Mode 57
-4.934761369398e-01 -9.684259742426e-01 -1.955744105407e+00
-9.684259742426e-01 2.963304040379e+00 1.887926008624e+00
-1.955744105407e+00 1.887926008624e+00 -2.298438671282e+00
Mode 58
3.134355158511e+00 3.061669658558e+00 -1.445129930838e+00
3.061669658558e+00 6.159281084956e-02 -3.714855560327e+00
-1.445129930838e+00 -3.714855560327e+00 -1.345512082469e+00
Mode 59
3.167079909779e+00 4.791127338957e+00 1.012685659581e+00
4.791127338957e+00 9.132658545626e+00 3.646396745811e+00
1.012685659581e+00 3.646396745811e+00 3.455195524798e+00
--
