Number of atoms 
19
--
Anisotropy 
131.055
--
Frequencies 
19.563836765516
21.897524592175
36.984512289304
52.928009095547
88.046062046189
123.613761419477
141.076275469524
150.468324156575
173.472039678526
178.766045568400
218.033546350117
249.723600744521
299.596472403914
329.101878673403
339.943881592594
387.779797828045
414.380846645987
428.572802198564
462.297364404262
503.959685948168
554.787827440581
620.449880770027
693.637229571539
700.834583618716
722.444099416148
746.121790374269
806.519618304590
886.676298599946
925.653342425068
986.259382285554
1094.599617549876
1098.740365620833
1170.454724164398
1188.040811600872
1211.368894732093
1258.985478411612
1300.381788307206
1351.763973998021
1401.890719251262
1469.349941463415
1472.011472400794
1480.049032688879
1511.873287185576
1583.040823265514
1635.628589071785
1929.875666022433
3009.339252537236
3087.441641119350
3158.250339075932
3215.285612719978
3225.882635536047
--
Displacements 
Mode 0
4.107180651847e-02 5.961088503134e-02 1.120348365884e-02
1.447518647684e-02 6.588934439491e-02 -3.370591657574e-02
-3.432527189748e-02 -2.533664750088e-03 -2.352250717373e-02
-6.016711166542e-02 -6.920393645150e-02 1.878033850641e-02
-1.042531124673e-01 -1.194696535827e-01 2.303202629725e-02
-1.246653227833e-01 -1.613188907859e-01 6.244103387016e-02
-1.902713670690e-01 -2.675597542045e-01 2.025574043835e-01
-1.203662463718e-01 -1.621817977845e-01 -1.284339417393e-01
-1.314952598952e-01 -1.167208063236e-01 -1.547470612900e-02
-1.076698566110e-01 -6.371683044709e-02 -6.071370373829e-02
-5.932706142403e-02 1.252947450522e-03 -6.246318539238e-02
-7.274868422665e-02 2.446959485002e-01 -3.077540425295e-01
-3.716964512585e-01 -2.463074397468e-01 -2.518949561551e-02
1.759054833272e-02 9.631023413884e-03 2.126856272073e-02
2.440645963618e-03 1.022807732751e-02 -2.339175985767e-03
2.310031773538e-02 3.347511290882e-02 -4.738935570084e-04
-1.207767197129e-02 -2.230577324206e-02 1.453117256966e-02
-3.771741710966e-02 -1.963124994005e-02 -2.785743710093e-02
4.404574010730e-01 1.858640170833e-01 2.221146005859e-01
Mode 1
-1.827746847446e-03 1.253403560104e-01 4.868657064758e-03
-7.072963266096e-03 7.881740468512e-02 1.374933497856e-03
-1.247556545197e-02 4.682231833329e-02 1.914310842928e-03
-1.369702096965e-02 6.636093559764e-02 7.301552538492e-03
-3.133100455643e-02 4.418927130718e-02 7.310815130028e-03
-3.586639677289e-02 3.398839751584e-02 2.007138287106e-02
9.244313640501e-02 1.706004807732e-01 -2.302668177393e-01
-4.166482472738e-01 -3.566825977269e-01 6.819831413230e-01
-3.105651288853e-02 5.532134678153e-03 1.201119683185e-03
-2.831027315100e-02 -9.460708061209e-03 -4.952163173096e-03
-1.841837565021e-02 5.292211739751e-03 -4.554324472346e-03
-3.514976690707e-02 -6.200785285360e-02 -4.463986503565e-02
-1.687852630002e-02 -1.385892741332e-02 1.008546372415e-03
-8.664283172812e-03 4.100420237165e-02 8.698348637250e-03
7.648179008954e-03 4.026315122164e-02 -5.023510766458e-03
6.279605080155e-04 4.078968728380e-02 1.052398361701e-03
-2.674109128171e-03 2.915583937997e-02 2.999657866851e-03
-9.027983335818e-03 -9.206609872210e-03 -3.049523554040e-03
2.238391011854e-01 3.538131674736e-02 -2.027973783525e-01
Mode 2
-2.444214599274e-02 5.211034398626e-01 -8.652601724614e-02
-1.729640450492e-02 2.901827378979e-01 -6.711566696379e-02
9.035445578059e-03 1.183242723491e-01 -6.157818086087e-02
2.197257243927e-02 1.037446933568e-01 -8.584635954762e-02
4.628297104145e-02 7.025487060079e-03 -8.477011046641e-02
6.206802599849e-02 -6.846602039796e-02 -1.113558795641e-01
1.484454176009e-01 -1.168709000249e-01 -1.349448944919e-01
-8.776909849494e-02 -2.185198210055e-01 -2.432515448163e-01
6.151789928723e-02 -4.009796630657e-02 -6.261407358108e-02
4.873008534979e-02 -7.669894618892e-02 -4.210491452368e-02
2.136875881977e-02 -2.027179201102e-02 -3.901009002543e-02
1.008658229822e-02 -2.957635909483e-01 -2.234539517196e-02
1.375873245761e-01 4.659658980832e-02 -1.046974859348e-01
-3.457155350284e-02 1.634414415736e-01 1.671021324310e-02
2.348016040731e-02 1.610076058314e-01 -7.562194077488e-02
-1.289424685380e-02 1.919887576725e-01 -2.256988827089e-02
3.588194658045e-03 4.755828979187e-02 -3.109215992421e-02
1.784336847566e-02 -3.972718702465e-02 -7.360842874590e-03
-1.228776190206e-01 3.918604230257e-02 3.666115756673e-01
Mode 3
8.297559621204e-02 2.436932682197e-02 1.192035709720e-01
7.413483465901e-02 4.107229359970e-02 1.066330775511e-01
3.990264040346e-02 5.881238154142e-02 9.521198499862e-02
2.648452959226e-02 6.047218622826e-02 1.149229344838e-01
9.887061536013e-03 6.524254790214e-02 1.159712001727e-01
-6.848539447699e-04 -1.152579983504e-01 1.400580658230e-01
5.620087570323e-02 -3.336649906990e-01 3.636605575025e-01
-1.722392376547e-01 -2.226705649444e-01 -1.870883438606e-01
-4.816891259320e-03 1.253791625644e-01 9.740638452422e-02
7.163569545361e-03 1.144853757866e-01 7.847401841955e-02
2.781064589222e-02 4.794354220948e-02 7.695397098338e-02
9.699914737050e-02 -3.487416989069e-01 1.488511633480e-01
-7.543884280910e-02 1.366589229344e-01 1.616293768214e-01
2.368571611219e-02 6.956252387014e-03 3.656639239465e-02
2.220709268755e-02 7.089372534789e-03 4.102431134032e-02
3.106518731355e-02 4.447180905971e-03 3.208015804626e-02
9.545148960504e-03 5.185654110974e-03 3.782924076977e-02
-4.116240877792e-04 3.368822599020e-02 1.874945607172e-02
-4.831350769706e-02 2.446357420087e-01 -4.333117184023e-01
Mode 4
-9.200932757581e-03 -4.254538485640e-01 -4.881669377952e-03
1.084943691122e-02 2.564534549086e-01 -1.533139100493e-02
3.445814312014e-03 2.572416424428e-01 -1.323879206837e-02
-7.912968591393e-04 3.307631259357e-01 -9.976590878891e-03
-1.108449472311e-02 2.358658839358e-01 -7.515720633005e-03
-2.672718606191e-03 1.158735208422e-01 -2.573928760309e-02
1.303137674775e-01 4.785647723090e-02 -1.891702534247e-02
-3.459525507149e-01 1.513466104841e-02 -2.044796253824e-01
-6.366340226619e-03 1.100856775799e-01 -4.995197611292e-03
-7.223052752373e-03 1.059399592696e-01 -1.595927338468e-02
-1.725328834533e-03 1.593690496632e-01 -1.636827503454e-02
4.254186004063e-02 -1.191557915263e-01 -1.614403543335e-01
9.060092862435e-03 -6.576767902026e-02 -5.416553510206e-03
7.882696369366e-02 -1.658040779515e-01 -9.613943433743e-02
-8.806462985174e-02 -1.591732591310e-01 9.620097476491e-02
-3.512969054020e-03 -1.971430154244e-01 -1.970079224900e-03
1.262528668410e-03 1.196272359246e-01 -2.396684106915e-03
-2.595051445684e-03 2.410308699743e-03 -6.823667000229e-03
8.476113766335e-02 -1.821550171048e-01 2.254406253603e-01
Mode 5
9.226394629573e-02 1.844442044905e-01 1.480836221222e-01
2.071116011309e-02 -5.171932607654e-01 9.268674300536e-02
-2.745278389668e-02 -1.749430749406e-01 8.331326534241e-02
-4.742729092535e-02 -1.568905767627e-03 9.936680180895e-02
-6.970231878560e-02 1.314546568849e-01 9.127103281225e-02
-2.402978119707e-02 1.226068572998e-01 -2.175758714858e-02
1.658030958468e-01 1.368211839670e-01 -1.544898148677e-01
-3.520221073998e-01 5.805878365300e-02 -3.003536634388e-01
-6.368264900090e-02 1.079493313260e-01 9.247483078987e-02
-6.534898892350e-02 6.785453425324e-02 7.143676198075e-02
-3.921187396318e-02 -5.361445767414e-02 6.064179661609e-02
1.047285885630e-01 9.252442135974e-02 -2.482623762777e-01
5.244721553314e-02 6.585660263200e-02 1.648495121541e-01
-1.050985759371e-01 1.444787188130e-01 7.931715997132e-02
1.588723100547e-01 1.344018045443e-01 2.834651343400e-02
4.392128101514e-02 2.549566691112e-02 3.669374579184e-02
-1.096207701603e-02 -1.242923122617e-02 3.564115470292e-02
-2.200648111003e-02 3.732911447725e-02 1.723002530299e-02
6.349459282072e-02 -1.195499068172e-01 6.656207542355e-02
Mode 6
3.013877896579e-01 -6.915298133131e-02 2.194196236770e-01
2.009637538290e-01 2.096896524536e-01 4.457540239618e-02
3.019317188905e-02 1.840956132435e-02 5.311422128489e-02
-7.264498983680e-03 -6.393860893401e-02 1.058750352573e-01
-3.254133473674e-02 -1.254401047425e-01 9.857778304163e-02
5.775647847232e-02 -1.174611475156e-02 -9.088699878074e-02
2.455152863841e-01 1.809516383692e-01 -4.634908774839e-01
9.049424293616e-02 -4.815999061290e-02 -2.017326346619e-01
-5.429410655478e-02 -1.435375694998e-01 6.064317845281e-02
-2.362519335589e-02 -1.497748234335e-01 1.331094402534e-02
5.186909494448e-03 -5.651581206339e-02 1.320553538284e-02
-4.664447499091e-02 7.413091958647e-03 1.876532338372e-01
-3.382360515543e-01 -1.839432303144e-01 9.025670031997e-02
1.379748790057e-01 -6.396393199914e-02 9.522330128828e-02
1.735515335865e-02 -5.908047330225e-02 9.097363745709e-02
1.376464498836e-01 6.498577838773e-03 4.662261543566e-02
3.464770175692e-03 -9.615779038913e-03 4.044830902983e-02
-1.208966627212e-02 -5.740848100595e-02 -5.158960020098e-03
-8.822557780675e-02 1.400358521120e-01 -8.675959966694e-02
Mode 7
-2.399220622110e-01 -1.741013610570e-02 9.389595933451e-02
-1.897355398150e-01 3.057411723205e-01 1.938055185112e-01
-1.015049445697e-01 3.435868725225e-02 1.559352317126e-01
-9.566667781873e-02 -1.928579183713e-01 1.120130590700e-01
-7.821559480520e-02 -1.855790167629e-01 1.067559178300e-01
-2.057709543640e-02 -9.545139379249e-02 -3.906784918035e-03
-6.828532132076e-03 2.942331060807e-02 -1.846682764320e-01
2.047312890383e-01 -2.172893896928e-02 -2.761524678222e-03
-6.719339362005e-02 -5.931996127680e-04 1.303196217058e-01
-1.014725042184e-01 7.431666009901e-02 1.582982422573e-01
-9.560985237058e-02 5.475190524601e-02 1.479448381548e-01
1.577378661156e-01 -7.972491575464e-02 -4.630883160680e-01
1.852260749762e-01 1.674649736607e-01 2.369260496791e-01
2.552128795257e-02 -8.033824667718e-02 5.134523799593e-02
-1.626362642439e-01 -7.321853556257e-02 -2.218302876858e-02
-8.734565580519e-02 7.764730850507e-02 3.430869892800e-02
-3.260830757453e-02 -8.262613855243e-02 2.658763648796e-02
-2.733412336940e-02 4.023314046618e-02 5.070547252231e-02
1.312486750369e-02 -1.382457791273e-02 -3.629272929653e-02
Mode 8
-3.247079298788e-01 -4.709363854907e-02 -1.492386282561e-01
-1.680070341760e-01 1.185915467065e-02 8.972283216045e-02
2.657999631700e-02 -5.828763164422e-02 5.616087604741e-02
4.757128494338e-02 1.323163411206e-01 1.229717645188e-02
3.380552626110e-02 5.974874822899e-02 2.805284320933e-02
3.050819668548e-02 7.570301009343e-02 2.707236013751e-02
9.564405649817e-02 2.707408604994e-02 6.113471941079e-02
-1.611975265300e-01 1.633343982359e-02 -7.014247998566e-02
4.002150083224e-02 -2.321234968402e-01 4.098797980468e-02
3.694444759687e-02 -4.839616361713e-01 6.614380679789e-02
5.514209494764e-02 -2.957531104581e-01 8.535967139396e-02
3.972034032682e-01 1.433974854613e-01 4.385952293297e-02
-9.323478151330e-02 -1.132956171404e-01 5.682079921713e-02
-9.287372783075e-02 9.396887436867e-05 -1.176970524329e-01
-7.332625487347e-02 -9.252698332563e-04 -4.417596586334e-02
-1.583372422670e-01 -5.645982092970e-02 -2.171324290767e-02
1.379464245799e-02 1.012024602271e-01 -3.530021343775e-03
1.315443003085e-02 -1.940359291430e-01 1.965493888369e-02
-9.066904036795e-02 1.573077862467e-01 -9.329091725152e-02
Mode 9
-2.780607621216e-01 6.212763022475e-02 -1.867451380711e-01
-1.438560292185e-01 -1.802341405529e-01 2.496708664765e-02
2.518731281994e-02 5.718552302095e-02 6.271849238066e-03
3.223810522262e-02 1.916320168600e-02 -5.350515922359e-03
5.098576437389e-02 2.500595634309e-02 1.654361436445e-02
9.167891147680e-02 -2.603278502141e-02 -3.364327565234e-02
1.749936051598e-01 2.167998642792e-02 -1.444711672079e-01
2.091693477521e-01 -6.240186700298e-02 3.139561897048e-02
3.280951830060e-02 1.594801312669e-01 1.217182850026e-02
4.242225010744e-02 3.786940346821e-01 5.913143072456e-03
4.913572590089e-02 2.539640023422e-01 2.122422636023e-02
2.015903726676e-01 -1.058120678004e-01 5.713954646481e-02
-4.995637928359e-01 -2.894486744172e-01 2.945158818931e-02
-1.280438610914e-01 6.207399181413e-02 -9.771688309325e-02
-1.042141060830e-02 5.722075123898e-02 -8.025381096311e-02
-1.394955311297e-01 -1.595135878841e-02 -3.437018443116e-02
5.831533463750e-03 -2.800020947604e-02 -6.553924463362e-03
1.065332827787e-02 1.385503871354e-01 3.389290400976e-04
-1.608827743318e-02 1.032152430200e-02 2.881007932081e-02
Mode 10
-1.129118572110e-03 8.915359829530e-03 -1.345894943708e-01
4.664917305024e-02 1.049723729196e-01 -8.515349256080e-02
6.520249307427e-02 -1.061796852878e-01 -7.354096358299e-02
2.190727846109e-02 -3.058092545020e-01 -4.202945025009e-02
-7.499097845201e-02 -6.805694780380e-02 -4.000899706741e-02
-1.492269229065e-01 5.631762944355e-02 -2.971240729311e-02
-2.710179829989e-01 1.326834950849e-01 -4.776623936771e-02
-3.702071128421e-01 1.204273881862e-01 -1.163227655959e-01
-3.850000507581e-02 8.807196045827e-02 -6.253313894165e-03
5.689605763118e-03 1.261959964594e-01 -3.147874798692e-02
1.008784446746e-01 2.390495613328e-02 -2.973135579001e-02
3.607532329042e-01 -3.990649994336e-02 2.678788479561e-01
-5.564241744913e-02 3.642022908410e-02 -4.928943514321e-03
1.614709763385e-01 -1.540412663792e-01 1.468765858824e-01
-1.684134229812e-01 -1.421121033181e-01 -2.433082374596e-01
-5.378124582247e-03 3.001102468678e-01 -3.389770861605e-02
1.531132136487e-02 -1.476862163489e-01 7.446482763246e-03
-1.114045317715e-02 6.126264782406e-02 -2.849938318346e-02
3.189458827954e-02 -5.838096574127e-02 2.574941749878e-02
Mode 11
5.101078369910e-02 1.600244033955e-02 3.200027424554e-02
-2.693941712239e-04 9.500631917305e-02 -3.995490511842e-02
-9.859723400468e-03 9.049468856354e-02 -3.149722943309e-02
-3.838513703987e-02 -3.778304102788e-02 -3.211510302622e-02
-1.234388159063e-01 -2.066120655162e-01 -4.082543797294e-02
-1.741107507403e-01 -1.011460411126e-01 -7.143157125658e-02
-3.828464364445e-01 4.851292230301e-02 -1.655061418267e-01
-6.278979085038e-02 -1.340774609451e-02 -5.004989819617e-02
-7.444277136441e-02 -9.448359106405e-02 1.111795410588e-02
-5.053380647539e-02 6.865397931533e-02 1.767598284551e-02
3.394281650940e-02 1.127005468680e-01 1.486311872888e-02
3.090767046092e-01 -4.004853220246e-02 1.653430829698e-01
9.342734765069e-02 3.231896408526e-02 1.890947144730e-02
-1.848155856258e-01 2.074539682324e-01 -2.679389059353e-01
2.225306388095e-01 1.928594266067e-01 3.095014486277e-01
1.804430346905e-02 -4.228545959709e-01 3.266046748711e-03
-2.135244435052e-03 5.175741132137e-03 4.887169629182e-03
-2.502748003044e-02 3.900526333348e-02 -1.046814388875e-02
-4.464829659115e-03 1.309277365078e-02 -1.071207821968e-02
Mode 12
3.078361362324e-02 -1.362590146004e-02 3.788817404374e-01
-2.068971191224e-01 -2.204835401371e-01 8.668842138549e-02
-1.332728526061e-01 1.219464561041e-01 6.035095682671e-02
-6.615208948660e-02 2.503810045266e-01 -9.614725421429e-02
-1.073472965974e-03 2.206353916509e-02 -1.281973644078e-01
-3.752404447972e-02 -4.294739208255e-02 -1.013925889237e-01
-1.928320529338e-01 -3.861276163411e-02 -3.417625214968e-02
4.787158935950e-02 -4.970015942109e-02 3.182387977280e-02
4.517459771711e-02 -1.198485145028e-01 -8.664483303883e-02
-2.185660225926e-02 4.198077638250e-02 7.775935361417e-02
-6.785382102939e-02 1.477008886976e-01 1.038091453556e-01
2.339744046839e-01 -2.051812028066e-02 3.800820297887e-02
1.951974056113e-01 -3.620086785629e-01 -2.713264434976e-01
5.250402533974e-02 -7.428062502128e-02 3.007237645507e-01
-6.774936525133e-02 -6.803052221045e-02 2.830955551711e-02
1.065627023423e-01 1.812989956073e-01 7.893199952763e-02
-2.966164229958e-02 8.910293716928e-02 -4.210538654477e-02
9.213964283595e-03 2.780986449988e-03 4.589867359336e-02
-7.593107767540e-02 1.436322810194e-01 -2.401380154764e-02
Mode 13
6.072055947819e-02 -2.908650935307e-02 -1.989222361903e-01
8.339223995063e-02 -2.469639195375e-01 -1.545983821549e-01
4.955465975016e-03 1.657821479595e-01 -1.071172789195e-01
-6.049578763797e-02 4.544706029405e-01 1.214511867394e-02
-1.574405766152e-01 7.259494771860e-03 2.889744202263e-02
-1.264262354023e-01 -1.144940745716e-01 -6.439611963259e-02
-2.141609731653e-01 -3.548358969115e-02 -1.687023404251e-01
2.360343466044e-01 -1.643899342425e-01 -4.258547759001e-03
-1.288779264488e-01 -8.266938439559e-02 1.107067429418e-01
-6.081296287772e-02 -8.150610839932e-02 -2.059773076613e-02
2.743797517267e-02 1.109776517377e-02 -5.633264759023e-02
5.594653185320e-02 1.414464850190e-02 5.175145456641e-02
-5.769276002201e-02 2.809141236182e-01 3.643969016058e-01
6.774367183393e-02 -6.766140268329e-02 5.074046280927e-02
-3.248688297492e-02 -6.517109453604e-02 -1.885176565450e-01
4.594842811408e-03 1.598283899262e-01 -5.154696632475e-02
1.055983484672e-03 1.857664569476e-01 2.693347645979e-02
-3.971683025900e-02 -3.144381438590e-02 -4.036559244489e-02
3.439312291021e-02 -6.701129949660e-02 1.823709140908e-03
Mode 14
8.222022398935e-03 -1.253172750821e-03 -2.722759203959e-01
2.063857623616e-01 -7.851305283562e-02 -9.750286577160e-03
1.184310184252e-01 6.474990622345e-02 4.350258570367e-03
7.206897731774e-02 -1.233588672051e-02 9.574726188502e-02
-5.255660249926e-03 -1.401939763742e-01 1.098137882042e-01
-1.732625909703e-02 -2.753177356499e-02 9.797192025365e-02
-1.814421313357e-02 6.853911761467e-02 -3.537220428385e-03
-1.204595150371e-01 6.222903114366e-02 -4.235868972203e-02
6.559319478739e-03 -1.975277294786e-01 9.636298736444e-02
3.161135870622e-02 7.876886682109e-02 1.780631745433e-02
6.217820537450e-02 1.834909732914e-01 -1.599687638919e-02
-2.046649725883e-01 -2.752369344892e-02 -7.456717333961e-02
4.236551886301e-01 -5.284528509229e-01 2.594126977713e-01
1.511554529591e-02 -4.153258783397e-03 -1.076522602978e-01
1.451658361962e-02 -6.090927982673e-03 -1.486149720468e-01
-7.754198022986e-02 2.720790153782e-02 -5.163381221063e-02
2.832640407689e-02 -4.369519284278e-03 3.674730838301e-02
-1.771341833745e-03 3.861172870524e-02 -1.007441447510e-02
-1.107423614651e-01 2.160846125321e-01 -4.858514870674e-02
Mode 15
9.126715044287e-02 5.074217388361e-03 6.313012369884e-02
-1.370800437461e-01 1.446850817476e-01 -2.247217650940e-01
-1.256832480629e-01 -1.664830840039e-01 -1.625166536885e-01
-1.052448708909e-01 -5.909017883368e-02 -1.905376704440e-01
6.432659249629e-02 1.953250108133e-01 -1.751667713948e-01
5.730489463031e-02 1.014618919260e-01 -2.276893857804e-01
-1.535839995578e-01 -2.286371016132e-02 4.821898378863e-02
4.533231128520e-02 -1.016051981996e-01 3.150577145796e-02
1.927298451682e-01 2.578740469018e-01 9.069143574704e-02
1.866311513317e-01 3.814296174927e-02 6.094494260124e-02
6.577804883280e-03 -2.477863102912e-01 1.968831966638e-02
-1.573185851731e-03 2.780213003467e-02 -6.995852255312e-02
4.893445595384e-03 -2.595457696030e-01 5.194065388150e-01
1.317325599411e-02 8.042705730899e-03 3.407029522034e-02
1.208000733389e-02 9.515531416096e-03 1.047920813838e-01
1.076446024997e-01 -4.435536661205e-02 -9.854374087288e-03
-3.436715131572e-02 -1.425871222279e-02 -6.022637045422e-02
5.994660372861e-02 1.665888011941e-02 2.810026689886e-02
-3.939327967182e-02 6.607761985763e-02 -6.180121314749e-03
Mode 16
6.811481117815e-02 -1.646898754488e-03 -4.233686990874e-02
-9.177092484903e-02 1.642999218328e-02 -2.305931649145e-01
-1.400199517292e-01 -1.204296196705e-02 -1.489207859088e-01
-2.032975723866e-01 -2.612698646339e-02 -2.670415234393e-02
-1.742020223563e-01 -7.065833002398e-03 2.909164793367e-03
-3.571068276319e-02 -1.745644573725e-01 -4.233647090275e-02
4.458072271090e-01 -4.347593617875e-01 -6.476900840260e-02
-6.923141438539e-02 4.384095961802e-01 2.101446428924e-01
-1.830286805365e-01 -3.273742919979e-02 1.021094863702e-02
-1.543906793943e-01 1.513244475596e-02 -4.548828319167e-02
-6.899498676571e-02 -3.334977379602e-04 -6.832262951636e-02
1.848669393557e-01 -5.071579131966e-03 9.354851124507e-02
1.054017749364e-01 -6.330601458175e-02 7.481911116639e-02
9.921973613970e-03 1.039641352785e-03 1.553974565137e-02
1.160729074601e-02 1.583631687650e-03 2.407351490133e-02
7.111809405777e-02 -8.332741800187e-03 -3.011833672625e-02
-5.023859172757e-02 -1.025408284431e-02 6.111189283841e-03
-6.235987705464e-02 1.645133249751e-02 -3.958892768705e-02
-9.719717286112e-03 2.225352307927e-02 -2.917277295585e-03
Mode 17
-4.127217111598e-03 5.518118184369e-03 -8.889706259566e-02
1.205479395129e-01 1.554654783474e-01 7.128586193703e-02
1.420086982289e-02 -2.899368898190e-01 5.816970810616e-02
-2.602898902523e-02 1.723041446775e-01 1.159461441476e-01
-1.556439352372e-01 1.426490599137e-01 9.454378238729e-02
-1.264518234098e-01 -5.280454336664e-03 1.038683037835e-01
-1.316562538540e-02 3.832358897455e-02 -4.867452836381e-02
1.853576015199e-01 -1.624098724696e-01 -3.739934385992e-02
-2.242355163975e-01 2.545644487799e-01 -2.963363463419e-02
-2.254773595930e-01 2.353924091210e-01 -1.996522538208e-02
-6.044971022478e-02 -4.801157271385e-01 -2.394468703662e-02
7.690728624429e-02 3.972240834396e-02 7.583833985087e-02
1.703205053368e-01 -2.039246307176e-01 -2.347465308121e-01
2.382247042873e-02 -6.023507336120e-03 -7.999672259589e-02
-1.192441771808e-02 -6.071908556845e-03 -3.190579594528e-02
-5.204097763310e-02 -1.426890500915e-02 -8.700970520664e-03
5.449190102556e-03 1.484695837436e-01 4.572602775400e-02
-7.743502808737e-02 1.739237976568e-01 -1.910689870509e-02
-1.849257058897e-02 4.038635559089e-02 1.075533209788e-02
Mode 18
4.242562141917e-02 -1.858112729721e-04 -7.000007305661e-02
-2.462976637041e-02 -4.664025101318e-02 -1.255837170972e-01
-9.468959760111e-02 1.697447962176e-01 -7.054821484535e-02
-1.651697764618e-01 -2.538854119742e-01 5.092752206800e-02
-1.423802054400e-01 2.953781562282e-01 5.167093620623e-02
-6.132975772088e-02 2.555731590453e-01 8.380372229814e-02
8.699110099942e-02 1.506849600037e-01 1.386810673672e-01
2.243984933657e-01 -2.993879260122e-01 -5.850198707423e-02
-2.016796506514e-01 1.721580901553e-01 1.083142221863e-02
-1.812982627494e-01 -2.726279811467e-01 -4.440215539998e-02
-7.969047074589e-02 2.859582270036e-01 -5.234721950963e-02
1.185293662433e-01 -1.681421799691e-02 6.920860601310e-02
1.266408256669e-01 -1.004366470806e-01 -4.038128209325e-02
-9.657329834715e-03 1.479384500774e-02 -1.450071951940e-02
2.815638625899e-02 1.304930910109e-02 -6.664248191932e-03
2.489766982951e-02 -1.999543632324e-02 -2.498908627772e-02
-4.518511111756e-02 -2.534003855535e-01 3.453025068996e-02
-6.355084179216e-02 -2.532839700266e-01 -3.889296710459e-02
-1.554801901747e-02 2.232916551030e-02 6.881418884562e-03
Mode 19
1.386480360612e-02 -4.800666087431e-03 -7.762435711506e-02
2.678492041418e-01 -5.323903109177e-02 2.569862968995e-01
7.779870408737e-02 1.405394428959e-01 1.723114425903e-01
7.222820212608e-02 -4.500340824796e-02 2.247082976520e-02
-6.426076474531e-03 2.212889436825e-01 -6.912200528746e-02
-6.319453452732e-02 -2.423125261930e-01 -2.688776827488e-01
-1.915766258546e-01 -2.865044558368e-01 -2.419220265247e-01
-2.581822269338e-02 1.735122175578e-01 9.867433095019e-02
5.516177043728e-02 4.195404301257e-01 1.593824466272e-02
5.316756832297e-03 -2.196568806179e-01 1.226888334618e-01
1.695065095562e-03 4.124042471437e-03 1.302058250349e-01
-6.106340013874e-02 1.373145129861e-02 -3.136128965949e-02
-1.157969951053e-02 -8.174407324655e-02 -8.507112497056e-02
1.158975129236e-02 6.009534127337e-03 -8.840581369203e-02
3.027962477223e-02 1.802702117567e-03 -9.196657495481e-02
-1.050706142996e-01 -3.212209092066e-03 1.479784066002e-02
7.037119241888e-03 -1.455854842217e-01 -4.192623462568e-03
1.892987282402e-02 -2.268769028379e-01 5.392926026548e-02
-3.490614293231e-03 6.700465565066e-03 4.696805142620e-03
Mode 20
-1.982353744661e-01 4.176231456660e-03 2.739311669681e-01
-2.833358265574e-01 -2.440316170785e-02 1.775866928982e-02
2.981013939430e-01 8.270347673077e-02 -8.797510113657e-02
3.378832360017e-01 1.756897205217e-03 -1.496981140877e-02
-4.875700872225e-02 2.062143449090e-02 5.228934383503e-02
-1.395910025268e-01 -1.735926204149e-01 2.014937073668e-01
2.582049430437e-03 -2.580396796840e-03 -1.275559409904e-01
1.473930431771e-02 4.108100945451e-02 -2.300316122408e-02
-1.173902703539e-01 2.300953629330e-01 -6.111838043806e-02
1.672920322462e-02 -8.076027669268e-02 -3.131517826263e-01
2.443722269892e-01 -5.338396483216e-02 -2.685925926941e-01
-8.355524664923e-02 9.586012673017e-03 1.349687802118e-02
8.485887965725e-02 -6.267724495586e-02 1.637146712788e-01
-7.436613419998e-02 1.279965469213e-03 1.461036445622e-01
-6.484526274478e-02 6.861880992688e-03 1.379178404408e-01
4.231854147170e-02 -1.146493750339e-03 4.605220183247e-02
1.389891501950e-01 -6.793552382858e-02 6.896322218517e-02
-3.617617194469e-02 -8.344897169015e-02 -1.603622446632e-01
-4.959320956233e-03 1.208878271651e-02 3.237155260782e-03
Mode 21
7.962102078262e-02 -1.111227449346e-02 -1.014058363888e-01
-1.223943746368e-01 -6.467361406873e-02 -2.489400345779e-01
-1.701273019045e-01 2.240605068962e-01 -8.724923228058e-02
-2.116995470362e-01 6.356390057468e-02 1.367802088888e-01
1.214620213447e-01 -2.419308956412e-01 1.799454465704e-01
5.475247808542e-02 -3.136279167911e-01 4.167179766077e-01
-3.110793696443e-02 1.884585605309e-01 -6.567541574980e-02
-6.423242673607e-02 4.523906828497e-02 -6.119383457054e-02
1.784994666962e-01 3.451308668221e-01 8.492148395801e-02
2.004424904602e-01 -6.863007541817e-02 8.776143351796e-02
-6.531643408103e-02 -1.648942939126e-01 6.919652486114e-02
2.620664518303e-02 1.593087499403e-02 -2.194771440439e-02
-2.236106389748e-03 -3.903436999052e-02 -1.713521050632e-01
7.279502570961e-03 -1.419846869783e-03 1.457474244616e-02
1.837033619865e-02 -9.715119909758e-04 -4.314936146797e-03
7.598492433420e-02 4.054155668942e-03 -4.800063219561e-02
-7.292750281237e-02 -3.087733808318e-02 2.343083297410e-02
8.553464254216e-02 -1.008975760880e-01 6.345159369143e-02
6.348103123112e-04 1.942497470958e-03 6.813488077901e-04
Mode 22
9.573705589602e-02 2.861085380828e-03 -7.892182024784e-02
-1.042923129507e-01 6.354545519572e-02 -1.787774815791e-01
8.842299239527e-02 -2.396854333806e-01 -5.753564860570e-02
2.426259974208e-01 -2.366857788278e-03 -2.228250956272e-01
-8.438371765941e-02 2.373620779479e-01 -1.335587686715e-01
-3.446802031723e-01 -1.112799058123e-01 3.417743032610e-01
8.655711002342e-02 -3.317457187842e-03 -1.192499549280e-01
6.622766322218e-02 3.156055763194e-03 -3.165530343676e-02
5.560177252864e-02 -1.120941900124e-01 6.316288792744e-02
-6.057059442623e-02 -2.098687391903e-02 3.940662220772e-01
1.560843409861e-01 1.649374139245e-01 3.385933717362e-01
-8.538575236413e-02 -7.554714444421e-03 -6.091520847293e-02
-5.163360625281e-02 2.762005533413e-02 -7.217410015057e-02
2.082243304299e-02 -8.832049935065e-04 8.479732535961e-03
1.120047460035e-02 6.132951697198e-04 2.350773646835e-02
8.273344630161e-02 -9.353579189661e-03 -4.170995938755e-02
9.922608665079e-02 8.399532194212e-03 -1.981142066776e-02
-3.736034536883e-03 -1.941950190229e-02 1.366748364929e-01
2.229331970343e-04 -3.306615679996e-03 -9.048434055460e-04
Mode 23
-5.219709493140e-02 1.301378742446e-02 1.947860321476e-02
-7.526538727159e-02 1.063606305322e-01 -5.675063633565e-02
-1.368508126011e-02 -4.627214053257e-01 -5.091991750226e-02
-1.968145841833e-01 4.791068211803e-02 3.447390962050e-01
-1.169026240862e-02 2.997121330520e-01 2.638218906484e-01
3.558698587262e-02 -1.309229109751e-01 -9.316036822155e-02
-1.540502994830e-01 -6.723556048225e-02 -1.035981731633e-01
5.926303466756e-03 1.511204304093e-02 1.368799300840e-02
8.275123801278e-02 -1.054167621883e-01 2.082024998997e-01
3.038033784155e-01 -5.285503646522e-02 -1.398040181830e-01
1.018853094933e-01 3.139583746953e-01 -1.172708613627e-01
-1.355803110588e-02 -1.544468339049e-02 -1.344573088612e-02
1.999457781748e-02 2.078439249098e-02 -1.606561568596e-01
-9.771949409219e-03 -1.147052849362e-03 1.361881338610e-02
-2.937057238517e-02 1.818344647545e-03 3.883964712956e-02
1.525874380692e-02 -8.073845822441e-03 -5.099134117243e-03
-2.830322752781e-02 1.054278465087e-01 1.393980638604e-01
7.344987544254e-02 -5.754339436161e-02 -6.884036870917e-02
2.376504270955e-04 7.481901143007e-05 -2.661619220358e-03
Mode 24
-8.207410286944e-04 6.814972550255e-03 2.772137062137e-02
1.622635842241e-01 5.738088787360e-02 1.730376917472e-01
-1.646193919742e-01 -3.742644868073e-01 9.113286067099e-02
-4.471349828915e-02 6.949914737512e-02 -1.909655482783e-01
1.299409473425e-01 -9.800792309266e-02 -1.789321886599e-01
4.858147575102e-03 -1.784393891348e-01 2.850757261575e-01
3.189582000100e-02 1.034259276314e-01 -2.481050142136e-02
-1.368974618000e-02 1.691910149652e-02 -3.454121665806e-02
2.345499457440e-02 1.786018822224e-01 -2.838127340646e-01
-8.013801912732e-02 -1.188204769207e-01 -1.734829687313e-01
-2.667534178582e-01 3.135027175620e-01 -1.255242400325e-01
8.641682234198e-02 -1.196475773278e-02 4.980082640688e-02
4.071906062060e-03 -5.891608048742e-03 2.265997251221e-01
2.167373935367e-02 -1.583703574307e-03 -5.075956970818e-02
3.196060461412e-03 -4.812018377077e-03 -3.832347908197e-02
-7.615093912542e-02 7.062793509684e-03 3.415711088691e-02
-6.873041900632e-02 2.406053838648e-01 -1.628866131968e-01
5.538718827762e-03 -1.549665430110e-01 -1.116630232763e-02
7.193128592419e-04 4.605198727635e-04 1.330995683437e-03
Mode 25
2.712472550018e-02 4.795865974652e-05 -3.736655807707e-02
-1.210965608833e-01 1.503939951123e-02 -1.431238992138e-01
1.185614875830e-01 -2.045476342438e-01 -4.822615964951e-02
1.455498697396e-01 7.084565563024e-02 3.554394479751e-02
-5.371613687487e-02 -4.643686585561e-01 7.655303946274e-02
1.718177429575e-01 1.996920031111e-01 -2.752065790675e-01
2.097300564972e-02 -2.033702852236e-02 1.219540908596e-01
-3.231174377873e-02 -1.587214232076e-02 2.487827738944e-02
-1.246697760007e-01 3.617867013207e-01 1.084078473054e-01
-1.789947263330e-01 -1.140238149972e-01 1.713280974248e-01
1.468463270039e-01 1.986968761081e-01 1.237398555844e-01
-4.588334261758e-02 -2.406546555452e-03 -1.994676341875e-02
1.070456438048e-02 -3.319674261185e-02 -9.726452511532e-02
3.217825377434e-03 -4.930896770019e-03 3.041000686768e-02
-8.531323163655e-03 -2.034008728745e-03 2.938818727416e-02
6.968478770546e-02 1.181348217152e-02 -3.194575152743e-02
8.777846798709e-02 3.251301692356e-01 5.519939090369e-02
-6.957542738968e-02 -1.950705561549e-01 1.553971260625e-02
-1.358381811672e-03 1.565654472019e-03 2.108516246582e-03
Mode 26
5.254507543328e-02 4.495712695559e-05 -6.934829750981e-02
-1.279819688413e-01 2.731943852807e-02 -1.636848391372e-01
4.494611642407e-02 -5.708037650132e-02 2.016909827343e-02
1.719616626441e-01 3.745635288122e-02 5.560445777027e-02
2.265888271706e-01 2.451240328118e-01 8.661105642487e-02
5.666191549945e-01 -3.359602052460e-01 -4.347668480394e-02
-1.944800325870e-01 1.290570134100e-01 2.284292579155e-03
-7.646050713021e-02 3.395518428835e-02 -7.473378503241e-03
-1.495636344770e-01 -1.141488557376e-01 -1.302691273913e-01
-4.010191113337e-01 1.056435756992e-02 9.323834377736e-02
-7.224900232068e-02 6.818494456079e-03 3.608058575757e-02
1.642764418029e-02 -1.807302042605e-03 1.801322901913e-02
4.657320355746e-03 1.305079570142e-02 6.417174318455e-02
6.849953117205e-03 -1.057007532888e-03 1.716317394279e-02
7.154618141738e-03 2.953506651007e-03 2.220835026346e-02
8.093146259312e-02 -1.289788909759e-02 -4.353886621198e-02
3.562171432675e-02 -1.772423308802e-01 2.306354037039e-03
-1.218637416682e-01 3.583811088139e-02 2.580931625615e-02
2.648951351901e-03 -9.433788433860e-04 -1.824856818584e-03
Mode 27
7.201980703673e-03 -5.185454157232e-03 -9.699932744524e-03
-2.678446452341e-02 -6.906976908443e-02 -2.486836093137e-02
2.422864525419e-02 2.695072768802e-01 1.037127318920e-02
-8.205930813070e-04 -5.081145478021e-01 3.445148935715e-02
3.898735165271e-02 2.443727462282e-01 2.572633186564e-02
3.770135986772e-02 -9.454672155407e-02 2.647500976406e-02
-4.569255395332e-02 1.689868667924e-03 -3.771504490967e-02
5.483495853984e-03 6.739932057292e-04 -5.358995898150e-03
-8.136834584744e-03 -5.962755498308e-02 -1.325202427404e-02
-3.430991014999e-02 9.303697748767e-02 4.790829021982e-03
-1.117582202184e-03 -7.340163619704e-02 -2.773780253987e-04
-1.765556170605e-04 2.136659233104e-03 1.158884734324e-03
9.394892461929e-04 5.799045384136e-03 6.794208450593e-03
1.317137651631e-04 -1.766900961276e-03 6.022193492579e-03
8.371645150325e-04 -1.599220230208e-03 2.237510529053e-03
1.716292377584e-02 2.508979035887e-02 -7.821108276967e-03
2.029195716036e-02 7.449717066854e-01 -3.383253682443e-02
-8.940525372270e-03 -8.775676800550e-02 -2.793536380550e-03
2.359187087707e-04 -2.723737091911e-04 -1.872441845723e-04
Mode 28
5.391339623992e-03 -8.107778916013e-04 -5.416156077064e-03
-7.772929840613e-03 -1.308152746939e-02 -2.032131602230e-03
9.133950480383e-03 5.362603996987e-02 -9.338754835735e-05
-5.910130433553e-03 -6.273119792692e-02 -2.478987546283e-05
3.749417157604e-03 2.295488990601e-02 8.617451744131e-03
5.675965353336e-03 -1.372304722588e-02 4.135506084277e-03
-6.624314023284e-03 9.303957298968e-06 -5.386520255421e-03
1.817353061654e-03 -5.185691287482e-04 -8.755804844808e-04
9.087929344278e-03 1.697503902643e-01 1.003423057246e-02
-8.123335695498e-03 -4.978498053971e-01 -1.232860712507e-02
3.942522557661e-03 1.420780863253e-01 1.676005404650e-02
-1.216920382928e-03 -1.177663705904e-02 -9.188963981801e-04
-9.885562917144e-04 -2.607657592270e-02 -1.052492441205e-02
2.872875668439e-03 -1.680144458399e-03 -2.227480586579e-04
-2.120526661574e-03 -1.547342895611e-03 2.897776211818e-03
4.198224845354e-03 2.848783057757e-03 -2.377384303663e-03
1.300066535535e-03 1.114492127932e-01 -6.004009151392e-03
-2.054137958408e-02 8.246147372675e-01 2.073083505879e-02
-1.363183262899e-04 1.057438304863e-03 8.780456431058e-04
Mode 29
1.733271741187e-01 -7.527848023071e-03 -2.162667435564e-01
-2.849917567650e-01 9.546762741010e-03 -8.697698340701e-02
1.727218454696e-02 4.125806346741e-03 2.392361500516e-01
2.998330439649e-01 -8.081915740643e-04 2.416752110935e-01
1.481862234732e-01 -2.117794899380e-02 1.518288484047e-01
-2.790316671771e-01 1.742790711100e-01 -1.027397696431e-01
-1.543255903122e-02 -1.357568973682e-01 -7.131105441414e-02
1.736525658362e-02 -2.907138081444e-03 1.061549494407e-02
1.139185859278e-01 -3.382074548955e-03 -2.413012644335e-01
3.234210574862e-02 1.587454430903e-03 -8.615076502814e-02
-4.653684440754e-01 8.926046476416e-03 -7.499107157594e-02
5.134963798810e-02 -8.459856809725e-04 2.388460830335e-02
1.569423506652e-03 6.406169976373e-04 6.818876098675e-02
2.998988820553e-02 -5.880036257777e-03 1.937846790295e-02
3.181562185372e-02 4.185453006843e-03 1.855837713375e-02
1.539699883875e-01 -5.129394901232e-03 -9.958797636599e-02
1.281383471812e-01 -5.103466034174e-03 1.344410288269e-01
1.476396207633e-01 4.096486449597e-03 1.936144905235e-01
5.486072587353e-06 -4.824548941463e-04 8.824174521729e-04
Mode 30
-2.170926735712e-01 7.854215675725e-03 1.166622819521e-01
1.976660445976e-01 -7.319415435469e-03 -1.598143576684e-01
1.092219817244e-01 -3.131977729796e-03 -1.332996785924e-01
-2.854664639814e-01 1.399780475004e-02 2.948314479610e-01
1.532776842205e-01 -1.474976481121e-02 3.106560292391e-02
-1.338233594866e-01 7.780970640171e-02 -1.526329098676e-02
-1.824745800768e-03 -5.347293966425e-02 -3.175089646557e-02
9.649177057147e-03 -5.122433285543e-03 2.539082669624e-03
9.156650717270e-02 4.827724027942e-03 -6.144208716049e-01
-1.513244385360e-01 -7.013932953154e-03 1.346950566370e-01
3.018014181927e-01 5.809343639692e-04 9.850317562629e-02
-3.032397894316e-02 3.354065577808e-04 -1.242732535895e-02
-7.097813734985e-03 4.020441494822e-03 1.187029550707e-01
-4.988764730880e-02 -6.801707125885e-03 5.299075770068e-02
-4.765992831842e-02 1.141202161599e-02 5.221480204440e-02
-1.501850136097e-03 2.343303027088e-04 1.108724643261e-02
-5.475055874030e-02 3.042630578940e-03 1.396699229544e-01
6.539944165976e-02 -1.683907171570e-04 2.071535233599e-01
1.045274327676e-03 -2.691450038784e-03 1.964281095554e-03
Mode 31
4.033707756572e-01 -1.586655343368e-02 -2.338279435093e-01
-4.362728623034e-01 1.709480759761e-02 2.828898746360e-01
-1.081772734604e-02 -4.570256802544e-03 2.134833604361e-01
-2.008771755750e-01 1.446566453776e-02 7.036707745054e-02
4.800839575196e-02 -8.909895764243e-03 -5.475658999727e-02
-2.777452432956e-02 1.294003879317e-02 9.570612787373e-03
6.440776143493e-03 -4.165845383016e-03 -1.534159769560e-03
3.059116186433e-03 -1.977687758247e-03 -6.683385595648e-05
-4.089794442917e-02 3.081291081139e-03 -2.290780452627e-01
1.996273952621e-02 3.825851319726e-03 -1.184521015168e-01
4.275034439494e-01 -1.164835592022e-02 1.473228801700e-01
-4.444406765920e-02 7.081254841563e-04 -2.101149548460e-02
3.029502255324e-03 1.097437952665e-03 5.059021871551e-02
8.694095146399e-02 1.244145533069e-02 -8.588112212400e-02
8.635305992776e-02 -1.925814805615e-02 -8.656994454579e-02
2.078896736143e-02 -8.253589016506e-04 -3.136846902251e-02
-1.532495979707e-01 -8.690313115918e-03 -1.223725734890e-01
-1.110934333237e-01 -1.773976124231e-03 -2.304336425208e-01
4.789860463082e-04 -7.968802166584e-04 8.077106546738e-04
Mode 32
-1.571282884794e-02 -4.301344223158e-01 1.169772636134e-03
8.402002089966e-03 2.235836918477e-01 6.507557481378e-05
-5.611020061086e-04 -6.255379685246e-04 -6.022119077022e-04
4.700400229420e-05 1.736959254873e-03 -2.978264896649e-04
-6.558358204900e-04 1.342464773089e-03 -1.268605681539e-03
1.240803580281e-03 -8.393418340091e-04 3.707202429511e-04
-8.958213726789e-05 2.979479009516e-04 3.685654764867e-05
-1.268475576986e-04 1.777151806645e-04 9.139644279478e-07
-1.495779796091e-04 -5.578605470572e-04 1.019552482604e-03
2.722587475085e-04 -2.348121129190e-03 6.326825817158e-04
-4.826782084742e-04 -3.504535917229e-03 -5.882178480350e-04
6.120092659583e-05 -6.685783712362e-05 4.884662694843e-06
-6.624118911766e-05 2.143334274722e-04 -1.701248895273e-04
-4.856773158056e-01 1.768910679603e-01 2.754012959985e-01
4.981778417710e-01 1.381630495159e-01 -2.772953603453e-01
9.368936978553e-03 2.779673049714e-01 2.198471792843e-04
1.109745078624e-03 8.940304711340e-03 1.158757951890e-03
-3.837156572661e-04 5.194882456528e-03 -1.586354111140e-04
6.074882625632e-06 4.450915714091e-06 -2.334728395783e-05
Mode 33
1.947005925024e-01 -6.522625674892e-03 6.339556502801e-02
-1.419532892285e-01 3.919217347383e-03 1.051408989191e-01
-4.016489866602e-02 5.822844152066e-03 -1.177893185054e-01
9.870148119346e-03 -1.496729476272e-02 -1.248314366059e-02
-4.172362172366e-01 1.055830957354e-02 -1.569583386117e-01
2.419059162667e-01 -1.132760488834e-01 1.151249452706e-02
2.306813962062e-02 9.537444908575e-02 7.586670127604e-02
-7.734429079231e-03 -2.095289392249e-03 -1.800394764584e-03
-1.754862875477e-01 1.960526865325e-03 -2.006359084165e-01
2.129914780179e-01 -1.806119799654e-03 8.280540641599e-03
1.005921016347e-02 2.946575732479e-03 -9.493484357047e-03
4.678671412028e-05 -6.183371816326e-05 -4.080416226895e-03
3.059292759249e-04 6.411156380628e-05 3.302406396452e-02
4.516414757789e-02 3.263452805981e-02 -1.402212595446e-01
4.032856025862e-02 -3.704925248726e-02 -1.384551559942e-01
-2.320161728308e-01 8.929951112780e-03 1.218753928188e-01
2.367375414968e-01 1.868112940757e-02 3.719675669657e-01
2.843332621720e-01 2.746883728860e-03 3.434167451495e-01
1.148762147973e-03 -7.997442395049e-04 7.280065364099e-04
Mode 34
1.891964586650e-01 -6.211256603143e-03 3.595516612268e-01
-1.253060158246e-01 4.017069629159e-03 -2.408558616601e-01
-6.637091683862e-02 7.167408283856e-04 -9.534185912644e-02
9.716666472512e-02 -1.137121254482e-04 5.326102700616e-02
2.782969296045e-01 -1.907451250271e-03 1.319268561742e-01
-1.433820152184e-01 7.449678387178e-02 -1.686740568517e-02
-2.061270266848e-02 -6.540272942297e-02 -5.118081340272e-02
2.859984829172e-03 1.790943754475e-03 1.390046752663e-03
6.832309798030e-02 -1.183761383148e-03 6.603107502737e-02
-1.265972178830e-01 -1.643347034911e-03 5.348838442283e-02
-8.556524571873e-03 2.416987840095e-04 -6.140604677474e-02
5.600412099027e-03 -1.438132449842e-04 3.701794727555e-03
2.080268337367e-04 -3.996308850114e-04 -1.306083039964e-02
5.992747574502e-02 7.949801232217e-02 -3.313702340525e-01
5.240684521276e-02 -8.544271724197e-02 -3.307781706542e-01
-4.806662030336e-01 1.882465059626e-02 2.931647471100e-01
-5.092881527652e-03 -3.689304171484e-03 -4.853311701064e-02
-1.001250096151e-01 2.132261434143e-03 -7.666043802201e-02
-4.834942513697e-04 2.857150293782e-04 -2.013541697585e-04
Mode 35
7.021792332025e-03 7.186475314330e-05 -5.694314211981e-02
3.580494142873e-02 -2.406015821808e-03 8.021984497169e-02
-1.271683268697e-01 9.179005858797e-03 -9.859874237583e-02
-5.411870113129e-02 -6.961257293938e-03 4.503083219975e-02
4.011388569355e-02 -1.315270922744e-02 -2.067592786272e-01
-7.294366607754e-03 -7.576321067942e-03 3.015113966246e-02
1.223254252096e-02 9.004410343019e-03 2.740787383947e-03
-2.501701576380e-03 2.311592482268e-03 -2.302117767780e-03
3.039707031136e-01 -2.354898849957e-04 -2.930490588521e-02
-8.079645080284e-02 3.716022135092e-04 2.278927956290e-02
-1.232013416887e-01 -2.486029216911e-03 1.260434332431e-01
8.216021038242e-03 -7.129693899945e-05 1.855683943514e-03
-1.152198225256e-02 2.127303507460e-03 1.052600130946e-02
-5.995095033297e-03 -8.742481874865e-03 4.413727822771e-02
-6.778278023313e-03 9.221567756406e-03 4.608145472603e-02
-3.244735916845e-02 1.652787079748e-03 -3.553956773248e-03
3.338544734227e-01 1.714063822996e-02 5.787280858304e-01
-3.286597432996e-01 2.669904444412e-03 -4.694825065568e-01
-9.373482163875e-05 -1.044439097266e-04 -7.340018553192e-04
Mode 36
1.599013895554e-01 -6.164209322606e-03 -1.171437012149e-01
-1.540479785580e-01 6.039493810831e-03 3.489873405644e-01
3.362424502246e-01 -9.402472696784e-03 -3.260650527921e-01
-2.526272373415e-01 8.050884561786e-03 -1.265774666016e-01
7.047704421799e-02 -5.182176653915e-03 6.762249949017e-02
-4.159971148616e-02 3.192448959701e-03 1.889205806906e-02
-1.593670715757e-03 -4.849212543235e-03 -1.039990353835e-02
-5.417577866519e-05 2.167996275399e-03 1.520319400601e-05
3.520640668031e-01 -7.729290660770e-03 2.110397557026e-01
-3.899365314355e-01 3.557275666184e-03 1.058767625629e-02
-4.977901366936e-02 6.449506632433e-03 -2.665370757821e-01
1.020458277976e-02 -1.980076176065e-04 1.544727725419e-02
-9.166712558813e-03 1.472532195914e-03 -2.554283367556e-02
-9.970019911652e-03 1.093621500170e-02 6.881599823773e-02
-1.089000480796e-02 -1.003438527197e-02 6.872241351673e-02
-6.501511013372e-02 2.387141268722e-03 1.131406684059e-02
-1.967387095022e-02 1.660602661030e-03 5.762712797813e-02
5.657086419699e-02 -1.513952859540e-02 2.952452237029e-01
-4.866964381719e-04 7.923661975419e-04 -1.498673182934e-03
Mode 37
-1.595904912238e-02 6.914932564557e-04 9.646396674872e-02
-5.862477000518e-04 1.274286178255e-03 -1.659104258802e-01
3.614097382485e-01 -1.291115859510e-02 7.998072902564e-02
-1.057995628770e-01 2.084935678070e-03 -2.242053744711e-01
-3.926438944807e-01 1.526349906628e-02 3.401706929582e-01
9.322781508602e-02 -2.803121284293e-02 -3.674141518706e-02
-6.692698578393e-03 2.227166742453e-02 2.829467683404e-02
4.424819209232e-03 -5.824995373174e-03 4.513155523688e-03
3.201379561422e-01 -2.048935554103e-03 -1.669651105421e-01
-2.555692245938e-02 7.433738829532e-03 -2.914975109567e-01
-2.075961929352e-01 6.750524441989e-04 4.261491997394e-01
-9.865739103676e-04 2.511529590499e-04 -2.709233077968e-03
1.041482926380e-03 4.257362964820e-03 1.788624138384e-02
8.741628168310e-03 1.219384254996e-02 -6.690504242222e-02
8.414463484897e-03 -1.304289515020e-02 -6.875864014211e-02
-3.049493959870e-02 1.385493309721e-04 3.597000950509e-02
-5.337055939262e-02 -6.191087333051e-03 -9.678479739740e-02
-2.522419753939e-02 -1.180014663029e-02 -1.260307404270e-01
2.722402143516e-04 -6.347052160407e-04 -2.377862688357e-04
Mode 38
-1.077881249086e-01 4.460907720611e-03 1.604722338971e-01
-7.228065125915e-02 1.617816937349e-03 -2.144431754048e-01
2.644901239346e-01 -5.249631457479e-03 4.105506710235e-01
-1.264135650804e-01 9.293812251089e-03 2.271467261167e-01
-2.033554619990e-01 -1.798801476019e-02 -4.481154022909e-01
4.673642302212e-02 -5.321483961742e-02 4.216706190569e-02
3.950786052612e-02 5.586063052713e-02 4.093669974376e-02
4.742144449119e-04 -3.594777678819e-04 -3.947867173907e-03
2.275131882456e-01 2.886387519652e-03 1.274009883551e-01
-1.093105398144e-01 -4.008684259337e-03 1.045544040474e-01
-4.693260236828e-04 2.405172974625e-03 -2.917837128958e-01
-7.916304739368e-04 -2.828317397461e-05 8.072145629099e-03
-1.351868899172e-02 6.119714305645e-07 -8.019489741681e-03
7.375039685261e-02 -1.514043489251e-02 -2.216653789131e-01
7.422250654686e-02 8.727454629348e-03 -2.208816242044e-01
2.269992185634e-01 -8.383578444946e-03 -5.145073301447e-02
-8.197995070523e-02 1.892827646866e-03 1.737078214415e-02
-4.721140024669e-02 -4.508335458839e-04 2.269543136476e-02
-3.719530863480e-04 -9.616100750767e-05 -3.450265874881e-04
Mode 39
-1.026985566505e-02 -1.773830333817e-01 4.791337779351e-03
-1.282269408785e-03 -4.675571045920e-02 3.517344380504e-03
-3.035343159454e-03 -2.090898321153e-03 -1.337810070621e-03
-2.279319524254e-03 2.522834978875e-03 -7.134087066344e-03
5.632327935783e-03 2.049839618221e-03 4.913105718530e-03
-3.683409173223e-04 5.836096774577e-04 3.270869869799e-04
-7.419432797738e-04 -9.108659135373e-04 -9.859697494756e-04
-1.678421029576e-04 2.566396644468e-04 1.502814481575e-04
-2.207825080415e-03 -8.909957688227e-04 1.839030596113e-03
-2.263611941322e-03 6.381988642432e-04 -6.056663757838e-03
2.733035872181e-03 1.042105231477e-03 4.122760361893e-03
-1.264636926662e-04 -3.776962158383e-05 -7.948515611329e-05
2.492127874327e-04 -1.230436441792e-04 -6.420071673630e-05
1.181213224784e-02 6.005075375752e-02 -4.961215711217e-01
-6.461500727492e-03 6.008209888050e-02 4.776728196395e-01
3.973910475567e-02 6.942580057633e-01 -5.063915348144e-03
2.634853375209e-03 -2.509402758579e-02 5.296752418372e-03
2.731922537514e-03 -1.274586559284e-03 3.297292927867e-03
-5.541700725927e-06 1.211687737239e-05 -2.895861260160e-06
Mode 40
-2.475910954636e-01 1.247105365037e-02 1.040255792504e-01
-2.852337474539e-02 2.224126777133e-03 7.905201127163e-02
-1.326323122657e-01 2.923136261159e-03 -1.510750309210e-02
-6.202563035052e-02 -2.460516183034e-03 -2.262843325911e-01
1.807892508268e-01 4.062425704542e-03 1.588888566784e-01
-3.772967742955e-02 2.504370323859e-02 -1.805897159668e-03
-1.561192122864e-02 -2.642848272571e-02 -2.382468157236e-02
-7.144827750752e-04 1.572855524145e-03 7.151053815963e-04
-5.381513371455e-02 -1.630024609806e-03 7.599384777840e-02
-9.132226354331e-02 4.065493511499e-03 -1.813312779455e-01
1.183739070737e-01 -3.093266810962e-03 8.976271132839e-02
-4.476818133640e-03 3.266586590366e-05 -2.214326477566e-03
7.019030324790e-03 -6.165133326827e-04 -6.718298068517e-03
4.023029919708e-01 -2.901718361773e-01 -1.873917718687e-01
4.236026047662e-01 2.562160653562e-01 -2.046567516688e-01
2.593015644033e-01 -2.182821222644e-02 -8.441523525371e-02
1.354523513041e-01 2.316166438761e-03 1.755848648873e-01
8.633401909192e-02 -3.757838759407e-03 1.204997690196e-01
-1.526890419298e-04 3.416226544073e-04 -5.049577310870e-05
Mode 41
3.713806316872e-02 2.075703583114e-03 1.531673668301e-01
3.355424873890e-02 -1.266991308196e-05 1.504078662836e-01
-8.062158549232e-02 2.122724303210e-03 -1.087653535833e-01
-2.127738898905e-02 -1.606830290935e-03 -1.120892785029e-01
1.046889183970e-01 2.700600521972e-03 9.923870717763e-02
-1.988400617197e-02 1.433531759985e-02 -3.075316169379e-03
-9.711473564522e-03 -1.529971654497e-02 -1.340378337751e-02
-6.935765001012e-04 9.451951104382e-04 4.087248588673e-04
-5.061368009471e-02 -1.453204737187e-03 1.268964390496e-02
-1.902202138274e-02 2.105826617662e-03 -6.722050483386e-02
2.923831729507e-02 -1.253732704881e-03 6.702650384761e-02
-3.452396345490e-04 -4.220510560982e-06 -1.339134802115e-03
3.787680195550e-03 -2.215788207308e-04 -1.280752581410e-03
-3.146022506131e-01 2.980896624329e-01 -3.180850829708e-01
-3.361381630027e-01 -2.767813890210e-01 -3.358272818377e-01
5.051102972511e-01 -3.252743433907e-02 -1.447669732039e-01
7.512853738603e-02 6.676462618990e-04 9.337076433962e-02
3.139972778360e-02 -1.068777973578e-03 3.540369137972e-02
1.112802314901e-05 1.921771929479e-04 -4.400468900083e-05
Mode 42
-6.382381753795e-02 2.206925804555e-03 5.876688177542e-02
-7.738340235585e-02 3.043601626351e-03 2.409856828399e-01
6.711518832869e-02 -1.944205764276e-03 -3.980467969287e-01
1.271535052509e-01 -3.324819431623e-03 1.136795709889e-01
-2.042280909018e-01 8.917434550633e-03 1.566265517039e-01
3.659523861370e-02 -4.010074590777e-03 -2.378619322532e-02
-2.489995216837e-03 5.129504748809e-03 1.130019139675e-02
1.619258537741e-03 -3.677813200632e-03 1.826670198809e-03
3.712966517301e-02 3.186431877735e-03 -2.628040790258e-01
2.101582057339e-01 -1.048741448975e-02 4.577705168030e-01
-1.943720227674e-01 7.028033331776e-03 -2.025675037324e-01
1.099027709148e-02 -1.082872027967e-04 2.388518827470e-03
-6.761247894811e-03 1.814220292566e-03 9.932744355973e-03
1.410458522800e-01 -8.726144541245e-02 -1.324327918263e-01
1.470563144078e-01 7.614316495385e-02 -1.298995509797e-01
1.828748335929e-01 -5.246200149450e-03 -5.084718583770e-02
-1.089485030355e-01 -2.804919166012e-03 -2.103481279457e-01
-1.740999227522e-01 8.018508677639e-03 -2.293470181472e-01
5.215395163058e-04 -1.032258584504e-03 4.494799576902e-04
Mode 43
-2.207224961259e-04 -3.067332143657e-04 -3.466739207918e-02
6.431024758989e-02 -2.113841401003e-03 -3.316217830152e-03
-5.370207818741e-01 1.273047389912e-02 1.262694992894e-01
2.633920988190e-01 -1.284454990857e-02 -1.926074287438e-02
-3.474514831945e-01 1.379567132535e-02 2.423349566153e-01
4.298353870488e-02 -1.030549329585e-03 -2.231333795267e-02
-5.326516968656e-03 1.169142004637e-03 1.049859263174e-02
2.442492086363e-03 -3.598282752057e-03 1.988657481177e-03
4.461810442197e-01 9.743315386100e-05 -7.142595726398e-02
-2.336185960006e-01 -1.852961750469e-03 -1.009737317779e-02
3.188077552312e-01 -3.338049696540e-03 -2.413620176733e-01
-1.700134405274e-03 -4.634573948661e-05 3.071800982290e-03
-8.121739461611e-03 1.394986618459e-03 1.833109777110e-03
-2.704351669672e-02 1.482721944720e-02 2.079794207125e-02
-2.799214746000e-02 -1.247012056408e-02 2.169246409883e-02
8.000256415717e-03 2.364604434077e-04 -1.537518965338e-02
3.958505567781e-02 -3.207543770012e-03 -8.157898165824e-02
-1.970577378899e-02 -1.780010870874e-03 8.672154218575e-02
4.115829728033e-05 -3.657821068220e-04 -3.412793610913e-04
Mode 44
2.830543700343e-02 -9.863181675988e-04 -2.672351321652e-02
3.008225470540e-03 4.696347077611e-05 -9.758658356695e-02
1.132576180347e-01 -4.860624174781e-03 3.979228349676e-01
-2.533845599959e-01 1.349752664650e-03 -4.860773543294e-01
7.452775592739e-02 1.224916352255e-02 3.369193968526e-01
-4.972851618080e-03 1.324938397839e-02 -1.382412241742e-02
-1.612115540600e-02 -1.689733096778e-02 -1.355378822622e-02
7.174332173064e-05 -7.663540968911e-04 2.579006597114e-03
-1.116286652091e-01 3.821503241031e-03 -1.311058332959e-01
1.566794192853e-01 -9.281166281197e-03 3.570716698291e-01
4.454720649270e-02 3.982228379632e-03 -3.664631323971e-01
-5.834675537114e-03 7.283272051099e-05 1.902791667779e-03
2.457632096996e-03 9.576420645787e-04 -8.331462589482e-03
-4.253486305771e-02 3.077187222316e-02 4.148479231430e-02
-4.494443048717e-02 -2.733231580282e-02 4.139458741711e-02
-5.126107327915e-02 1.683425658598e-03 9.762608034629e-03
1.333485903148e-01 1.772861144976e-03 1.963849669259e-01
-7.227487414403e-02 3.730759668627e-03 -7.383326859026e-02
2.825145686698e-04 -8.864093940923e-04 6.286593047570e-04
Mode 45
7.552392515708e-04 1.834018645684e-04 -1.587082559235e-04
-1.206233263096e-03 -9.584588345806e-05 3.394649162283e-04
1.207694426155e-02 2.012812499958e-03 1.193071747093e-03
-1.133846164160e-02 -2.390727813784e-03 -3.494373470154e-03
-6.404667467233e-02 -1.099616031979e-02 -4.626506222715e-02
3.840221741070e-01 4.916374047866e-01 4.622131171011e-01
-2.542265510690e-01 -4.377973895541e-01 -3.656591171693e-01
-1.296050247602e-02 1.323297094587e-02 3.114838127796e-05
-3.086069934287e-03 2.055167246231e-03 7.998881107600e-03
5.445029767806e-03 1.547208292875e-03 1.311884773373e-03
-4.146518864558e-03 -1.891735252849e-04 -6.549598562133e-04
4.777482648631e-04 -4.295551965339e-05 2.324615270433e-04
-1.525698303363e-03 -9.046770933877e-04 -1.068632223295e-03
-3.184138328450e-04 5.134706707023e-04 6.217282017317e-04
-7.069278833450e-04 -3.720183296145e-04 -6.833499546451e-05
-3.814819138610e-04 -3.445226574122e-04 5.394410790915e-06
-4.475076692940e-03 -2.348292973632e-04 -2.391335226827e-03
2.064330064289e-03 -5.377625278811e-05 1.546484139866e-03
-7.015079233058e-05 2.061142387303e-04 1.979069133973e-04
Mode 46
-1.673043913530e-01 6.127901163515e-03 2.121478166568e-02
-7.672539936124e-03 2.989048689447e-04 1.052442158946e-02
-6.868024775199e-04 -6.522624302850e-06 -9.622592111844e-03
4.100917969546e-03 -1.579049697401e-04 -1.218538914790e-03
9.513690570271e-04 -2.334811245245e-05 -4.156123670368e-04
-4.044328497572e-04 1.378121555443e-04 1.342530026455e-04
1.016292766388e-04 -1.458914004558e-05 -3.030956268798e-05
8.773763361039e-05 -5.237121890888e-05 -3.908178919495e-05
-2.398606831292e-04 1.599204361270e-04 5.678959870515e-04
-2.925236211835e-04 -1.099959148531e-04 -3.056787523347e-04
-5.148353324818e-04 4.411304223090e-06 1.848731356965e-03
7.416448764875e-05 -4.938714499780e-07 -4.428557392929e-05
1.054222254826e-04 -2.708030497367e-06 -1.405744532246e-04
3.785996957963e-01 5.303525038093e-01 1.039200113787e-01
3.363238058543e-01 -5.561911337912e-01 1.053304903660e-01
-1.079778031435e-01 3.582901198077e-03 -3.006212709408e-01
-1.195597656615e-02 5.963749004542e-04 8.823712529657e-03
8.685219561926e-04 2.258064502270e-05 -3.355041323895e-04
-1.527336800977e-05 -2.345951975106e-05 2.725821545213e-05
Mode 47
1.182470390422e-02 3.133001805488e-01 -2.261314974364e-04
1.169632043263e-05 -1.374292179230e-03 -2.224416705081e-05
-2.920855529589e-05 -1.306190736292e-03 2.458347528028e-05
-2.664546703583e-04 -3.157602734731e-04 1.562132452441e-04
-3.823488621454e-05 2.861400052730e-04 -4.048643128364e-06
-3.400687348182e-07 1.693489536847e-04 9.562207774236e-05
-4.392675461928e-05 -1.114692178136e-04 -7.252534418448e-05
3.070250204259e-05 -4.181282017343e-05 -1.673766778916e-05
4.798644178709e-05 9.927413771017e-05 -5.230371533622e-05
-1.613742144087e-05 5.098790381180e-05 -3.317648215751e-06
-4.207771579489e-06 3.341354140528e-04 2.413910878124e-05
2.170945774660e-07 -8.830629374224e-06 -2.458519577460e-07
5.456583275214e-06 -3.542004764274e-05 7.342944882552e-06
-3.937780384826e-01 -5.302003260162e-01 -1.178267999058e-01
3.528441712597e-01 -5.589992019687e-01 1.197808609546e-01
2.492133470142e-04 1.768692262225e-02 -1.224363803055e-03
8.657056673020e-04 -7.145584660672e-04 -3.818270114743e-04
2.261235719472e-05 -6.358821484909e-05 -1.940263282318e-05
-2.393814769061e-06 3.633790038777e-07 4.117798492092e-06
Mode 48
1.508886311710e-01 -5.671498146009e-03 2.662592277944e-01
-1.787760626246e-03 7.808551791984e-05 -1.953071416390e-04
1.998317478432e-03 -6.682739123030e-05 -3.114037901468e-03
-5.595245286621e-03 2.692214830583e-04 3.590760480555e-03
-1.662534604080e-04 -6.078716587133e-06 -2.131239522726e-04
-1.265912833530e-04 -2.132680981335e-05 -8.089055335533e-05
6.810900921594e-05 5.083422189512e-05 6.497851814865e-05
1.708536369637e-05 -1.644502281907e-05 3.951448403968e-06
1.796859971087e-05 1.222450030016e-05 -2.087405873482e-05
1.362344245391e-04 7.818516628124e-06 -1.003582663586e-04
-1.391334181779e-04 6.208395792825e-07 4.341259941631e-06
-4.253980772864e-05 9.196169972666e-07 7.490675024774e-06
-1.655202367930e-05 5.483209237770e-07 6.445073143290e-07
-1.114220489459e-01 -1.689668455080e-01 -2.608201259681e-02
-9.894634730374e-02 1.780414294513e-01 -2.687587243369e-02
-3.076235052213e-01 1.039162108185e-02 -8.527169341688e-01
1.856216672469e-02 -9.719258839158e-04 -1.327574978831e-02
-6.627316066982e-04 -2.807057948185e-05 4.105214359637e-04
1.572431541420e-06 6.754786459895e-08 -1.602473781912e-06
Mode 49
-1.720293369372e-05 -5.509403090606e-05 -2.763030968652e-04
-2.294451524399e-04 -2.521774586828e-05 4.075606634677e-04
2.005645088136e-03 -3.956879735603e-05 -6.193241711835e-04
-1.867267029609e-02 9.919430270245e-04 1.141219624470e-02
1.163135132852e-03 -1.157939137228e-04 -1.834879593363e-03
4.601227752347e-05 1.465995245808e-04 2.247709414812e-04
3.774436968143e-05 -3.498981377946e-06 -7.257343501730e-05
-2.264878069395e-05 1.023426850831e-05 -2.947955726024e-05
8.980750055044e-03 -7.592714981672e-05 6.139765445876e-03
-2.439333798158e-01 -8.303291339130e-03 1.570806458228e-01
-1.968424373624e-03 3.578055766621e-04 -1.341210463051e-02
2.984197065899e-04 6.371699171222e-06 2.154940075139e-04
-7.798093308150e-05 -9.528006186941e-05 -2.583933101285e-04
2.401816052941e-04 4.371606752353e-04 2.716319359008e-04
1.610271102114e-04 -3.303179571517e-04 2.235441379985e-04
4.147733839993e-04 -1.330630000603e-05 8.039037832806e-04
6.407742936765e-02 -3.362978462205e-03 -3.957008918452e-02
8.047447108158e-01 2.787797795640e-02 -5.107697928004e-01
-1.254320044097e-06 2.877570950097e-05 -1.696176096630e-05
Mode 50
-5.636060451389e-03 -1.367551964773e-04 -4.579217490942e-03
-1.538976374192e-03 6.915213944132e-05 2.835494430590e-04
1.018364034344e-02 -4.800351488796e-04 6.350315473031e-03
-2.456395210642e-01 1.264796692622e-02 1.482189654077e-01
-1.555775506877e-03 -3.433834562010e-04 -9.671476413495e-03
-1.469200708168e-03 2.346444442341e-04 8.063162198858e-04
6.306742146783e-04 3.433778529592e-04 3.100719938172e-04
8.048667382244e-05 -1.429855838230e-04 -3.940205333968e-04
1.315818441723e-03 3.178770938156e-04 -1.437757235526e-03
1.953401728060e-02 5.618137925944e-04 -1.316145785375e-02
8.614438024385e-04 1.423428091977e-05 2.769160704736e-04
-4.905998939451e-05 1.577823735244e-05 5.706950409209e-06
-1.856625362454e-05 -4.231946756607e-05 4.964662761448e-05
8.833296057547e-03 1.262261046080e-02 4.189855273331e-03
7.243713522860e-03 -1.209528171947e-02 3.925668208232e-03
7.835429720920e-03 -2.475926953276e-04 1.529102664904e-02
8.105493587018e-01 -4.298861151826e-02 -5.014554899012e-01
-6.327242272314e-02 -2.206061461372e-03 4.006028641663e-02
-4.814778852264e-06 -8.589176906491e-07 4.726773920481e-06
--
Dipole derivatives 
Mode 0
-2.171848842408e-02 1.947718343219e-02 -3.697560083005e-03
Mode 1
-2.084767669351e-02 4.729615400095e-03 1.319188090281e-02
Mode 2
1.053846426562e-02 2.886309078147e-02 5.078501511778e-03
Mode 3
7.123845226893e-03 1.334449833334e-02 1.192350045405e-02
Mode 4
-7.548515288464e-03 -2.935180380288e-02 -1.344441224678e-02
Mode 5
9.199453226747e-03 3.887062011962e-02 -5.508946773619e-03
Mode 6
-1.790374820000e-02 -3.978650950308e-03 -5.090859320492e-02
Mode 7
2.023094542199e-02 -2.812158620463e-02 -1.817870264965e-02
Mode 8
1.984870164256e-02 -3.732966165107e-03 2.851482052207e-02
Mode 9
5.779613572659e-03 1.176386291143e-02 -7.876663680998e-03
Mode 10
-1.438087757517e-02 -2.354493895447e-02 -4.235389169830e-03
Mode 11
-1.990787721824e-02 -1.284388093838e-02 -1.851993490465e-02
Mode 12
-2.544037140878e-03 3.359436421634e-02 -1.053518648441e-02
Mode 13
-3.941323450212e-03 2.782234392056e-02 -3.536898523211e-03
Mode 14
-3.690707680760e-02 -8.488691438789e-03 -6.371367621932e-03
Mode 15
-4.388028370709e-02 -7.638832423314e-03 -3.625295216362e-02
Mode 16
-6.166890812636e-03 -7.103172276461e-02 -1.828878715512e-02
Mode 17
9.073525347540e-02 5.290413516882e-02 1.726405696220e-02
Mode 18
1.521946662929e-01 5.477068709966e-02 -4.893796825935e-03
Mode 19
-2.941752879406e-02 -1.131510541145e-01 9.398801159204e-02
Mode 20
-1.820452387740e-02 -2.185963960527e-02 -7.602100943499e-02
Mode 21
-1.313882932886e-01 -6.178371519223e-02 -3.395571944470e-02
Mode 22
-5.215068985143e-03 4.208744553199e-02 -1.127099636152e-01
Mode 23
-8.580574580059e-02 -5.525834366219e-02 -1.100629049217e-02
Mode 24
6.040332195212e-02 -8.425365878828e-02 4.435434585717e-02
Mode 25
-6.591322273105e-02 3.090140865956e-02 2.716211589270e-02
Mode 26
-3.376784418651e-01 -1.728824929454e-01 2.482253033816e-02
Mode 27
-2.158176266662e-02 6.583949352645e-02 4.312544557078e-02
Mode 28
1.397822508920e-02 7.850063859415e-02 5.342185188173e-02
Mode 29
2.334057692664e-01 7.411189341313e-02 1.014480860833e-02
Mode 30
-4.346916347334e-02 7.179592330821e-02 -1.895296870940e-01
Mode 31
-2.079939742150e-01 -2.238990731950e-02 1.806172141687e-01
Mode 32
-2.676424077200e-03 -2.551287538216e-02 -8.462933699326e-03
Mode 33
-2.416805405925e-01 -8.526025097268e-02 1.227852048637e-01
Mode 34
1.104742900289e-01 7.170794268203e-02 -9.798509729570e-02
Mode 35
4.968952903893e-02 -7.586943492470e-03 1.382893124562e-01
Mode 36
8.967473307829e-02 -6.871726891082e-02 3.300443756899e-01
Mode 37
-5.039189265823e-02 -1.148445604662e-02 -2.177850596911e-01
Mode 38
-9.572188813615e-02 7.870134113421e-02 -4.211559615086e-01
Mode 39
1.134097076019e-02 9.116949762904e-02 2.779386712742e-02
Mode 40
-6.443267575454e-02 6.983846501214e-02 -2.029628780463e-01
Mode 41
2.643424272989e-02 -3.809315907106e-02 1.944233615781e-01
Mode 42
1.263047026139e-01 -1.262147543658e-01 3.495057083384e-01
Mode 43
-1.355155686584e-01 1.808308064782e-02 -1.003693247759e-01
Mode 44
4.356493617739e-02 4.746750128413e-02 -3.976400082243e-01
Mode 45
-1.578653062723e-01 4.906575693059e-01 -5.526484444833e-02
Mode 46
8.433225222236e-02 3.365681130233e-02 -2.180705498162e-01
Mode 47
1.849727468209e-02 1.496864411833e-01 4.925980791437e-02
Mode 48
-5.206872001675e-02 3.361400523985e-02 -9.245877524143e-02
Mode 49
-2.248825496681e-02 -1.644833404709e-03 3.053264656822e-02
Mode 50
-2.210088417016e-02 4.140569425996e-03 -3.801471180965e-02
--
Polarizability derivatives 
Mode 0
-9.220967000901e-01 -4.468488754151e-01 -4.867764202451e-01
-4.468488754151e-01 9.281864137568e-01 5.735896011454e-01
-4.867764202451e-01 5.735896011454e-01 -1.141480147350e-02
Mode 1
6.639985991415e-01 1.488426724938e-01 -1.744899831130e-01
1.488426724938e-01 -3.971586657622e-02 -6.350087898491e-01
-1.744899831130e-01 -6.350087898491e-01 4.446186219167e-01
Mode 2
2.747239606826e-01 3.085376375180e-01 -4.786900919516e-01
3.085376375180e-01 2.747492936337e-01 -8.174339142376e-01
-4.786900919516e-01 -8.174339142376e-01 -1.565512303544e+00
Mode 3
4.592128443189e-01 1.640771365835e-01 9.658708053683e-01
1.640771365835e-01 -2.641808340689e-01 5.719288879521e-01
9.658708053683e-01 5.719288879521e-01 1.471443442465e+00
Mode 4
3.413173946795e-01 3.536884918842e-01 -4.929828046676e-01
3.536884918842e-01 -4.839419342337e-01 -3.093937310631e-01
-4.929828046676e-01 -3.093937310631e-01 -8.274688410251e-01
Mode 5
3.137067267806e-01 7.180119841722e-02 -2.082589432373e-01
7.180119841722e-02 -6.833890985314e-01 -5.608279992035e-02
-2.082589432373e-01 -5.608279992035e-02 9.052816828468e-02
Mode 6
2.794526000919e-01 -6.635361840012e-02 1.348147937090e+00
-6.635361840012e-02 3.820279183755e-01 -1.480576455121e-01
1.348147937090e+00 -1.480576455121e-01 1.146386128302e+00
Mode 7
-3.435979758721e-01 -2.231540215276e-01 -4.417578228342e-01
-2.231540215276e-01 -3.235226657557e-01 2.808146263476e-01
-4.417578228342e-01 2.808146263476e-01 6.679301543427e-01
Mode 8
1.064925358661e+00 9.069784604542e-01 2.044164120621e-01
9.069784604542e-01 4.912910650193e-01 -5.269784672782e-02
2.044164120621e-01 -5.269784672782e-02 5.688079689918e-01
Mode 9
-6.558106938946e-02 -4.149733485171e-01 5.466855361642e-01
-4.149733485171e-01 -4.207279512315e-02 2.273041189703e-01
5.466855361642e-01 2.273041189703e-01 3.796877656854e-01
Mode 10
9.387177872988e-01 -3.620230720186e-01 2.670846091908e-01
-3.620230720186e-01 -1.906319573669e-01 5.437784704908e-01
2.670846091908e-01 5.437784704908e-01 2.159341978575e-01
Mode 11
1.357799074145e+00 -5.091436364111e-01 4.789490351741e-01
-5.091436364111e-01 4.218250617929e-01 -2.192188855584e-01
4.789490351741e-01 -2.192188855584e-01 5.968877771865e-01
Mode 12
1.538818441549e+00 -9.805588990775e-02 3.176468745360e-01
-9.805588990775e-02 1.093432903457e+00 -6.081291547744e-01
3.176468745360e-01 -6.081291547744e-01 1.523633716273e+00
Mode 13
4.490292556960e-01 -5.699241262251e-01 7.711867433146e-01
-5.699241262251e-01 -3.640009770241e-01 4.391836769972e-01
7.711867433146e-01 4.391836769972e-01 4.703244143778e-01
Mode 14
1.405730821365e+00 8.904212198700e-01 1.705513223613e+00
8.904212198700e-01 8.211306165480e-01 7.494297368691e-01
1.705513223613e+00 7.494297368691e-01 2.667424599855e+00
Mode 15
1.323839200929e+00 7.983331540418e-01 2.707611829752e+00
7.983331540418e-01 -1.010380070121e-01 1.588899148142e+00
2.707611829752e+00 1.588899148142e+00 4.974655083602e+00
Mode 16
9.651421559448e-01 8.168429330060e-01 2.257915386495e-01
8.168429330060e-01 1.305019848565e+00 1.032525060822e-01
2.257915386495e-01 1.032525060822e-01 1.526675316198e+00
Mode 17
-6.034563568443e-01 -2.544355397466e-01 -1.549431261500e-01
-2.544355397466e-01 -3.577669583681e-01 -2.867055054483e-01
-1.549431261500e-01 -2.867055054483e-01 -1.550740070199e+00
Mode 18
-2.490722876779e+00 -6.281326328095e-03 -2.457187752877e-01
-6.281326328095e-03 -4.784030755019e-01 1.465006261491e-01
-2.457187752877e-01 1.465006261491e-01 -4.973138729303e-01
Mode 19
6.946702076781e-02 -1.144061999904e-01 -1.527486488187e+00
-1.144061999904e-01 7.386326660955e-01 -8.809916737258e-01
-1.527486488187e+00 -8.809916737258e-01 -3.052755781821e+00
Mode 20
1.093700989249e+00 3.951266838730e-01 1.329335660411e+00
3.951266838730e-01 1.468567043069e-01 5.059264937069e-03
1.329335660411e+00 5.059264937069e-03 3.223719036494e+00
Mode 21
1.654689836628e-01 -2.749120207461e-02 -2.067405159519e+00
-2.749120207461e-02 -2.126874610402e-01 -5.050119198092e-01
-2.067405159519e+00 -5.050119198092e-01 -2.824769892711e+00
Mode 22
-1.472825477120e+00 2.943440282986e-01 1.078148592521e+00
2.943440282986e-01 1.200036374257e-01 5.961799676877e-01
1.078148592521e+00 5.961799676877e-01 -1.802407689673e+00
Mode 23
5.816246648918e-01 -1.287046621545e-01 -2.776137616857e+00
-1.287046621545e-01 3.269867111268e-01 -5.398019677034e-01
-2.776137616857e+00 -5.398019677034e-01 -1.211207761677e+00
Mode 24
1.254669161556e+00 3.678439999729e-01 2.329601437976e+00
3.678439999729e-01 -5.107030074145e-01 8.428051268474e-01
2.329601437976e+00 8.428051268474e-01 3.583366184477e+00
Mode 25
-1.943722252089e+00 1.548482625493e-01 -1.155197084347e+00
1.548482625493e-01 2.735857653390e-02 7.999429510921e-02
-1.155197084347e+00 7.999429510921e-02 -3.193009224865e+00
Mode 26
-3.130736765738e-01 -2.949346923273e-01 -1.617289739455e+00
-2.949346923273e-01 -9.759471579733e-01 -6.240959070211e-02
-1.617289739455e+00 -6.240959070211e-02 -2.701212342821e+00
Mode 27
-1.694850410637e-01 3.262098191913e-01 2.164865509688e-01
3.262098191913e-01 1.288637660213e-01 -8.023452123012e-01
2.164865509688e-01 -8.023452123012e-01 -3.507663238467e-01
Mode 28
-2.829169253626e-02 -8.986039048828e-01 -8.866864990451e-01
-8.986039048828e-01 -4.002912470806e-02 1.145258999132e-01
-8.866864990451e-01 1.145258999132e-01 -1.458907054107e+00
Mode 29
-1.198645662926e+00 5.214191714418e-01 2.111035100136e+00
5.214191714418e-01 2.093831268695e-01 9.867621425220e-01
2.111035100136e+00 9.867621425220e-01 2.449477953202e+00
Mode 30
2.868278613252e+00 1.204844238364e+00 7.076923457380e+00
1.204844238364e+00 4.530184238049e-01 1.828074605513e+00
7.076923457380e+00 1.828074605513e+00 1.728986393993e+01
Mode 31
2.686942083979e+00 -6.839087922011e-02 2.927546988310e+00
-6.839087922011e-02 4.953326009189e-01 4.431889095846e-01
2.927546988310e+00 4.431889095846e-01 6.414865886338e+00
Mode 32
-2.835162869610e-01 -9.008478308234e-01 -2.458699168678e-01
-9.008478308234e-01 -2.592290539029e-01 6.580755867655e-01
-2.458699168678e-01 6.580755867655e-01 3.718219160567e-01
Mode 33
3.186283712175e+00 -6.020777348442e-01 1.883326737194e+00
-6.020777348442e-01 -1.552346133394e-02 -2.186970940395e-01
1.883326737194e+00 -2.186970940395e-01 6.737701976481e+00
Mode 34
-4.106841243575e+00 3.447375280099e-01 -3.787965969251e-01
3.447375280099e-01 -5.041008626024e-02 -1.952212125205e-01
-3.787965969251e-01 -1.952212125205e-01 -9.866249585804e-01
Mode 35
3.080813329252e-02 -3.562250637290e-01 -2.125029784966e+00
-3.562250637290e-01 -2.581266347750e-02 -4.115512623154e-01
-2.125029784966e+00 -4.115512623154e-01 -4.773149500910e+00
Mode 36
-3.735005448172e+00 1.947850048699e-01 -3.294923777839e+00
1.947850048699e-01 -2.456957932837e-01 -1.024241842079e+00
-3.294923777839e+00 -1.024241842079e+00 -8.406404299951e+00
Mode 37
8.441331688140e+00 7.564138937454e-01 4.960631251719e+00
7.564138937454e-01 1.426196865264e-01 6.077669129515e-01
4.960631251719e+00 6.077669129515e-01 6.663996696885e+00
Mode 38
2.023941542885e+00 -7.703143052192e-01 5.730852966596e-01
-7.703143052192e-01 3.615452998816e-01 2.299312254111e-01
5.730852966596e-01 2.299312254111e-01 1.054993344912e+00
Mode 39
-1.685428451396e-02 6.326851756851e-02 -4.960519610302e-01
6.326851756851e-02 1.931251746304e+00 -3.296700673105e+00
-4.960519610302e-01 -3.296700673105e+00 -2.501669270196e+00
Mode 40
-1.114615391232e+00 1.943846714566e-01 1.681583699060e+00
1.943846714566e-01 8.280347870509e-01 2.311326513721e-01
1.681583699060e+00 2.311326513721e-01 -1.750162667280e+00
Mode 41
7.424561331508e-01 -2.788105340436e-01 -1.341518697324e+00
-2.788105340436e-01 -1.327845259562e+00 7.362853842859e-02
-1.341518697324e+00 7.362853842859e-02 -4.064765849861e+00
Mode 42
-9.767296318075e-01 3.330861277472e-01 5.091157916103e+00
3.330861277472e-01 4.844327769421e-02 9.628334868435e-01
5.091157916103e+00 9.628334868435e-01 1.044379553309e+01
Mode 43
6.609450452436e+00 -1.048648072994e+00 2.156096444950e+00
-1.048648072994e+00 2.915145831808e-01 9.114532058083e-01
2.156096444950e+00 9.114532058083e-01 7.057893841570e+00
Mode 44
-2.159174821085e+00 2.124438727559e+00 9.590222784663e+00
2.124438727559e+00 2.994740543811e-01 6.182548290791e-01
9.590222784663e+00 6.182548290791e-01 2.450971128063e+01
Mode 45
5.317781984501e+00 -2.769588612141e+00 -2.247658658162e-01
-2.769588612141e+00 2.786017063178e+00 -4.171243645697e-01
-2.247658658162e-01 -4.171243645697e-01 -9.353163998659e-01
Mode 46
-2.581248353723e+00 -1.703649265348e-01 1.595263725119e+00
-1.703649265348e-01 -6.702483165761e+00 1.827478181743e-01
1.595263725119e+00 1.827478181743e-01 -7.507362996304e+00
Mode 47
-8.844955719787e-01 -3.611915960515e+00 -6.952025776761e-01
-3.611915960515e+00 -4.699131024102e-01 4.137331055871e+00
-6.952025776761e-01 4.137331055871e+00 2.829912071891e+00
Mode 48
-1.787514089632e+00 1.892928270206e+00 -5.112162402442e+00
1.892928270206e+00 7.586473984693e-01 3.999598243510e+00
-5.112162402442e+00 3.999598243510e+00 -8.535775243645e+00
Mode 49
3.562562161177e+00 7.654976232342e-01 -3.654418084524e+00
7.654976232342e-01 4.257084444585e-01 -7.671065002978e-01
-3.654418084524e+00 -7.671065002978e-01 2.044023071607e+00
Mode 50
-3.725819597696e+00 -2.522699981907e-01 3.594780580402e+00
-2.522699981907e-01 -3.999412174915e-01 7.459125894791e-01
3.594780580402e+00 7.459125894791e-01 -5.894338317377e+00
--
