Number of atoms 
17
--
Anisotropy 
146.744
--
Frequencies 
8.521491917252
31.215046084994
38.445460552923
46.572875661016
88.096897650705
123.169581376508
148.056403215709
174.950820754296
183.392454227373
266.703877581789
288.209468414930
326.094766669721
362.941527985685
398.136488273078
408.534636050222
431.928130038547
479.511680496446
553.406309789765
605.965303593910
616.536933391927
634.476278818160
725.527032204288
792.187715474384
820.445818323477
877.726038691396
915.488542137605
930.569853828600
942.687400373161
1106.276026635595
1128.100260565335
1196.000066441792
1231.169427190490
1238.631437540759
1250.188014611414
1339.802655516558
1413.234642474052
1454.660706754820
1472.418999730425
1581.616639580505
1620.227175042541
2363.879593099883
3126.216434288518
3203.906996384303
3218.476945559338
3221.176401049846
--
Displacements 
Mode 0
8.331873609172e-02 1.421099342280e-01 1.596574260210e-01
9.915802089276e-02 9.578555203074e-02 1.068629968572e-01
1.268357492439e-01 5.342015750479e-02 5.678130361229e-02
1.847507557318e-01 4.805026073788e-02 5.639699030250e-02
2.137758901935e-01 1.629496958945e-02 8.436681370387e-03
5.030230118517e-01 2.440968564150e-02 1.336831124615e-02
1.825856722681e-01 -1.667050567529e-02 -4.007015530805e-02
1.239569087808e-01 -2.719524799278e-02 -4.057687084435e-02
9.550329959552e-02 1.158642276110e-02 7.604891866711e-03
3.129227255881e-02 9.403771105172e-03 8.780176349494e-03
-1.730016867841e-01 1.774998651911e-02 2.921569830468e-02
2.167449146813e-01 -2.229744232293e-01 -2.739512649472e-01
6.010612192556e-02 2.009891917209e-02 2.723721014044e-02
-5.234897712193e-01 3.402419291580e-02 6.574809429048e-02
5.935029151648e-02 -1.014242206752e-02 -2.270760685093e-02
8.801744903774e-03 1.296776766766e-02 1.302031329219e-02
8.917961144929e-03 -7.690439163667e-03 -8.091877554137e-03
Mode 1
-3.406379556840e-02 -1.597654210922e-01 2.182955168670e-01
-1.748179503619e-02 -1.349976796533e-01 1.771901005520e-01
-5.269816420072e-03 -1.265304528235e-01 1.552760328361e-01
1.237769344815e-02 -1.700612570195e-01 1.576737131996e-01
2.275768581857e-02 -1.440283126058e-01 1.388536961591e-01
8.657492337782e-02 -5.835616057819e-02 2.282323667770e-01
1.318171465001e-02 -1.329144471869e-01 1.228152049529e-01
-4.422422634847e-03 -9.343209303259e-02 1.206094221147e-01
-1.286577631465e-02 -5.744411106924e-02 1.345161364364e-01
-2.640101741185e-02 9.691898906875e-02 1.236203945801e-01
2.159744720167e-02 4.448578267884e-01 -2.900862042333e-01
-3.694332872860e-02 -1.639102429739e-01 2.540066454762e-01
5.455441380343e-03 -5.749160198220e-02 4.997238603736e-02
-1.076911564608e-02 7.703496129842e-02 -4.195002906769e-01
6.006708113533e-03 -3.783675164344e-02 3.183522581007e-02
-1.126313034332e-02 3.767986032784e-02 5.274356489364e-02
-1.196561286938e-02 4.987101060292e-02 4.897463710372e-02
Mode 2
-1.510996687124e-01 8.630636228403e-02 1.311254748059e-01
-1.140548228429e-01 5.867596995346e-02 7.452059036994e-02
-8.756527310385e-02 3.038098550839e-02 2.750326554533e-02
-4.010077635549e-02 6.166868514591e-02 2.825172272189e-02
-1.915003007210e-02 4.090916691869e-02 -7.625289568533e-03
7.005503026501e-02 7.236569102686e-02 -1.169728796634e-02
-4.332224866242e-02 -1.361009931456e-02 -4.462530954537e-02
-9.116022109194e-02 -4.677464340990e-02 -4.188612736886e-02
-1.128262280000e-01 -2.146498936386e-02 -7.851316329393e-03
-1.373449858671e-01 -1.209894541993e-02 -9.205535591287e-03
6.442508717167e-01 3.010427629476e-02 -1.686925131345e-01
-3.458504761003e-01 -3.548471383837e-01 -2.686332476025e-01
-6.438245901253e-03 2.859433378034e-02 1.610955429043e-02
-6.739030851101e-03 1.281291679982e-01 2.422578418632e-01
-7.466128137224e-03 -1.001570799816e-02 -2.169427821765e-02
-6.672184322721e-02 -5.387422127933e-02 6.491340270452e-03
-6.960868365944e-02 5.135057360104e-02 -6.460373924436e-03
Mode 3
5.694139986301e-02 -4.602991627170e-01 -1.178335996304e-01
4.104975603382e-02 -2.674822042940e-01 -8.256958506221e-02
3.110436678915e-02 -1.108205451002e-01 -6.215921088616e-02
9.434260241580e-03 -3.177156079059e-02 -6.612658806807e-02
6.642677719708e-04 6.857746804033e-02 -4.805415257039e-02
-4.863109157435e-02 1.482554565248e-01 -7.689969121037e-02
1.141875904181e-02 6.273597839345e-02 -3.116915489329e-02
3.268038605826e-02 -1.725696673941e-02 -2.845006076913e-02
4.367760560732e-02 -7.033360633988e-02 -4.730499554491e-02
5.980438761061e-02 -2.365688188267e-02 -5.309642139157e-02
-2.180741342427e-01 4.271805169270e-02 -4.714241610851e-01
1.216178977847e-01 -2.013211521199e-01 1.577879125403e-02
-4.758910193395e-04 -1.800832222990e-02 -2.375462013555e-02
4.599511862872e-03 2.585483332780e-01 4.575497068344e-01
1.451856700657e-03 3.112530671453e-02 -5.675323635752e-03
2.823350771245e-02 2.029764574645e-02 -1.267088094512e-02
2.862527786844e-02 -1.789411560273e-02 -4.440513101355e-03
Mode 4
2.850688811806e-02 -4.782326380796e-01 -1.104502643770e-01
8.815376474254e-03 -1.164952397188e-01 -5.887141655089e-02
2.161356619254e-04 1.358828900239e-01 -3.956508088346e-02
-3.666755523188e-03 9.633846680051e-02 -4.001555282856e-02
-9.079117379067e-04 9.667115388210e-02 -4.473459052671e-02
-2.254483601544e-02 -1.766406472258e-02 -7.960466984955e-02
6.372122105432e-03 1.163644691121e-01 -3.595023095545e-02
9.169640107686e-03 1.501324159447e-01 -3.542560494551e-02
8.969426951930e-03 2.216354829542e-01 -2.819266245193e-02
1.605942843397e-02 1.915483887663e-01 -1.856515123500e-02
4.172283059974e-02 3.690660106045e-01 5.212603697967e-01
-5.767079003024e-02 -3.192051262932e-01 -1.387416627548e-01
-1.258157737768e-03 4.645709588635e-03 -9.228819942398e-03
-2.787652136777e-04 -1.253278899469e-01 -1.032271501246e-01
5.448749834818e-05 1.662058221398e-02 -7.503789396705e-03
5.022787548636e-03 4.752512253894e-02 -1.391831563163e-02
6.550948420210e-03 4.593764606648e-02 -1.135698263732e-02
Mode 5
-3.986583041225e-01 -9.695169262117e-02 6.560470113586e-01
-8.503712266773e-02 3.520375461339e-02 1.013513340763e-01
2.637722158930e-02 1.379394682778e-01 -9.425769960283e-02
1.810273856239e-02 1.962456704408e-01 -9.996151753567e-02
-3.668690458647e-03 1.634459788616e-01 -8.203253655839e-02
-1.512071348607e-01 2.572318376069e-02 -1.515681236514e-01
1.671006816003e-03 1.545076252086e-01 -6.115205680043e-02
2.372836179254e-02 1.069758339503e-01 -5.863298007906e-02
2.978298574383e-02 8.014841602792e-02 -8.638421858290e-02
3.262964904103e-02 -1.012308925143e-02 -8.161766261890e-02
-7.209678684211e-03 -8.758071963959e-02 -9.861330690754e-02
2.531820813841e-01 -4.688724073057e-02 2.194997524580e-01
2.851952531192e-03 6.058201572972e-02 -3.389616993344e-02
-9.107280881725e-04 -1.187894815554e-01 -6.855736439850e-02
-1.970530454816e-03 3.945606542585e-02 -1.367457775623e-02
1.098546309450e-02 -2.686281795499e-03 -2.838666429402e-02
1.150645939847e-02 -1.279725612183e-02 -3.051858311007e-02
Mode 6
5.913462989242e-02 -1.197019156215e-01 -2.586284089932e-01
-6.379878164299e-02 5.634513698140e-02 -1.880700081012e-02
-9.142119901485e-02 1.638090358773e-01 3.899093319449e-02
-5.768536991439e-02 2.598994756368e-01 4.502137548558e-02
-2.402533720471e-02 2.086855753952e-01 2.419351528807e-03
5.668959679321e-01 2.836434247880e-02 -8.717013477291e-03
-7.098367528486e-02 2.036275136715e-01 -3.673081016796e-02
-1.063053287482e-01 1.127372058261e-01 -1.582317759165e-02
-1.106691088836e-01 4.737301243750e-02 -1.944971573512e-03
-1.118367814291e-01 -5.252923823014e-02 -2.441892909531e-03
8.721646198104e-03 -1.336843492918e-01 -1.824299892254e-01
-1.523054544514e-01 9.969888688718e-03 4.523092242293e-01
-1.257700336620e-02 8.575216120133e-02 1.962897404624e-02
1.128415998775e-02 -1.559579706517e-01 -1.004212245036e-01
-1.596071332838e-02 6.130193881004e-02 -1.938061558751e-02
-3.682396145209e-02 -3.173697835306e-02 -6.498352928684e-03
-3.811245932692e-02 -4.302836614099e-03 -1.773419550954e-03
Mode 7
1.501396775601e-01 -2.898898702161e-01 -7.475380960348e-03
9.829299602566e-02 1.387086843877e-01 7.775470951826e-02
8.132400254139e-02 3.111545072963e-01 9.555734396855e-02
8.524478174557e-02 5.065892405852e-01 7.836188879050e-02
6.035173388536e-02 9.511292989857e-02 1.134276579424e-01
-2.575099351848e-01 -2.708322314879e-02 2.074891996783e-01
6.175190118351e-02 -2.361192900473e-01 1.365443409033e-01
5.095863862463e-02 -1.345040799207e-01 1.169972097923e-01
5.896715542833e-02 -9.061446700898e-03 1.074298362966e-01
2.839657458054e-02 -7.232815125289e-02 1.029898198985e-01
-3.788575137602e-03 -1.222760298279e-01 -1.655986586835e-01
-9.242733518902e-02 1.191780339066e-01 -2.078065782365e-01
2.721006919015e-02 2.338888137820e-01 1.649195823639e-02
-8.991467948916e-03 -6.185379055632e-02 -5.843633569894e-02
1.620419009807e-02 -1.404758250741e-01 4.240654945576e-02
7.423524549253e-03 -1.708185724017e-02 3.649915975997e-02
4.457621149144e-03 -1.992808944647e-02 2.423297910912e-02
Mode 8
1.691712116245e-01 1.512718476179e-01 -1.310290258634e-02
9.127419162795e-02 -5.138461938629e-02 9.489556252640e-02
6.706039658981e-02 -8.299987698115e-02 1.188304675670e-01
6.538249843819e-02 -8.524823765525e-02 1.109158329515e-01
6.598736632082e-02 2.338919267195e-01 9.962566208261e-02
-2.660539798801e-01 1.595810588263e-02 1.750249808605e-01
9.736043706733e-02 5.970234193904e-01 9.025156174821e-02
7.081081972151e-02 3.182962007246e-01 9.475680927173e-02
5.988644457052e-02 1.337816726139e-02 1.097936247614e-01
3.263059915456e-02 -6.252503606351e-02 1.079757944554e-01
-1.158230981002e-02 -9.240048328988e-02 -1.480013174637e-01
-1.130176768774e-01 -1.332106598220e-01 -1.500418873783e-01
1.700006301437e-02 -8.750454529442e-02 3.590537207356e-02
8.266994175104e-04 -1.308480982947e-01 -9.110116594420e-02
3.239304726720e-02 2.531079768339e-01 2.034486224845e-02
6.549661838513e-03 -1.593980316703e-02 3.989725972511e-02
3.822907124894e-03 -1.577127083340e-02 2.404126891248e-02
Mode 9
-4.516044934753e-02 -1.646343135372e-02 1.816016804791e-01
1.322044741572e-01 1.460388045415e-02 -1.470441381985e-01
1.239808611269e-01 2.810112411847e-02 -1.499717614738e-01
3.429924095635e-02 -6.852730006897e-02 -1.237080946280e-01
-2.843736056930e-02 -6.281242350467e-02 6.590196090404e-03
1.820438212940e-01 -5.136211348035e-02 2.284778986530e-02
6.494830352047e-03 -1.805891770441e-02 9.497938793288e-02
2.906708495671e-02 4.653819483853e-02 1.088837715556e-01
1.618013448550e-01 7.438759612380e-02 -4.559332844854e-02
5.476161996926e-01 3.563004214326e-02 -5.515573885267e-02
-5.925123261986e-03 -6.265307286840e-02 -2.724671535572e-02
-5.428491645282e-01 3.507424622573e-02 4.803281990540e-02
-6.333819148714e-03 -3.621143763438e-02 -6.246885882658e-02
3.403309548604e-03 3.265721111395e-02 1.110073490389e-02
-3.926151952293e-03 -9.216399228065e-03 3.686135924929e-02
2.400912648840e-01 1.051441300989e-01 -1.002309900636e-01
2.468394467550e-01 -9.361090338613e-02 5.431708840652e-02
Mode 10
2.515521502212e-02 -1.424997288845e-01 -2.124238204987e-02
3.221444969078e-03 2.138252080140e-01 2.857313139671e-02
2.709054219223e-02 2.697018042107e-01 -1.571559618347e-02
3.643639719986e-02 -2.028796037087e-01 2.529358413071e-02
1.980907327390e-02 -2.924720015883e-01 6.983274727421e-02
-3.451125045884e-02 -4.813930515420e-01 2.422263153664e-01
-1.276395816286e-02 6.271180104673e-04 -4.511105603570e-02
-2.224957769151e-02 2.801928206845e-01 -8.584290856073e-02
-1.402834082965e-02 3.609919923657e-01 -1.232390244616e-01
-1.218625460539e-01 8.893028445242e-02 -1.396059584754e-01
3.924845116893e-03 -2.074353983460e-01 -1.262875915665e-01
5.598427499235e-02 -5.115857354087e-02 2.871877775603e-02
4.885560847555e-03 -1.274486651695e-01 5.972549655198e-03
-2.335315306673e-03 2.292562910607e-01 5.146086982528e-02
6.577860627370e-03 -2.073795702334e-02 -3.031896767891e-02
-5.905091056266e-02 -2.711420443460e-02 -4.030922098885e-02
-5.823910422339e-02 2.047977846773e-02 -9.026164844590e-02
Mode 11
-2.465247008119e-01 -1.158448638772e-02 -6.722887510204e-02
-1.689826519842e-01 2.680814756393e-02 -1.475919548252e-01
-1.833901399855e-01 3.038052572732e-02 -1.636370564201e-02
-3.053650891513e-01 6.233058337847e-02 2.364894234392e-02
-3.070497202843e-01 3.013057007280e-02 8.520104731310e-02
1.866274241033e-01 -1.331639304728e-01 2.936932153410e-01
-2.339707832894e-01 1.045214114903e-01 1.198520768773e-01
-2.943740119603e-02 1.942253810833e-02 1.170084995379e-01
-5.524030925414e-02 -4.907693160076e-02 1.223560530050e-01
2.303662024557e-01 -4.047214893720e-02 1.265066403320e-01
3.253893575363e-03 4.005449825268e-05 -1.912635649106e-02
3.804694963617e-01 -3.652918930684e-02 -3.132008601792e-01
-1.020594988960e-01 2.195241027236e-02 -1.527701550077e-02
3.309876627931e-03 2.965023647312e-02 -6.365427249514e-03
-9.056238441686e-02 5.303079253609e-02 7.450927965537e-02
1.247741504202e-01 5.149736349181e-02 -2.686476899654e-02
1.275075353388e-01 -5.995055946471e-02 1.078994242780e-01
Mode 12
-5.373515433893e-04 7.860600947847e-02 5.366712118061e-04
-1.205813282921e-03 -1.534666997341e-01 -6.657813112533e-03
-5.857253118930e-03 -1.275802286056e-01 1.767087308939e-03
3.947000517417e-02 2.409960457814e-01 -3.806055543243e-02
5.741181383487e-02 1.216670898286e-01 -7.678781234163e-02
-4.062430643239e-03 -7.654769671740e-01 -2.465299904015e-01
6.924890991116e-02 1.252845605843e-01 -3.131819257739e-02
2.143109801163e-02 -7.798172693849e-02 2.478996806466e-03
-1.941574643194e-04 -2.530716793982e-01 5.615872084435e-02
2.671974997888e-03 -1.096611456559e-01 7.729135307449e-02
-2.866189198460e-03 1.288798475358e-01 6.255982541127e-02
-6.494916864637e-02 1.173746686994e-02 4.656041591700e-02
2.131035276147e-02 1.181101829319e-01 -2.204725061086e-05
-3.499499110868e-03 2.455443292864e-01 2.863207632083e-02
1.866492415565e-02 4.965240631353e-02 -7.107542341467e-03
3.010566297468e-03 -1.015861704768e-02 3.829611271659e-02
-4.618942213251e-04 -9.350207715934e-03 4.170508713867e-02
Mode 13
-6.701016276824e-02 -1.873465926160e-01 -1.162331801175e-01
-1.930276138412e-01 3.883179701292e-01 1.602716280041e-01
-1.556942846293e-01 1.957489634116e-01 1.475314476811e-01
-4.873093799181e-03 -2.144024297664e-01 1.320468416188e-01
1.025359850330e-01 -1.489099040767e-01 -8.671423629534e-02
-5.460096811871e-02 2.806270932264e-02 -5.126766496286e-01
1.541408734713e-01 6.372787807088e-02 2.557547596642e-02
2.254037895437e-02 -5.448797089174e-02 8.144859603832e-02
-8.484274038571e-02 -4.231028689156e-03 2.264295797377e-01
1.647520487771e-01 -3.838661172344e-02 2.663488362127e-01
5.536220612613e-03 -4.096708516746e-02 -4.783767109262e-02
2.355002093797e-02 9.513703097047e-03 -1.631957415249e-03
3.321893575300e-02 -1.020087968074e-01 1.032520733549e-01
2.540559896458e-04 1.480333127471e-02 1.394231337953e-02
3.956292493779e-02 8.267220717897e-02 1.576441936411e-02
1.011747292102e-01 4.162861268733e-02 1.525086551634e-02
1.033341605511e-01 -5.719966495662e-02 1.412013010915e-01
Mode 14
1.150453901396e-01 -1.217442234301e-01 2.238153785016e-01
3.687785259638e-01 2.416719178403e-01 -2.781502423193e-01
1.785807249815e-01 1.044768293266e-01 -6.618006618340e-02
-2.039278860680e-01 -1.253777250636e-01 -8.175399252308e-02
-2.589561395321e-01 -6.416218179938e-02 -2.629716202424e-02
1.131355050600e-01 -5.238229367287e-03 -1.844341223734e-01
-1.416403031631e-01 1.050455558643e-01 1.327024413033e-01
1.292777763042e-01 -9.901238747506e-02 1.557786246636e-01
1.897526494389e-01 -9.392420690854e-02 1.086647210772e-01
-2.680633444776e-01 -9.080474576409e-02 1.369855064360e-01
-1.230049684894e-02 3.952988551863e-02 2.642806038899e-03
-5.138536556981e-02 8.681051246510e-03 -3.242576963951e-02
-9.031350283030e-02 -5.966300233809e-02 -7.691779105752e-02
3.322247822349e-03 9.086252925206e-03 5.283897156091e-03
-7.527616235913e-02 1.005013835129e-01 9.764340069519e-02
-1.733818177478e-01 -1.077959976390e-01 1.680296301627e-01
-1.885837221246e-01 7.283277213303e-02 -7.663044327157e-02
Mode 15
9.506664402926e-02 1.885783762639e-01 4.098211980130e-02
4.785170406233e-02 -4.016160682664e-01 7.476637560064e-02
-1.348587514329e-02 -5.058536349312e-02 1.180807198196e-01
-1.584338682415e-01 1.129088094194e-01 6.876891202422e-02
-1.289249207289e-01 -2.123438500707e-02 -2.994899384997e-02
4.474301677568e-02 -4.693147488572e-03 -3.626763901481e-01
-6.259416185373e-02 -2.478450103209e-01 1.280811474105e-01
8.073894215630e-02 3.869389195993e-01 1.142144315794e-01
4.974305329381e-02 3.695981873256e-01 1.592076887429e-01
-1.379850199959e-02 1.343213509503e-01 1.875384753724e-01
-5.939263885980e-04 -1.544910582162e-01 -9.280311103915e-02
2.634799854221e-02 -3.504951694403e-02 -4.478021538480e-02
-4.505715738463e-02 3.455393928120e-02 2.061879508777e-02
-1.161921391284e-03 1.339539430567e-02 6.833436299593e-03
-5.183926859743e-02 -2.221634838424e-01 9.279450942450e-02
-1.733284414048e-02 2.167057261783e-03 4.976483133265e-02
-1.745614884927e-02 2.417933979722e-02 1.678614913285e-02
Mode 16
4.240336847217e-01 -3.600619702202e-02 1.456157135040e-01
1.760108963922e-01 6.957856410823e-02 4.541131412000e-01
9.975803802725e-02 -3.766531298297e-03 1.820422741190e-01
-2.021366943130e-01 -1.090254709572e-02 1.431554608269e-01
-2.283206048512e-01 7.260770051988e-02 2.300356305378e-02
-1.361420709741e-02 -4.528388686962e-02 -1.294773129321e-01
-3.369820257703e-01 4.448088381992e-02 -1.727027936035e-01
-1.453376710629e-01 -1.413395653795e-01 -1.589264718111e-01
-9.010695173888e-02 -4.938411379523e-02 -1.441016628381e-01
1.279060494192e-01 5.092446039355e-02 -1.881203461826e-01
1.046388146173e-02 2.725437958842e-03 2.039444039993e-02
4.918242182069e-02 6.186248715977e-03 -3.577172028973e-02
-8.604506308494e-02 -1.679077164769e-02 -5.956180602784e-03
3.248525622206e-04 1.036398299029e-02 8.647954611439e-05
-9.893046601319e-02 4.281236471190e-02 -4.939554405112e-02
1.012184478054e-01 7.679639748804e-02 -1.334629560509e-01
1.151393047386e-01 -4.840135789469e-02 3.237766301238e-02
Mode 17
-5.425971131984e-02 3.583809665006e-02 -3.425433933527e-02
-5.062971102649e-02 -9.023751315487e-02 -2.069829307498e-02
-1.073246292497e-02 7.965567929967e-02 -1.086057156758e-02
7.350184298502e-03 -1.372230069642e-01 1.025335578010e-02
1.888431362717e-02 4.317312928516e-01 1.379320541954e-02
6.458040428389e-03 -1.182472111889e-01 -1.086644639923e-02
4.483001673077e-02 4.473972358629e-02 1.019388548519e-01
1.521550390733e-02 -5.249609897228e-01 1.267292788019e-01
4.196156315514e-02 2.141772535943e-01 1.865539746128e-02
-3.500583428898e-02 5.258587002024e-01 -1.285999262063e-02
3.274447318755e-03 -2.164778293745e-01 -4.391239623701e-02
7.615109513288e-03 3.672926823674e-02 -1.446483144057e-02
-2.056550854079e-03 -2.024311809504e-01 1.541703019136e-02
1.183782866497e-03 1.396166481898e-02 -6.924300275080e-03
8.690780631202e-03 3.046750166661e-02 3.804114350557e-02
-4.299010734464e-02 9.684321298828e-02 1.449688843411e-02
-2.065972659612e-02 1.267205816815e-01 -4.880797997859e-02
Mode 18
-1.766432247565e-03 1.344007478879e-02 1.797112515531e-01
3.703610601027e-01 -5.413342856275e-02 -5.300739777787e-01
-1.091708640486e-01 3.037931982902e-02 2.077265638198e-01
-5.995595344561e-02 1.983585932362e-02 2.592361540894e-01
1.397545598163e-01 -9.329161064500e-03 -3.709458434853e-02
-6.610075926572e-02 6.172332935026e-03 5.576851499061e-02
2.459007660816e-02 -9.901965319472e-03 -2.952785733672e-01
-1.179256000702e-01 -1.971679704255e-02 -2.415217614207e-01
-2.453272880744e-01 2.260622364607e-02 1.071033131640e-01
-2.686349444646e-02 1.287396940804e-01 1.809866306950e-01
1.390863937324e-02 -5.995165703636e-02 -1.910021264720e-02
1.480667849262e-02 2.102801829106e-03 3.277504623416e-02
1.669730168086e-02 4.932780632870e-03 1.360072208132e-01
-1.379754261495e-03 -1.139058016417e-03 5.578611132689e-05
3.910296215814e-02 -2.287531350041e-03 -1.418693337949e-01
8.030654684858e-02 1.055326873694e-01 -6.827387978921e-02
9.263839692137e-02 -3.953314180854e-02 1.723407133744e-01
Mode 19
1.303262741745e-02 1.546970266200e-01 9.886977920214e-04
-4.386090194800e-03 -4.376408388993e-01 6.959996863576e-03
1.479111554401e-02 5.498199219414e-01 -1.746658902633e-02
-5.126716136987e-03 -8.435101670529e-02 2.544483023352e-02
8.513500423838e-03 -2.099274352498e-02 -5.916852841760e-03
-9.596923855274e-03 1.602157955906e-02 2.922519025950e-03
-5.235686712477e-05 4.333880166066e-02 -3.411603347545e-02
-3.267011747687e-02 -2.691486857003e-01 -8.442776942714e-03
-1.254294385704e-02 2.000014464579e-01 -7.323093208777e-03
1.347086189106e-02 -4.874486649779e-01 1.426659109814e-02
1.186901198876e-04 1.518759743750e-01 7.593704652729e-03
2.448504815906e-03 2.011370061583e-02 1.137769725678e-03
-5.849798590177e-03 -2.377976975548e-01 2.510566665214e-02
1.097941145903e-03 -1.339710291301e-03 7.504792124990e-04
5.397085203923e-03 6.409306080913e-02 -1.885415828533e-02
2.962365603464e-02 -1.094494909085e-01 -1.998211785255e-02
3.578553344894e-04 -1.394632882540e-01 -2.406639401860e-03
Mode 20
1.571359188049e-02 8.233924103397e-02 -1.351381365866e-02
-3.764227717489e-02 -2.606420683353e-01 6.735721304733e-02
1.464636993562e-02 1.850728338172e-01 -2.857953239506e-02
8.098944683428e-04 2.229235824105e-01 -4.812785556957e-02
-3.851832864100e-02 -6.200396735372e-01 4.832879033375e-03
2.874414804013e-03 9.048043194945e-02 -1.877807012250e-02
1.715250647521e-02 2.426256107400e-01 -1.031874439448e-02
2.944810514004e-02 -1.499006529522e-01 1.749096895580e-02
2.149521769347e-02 -1.198086290178e-01 1.107154157468e-02
-1.160870439965e-02 3.624528831508e-01 1.216351217941e-02
2.204647552292e-03 -1.085620916860e-01 -6.614924613211e-03
-9.651591617498e-03 -3.821141443773e-03 3.823949356226e-03
3.944840682180e-03 2.253992045202e-01 -2.719234037845e-02
7.375204567189e-04 -8.391358196930e-03 6.671390865770e-03
1.052860506101e-02 3.523147935820e-01 -1.002154110963e-02
-2.069286339798e-02 9.178045927456e-02 2.844766478015e-02
1.596903336871e-03 9.958501960693e-02 7.000047763764e-03
Mode 21
5.396216965827e-02 2.243385519540e-03 -3.019947083318e-02
-9.466635562569e-02 -2.796432401081e-03 2.188586927435e-01
5.860225193745e-02 6.997498119625e-02 -1.363068568593e-01
-8.173663588487e-02 -4.433583403154e-02 -2.436065787800e-01
-5.079449611444e-02 7.274445368139e-02 -3.091157922933e-01
-6.685512561367e-03 -7.719684175704e-04 2.648263072310e-01
-5.793094270358e-02 -4.896858114012e-02 -3.760514389946e-01
2.417020130452e-01 1.860973150959e-02 -2.997439048374e-01
1.382773049181e-01 -4.140463751715e-02 1.187538345994e-01
5.246407548536e-02 8.126868115260e-02 4.860127030512e-01
-3.391427545179e-03 -3.789280420466e-02 -1.614292994366e-02
-8.334534144782e-02 8.343556655816e-03 5.615929063156e-02
-4.308411660988e-02 -8.427156477906e-02 -9.851139217951e-02
-6.644109884618e-06 2.214591021057e-04 7.926158605227e-04
-3.498830377161e-02 -6.968094754122e-02 -8.061547017380e-02
-1.437446826188e-02 9.922419218340e-04 1.916745507366e-01
-1.395548483701e-02 4.469811730009e-02 1.107058043766e-01
Mode 22
4.672855587688e-02 3.450405508139e-02 2.425540420887e-02
3.206521333098e-02 -1.210157324620e-01 1.117429435316e-02
2.484050225292e-02 4.188912804265e-01 -1.013170619335e-01
1.350188191627e-01 -1.011201602162e-01 -9.977805376944e-02
3.641275958528e-03 1.129110530449e-01 8.523363523903e-02
1.262839635213e-02 6.064496534531e-03 -4.732416037218e-02
-3.765975076833e-02 -8.863320821410e-02 1.105144002640e-01
-1.663471912906e-01 3.231844068502e-01 7.475772537873e-02
-1.267508056561e-01 -5.968371447291e-01 -2.181097975237e-02
-8.440944104827e-02 2.165224628722e-01 -1.291954388142e-02
7.631291061253e-03 -4.116848864520e-02 1.570854105235e-02
4.205650613918e-02 -1.116652544519e-02 -2.268411416528e-02
1.920370532079e-02 -2.625888881196e-01 -3.906587315776e-02
2.724513852107e-04 -3.604922574623e-04 -3.411370571089e-04
-1.366894689524e-03 -1.868664052879e-01 1.343147868322e-02
8.459389627056e-03 1.388701201888e-01 -3.117881222970e-03
4.265857921436e-02 5.039975613298e-02 1.131578592105e-01
Mode 23
1.726290585633e-01 -1.546222993935e-02 8.690574405451e-02
1.049478063167e-01 4.196450354553e-02 7.638190038763e-02
-3.313062863848e-02 -1.523042609666e-01 -2.195262996707e-01
2.656819834205e-01 -9.645421148081e-03 -3.958207297727e-01
-1.015999644946e-02 -3.155167724283e-02 1.096701729208e-02
2.793466054889e-02 -2.699552509131e-03 9.446128912706e-03
-2.884201464623e-02 3.616987520268e-02 1.189950971853e-01
-4.013736733342e-01 -8.013750466257e-02 1.512511909905e-01
-2.636877450291e-01 2.623088597607e-01 -4.541957333056e-03
-2.057345831654e-01 -5.383951957941e-02 3.053284081791e-01
2.010444899109e-02 -2.877712956852e-03 -1.588517778393e-02
8.589031981308e-02 -3.897387554053e-03 -3.937889751988e-02
5.308413404714e-02 7.507755439815e-02 -1.754970121429e-01
4.760375724304e-04 1.883205890369e-04 3.590032977415e-04
2.633133189527e-02 5.984712029967e-02 -2.767131853600e-02
6.948422329585e-02 1.163764244943e-01 -5.894709764851e-02
8.046701246349e-02 -1.658769237815e-01 2.204878664704e-01
Mode 24
6.182926333667e-02 -2.664247614470e-03 2.646219538048e-02
1.311661340292e-02 5.689125876995e-03 6.361184441630e-02
-5.531572981480e-02 5.320510814901e-03 -2.755277059837e-03
-2.901566483829e-01 1.644981614959e-02 -3.692017295864e-02
-4.982774458582e-02 -5.645243788592e-03 -3.340968564697e-01
8.406906817446e-03 -1.422749312360e-03 1.242254975678e-01
3.424724376612e-01 -2.073081986285e-03 1.147752043559e-01
2.826948041647e-01 3.546713541896e-03 4.068386426573e-02
-1.692677120540e-02 -3.302660108857e-02 4.495206993194e-02
-3.786954150280e-01 -9.967377848060e-03 -2.083205959925e-01
4.351684741809e-02 8.805693684471e-03 5.176124802067e-03
-4.164878016629e-02 3.505152050845e-03 2.446841347454e-02
-7.259058815181e-02 -2.466899506330e-02 1.612439029619e-02
8.429526203304e-05 1.227484987978e-03 8.895407327610e-04
3.534683303953e-02 -1.556023620311e-02 1.507009416041e-01
1.235585352658e-01 3.372896167526e-01 -2.469049086256e-01
1.448542259861e-01 -3.372166823828e-01 1.045340095265e-01
Mode 25
1.997910133608e-01 -2.977441149979e-03 1.153762008115e-01
1.280471442265e-01 3.137798017815e-04 6.466214486345e-02
-2.517594142078e-01 1.263103220016e-02 -4.189982311634e-02
-2.581936675832e-01 3.000515797877e-02 -1.149924467554e-01
1.946854448116e-02 -3.286323498543e-02 -3.973521882636e-01
9.044413549647e-03 1.451171987928e-03 1.326690710004e-01
3.519650531834e-01 2.685532140202e-02 9.575630749991e-02
-2.554098545084e-01 9.471660490564e-03 1.194331832370e-01
-2.244596052151e-01 -2.286153766365e-02 3.583066563178e-02
2.861001791246e-01 7.937271542072e-03 -1.001794731523e-01
-3.773829732173e-02 4.806498483107e-05 2.879843673221e-03
4.223902907211e-02 -2.086461840718e-03 -7.459030534777e-03
-3.868105078521e-02 -4.779154372497e-02 3.854329459852e-02
9.677757990196e-05 1.465380099868e-03 1.434607878762e-03
1.020948199775e-01 -6.441273666244e-02 2.935721962932e-02
-8.778316047921e-02 -3.058870093829e-01 4.658643944004e-02
-1.077142190788e-01 3.099098299457e-01 -1.024604402495e-01
Mode 26
1.800448314460e-02 7.297129931833e-03 9.178501693340e-03
8.248062024824e-03 -3.358355895553e-02 9.353891870992e-03
-1.829846445665e-02 1.107197028914e-01 -1.012685042643e-02
-4.070420276773e-02 -2.048596579529e-01 -9.752429306694e-04
1.213458585516e-02 2.512214968532e-01 -5.267785260707e-02
-1.450733548927e-03 -3.695784555685e-02 2.342120460368e-02
2.019419392439e-02 -4.837347451492e-01 3.932029650327e-02
-6.652977450579e-03 1.734675286293e-01 -6.853887337998e-03
-1.625787837354e-02 -2.618136344160e-02 5.373652406881e-03
1.647079022278e-02 -3.354966279213e-03 -9.793783188598e-03
-2.311940126220e-03 5.738481123951e-04 -7.413534760790e-05
1.217731931959e-03 -1.079152435713e-02 1.185203357228e-03
1.459206854240e-03 2.680243526787e-01 -1.563379125040e-02
2.444359759109e-04 1.782847509485e-03 -1.362587453905e-03
4.309937731771e-02 7.277735925977e-01 -4.402448033113e-02
-5.159309446670e-03 -2.036914225974e-02 2.466224998398e-04
-6.271685453674e-03 1.741464063824e-02 -6.475018116179e-03
Mode 27
6.098710541363e-03 1.751215916900e-02 1.396508556786e-03
-1.798843597927e-03 -8.133700897346e-02 7.599900452284e-03
3.502143714957e-03 2.007491151325e-01 -1.525840243303e-02
-2.864558135947e-02 -4.717069110507e-01 2.811572881802e-02
8.433618255125e-04 9.670316390889e-02 -1.614969240351e-02
1.441760726902e-03 -1.365110516208e-02 7.256275926972e-03
2.355199949674e-02 1.917330411421e-01 -1.193983181447e-02
-1.082247269574e-03 -4.458657971529e-02 6.864250473556e-03
-9.529295309859e-03 -2.322871869033e-02 1.077575279359e-03
2.361293150434e-03 3.493571272358e-03 -6.431420351120e-03
-1.268637237047e-04 -5.266917189836e-04 3.543356063887e-04
4.015376856604e-04 4.519377513720e-03 2.859600758321e-05
2.112440609017e-02 7.470978346527e-01 -4.543286440875e-02
-4.283315751990e-04 5.972209566020e-04 -4.789506629008e-04
-1.045911857508e-02 -3.419455868570e-01 2.289567811254e-02
-8.061197096804e-04 8.398984189027e-05 2.424825978249e-04
1.016843768520e-04 4.997329492373e-03 6.504805208218e-04
Mode 28
-4.941078734259e-02 -2.351961153612e-04 -3.700476834124e-02
-4.479708877969e-02 4.169665407978e-03 2.418421842878e-02
1.723462244776e-01 -1.217119016510e-02 -2.908328643848e-02
-3.817293541383e-01 2.177333676124e-02 7.764304704906e-02
3.593926775436e-02 7.391781823474e-03 2.498820365968e-01
-4.196167917088e-03 2.003199394979e-03 -5.312200876398e-02
3.027802395233e-01 -9.857993225304e-03 -6.072912399009e-03
-2.710247199319e-01 1.462450576210e-02 1.097182871963e-02
1.489075992388e-01 -9.359211387340e-03 -1.625233596041e-01
7.388083500884e-03 -1.175987733242e-03 1.177261870648e-01
1.598301460419e-02 -1.901611106432e-03 -1.353224241371e-04
1.524343025313e-02 -8.998526416568e-04 -2.238473876153e-03
-2.672363267898e-01 -8.681801058303e-03 -2.340594143292e-01
2.483589353894e-05 -9.937828691929e-04 -7.682485202727e-04
3.221926081669e-01 -4.229737993476e-02 -3.957759284171e-01
-1.524709740790e-02 1.790122356276e-01 2.398703602750e-01
-4.393235089005e-03 -1.528779973259e-01 -1.167376020467e-01
Mode 29
-1.435876040648e-02 8.819838749094e-04 -1.086424468103e-02
-1.512839308097e-02 4.998156667667e-04 6.076956208768e-03
7.483980818031e-02 -3.868716723467e-03 -2.675877147828e-02
-7.050500582725e-02 1.449569938604e-03 -3.204247690274e-02
-6.907249527693e-02 1.810653420593e-02 3.387631508681e-01
3.162006988187e-03 1.402535403871e-03 -6.239064740714e-02
2.025787535178e-01 -4.256500763996e-03 3.070723178203e-02
2.757343057819e-01 -2.872658333443e-02 -1.515225257464e-01
-1.748870629017e-01 2.487731319776e-02 -1.511331929377e-02
-5.199977030026e-02 -7.771716469867e-03 1.328195909230e-02
-3.025517124228e-02 9.397933248693e-05 5.050809920787e-04
-2.550485738360e-02 2.658941750761e-03 1.823602583011e-02
-2.069077696360e-01 -1.658775118539e-02 -3.315369703678e-01
9.872714680491e-05 -1.333687364435e-03 -1.108813550551e-03
7.902163799171e-02 -1.644189274032e-03 -8.211966442680e-03
2.972189083904e-02 -3.258890189121e-01 -3.856667434443e-01
3.392973196551e-02 3.261490958420e-01 4.031754256986e-01
Mode 30
-1.526094656444e-01 2.071930670255e-03 -9.215303016815e-02
-7.467123181491e-02 3.661409944472e-03 -1.228772828957e-02
4.740271812440e-01 -2.443911990327e-02 4.325662097494e-02
-5.494751388993e-02 1.089386746660e-02 2.053674808309e-01
-1.018873810113e-02 -1.691727464918e-02 -3.325803145047e-01
-4.142209069119e-03 -1.664877827439e-03 4.427748396863e-02
-2.126070900495e-03 -5.356723013008e-04 2.250849223263e-02
-2.518365626965e-01 1.195926712432e-02 1.582732601430e-01
1.467616338058e-01 4.233950858599e-02 -2.892203935432e-01
-8.617987354700e-02 -1.002178347535e-01 4.904647634561e-02
-1.042459015534e-02 -2.058083539266e-02 4.252592819707e-03
1.427182077293e-02 -1.234902968693e-03 -1.244829057841e-02
6.068122223794e-02 1.264054954972e-02 1.933677716679e-01
-1.711425834328e-04 1.353696245233e-03 9.638917612338e-04
-3.721763573631e-02 1.044281398358e-02 5.948798774618e-02
3.070575772505e-02 7.211359242047e-02 -5.516627319015e-03
2.038085329006e-02 3.333596880081e-01 4.428655215458e-01
Mode 31
-3.480766530740e-02 1.480712495699e-03 -2.543139006279e-02
-3.061916520071e-02 -1.842292740260e-03 1.877909309761e-02
1.445861322815e-01 -8.363686416389e-04 -5.635877300863e-02
1.714399085270e-02 9.628399518233e-04 5.060726773045e-03
-1.049190902984e-01 -3.033985715215e-03 -1.357874987905e-01
3.418026849412e-04 -3.945573880170e-04 2.310435273440e-02
-1.199936797684e-01 -2.101715475127e-03 -1.473440552754e-01
-1.840782853019e-02 2.799695353100e-02 3.407355911586e-01
1.281116088622e-01 -5.602284658596e-02 2.264448562250e-01
-8.406925941256e-02 1.597097589080e-01 2.504107730629e-03
-8.147621529392e-03 2.486928260808e-02 -5.967374145170e-03
9.482734475545e-03 -1.581297528057e-03 -1.041330845469e-02
1.011442187152e-01 4.587420172642e-03 1.679570792561e-01
-2.186011650917e-04 4.793560515827e-04 4.160569165557e-04
2.044082869696e-01 -3.922461449784e-02 -4.712423868196e-01
-2.276310642219e-02 -3.983139589490e-01 -4.089552470135e-01
7.149291204184e-02 -2.138735691217e-01 -6.053623194573e-02
Mode 32
-8.815033617071e-02 2.724010616512e-03 -4.601494204377e-02
-2.508402640393e-02 -5.283650923982e-03 -3.018364238759e-02
2.203869824385e-01 8.983223386216e-03 1.523351261093e-01
-1.246681121604e-02 7.303831704964e-03 9.957499882889e-02
9.518916174844e-02 -1.086957434210e-02 -1.169303326227e-01
-3.564185115057e-03 -6.114556296560e-05 1.121882011141e-02
8.437993016640e-02 3.926565232590e-03 9.383303979243e-02
-1.688830934039e-01 3.719373762610e-03 -1.388249769216e-01
-5.003941364480e-02 -8.135282171405e-02 -2.525634274756e-01
2.622608343826e-02 2.089867278924e-01 2.782801609087e-01
-8.678865192597e-05 3.422456807573e-02 -5.978627650143e-03
6.525869038470e-03 -7.934639068251e-04 -9.534040485127e-04
-1.143838404885e-01 -8.635000878945e-03 -1.684970779157e-01
8.740223695788e-05 4.301083404074e-04 4.039458915203e-04
-1.838490767274e-01 2.889881366260e-02 3.897516303954e-01
-7.643629144054e-02 -3.937066744519e-01 -1.436674207862e-01
7.952214034258e-02 -4.054748439950e-01 -2.086608094882e-01
Mode 33
1.176402252067e-01 -2.583144479617e-03 6.003281271412e-02
3.333178491212e-02 2.467271425837e-03 4.787623912557e-02
-1.935320596430e-01 -1.474260409108e-02 -3.954629181289e-01
-1.577722590594e-01 1.007631849566e-02 7.939189285631e-02
-1.055536659424e-01 1.570863780621e-02 2.357010899962e-01
4.822310532525e-03 6.645491646438e-04 -3.681777895647e-02
9.852684328321e-02 4.231111842029e-03 1.390560949792e-01
1.387202943262e-01 -1.452925583763e-02 -1.284850366722e-01
2.352248766078e-02 -2.577356282873e-02 -4.206314519557e-01
-2.011352941441e-02 5.200053507393e-02 2.472660249271e-01
-1.917525422095e-03 1.096295409976e-02 -6.765371224761e-05
-1.416738303940e-02 1.209031706315e-03 6.965374104382e-03
2.337327887134e-01 2.319671219242e-02 5.368933677671e-01
-3.669226038130e-05 -9.121334068498e-04 -7.338399878582e-04
6.259402573154e-02 -3.047093576472e-03 -2.180316756560e-03
-2.733847947285e-02 -1.247787699434e-01 9.167048117123e-04
3.921070044906e-02 -8.602519325555e-02 7.105640502669e-02
Mode 34
2.079675514769e-02 1.711192545056e-04 1.994051303908e-02
1.191248050619e-02 -1.379079572088e-03 -5.426745167974e-03
-2.477524174923e-01 2.908069214958e-02 2.571135132231e-01
-2.156117945771e-01 -1.544781562376e-02 -3.143452384327e-01
4.173352767879e-01 -1.584210209565e-02 6.921818997012e-03
-2.104173952947e-03 5.797211235159e-04 -4.624068829583e-04
-2.323532551331e-01 3.323542029181e-02 3.033178741964e-01
-1.698857071424e-01 -1.216200748069e-02 -2.500288904353e-01
4.835126387556e-01 -1.965117398907e-02 8.965520977784e-03
-8.655638597022e-02 7.621730288796e-03 -7.420365176401e-03
-3.310718325455e-03 1.333852783443e-03 7.737444312757e-04
4.890280558330e-04 7.771478442699e-05 -5.145619771566e-03
1.383274986436e-02 4.325959587003e-03 4.721855143258e-02
5.170504716866e-04 -6.256043144124e-05 7.153021969704e-05
2.154812134557e-02 -1.028607426155e-02 -6.820972272397e-02
1.745332369442e-02 -7.974269340469e-02 -1.660312826465e-01
3.518995509612e-02 5.135784420068e-02 1.560995623923e-01
Mode 35
9.153293842727e-02 -2.241058863510e-03 4.097107849460e-02
4.418070790653e-04 3.660692512944e-03 4.863557402661e-02
-1.621562359498e-01 -1.945891487425e-02 -4.526192953280e-01
-1.816289347871e-01 2.088580252367e-02 2.455948971493e-01
4.591697497739e-01 -1.155450575893e-02 1.064198502395e-01
-1.936499559828e-02 1.477008410128e-03 -8.368644929747e-03
-9.307158557955e-02 -1.870360945141e-02 -3.616816514769e-01
-7.947976326775e-02 2.344468818503e-02 3.280268653645e-01
1.518783522640e-01 -4.650735419567e-04 7.164943548019e-02
-6.387699024366e-02 2.789293517911e-03 -2.389942662829e-02
-1.277984376440e-03 -5.176544337490e-04 -3.099547421104e-04
7.566883604507e-03 -9.840973922335e-04 -8.220823713044e-03
-1.734652166436e-01 -1.789973661467e-03 -1.080851068184e-01
-5.224306388623e-04 -4.111961362565e-04 -1.879502951294e-04
-2.284992404925e-01 2.527082327095e-02 2.173684992104e-01
1.493776511711e-03 -2.241392014352e-02 -7.179108059667e-02
1.208130838574e-02 1.594033967086e-02 6.572792708448e-02
Mode 36
-3.097962350351e-02 4.124582001576e-04 -2.629093912663e-02
-2.761851502844e-02 4.416209093416e-04 2.701744311042e-02
2.469815553099e-01 -1.158337880935e-02 -1.195897392623e-01
-1.208601877679e-01 -2.506040492201e-05 -8.147924556369e-02
-1.941558145999e-02 7.642539366045e-03 1.403497826250e-01
9.579707269177e-04 6.478375981028e-04 -1.263176037338e-02
1.183552825674e-01 -4.949939473741e-03 -2.715130313534e-02
-2.016010678024e-01 1.793165632434e-03 -1.879669779925e-01
1.199174718544e-02 -2.599761684483e-02 2.599976242260e-01
-5.642353905054e-04 -7.119982077646e-02 1.754281981544e-01
-5.531064125385e-05 -8.176478748067e-03 -3.046279999667e-03
8.099579340897e-03 -6.646977033093e-04 2.284441022307e-03
7.932657187760e-02 7.145627715476e-03 1.859240844524e-01
5.550545396765e-05 -3.679703109358e-04 -2.476642733114e-04
-5.112918021327e-02 9.458680693215e-03 1.486345932347e-01
3.167446575550e-01 2.123876059119e-01 -4.220130055662e-01
-3.319034330081e-01 2.076478676014e-01 -3.771019858571e-01
Mode 37
3.686632289148e-02 -3.215343839847e-04 2.727962019343e-02
2.334330391663e-02 -2.737543607488e-03 -2.494087393961e-02
-2.542601336731e-01 1.750094782963e-02 9.139143636144e-02
1.325130284422e-01 5.016345959435e-03 1.820993363090e-01
7.641698549529e-02 -1.568651709434e-02 -2.268425300000e-01
-2.307596412757e-03 -7.284301282562e-04 1.527423594002e-02
-1.888309288326e-01 1.441577064407e-02 1.229649416420e-01
2.347470371453e-01 4.668036824311e-03 2.161859756941e-01
-3.020934414033e-02 -4.462811737482e-02 -4.428444719788e-01
1.458252717421e-03 -5.952012016352e-02 2.939279948259e-01
-3.009063743328e-04 -1.026903263032e-04 6.703269756890e-04
-5.362983772213e-03 -1.888002872042e-04 -4.945325259133e-03
-1.177982899657e-01 -1.033460241599e-02 -2.291365153370e-01
-7.490430425467e-05 7.279648181876e-04 5.382349819856e-04
7.396098881550e-02 -1.581728737027e-02 -1.993808258949e-01
2.269060539462e-01 1.549009711628e-01 -2.407577201803e-01
-2.396857487483e-01 1.483562116436e-01 -2.194675400253e-01
Mode 38
2.287199907266e-02 -2.748170785053e-05 2.115561070215e-02
1.894138160209e-02 -1.646687906438e-03 -2.111992094212e-02
-3.528888078589e-01 2.546813419302e-02 2.195219068372e-01
2.184339559580e-01 -8.986022020432e-03 -1.387598145137e-02
-4.297382589785e-01 2.357621518076e-02 1.006808680455e-01
4.878651070296e-03 6.206541341736e-04 1.388515673831e-03
3.288673790249e-01 -3.434389156209e-02 -3.460697749375e-01
-2.246558525512e-01 1.724753066311e-02 1.003411608270e-01
4.713820397129e-01 -2.738611551034e-02 -1.179635413088e-01
-6.026379718116e-02 -4.590863681277e-03 3.685660976443e-02
-8.217234904436e-04 9.005435266110e-04 4.138754436954e-04
-1.702134153492e-03 5.599571742920e-05 1.776226627741e-03
3.763344661434e-02 -4.887332924173e-03 -6.570006060591e-02
1.750552522490e-04 -5.156350669266e-04 -2.734148303412e-04
-5.077473089520e-02 1.182232234952e-02 1.589499771472e-01
3.479753363607e-02 -7.136856604015e-03 -1.038159356919e-01
-1.125437710092e-02 3.234215649800e-02 5.197458358635e-02
Mode 39
-3.908329883459e-02 9.850857825145e-04 -1.582208449007e-02
2.603754770727e-03 -1.604257958389e-03 -2.049576922407e-02
1.124452078570e-01 1.825692261397e-02 3.845216725154e-01
-2.509401697652e-01 -1.885407804865e-02 -4.865340959530e-01
1.713512610118e-01 8.454384382291e-03 2.208237674557e-01
-1.732836693384e-03 2.027505926746e-03 2.439388784649e-03
2.576255703287e-02 -2.116268804571e-02 -3.262490013543e-01
1.730075563449e-01 1.612644768148e-02 3.900110606389e-01
-2.147515983550e-01 -8.702570312179e-03 -2.504458607730e-01
2.885430499705e-02 -1.010767198036e-02 4.389589257454e-02
2.069563923116e-04 2.615490939451e-03 1.117605235626e-03
-1.743730086694e-03 -1.685185893173e-04 -3.210434359209e-03
1.066676159550e-01 5.890304276013e-03 1.722027759156e-01
-5.200720061866e-05 -1.048775555014e-03 -4.300156544729e-04
-9.228265477967e-02 8.475806432934e-03 6.395563686881e-02
1.166984087283e-02 1.995575725897e-02 2.625829014662e-02
-2.306399703689e-02 4.303554821415e-03 -3.919071608039e-02
Mode 40
-5.356148285902e-01 1.083671825887e-02 -2.974370613354e-01
6.838601985106e-01 -1.293685115136e-02 3.791685933522e-01
-9.832481105796e-02 1.144965324718e-03 -5.428475375926e-02
-6.050843383036e-03 -2.191740068207e-04 -8.942621777022e-03
6.477181530699e-03 -1.981041647963e-04 2.774002308573e-03
3.034374533861e-05 3.222326642984e-05 -1.313142110177e-04
-1.527688133931e-03 3.013176651140e-05 -4.955377783182e-04
4.573204808767e-03 -3.380800910574e-05 3.955956976203e-03
-9.787320553921e-03 6.016974385816e-04 1.394636029642e-04
-5.748411086480e-05 -1.010917729573e-03 2.353208456418e-04
-1.267670868273e-05 2.399454237998e-05 -6.186869671566e-05
2.896714150807e-05 4.726248658343e-06 -6.472327196408e-05
-7.433599554082e-04 1.031596580542e-04 5.511737938742e-04
-3.898005712456e-06 -2.354591876360e-06 4.779847333016e-06
-3.487573477690e-04 4.150485502264e-06 -2.390447843665e-04
4.082943606058e-05 1.943626565326e-03 -1.745419957634e-03
-1.171964648876e-03 7.063570055130e-04 -1.074597025740e-03
Mode 41
-8.068408432819e-04 1.642794457202e-05 1.820332405059e-04
5.016841869503e-04 -1.238504946506e-04 4.885990372821e-04
-1.196582846013e-03 3.265370252322e-04 1.085499126570e-03
-1.202551024517e-04 9.754134233843e-05 -3.047327126063e-04
1.387094250562e-04 -5.193174054998e-05 1.362153942308e-04
-6.704956429324e-07 -7.860987988098e-06 -1.151996178458e-05
-1.785113770980e-04 2.396441117005e-04 -2.063829135912e-04
1.326837364960e-03 -9.580179534859e-05 6.385820217257e-04
4.830270633384e-05 1.782965950468e-04 4.850093308186e-03
-1.348226871326e-02 1.502155533011e-01 -1.713079747500e-01
1.092266823512e-04 -3.436905623855e-04 6.554524391679e-04
2.649822496338e-04 -1.148546284089e-04 4.562062255554e-04
8.600137437273e-04 -4.388907128681e-05 -6.505373962918e-04
1.920490945389e-07 9.842518219587e-07 -1.491507934636e-06
1.219802588667e-04 6.244529931203e-05 -1.137640008151e-04
5.951394993371e-01 -2.510143825516e-01 2.747961923147e-01
-5.516969633499e-01 -2.652834496656e-01 2.835808095055e-01
Mode 42
-6.255588166109e-04 -3.314699339390e-05 2.843304541828e-05
6.988361182264e-04 1.425227930616e-04 3.767167987851e-04
-7.517625553263e-05 -8.159419408275e-04 -6.128020391759e-04
1.687958740422e-03 -2.578709310584e-04 -1.322195765725e-03
1.469364604806e-04 2.065793386401e-05 6.364961172528e-05
3.902196904624e-06 5.771937468723e-06 1.606318555138e-06
3.706444826493e-03 -4.333740811308e-05 2.501049950441e-03
-5.379217797499e-04 6.729659930051e-04 9.410791925579e-04
-1.321816784374e-03 7.702632736568e-05 7.073466616746e-04
-3.205626829125e-01 -1.022289908959e-02 8.746717997341e-03
8.361160038409e-04 -3.412227812307e-05 -5.425930937929e-05
-1.275585202698e-04 6.602199684527e-05 -3.675262793842e-04
-5.483029083451e-03 5.131383959982e-04 3.085266306054e-03
-7.701338520532e-07 -5.080802986798e-07 8.638045578428e-08
-1.228246073006e-02 -4.523574694131e-05 -7.053512405080e-03
5.514969441021e-01 -2.385724546892e-01 2.613541054572e-01
5.536055388868e-01 2.738996830427e-01 -2.931122412622e-01
Mode 43
4.069802759591e-05 -1.823636122583e-06 5.577107749972e-06
-5.857793174500e-05 5.713648666254e-06 8.283243178713e-05
5.563849226099e-04 -1.142819679075e-04 -8.176541228360e-04
-2.426887925033e-02 1.776811503473e-03 1.518320573110e-02
1.043359985459e-02 -8.319144541451e-04 -6.208916046292e-03
-5.559232016653e-06 -1.175364699328e-05 3.251314711372e-04
-2.506794708031e-01 1.236340137993e-03 -1.467285117896e-01
-1.301653721152e-03 9.447048333679e-04 1.321885993028e-02
1.607149041711e-03 -3.886220750163e-05 6.137963849659e-04
-4.970498915068e-03 -1.948764638606e-04 3.018655495529e-04
6.344407477691e-06 -1.669387208923e-05 -1.529706146632e-05
3.616307199815e-04 -2.905385914435e-05 -2.393771311380e-04
8.396323355989e-02 -5.642045785409e-03 -4.740157783148e-02
-2.271587456850e-06 1.820096136511e-05 1.640055469644e-05
8.227038539739e-01 -4.480219755444e-03 4.775439474356e-01
8.500151117673e-03 -3.543764584926e-03 3.789136784138e-03
8.609150921800e-03 4.284118246792e-03 -4.658113184511e-03
Mode 44
-6.518871053748e-04 3.731911760560e-05 -5.167046968929e-05
3.651178975347e-04 -1.270573019272e-04 -1.228342906455e-03
1.399328644935e-04 8.055723632671e-04 1.310328931486e-02
2.536016376939e-01 -1.711567686430e-02 -1.422740127682e-01
-8.853983672665e-03 -2.304198305655e-04 -8.173179440782e-03
1.761325860071e-05 -8.197977873571e-07 4.509318204452e-04
-2.691779715977e-02 2.633976669670e-04 -1.389465951226e-02
-3.797606000865e-04 9.416235418613e-05 1.750871368134e-03
-1.758263330445e-03 1.257050914703e-04 1.041447187939e-03
1.756857056772e-03 2.222365062805e-04 -1.879159307769e-04
9.192547609577e-07 -1.190855194719e-05 -1.023647831595e-05
-1.448088294570e-05 -1.483169543178e-07 1.315098246870e-06
-8.272863810739e-01 5.592315483674e-02 4.659297970760e-01
2.166531954294e-06 2.006805869330e-05 1.950200567623e-05
8.329307347797e-02 -4.486321824883e-04 4.817081968670e-02
-2.211417752869e-03 9.797550548315e-04 -1.059525260909e-03
-3.451966095130e-03 -1.683436519141e-03 1.537635652802e-03
--
Dipole derivatives 
Mode 0
4.147700615973e-04 -9.655908326574e-03 1.360630253942e-02
Mode 1
-5.864399131549e-03 -3.414740792561e-03 -9.869608465829e-05
Mode 2
8.455692642510e-04 -3.227150279603e-03 8.818068759720e-03
Mode 3
-1.741668940002e-02 2.229130598914e-02 4.200118753708e-04
Mode 4
-2.886009636177e-02 -6.859325796570e-03 -7.370711518712e-03
Mode 5
-1.762380115268e-02 -2.273708466884e-02 -5.050305928152e-02
Mode 6
-2.261656913353e-02 2.680656560819e-02 3.973229863967e-02
Mode 7
-3.922991548573e-02 4.020639493933e-02 1.815080765786e-03
Mode 8
9.551024064750e-03 2.590468212213e-02 5.296755325279e-03
Mode 9
-2.219666826278e-03 -3.179070626143e-03 -5.237126036383e-02
Mode 10
-3.638213550789e-02 3.111735648926e-02 1.257335532956e-02
Mode 11
-1.550710340619e-02 3.215683445877e-02 2.379940082759e-02
Mode 12
1.162500355614e-02 -2.556402774700e-02 -1.329428025796e-02
Mode 13
-2.177389702853e-03 1.820102415951e-02 -4.440816773857e-03
Mode 14
-1.454489586108e-02 -3.647470045363e-02 -6.235880791628e-03
Mode 15
4.117356725191e-02 2.951401245935e-02 3.311401458969e-02
Mode 16
-3.716150808193e-03 -9.761612966417e-03 -2.340716456515e-03
Mode 17
-4.521980107609e-02 8.294933887500e-02 2.034778806809e-02
Mode 18
-1.646336518801e-02 3.901175230213e-02 -2.169270303586e-02
Mode 19
8.609074331525e-02 -4.701974936921e-02 -7.489013479914e-04
Mode 20
-8.880694806194e-02 1.172833141201e-02 -2.582506824716e-02
Mode 21
-1.069563715647e-02 8.598782939899e-02 -6.602786668013e-02
Mode 22
9.842685150290e-03 1.099966217813e-02 5.986477086653e-02
Mode 23
-4.128332494449e-02 8.340169338907e-02 1.180977959045e-01
Mode 24
2.235462189505e-02 -6.833783024974e-02 -9.653583235159e-02
Mode 25
-1.474514758637e-02 -4.438098333641e-02 1.104993203141e-01
Mode 26
-8.274959695599e-02 3.145137990861e-02 -1.826744025915e-03
Mode 27
-3.914017667734e-02 1.265334123457e-02 -1.030046518304e-02
Mode 28
8.648602213139e-03 -1.790812547844e-02 6.926370040692e-02
Mode 29
3.184313048304e-02 -5.819810803629e-02 -8.547299486611e-02
Mode 30
3.556840701999e-02 -7.004653194357e-03 8.919405824995e-02
Mode 31
-8.256344325058e-02 4.316076471309e-02 2.573057659926e-02
Mode 32
-9.720848715909e-02 1.563889504747e-01 7.655860462778e-02
Mode 33
1.113242175180e-02 9.571288511622e-02 -5.852979410885e-02
Mode 34
3.610248336041e-03 4.596877385428e-02 4.770395577792e-04
Mode 35
-2.371461762755e-02 -8.569812658614e-04 1.425328700823e-01
Mode 36
-6.505259132482e-02 1.530692163846e-02 5.848421439836e-03
Mode 37
-5.528145354975e-02 -1.135270352251e-01 -6.079209606325e-02
Mode 38
-2.010018782862e-02 3.615502796665e-02 1.811202283677e-01
Mode 39
1.863783058171e-02 4.305016279392e-02 3.962586176742e-02
Mode 40
3.583843191952e-02 1.041282057391e-01 -8.295350661028e-02
Mode 41
-3.627835466542e-02 -1.348103645660e-03 -4.796784121886e-03
Mode 42
8.646106499447e-03 5.796158601754e-03 -2.536036092502e-02
Mode 43
1.485525249945e-02 3.654938705892e-02 -3.451148746094e-02
Mode 44
-3.264372563858e-03 1.628638716963e-02 3.265145974903e-02
--
Polarizability derivatives 
Mode 0
-3.444067558716e-01 -1.061821165554e-01 8.905631083832e-01
-1.061821165554e-01 5.124630474754e-01 -8.102682224199e-01
8.905631083832e-01 -8.102682224199e-01 -2.017794496492e-01
Mode 1
-1.491884407665e-01 -2.605624073045e-01 -2.115403364182e-01
-2.605624073045e-01 1.197522340365e+00 2.634400875720e-01
-2.115403364182e-01 2.634400875720e-01 -1.963623576954e-02
Mode 2
-1.290358038306e-01 1.644320633598e-01 7.549081912083e-01
1.644320633598e-01 -2.760811566613e-01 -5.723109865594e-01
7.549081912083e-01 -5.723109865594e-01 -9.991960669513e-02
Mode 3
6.206609718653e-01 1.014574995611e+00 -2.155614527530e-01
1.014574995611e+00 -1.946147740266e+00 -8.817526876450e-02
-2.155614527530e-01 -8.817526876450e-02 -1.916919973266e-01
Mode 4
4.716854087731e-01 -1.282536443095e-01 -3.819748062122e-01
-1.282536443095e-01 3.039154923953e-01 1.381311984140e-01
-3.819748062122e-01 1.381311984140e-01 9.234898139091e-02
Mode 5
5.439392195560e-01 2.917504137637e-01 2.881016876302e-01
2.917504137637e-01 9.045304024139e-01 4.672969853551e-01
2.881016876302e-01 4.672969853551e-01 -1.440636303528e+00
Mode 6
5.457968754665e-01 -4.453764628451e-01 3.642725938361e-01
-4.453764628451e-01 1.034039486770e-02 4.287951391798e-01
3.642725938361e-01 4.287951391798e-01 9.610505077813e-01
Mode 7
3.198211562341e-01 -2.515585293193e-01 -1.321197611541e-02
-2.515585293193e-01 4.276906681505e-01 -2.424444436254e-01
-1.321197611541e-02 -2.424444436254e-01 6.189522431241e-01
Mode 8
1.000763610458e+00 -1.267947045414e-01 -6.379315727742e-01
-1.267947045414e-01 7.830382196873e-01 -2.711307674723e-01
-6.379315727742e-01 -2.711307674723e-01 1.508286583353e-01
Mode 9
-1.666119469675e-01 -1.040071339757e-03 -3.777480674525e-01
-1.040071339757e-03 1.859600313224e-01 2.706066962183e-01
-3.777480674525e-01 2.706066962183e-01 8.585009906519e-01
Mode 10
-1.894516584881e+00 1.808692938947e-01 -6.117460208725e-01
1.808692938947e-01 -1.228179971223e+00 -4.161755098299e-01
-6.117460208725e-01 -4.161755098299e-01 -4.455986750033e-01
Mode 11
-1.213312913414e-01 -5.752648390904e-01 7.558006450777e-02
-5.752648390904e-01 1.845063762570e-01 2.877465111737e-01
7.558006450777e-02 2.877465111737e-01 -1.655191022170e+00
Mode 12
-1.260620739474e+00 1.815055388052e+00 4.633139124405e-01
1.815055388052e+00 -4.076984795421e+00 -1.014033878135e+00
4.633139124405e-01 -1.014033878135e+00 3.120727501277e-01
Mode 13
-3.610644781956e-01 3.046599712534e+00 4.084751526888e-01
3.046599712534e+00 -5.484379345744e+00 -8.328896728978e-01
4.084751526888e-01 -8.328896728978e-01 -4.457450243721e-01
Mode 14
3.508359007069e-01 1.251334548999e+00 -5.031510380008e-02
1.251334548999e+00 3.127518507565e-01 -5.983607231576e-01
-5.031510380008e-02 -5.983607231576e-01 -2.837464764775e-01
Mode 15
-1.443534839586e+00 1.923563030652e+00 1.004138495028e+00
1.923563030652e+00 -4.621054385039e+00 -1.558069967577e+00
1.004138495028e+00 -1.558069967577e+00 -3.075716836209e-01
Mode 16
6.901593284784e-02 7.356327642041e-01 -2.767323230187e-01
7.356327642041e-01 -4.080934076376e-01 -1.170857240882e+00
-2.767323230187e-01 -1.170857240882e+00 4.923658619216e-01
Mode 17
-1.925662916366e+00 1.964434468769e+00 5.428839709084e-01
1.964434468769e+00 -6.523152688188e+00 -1.804074378274e+00
5.428839709084e-01 -1.804074378274e+00 -1.077124661239e+00
Mode 18
-3.385957874086e-01 5.748394745223e-01 2.826408798682e-01
5.748394745223e-01 6.089370970189e-01 1.925851391752e-02
2.826408798682e-01 1.925851391752e-02 -8.347493165247e-01
Mode 19
1.296144270319e+00 -2.999746865406e+00 6.368420923550e-02
-2.999746865406e+00 6.442024899249e+00 1.058516268660e+00
6.368420923550e-02 1.058516268660e+00 5.639922721317e-01
Mode 20
-1.589505201105e+00 1.838062738980e+00 7.372770907106e-01
1.838062738980e+00 -4.946340025057e+00 -1.495089456279e+00
7.372770907106e-01 -1.495089456279e+00 -5.747765531439e-02
Mode 21
3.808416585837e-01 -9.859969300903e-01 -4.817193646126e-01
-9.859969300903e-01 5.059377202585e+00 1.116521570200e+00
-4.817193646126e-01 1.116521570200e+00 1.322767747499e+00
Mode 22
-1.291071386438e+00 1.083070968970e+00 4.654805987114e-01
1.083070968970e+00 -1.679268759982e+00 -3.021717190561e-01
4.654805987114e-01 -3.021717190561e-01 7.189535608283e-01
Mode 23
9.214592612374e-01 -1.134129262261e-01 1.040970426729e-01
-1.134129262261e-01 5.649585202155e-01 6.666361872491e-01
1.040970426729e-01 6.666361872491e-01 1.800873769762e+00
Mode 24
-2.128696523973e-01 -2.535045155545e+00 1.596318646712e-01
-2.535045155545e+00 4.172471685274e+00 1.328200474350e+00
1.596318646712e-01 1.328200474350e+00 -1.082091047832e+00
Mode 25
5.762788810777e-01 -3.082047789781e+00 -1.002555842755e+00
-3.082047789781e+00 6.692181428872e+00 2.612515140404e+00
-1.002555842755e+00 2.612515140404e+00 -1.232574106388e+00
Mode 26
6.746781057440e-02 -2.370124806241e-01 -9.633475863393e-02
-2.370124806241e-01 5.115325252314e-01 2.988414137491e-01
-9.633475863393e-02 2.988414137491e-01 -1.868299840203e-01
Mode 27
-4.539823095592e-01 -2.888851161199e-01 6.824643715538e-01
-2.888851161199e-01 2.030340566413e-01 -2.369836839896e-01
6.824643715538e-01 -2.369836839896e-01 1.854446170169e-01
Mode 28
-1.271329903036e+00 3.868146436622e+00 1.852192661319e+00
3.868146436622e+00 -1.300362242571e+01 -4.035365161509e+00
1.852192661319e+00 -4.035365161509e+00 -3.123838870924e+00
Mode 29
-1.114025987480e+00 3.801123613666e+00 6.224777012927e-01
3.801123613666e+00 -1.264554111318e+01 -2.122706951067e+00
6.224777012927e-01 -2.122706951067e+00 -1.380764768633e+00
Mode 30
1.051477963845e+00 -3.821019907795e+00 -1.579696621954e+00
-3.821019907795e+00 1.310621751025e+01 2.618298746619e+00
-1.579696621954e+00 2.618298746619e+00 1.250399903241e+00
Mode 31
9.163103072634e-01 1.335581811554e-01 -6.110811874411e-01
1.335581811554e-01 2.295161591844e+00 5.782978602124e-02
-6.110811874411e-01 5.782978602124e-02 1.880755591403e+00
Mode 32
5.689463412669e-01 1.826896501273e+00 7.766456055693e-01
1.826896501273e+00 -4.690205399810e+00 -2.026155632392e+00
7.766456055693e-01 -2.026155632392e+00 -7.668435822501e-01
Mode 33
-1.068882963456e+00 3.690384668499e+00 2.042034041132e+00
3.690384668499e+00 -1.752689484575e+01 -2.703455849905e+00
2.042034041132e+00 -2.703455849905e+00 -4.215500172469e+00
Mode 34
-3.526435026240e-01 -2.094533875410e-01 4.725965348961e-01
-2.094533875410e-01 -1.405445039941e+00 7.599066446165e-01
4.725965348961e-01 7.599066446165e-01 8.652061117972e-01
Mode 35
-2.071994827173e-01 7.452327087927e-01 -3.146981147297e-02
7.452327087927e-01 -5.716850423558e+00 4.512864346405e-01
-3.146981147297e-02 4.512864346405e-01 -3.703775049363e-01
Mode 36
-6.871041867933e-01 -1.698879908095e+00 -1.156824801801e+00
-1.698879908095e+00 4.631183968192e+00 3.987799729681e-02
-1.156824801801e+00 3.987799729681e-02 1.538623070658e+00
Mode 37
-4.893137608297e-01 -1.118308885385e+00 -1.774211256678e-01
-1.118308885385e+00 -1.866519109025e+00 -3.192286391788e-01
-1.774211256678e-01 -3.192286391788e-01 -1.782959759470e+00
Mode 38
-1.281796592876e+00 2.660350526004e+00 2.043620343788e+00
2.660350526004e+00 -1.476217543659e+01 -2.697199171717e+00
2.043620343788e+00 -2.697199171717e+00 -8.693461828572e-01
Mode 39
-1.189850443382e+00 9.167719697271e+00 8.729477947082e-01
9.167719697271e+00 -2.823035332268e+01 -1.195754224363e+01
8.729477947082e-01 -1.195754224363e+01 4.224239507985e-01
Mode 40
-1.624523355866e+00 -3.631992894362e+00 3.044869624985e+00
-3.631992894362e+00 -1.028478634528e+01 8.350518156920e+00
3.044869624985e+00 8.350518156920e+00 -8.210833324084e+00
Mode 41
4.002685275225e+00 2.641405878222e+00 6.167290716789e-01
2.641405878222e+00 4.556087322478e+00 4.310427355417e-01
6.167290716789e-01 4.310427355417e-01 4.938050112695e+00
Mode 42
1.028650398637e+00 1.292618231710e+00 -3.019070797496e+00
1.292618231710e+00 1.164657504578e+00 -1.830155257313e+00
-3.019070797496e+00 -1.830155257313e+00 -2.768359271353e+00
Mode 43
-1.025540891380e+00 -1.876364552138e+00 1.334157099336e+00
-1.876364552138e+00 -2.443668593008e+00 2.960310570475e+00
1.334157099336e+00 2.960310570475e+00 -1.954166855699e+00
Mode 44
-2.068206712566e-01 -4.839362445027e-01 1.609365570083e-01
-4.839362445027e-01 3.525273222670e-01 -2.970507110777e-01
1.609365570083e-01 -2.970507110777e-01 -6.781924704003e+00
--
