Number of atoms 
22
--
Anisotropy 
127.269
--
Frequencies 
18.892685862235
23.943972950089
27.342873501876
42.940952473893
53.459307005747
78.752163178487
105.569420264971
129.866336692649
139.678830060107
164.490288245675
180.328455059775
229.491994912687
241.922842728548
279.739679594563
304.823637834041
319.726504244422
367.630068863386
371.267478509809
423.114722570025
428.747594457040
498.778304383069
521.880003675709
588.665426485979
620.707419979383
656.954691471711
678.531995145144
758.759400556943
785.741962638490
818.626319006524
835.488514085795
881.114260195271
911.635878516730
978.812220490217
1065.044258774302
1098.118522065116
1144.087488036001
1160.205696747935
1171.096704184745
1179.699860210636
1204.450532986974
1251.236568121103
1259.119979553535
1303.117499931188
1337.757441523045
1407.395776004011
1421.827911963658
1460.502530851594
1467.613069323141
1479.846366121343
1498.730493580549
1605.599514649314
1630.813719686172
1840.073586611324
3011.612299142901
3086.031568714483
3090.168135067926
3155.435358588332
3167.327559598949
3202.657026273670
3226.415291254883
--
Displacements 
Mode 0
1.201868613004e-01 6.833808914458e-02 7.257380329886e-01
-2.014252281679e-02 1.492107245933e-01 1.866542462159e-01
-3.961163655930e-02 5.359852542202e-02 5.895267877368e-03
-8.631627461368e-02 7.219204934211e-02 -1.812699662775e-01
-2.952473228132e-02 -3.327321640472e-02 2.565509216630e-02
-3.820371989294e-02 -6.090762818108e-02 4.468867181286e-02
-6.528406797227e-02 -2.694740822712e-02 5.017181272008e-02
-6.859718058238e-02 -8.532566465042e-02 6.244475262987e-02
-2.753112125816e-02 -1.129084758838e-01 6.510869474314e-02
-6.425112657105e-03 -1.166952305702e-01 6.395391474467e-02
4.666826148066e-03 -7.986110648760e-02 4.320005497402e-02
-8.090929961410e-03 -5.467348570363e-02 2.411442408004e-02
1.974860771573e-02 -1.533676443533e-01 -2.323878546274e-02
7.448786295506e-02 -2.643087233634e-02 7.068078525843e-02
-1.845347838482e-02 9.027617227987e-02 6.096110578519e-02
-8.077365387337e-03 3.890374224790e-02 3.914886487107e-02
-3.914410008855e-03 -3.595487576985e-02 1.805975061822e-02
-3.467134389437e-02 -3.531390371936e-02 2.365001547890e-02
-2.426107712997e-02 -1.659439955210e-02 1.678674907489e-02
-1.025456137367e-02 -4.043838041242e-02 2.352326657589e-02
5.582971996582e-04 -4.089140622623e-02 2.286103102550e-02
1.476047274638e-02 1.530298450788e-01 -4.256358736777e-01
Mode 1
-2.616483102129e-01 1.029789646188e-01 8.383762712693e-02
-1.436919392206e-02 7.642461166398e-02 9.222384566171e-02
2.242799710609e-02 5.908870834258e-02 8.431972472820e-02
1.048489145425e-01 1.077189058216e-01 1.458580310942e-01
-2.263718988927e-02 7.163136811589e-03 2.305168548583e-02
8.510108476326e-03 -5.163074647509e-02 -3.835416862228e-02
8.796876477601e-02 -1.017354599830e-01 -4.239872128183e-02
1.113189427157e-01 -1.596159970934e-01 -9.615905920050e-02
-2.864077261634e-02 -6.381848428566e-02 -9.526234866446e-02
-9.722339482179e-02 -1.225638518983e-02 -9.223635261608e-02
-1.299046186363e-01 3.158521447789e-02 -3.069715982126e-02
-9.140780390630e-02 3.543844700362e-02 2.540770189088e-02
-3.286560659554e-01 2.261227767617e-01 2.620433070749e-01
-3.785524518022e-01 1.302376550603e-01 -5.089122691665e-02
1.141022109856e-02 1.012098250572e-02 1.843512306017e-02
-1.366924223615e-03 4.060105264485e-02 4.434765380421e-02
3.868648807797e-02 -5.072953712574e-02 -2.760361619066e-02
1.912769505889e-02 -5.063427361530e-02 -4.550142645558e-02
4.746284234590e-02 -5.406375711130e-02 -2.378616627093e-02
-1.881364396802e-03 -3.019182489856e-02 -4.111084894020e-02
-3.724603269887e-02 -2.398050418160e-03 -4.042359560939e-02
4.701129754776e-01 -2.117192444877e-01 -1.703789752001e-01
Mode 2
-6.354702207658e-01 5.329771022147e-02 -1.230165287000e-01
6.697157556821e-02 5.152642107178e-02 1.261057700129e-01
5.852623783633e-02 1.096426415083e-02 5.947719210456e-02
9.704378317159e-02 4.065479146387e-02 1.775230074376e-02
5.410981628021e-02 -3.865351926048e-02 5.117289112688e-02
6.163914054721e-02 4.012433760805e-02 3.889689694100e-02
9.283877585742e-02 1.294220186210e-01 4.601852807670e-02
9.412520935370e-02 3.118191045182e-01 2.144248088858e-02
5.575345766549e-02 5.004837220286e-02 2.869477191885e-02
4.605044941911e-02 3.050723676718e-03 3.162367539886e-02
4.008167744554e-02 -5.280298862079e-02 4.201113655748e-02
4.497652490599e-02 -8.533128166922e-02 5.203057123806e-02
1.086877597474e-01 -4.171030078271e-01 1.777399203838e-01
6.413562922162e-02 -2.873833366622e-02 6.893193254700e-02
9.911415490755e-02 -1.849044485997e-02 -5.480280917423e-03
3.246721677286e-02 5.689354349986e-02 1.218189650945e-01
-1.026265104507e-03 1.025750465279e-01 -2.270022756853e-02
5.476268286770e-02 1.023904997377e-01 3.043857021644e-02
3.155771059173e-02 1.126556775408e-01 6.812542632237e-03
1.747680265634e-02 2.988243138432e-02 5.646926623503e-03
1.251872756626e-02 6.327208666621e-03 7.393554276399e-03
-2.755254657490e-02 1.048539508973e-01 -2.283455869952e-01
Mode 3
-2.779016315419e-01 -1.182733319009e-01 1.446833369075e-01
3.439093419787e-01 -2.999321441705e-02 2.976377466486e-01
5.143788112647e-03 -1.125082344649e-01 -2.983252112434e-02
-2.725625734738e-01 -2.390401929805e-01 -3.582035773944e-01
2.743252821187e-03 -5.873718451494e-02 -4.107545660511e-02
1.642747252851e-02 -5.284033884487e-02 -5.988989790999e-02
6.161067326424e-02 -9.940947377280e-02 -6.308895491772e-02
7.417838689260e-02 -8.989581880343e-02 -8.810501765559e-02
1.158606859813e-02 1.506768818420e-02 -7.042816189408e-02
3.899521277296e-03 6.552820161336e-02 -6.983660889569e-02
-1.912652051840e-03 6.397834990466e-02 -5.570623734422e-02
-1.745329673630e-03 2.390408652283e-02 -5.077749495851e-02
4.273666635260e-02 1.601338961121e-01 -2.320033653508e-01
-1.803744777110e-02 8.177698910593e-02 -9.431283930956e-02
2.580313784791e-01 -4.549452068748e-03 2.604604544873e-03
1.240690809711e-01 3.955494842851e-03 2.515343158974e-01
1.465602783618e-02 -2.011927904042e-02 -2.091351320930e-02
2.498903676276e-02 -2.058671297511e-02 -3.975476093965e-02
2.962811119253e-02 -3.885718710845e-02 -2.313050681718e-02
4.291318318351e-03 8.207845304241e-03 -2.258451130216e-02
-8.483259973673e-05 2.965362063080e-02 -2.303500621094e-02
1.271927439078e-02 5.831494315717e-02 2.764935196096e-01
Mode 4
-1.261399333055e-01 1.229751208686e-01 6.625441998243e-02
-1.597761408916e-01 1.293100958680e-01 -1.147490526651e-01
2.126830564007e-02 8.719535131559e-02 -8.153440818482e-02
1.722084645492e-01 1.869809428796e-01 -6.804522847377e-02
2.274419216594e-02 -3.276147365999e-03 -7.286786354824e-02
2.329730306304e-02 -2.323429731184e-02 -7.794980259356e-02
3.008334206108e-02 -1.401950011043e-01 -8.892219868332e-02
2.535698438671e-02 -3.809619126633e-01 -8.187010227815e-02
2.019427127845e-02 4.660106679654e-02 -8.790248190403e-02
1.530853074679e-02 1.263999149783e-01 -9.109526469203e-02
1.077210411889e-02 8.924981638762e-02 -8.175995160147e-02
1.556454180924e-02 2.277197209470e-04 -7.039456957329e-02
1.478168500242e-02 -5.323754325188e-01 -8.963128263144e-02
-2.741540031151e-02 1.512805262248e-01 -1.324954649825e-01
-9.923139203908e-02 4.392649594677e-02 -5.297850964278e-03
-5.423135474433e-02 5.329466696668e-02 -8.888377127528e-02
3.735295712802e-02 -1.198326760311e-01 2.007210696521e-02
-2.389931970930e-02 -1.200127504874e-01 -6.966581418725e-02
8.874410322682e-03 -1.532130845540e-01 -2.235846002102e-02
6.636711455272e-03 1.337641618441e-02 -2.710925484590e-02
4.046734070798e-03 5.656187746093e-02 -2.888068516317e-02
7.108482165809e-03 2.093948372591e-01 3.304392971672e-01
Mode 5
-9.849970341547e-02 -2.521081791763e-01 2.912952763433e-01
-2.257003107528e-01 -4.752769702302e-02 -1.037889756968e-01
2.422860361601e-02 -9.056830532594e-02 -4.205334624352e-02
2.436314057498e-01 8.679473496457e-03 5.559969595543e-02
8.834267561497e-03 -1.947680745475e-01 -5.601145659154e-02
1.257810572188e-02 -2.001690119280e-01 -6.361736970378e-02
1.692284597444e-02 -2.522592081362e-01 -7.602294256270e-02
3.022010015675e-02 4.383387696536e-01 -8.017147412897e-02
9.282451490840e-03 -1.480768524277e-01 -7.160146003032e-02
2.835287688800e-03 -6.662928891933e-02 -7.489215266691e-02
-4.460567747287e-04 -2.510729300923e-02 -6.494546436942e-02
2.257605149763e-03 -9.232452810155e-02 -5.675582179794e-02
-1.419083797939e-02 1.269076328485e-01 -1.614677693794e-01
-4.866429393269e-02 1.011725180276e-01 -1.058419455555e-01
-1.506574754589e-01 3.009321413865e-03 1.519074055293e-02
-7.815727847202e-02 4.428765501039e-03 -1.184696410261e-01
-9.582596195187e-02 1.826245735929e-01 -9.107481524372e-02
1.153662053548e-01 1.803216642577e-01 4.154708090181e-02
1.067733521838e-02 1.699880296395e-01 -2.375152016599e-02
3.267392231498e-03 -4.799965036800e-02 -2.193882905709e-02
-2.845788109789e-04 -7.539353802049e-03 -2.448664618306e-02
4.338154667179e-02 1.252196174674e-01 1.953942421689e-01
Mode 6
-1.991739056926e-01 -2.619920891816e-01 2.663508970273e-01
-1.148594480791e-01 -6.754250426594e-02 -6.273856584986e-03
2.112272868085e-02 -8.185874836659e-02 4.135328598221e-02
1.598091655604e-01 -3.776770438428e-02 1.964232060900e-01
8.854182961867e-03 -4.836198391520e-02 1.250849161176e-02
7.097548954809e-03 1.303667248060e-01 1.810696781750e-02
-1.127456152243e-02 -2.329580816713e-02 2.279163265968e-02
-2.206520752491e-02 -1.383247911383e-01 3.715010727624e-02
1.962718561321e-02 4.664377533534e-01 1.578534624627e-02
3.840204834834e-02 4.327882005226e-01 1.462359474638e-02
3.978880149291e-02 1.351047154665e-01 7.567442068277e-03
3.023787378850e-02 1.376720525842e-02 6.826932411191e-03
1.311045465589e-01 1.896704974255e-01 -7.813138510118e-02
1.061876099858e-01 -8.439805311070e-02 4.562550485543e-03
-7.088498761390e-02 -1.263025628197e-02 1.824899622644e-02
-3.831850294630e-02 1.423934690786e-03 -3.763134209860e-02
-2.327567686971e-02 -7.261032072265e-03 8.964156015650e-02
1.352629780202e-02 -1.060682337422e-02 -6.427077264876e-02
-1.253569743312e-02 -1.353618936843e-01 1.135723683659e-02
5.640269844201e-03 2.027822009648e-01 5.235578766035e-03
1.617888269848e-02 1.776857287201e-01 6.699496090840e-03
-8.329167050523e-02 -1.816383576633e-01 -1.656168907154e-01
Mode 7
-3.469678937760e-02 -6.663810783387e-02 7.738503940582e-02
1.956538002829e-01 -4.741180403326e-02 1.682569816531e-01
7.761316867464e-02 -3.597187827280e-03 1.648523616901e-01
2.472284520648e-01 2.077632089907e-02 5.681513455325e-01
-6.543106788880e-02 2.384623109656e-02 -4.637916004695e-02
-5.748138143281e-02 6.848816064368e-02 -5.290778433302e-02
-9.940346809732e-02 3.180005214391e-01 -6.432786051614e-02
-1.209972570919e-01 -6.868595966083e-02 -1.116583330981e-02
-5.008583775332e-02 -1.036731975177e-01 -1.922337081185e-02
-4.687155799534e-02 -1.666966798752e-01 -1.426435202975e-02
-4.039442636282e-02 -6.918908699697e-02 -1.926836895233e-02
-6.618099361987e-02 -2.929265229273e-02 -4.708370611823e-02
-5.561292162872e-02 -5.887337208190e-02 -4.389200087015e-01
4.016523778455e-02 -3.575861814917e-03 -3.133563403471e-02
1.152870089439e-01 -2.313215692835e-02 1.769524140908e-02
6.655403901463e-02 -9.239446646840e-03 1.172311670561e-01
5.316507183979e-02 -8.473419069779e-02 -1.365915530958e-02
-1.216177134379e-01 -8.053102199251e-02 2.116184754570e-02
-4.453325591471e-02 2.994552189418e-02 -6.769907145353e-03
-1.673006742037e-02 -4.285887695940e-02 -1.078622860043e-03
-1.466774131627e-02 -7.539748031479e-02 -2.951217607364e-03
3.182612693914e-02 8.849485305675e-02 7.454457823278e-02
Mode 8
-1.513253389270e-01 -3.425890806103e-01 1.333219079817e-01
-1.979326142522e-01 -7.556416944425e-02 -1.893775839289e-01
-3.939632710768e-02 -6.937606919880e-02 -1.123091697581e-01
-9.112228606715e-02 -9.904722021849e-02 -1.751018745983e-01
3.783482840205e-02 -1.037113251924e-02 -5.567229241203e-03
4.916038012498e-02 1.482180253980e-01 -2.438072131918e-02
1.227447182147e-01 6.024678871942e-01 -3.792533217963e-02
1.430779064408e-01 -1.076282405295e-01 -1.000655545025e-01
3.408235319948e-02 -4.628040297856e-02 -4.338082899798e-02
2.050280609563e-02 -1.779929991719e-01 -3.439502783522e-02
1.500365415184e-02 -1.002886967641e-01 -1.894826188740e-02
3.191296604409e-02 -6.235369715366e-02 -1.929565778623e-03
-9.756182925298e-04 9.740002654822e-02 1.619172092672e-01
-1.405411004745e-02 2.532697821029e-03 -2.463764262801e-02
-1.285377386732e-01 -7.187765080374e-03 -1.649992747284e-02
-6.740580369721e-02 -6.667019824300e-03 -1.260693989674e-01
1.875817912985e-01 -1.417567204451e-01 -5.849677595914e-02
-1.173385675015e-01 -1.344142915209e-01 -1.952590635306e-02
6.371295497141e-02 4.243730945982e-02 -2.503875175691e-02
1.184114782573e-02 -9.247942284407e-03 -1.723625254056e-02
2.970814894228e-03 -8.002697471613e-02 -1.166974965680e-02
4.114162188772e-02 8.613342374732e-02 6.250985822499e-02
Mode 9
-1.135220651711e-02 -6.569606400341e-02 1.454782027803e-02
1.419286448455e-01 1.589545121256e-02 -1.615445858598e-04
8.255353359810e-02 -1.471668374434e-02 -8.723277020918e-02
1.573708594226e-01 1.307275658714e-02 -6.274916867301e-02
2.818787402485e-02 -3.995143801560e-02 -1.471346339906e-01
-5.146878440190e-03 -7.172570576976e-03 -1.082391294649e-01
-1.498679727542e-01 -1.721166397242e-02 -1.302768666866e-01
-2.239804294889e-01 -4.679077925348e-03 2.687462592733e-02
1.704212051383e-02 3.353025115195e-02 -6.130044441032e-02
1.708628111592e-02 8.542270009193e-03 -6.104662600471e-02
3.511367071526e-02 -3.140876647506e-02 -1.104479377403e-01
2.667224645254e-03 -3.003736515257e-02 -1.387633391225e-01
-4.422646380587e-01 5.334228792873e-02 3.939581880239e-01
5.257417913859e-01 -2.161847604434e-01 -1.982449338806e-01
7.957865633700e-02 1.292746287624e-02 -2.064126281253e-02
4.734974285842e-02 1.294178867963e-02 4.167976185469e-02
-6.367581133641e-02 5.925999900001e-03 3.790789019824e-02
-5.020808336962e-02 5.180740978174e-03 1.965044429560e-02
-1.019706083604e-01 -1.347282644563e-02 -1.346691160943e-03
2.913794091588e-03 1.890839793002e-02 -1.267761635773e-02
7.384757658266e-03 2.429650390813e-03 -1.407485443850e-02
5.283831234772e-02 9.626486737217e-02 4.544866112782e-02
Mode 10
-1.800941205437e-02 -9.096925194970e-02 8.096362219628e-03
1.174544302855e-01 9.486952586529e-03 -2.208434548402e-02
1.183180043735e-01 -2.150523905661e-02 -7.767905682708e-02
1.733454673142e-01 4.517310615401e-03 -1.321008215068e-01
9.965061756173e-02 -4.410849968660e-02 -7.057966608246e-02
6.170685579833e-02 -1.493754524678e-02 -3.800253440109e-02
-2.061744060228e-01 1.092259608478e-01 -5.311043709662e-02
-4.206413938261e-01 5.075289435324e-03 3.262753481590e-01
7.962740224881e-02 -5.535362565215e-02 -1.767312306863e-02
8.253255602730e-02 4.540765818293e-03 -4.965387649739e-02
8.025641200216e-02 5.515048201010e-02 -6.908069545682e-02
1.038425934556e-01 -4.579229411070e-04 -4.513405716587e-02
2.611113198193e-01 2.056099080148e-02 1.789608416367e-01
-4.090742150130e-01 2.583245025548e-01 -1.297587048322e-01
5.382991396781e-02 5.163341271427e-03 -1.730257796794e-02
3.746423068989e-02 1.664400979096e-02 1.515427295180e-02
-6.110055488633e-02 -3.362248257599e-02 1.221459235236e-01
-1.427521456753e-01 -3.175031894655e-02 1.814309065163e-01
-2.198248768586e-01 5.214143101362e-02 6.869752366511e-02
2.093569291101e-02 -2.338045628353e-02 3.164337908529e-03
2.647326637431e-02 8.664780592048e-03 -1.199256163990e-02
-4.280139766171e-02 -9.540533136918e-02 -2.177572634474e-02
Mode 11
-1.019586631374e-01 -1.811825096106e-01 1.133797893561e-01
1.257937657503e-02 1.839470761499e-03 -8.186926431686e-02
-8.816485868100e-02 9.616931618323e-02 -8.722802167452e-03
-2.551693106579e-01 -2.658363593577e-02 2.619638658639e-01
-4.515943577612e-02 3.347506089777e-01 -2.393638212438e-02
-5.216833637011e-02 2.737066053414e-02 -2.144523335666e-02
-3.279749503137e-02 -1.551778376794e-01 -2.936299862590e-02
4.911780356266e-03 3.157873421933e-02 -7.761106494851e-02
-4.842391506988e-02 -1.949086061633e-01 -1.467442933016e-02
3.004486639027e-03 3.909634327966e-02 -2.493859620878e-02
2.975953513245e-02 3.269442710144e-01 -7.427722171579e-02
4.080488768665e-02 4.061109843461e-01 -4.273744527252e-02
1.961682192765e-01 -8.940901441880e-02 1.717240750813e-01
1.915934307770e-01 1.046095814135e-01 -1.744058769923e-01
8.015870717638e-03 1.393383987624e-02 -2.590645604983e-02
5.495986079706e-03 1.858716355091e-03 -1.267396229917e-02
5.107112239400e-02 -6.885717866994e-02 -1.823247474556e-01
-5.774671016862e-02 -6.153766900387e-02 1.235393797473e-01
1.897959687160e-02 2.082620178084e-01 -2.265262218348e-02
-1.888345400528e-02 -1.665104520249e-01 4.559620103782e-03
5.790065139923e-03 -3.817636377548e-02 4.855849471870e-03
-4.199047434537e-02 -1.133196688613e-01 -5.319772634722e-02
Mode 12
5.756418033606e-02 1.407706383160e-01 -6.324160777434e-02
-3.947747523650e-02 -1.265849427115e-02 7.799254373656e-02
3.243796351357e-02 -7.516993098895e-02 3.385819476488e-02
1.336891688877e-01 -1.410745203156e-03 -1.259145977343e-01
1.097577181921e-02 -2.101146514194e-01 3.404886877937e-02
1.132991857931e-02 -1.253695110406e-01 4.505575767393e-02
3.373377750655e-02 -3.678590907796e-02 5.731236938211e-02
4.367025218323e-02 -2.237581054414e-02 3.395364296274e-02
8.740289638509e-03 6.301744870140e-02 3.724711868298e-02
-7.704298130234e-03 2.363326239832e-01 3.314569085979e-02
-1.357067007567e-02 8.080059530088e-02 3.592272475930e-02
-2.782039593884e-02 -9.578356022764e-02 2.720732486327e-02
-1.357122972084e-01 2.390491327049e-02 -8.525499103022e-02
6.309903474095e-02 1.202182629946e-02 6.474274206557e-02
-2.020563941185e-02 -1.458699437791e-02 2.707643581857e-02
-1.370159013595e-02 -5.805117089129e-03 8.452741064346e-03
2.287281168277e-01 -2.538038476842e-01 -3.443635967376e-01
-2.150404822201e-01 -2.325970498314e-01 3.659372796700e-01
2.801146443867e-02 4.961124601736e-01 2.428894230621e-03
4.512671244302e-03 2.457837885116e-02 6.781548395262e-03
-2.223208926911e-03 1.191033869546e-01 4.917084070701e-03
-1.679071753701e-02 -3.809920050078e-02 -1.948920657004e-02
Mode 13
-2.980292505200e-02 -2.727953227506e-01 1.803704827254e-02
1.167543653965e-01 3.241937890182e-02 -1.593358039395e-01
1.550869116430e-01 8.936901151036e-02 -6.823949017914e-02
1.198080836845e-01 8.629039975314e-02 -1.610228896272e-01
1.543169602531e-01 1.986186273616e-01 4.528160091967e-02
1.744002101780e-01 5.704978602976e-02 1.010848744583e-01
2.115704774047e-01 -2.050878254293e-02 1.368757594972e-01
9.285931518951e-02 1.425047113528e-02 3.094446141978e-01
1.435211450060e-01 -8.434344203577e-02 7.246224225352e-02
2.042619188658e-02 -7.045282399903e-03 7.342090459827e-02
-7.875342503863e-03 1.631921771828e-01 8.462861572969e-02
-3.162718856829e-02 2.344010362668e-01 3.851659037084e-02
-4.429043786719e-01 -6.475598632733e-02 -2.900738106867e-01
2.666109362518e-02 8.088365231034e-02 1.857726856072e-01
2.726301641263e-02 5.868733446200e-03 -4.274135126436e-02
3.395764843935e-02 2.852232094504e-02 -4.944065866399e-02
1.532933694789e-02 2.675971084755e-02 1.434526381618e-01
6.015897964166e-02 2.355344250979e-02 9.771852391578e-02
-2.858281680652e-02 -3.163047059159e-02 7.664517920259e-02
4.890449649301e-02 -7.852335589362e-02 8.302730609521e-03
-8.314146241043e-03 -3.933903861231e-02 3.453672778304e-03
-2.477390901971e-02 -6.303053900169e-02 -3.167271383395e-02
Mode 14
-2.864047455557e-02 -2.028970348946e-01 3.324201821774e-02
1.205170394596e-01 5.942718049342e-02 -1.471433935344e-01
7.972421794530e-03 1.454587421867e-01 -8.329278860378e-02
-8.273210973237e-02 9.439059725266e-02 4.455236980559e-02
1.931785425572e-02 2.517689851821e-01 -3.615205964600e-02
3.153502162962e-02 1.429059396367e-01 -6.810146868946e-02
-1.303540343606e-02 -2.873306041047e-01 -8.251910418112e-02
-5.923475802565e-02 -1.613163487224e-02 -4.973665352811e-03
3.864959659241e-02 2.256618164623e-01 -6.596508121791e-02
1.042210651065e-02 -6.565605179346e-02 -5.139283085738e-02
-2.332887985295e-02 -2.813376232971e-01 3.229687446153e-02
-5.660992089840e-03 -2.475068480351e-02 3.405923917133e-04
6.525523016315e-02 -6.203701098117e-04 -4.306550103477e-03
-3.166053076725e-01 -5.090461723990e-01 1.479539467746e-01
6.734938019232e-02 3.229667588270e-02 -5.972422074657e-02
4.095750836652e-02 1.625448157879e-02 -3.576175558587e-03
1.730011377913e-02 -6.125159620645e-02 -1.204739276536e-01
-4.540671022714e-02 -5.587477263205e-02 1.423638966392e-01
-3.369794931221e-02 1.673802864952e-01 -9.528095234137e-03
1.127817402011e-02 8.470251632835e-02 -1.866831399072e-02
-4.885453452395e-03 -3.747965328528e-02 -2.498876467023e-02
8.722434184609e-02 2.275610655733e-01 5.144549304928e-02
Mode 15
-4.347407893901e-02 2.503839659352e-01 2.966358266821e-02
-1.959567511792e-01 -4.530806457291e-02 1.038365938829e-01
-4.897139732185e-03 -7.190505076275e-02 1.844395393504e-01
-2.771731825798e-01 -2.384283546789e-01 1.415775756760e-01
6.547089186108e-02 1.140264147716e-02 9.009701377366e-02
1.830532670077e-01 1.048337155283e-02 -3.772378381264e-02
2.688146375353e-01 -6.072974754357e-03 -3.181882007021e-02
-1.499677177951e-02 7.087386053765e-03 4.013401592262e-01
1.029677184164e-01 9.886515662301e-03 -1.859281887225e-01
-2.478499470774e-02 -2.144334544536e-02 -1.926918946842e-01
-7.234370548923e-02 -2.355533392288e-02 -1.007116857679e-01
-7.461158707657e-03 7.332275873260e-03 4.284412521922e-02
-2.295419688498e-02 -7.353641547095e-03 -6.988295047310e-02
3.593844548163e-02 -2.056257381074e-01 -3.020366486973e-01
-1.594662257142e-01 -4.407911266249e-02 8.383933637853e-02
-7.296110088918e-02 1.000007370759e-02 -8.227350472348e-02
2.367132949245e-02 2.130617229683e-03 1.880052492823e-01
2.007805438316e-02 -2.445922446912e-04 1.926615766759e-01
-1.306699639867e-01 7.732758393891e-03 8.487896485737e-02
4.155540979109e-02 1.432248442414e-03 -7.184727570671e-02
-2.141534757947e-02 -1.584849646192e-02 -7.675607171086e-02
3.448847618423e-02 8.309275761040e-02 2.395691893216e-02
Mode 16
-4.261978103978e-02 1.570043321060e-01 2.388632043795e-02
-9.170788608565e-02 -4.375592761089e-02 7.363209189605e-02
1.083063967247e-01 -9.829575157128e-02 1.109219984722e-01
-5.667881934254e-02 -2.090088589609e-01 -2.725007494863e-03
4.836782659019e-02 1.768548363310e-02 -4.813275811366e-02
1.297297917274e-01 3.051883311160e-03 -2.595245037584e-01
-6.704201855411e-02 1.045324275532e-02 -3.724592613005e-01
-1.928886112739e-01 6.349914228808e-03 -2.077490049604e-01
2.394336567745e-01 -4.068119821470e-02 -1.027521621243e-01
1.869459010019e-01 -3.129259189144e-03 -6.437171689838e-02
7.717084930002e-02 1.261878190057e-01 1.389037458885e-01
-8.185226616446e-03 1.672648543887e-01 9.279718312569e-04
-6.678679317266e-02 -2.036211693593e-02 -9.493425016182e-03
1.092135523866e-02 1.011766991910e-02 5.615627280272e-01
-1.264061861038e-01 -4.501057542338e-02 7.277509383600e-02
-4.184048483937e-02 2.577746257537e-02 -8.650273937087e-02
-5.122413524300e-02 6.563732734417e-03 -3.271321320944e-02
-4.313137386341e-02 6.535504009645e-03 -4.719231738748e-02
-8.958808531161e-02 -8.476004390112e-03 -6.886217755825e-02
5.691242899183e-02 -3.836616436082e-02 -5.372578171072e-03
2.297543423116e-02 -3.321041544546e-02 -6.142115781046e-02
-1.214886289910e-02 -2.783683088543e-02 -1.858817013431e-02
Mode 17
2.510791894512e-02 -2.871803347542e-02 -3.657009318641e-02
-1.845335116426e-02 -4.759858778661e-02 7.307870374449e-02
5.215141154511e-02 -7.437691102156e-02 3.440275495337e-02
2.092722671798e-01 3.681112244945e-02 -1.666341661567e-01
-2.036542046412e-02 -1.099016016527e-01 4.077586694841e-02
-5.205041395061e-02 -1.588882923122e-01 4.264104662014e-02
-5.710051937402e-02 1.994510437680e-01 4.737808609753e-02
-7.426153513000e-03 2.028586989443e-02 -3.270301253065e-02
-9.037010633933e-02 -2.552181652582e-01 -1.769678486718e-03
-1.383065231963e-01 1.987373260305e-01 -1.516522888348e-02
-1.306017211230e-01 3.641001033874e-01 -4.973922443487e-03
-7.454287217360e-02 2.745863445197e-01 3.416350115303e-02
1.271818783589e-01 -2.482337689629e-02 1.597374504084e-02
-1.703544361377e-01 -5.795553259731e-01 -1.290262307942e-02
-1.510199815889e-02 -3.002212974459e-02 2.591124846289e-02
-7.451160843295e-03 -1.388696642830e-02 8.270247601550e-03
-1.459427533497e-02 2.813116551694e-02 3.923942338989e-02
1.544723284871e-03 2.623171205539e-02 -8.626181376430e-02
1.951588453917e-02 -7.716920798270e-02 -2.142834914116e-03
-1.954853343609e-02 -1.361093686456e-01 -1.542732367917e-02
-4.432092445396e-02 5.621015835558e-02 -9.931432088062e-03
5.837542644888e-02 1.522123153169e-01 5.294077744193e-03
Mode 18
-1.491602035297e-02 3.831208756834e-02 4.252736304460e-02
5.606304726801e-02 9.086019112155e-02 -1.440752950746e-01
-1.146990925626e-01 1.062016973707e-01 -1.277502756141e-01
-2.586576021942e-01 -1.846508771788e-02 2.558408418212e-01
2.139122095852e-02 -1.481253410022e-02 -7.771917814180e-02
2.535673686797e-02 -2.482826329542e-01 -1.563701325554e-03
3.473865679058e-02 1.434264143959e-01 -9.763976431880e-03
3.426137092360e-02 1.256150820505e-02 -3.070419164872e-03
1.186774955448e-01 -2.827210110373e-01 1.133056992717e-01
2.965240785671e-01 3.508149414475e-01 6.181926110244e-02
2.805552840774e-01 -1.743789893688e-03 7.163433956141e-03
1.723232930405e-01 -2.682767132317e-01 -7.924415529406e-02
-1.791638788706e-01 2.110663846478e-02 -3.414387822562e-02
-1.549247569258e-01 -1.340546493258e-01 -1.994672891779e-02
6.967941496320e-02 7.073817457544e-02 -6.845208182019e-02
2.584753135380e-02 1.469225565253e-02 2.191590019804e-02
1.042423749409e-02 1.421034092027e-02 3.822133363705e-02
9.694015561130e-03 1.259334776087e-02 -3.828825625438e-02
7.342833159451e-03 -4.634010651827e-02 -5.695739732007e-04
1.593273927945e-02 -8.505467618088e-02 7.118354088558e-02
1.068840531712e-01 2.573904249526e-01 3.288371106158e-02
8.548733509152e-03 3.489528228103e-02 -4.765540011407e-04
Mode 19
4.587066593215e-02 -2.084990934268e-01 -4.846506946080e-02
4.473511097812e-02 5.470080791672e-02 -5.881955375703e-02
-1.236716586431e-01 1.915825037107e-01 6.880356711536e-03
-9.532648452836e-02 2.716289045324e-01 2.946461702047e-03
-9.512952319004e-02 -3.490762673599e-02 6.402084862676e-02
1.487549147395e-02 -1.637984424658e-01 -1.318890846252e-01
1.685982962851e-01 7.486446201001e-02 -1.839873450138e-01
-3.629765352954e-02 7.736013180240e-03 1.234427161363e-01
-6.550732474891e-02 -1.417360628520e-01 -2.428621554054e-01
-2.076538209321e-01 1.917034543993e-01 -2.058690565618e-01
-2.677338612671e-01 -3.505232525559e-02 3.547066132248e-02
-1.842228597407e-01 -2.325947188814e-01 1.048247873624e-01
1.919945782324e-01 2.743794425025e-02 5.337451091613e-02
2.175948160544e-01 1.202408261482e-01 2.897075171476e-01
8.996918062997e-02 2.312365104501e-02 -5.704172872782e-02
2.473403807610e-02 -3.175882515978e-02 6.712210598859e-02
1.138665472074e-02 7.828189953266e-03 1.110237803571e-01
6.451201452779e-03 5.098036778245e-03 6.990698675372e-02
-1.033658775084e-01 -2.189148629342e-02 1.328848292913e-02
-9.392748846108e-03 -2.897822816189e-02 -8.822060531025e-02
-9.000848640522e-02 1.490543617810e-01 -1.108591945108e-01
-1.714982539251e-02 -4.395337500346e-02 -3.634758292208e-03
Mode 20
-3.494747153970e-02 -9.467439554731e-02 -3.064271076400e-02
9.666259370290e-02 4.144148267536e-02 2.597463518785e-02
3.855426697207e-01 1.633139267994e-01 3.002891470114e-01
-1.051983525299e-01 -6.195811781740e-02 -1.114035443119e-01
1.752429649105e-01 2.547396437282e-01 1.165420414296e-01
1.186013884429e-01 1.156762374046e-02 8.360483101576e-02
-2.515807363905e-01 -6.462496575693e-04 9.329816198767e-02
-1.123163516261e-01 2.928471134953e-03 -1.853360426871e-01
9.803350006748e-02 -1.459045135721e-01 5.440324793502e-02
-1.277399610947e-01 1.844699410335e-01 2.689522317534e-02
-1.310467223847e-01 -1.557708617272e-01 3.377928459369e-02
-6.904376731074e-02 -2.293277647850e-01 1.311123024066e-01
1.350038518241e-02 1.537410123453e-02 -4.071550401901e-02
4.917379109122e-02 4.371714737055e-02 -1.855642727366e-01
-1.890033127481e-01 -1.053578323022e-01 1.173692570017e-01
-4.254432244113e-03 8.990647978541e-02 -2.269447625867e-01
-5.615660821432e-02 2.514846307883e-03 -1.102258156080e-01
-4.531576947927e-02 6.241622152506e-03 -1.131286749500e-01
6.398527913584e-02 -6.751136516985e-03 -2.964136362950e-02
5.394268724013e-02 -7.232572849568e-02 -3.940651168885e-02
-4.634339052989e-02 1.565634742318e-01 -1.613102618470e-02
-3.107531956001e-03 -6.137506736271e-03 3.560032365350e-03
Mode 21
-8.494155234702e-02 3.034151886000e-01 1.496716096141e-01
1.760236117996e-01 9.222429463576e-02 -3.619143809503e-01
1.679349601911e-01 -1.996646981054e-01 -3.411379342379e-01
7.057460182706e-02 -4.320462359532e-01 1.391967757636e-01
9.385113230977e-02 5.147549054196e-02 -1.255081723796e-01
-1.788944280697e-02 1.650469500830e-02 7.051455885752e-02
-2.145146285499e-02 2.488380131197e-03 1.075985273076e-01
4.675196174229e-02 4.338841257422e-04 4.736848512845e-02
-1.143608826143e-01 -4.988733034145e-02 -2.254315826264e-02
-2.686173673500e-01 5.802550377131e-02 -4.739858508775e-03
-2.005394619965e-01 -2.111752242686e-02 -4.030133400108e-02
-1.060952864744e-01 -6.919524544808e-02 -6.901122753576e-02
9.492879988063e-02 9.720212352150e-03 3.083344007727e-02
3.901757938745e-02 2.284239850246e-02 1.812815301789e-01
4.510388939624e-02 1.150500604118e-01 -9.948526156117e-02
5.451711775503e-02 1.072433439498e-01 -9.654951938921e-02
6.435192365179e-03 1.495112102271e-03 2.083021460017e-03
9.644083335626e-03 1.263823571485e-03 2.041472946055e-05
3.124949566719e-02 -2.984895148349e-03 1.821260692254e-02
-1.153528125635e-02 -3.495114428759e-02 -5.226896473669e-02
-8.555003077768e-02 3.756243234452e-02 -1.294981890530e-02
-2.555385706239e-03 -6.946119264997e-03 4.183456760393e-04
Mode 22
-7.718601428132e-03 -4.124230105839e-02 -1.515536699408e-03
1.060573523746e-01 1.315114398884e-01 -1.271033337191e-01
9.162779031985e-02 1.444104379116e-01 3.346302963067e-02
-1.724500990993e-01 5.522440664524e-03 9.623290822339e-02
6.814142773075e-02 -2.094993392050e-01 3.173244384888e-02
5.931313087777e-02 -6.101339985878e-01 4.940589129777e-02
-6.922270358385e-02 1.488855561104e-01 4.513716609201e-02
-2.969253888944e-02 1.389472546991e-02 -3.681494496639e-02
7.444294569567e-02 2.188588807222e-01 -3.398768500591e-03
-4.505219543422e-02 -1.509180335907e-01 4.823720826346e-03
-4.686141633297e-02 -1.320384832009e-01 3.881146641651e-03
-1.357735914393e-02 4.051217055687e-01 9.505589421834e-03
-7.084583916993e-05 -3.621184374068e-02 -8.307130680421e-03
1.166992556187e-02 3.089859218557e-02 -3.058677430044e-02
-1.138764877076e-02 2.068035883486e-02 -1.538164712884e-02
2.631126564754e-02 5.754687647038e-02 -7.699285931228e-02
8.383635427413e-03 -9.229714130846e-03 -1.733934155870e-02
-3.964544730084e-02 -7.317181052374e-03 -4.474882920750e-02
2.372576307849e-02 2.670566415386e-03 -2.707556765088e-03
4.023025397035e-02 3.735071364864e-01 -3.765774003255e-02
-1.862454715798e-02 2.711289237299e-02 -1.395006749308e-02
1.291276700984e-04 -2.811670811135e-03 1.385241451263e-03
Mode 23
1.840403403647e-02 2.803028512798e-02 3.572521785500e-02
-5.068849381333e-02 4.309576281852e-02 -1.740577845187e-01
-1.800643459834e-01 7.848543572067e-03 -9.501750857356e-02
-8.894301860885e-02 5.820819401803e-02 1.038885973739e-01
1.649903320815e-01 -2.340277168083e-01 2.040550664993e-01
2.836113748025e-01 1.107453631341e-01 6.949270631303e-02
-1.820173085917e-01 -3.643673029059e-02 7.295707310991e-02
-1.312533720249e-01 -6.541281719373e-03 -1.317963099562e-01
3.530704233290e-01 8.451068902959e-02 -8.831663609529e-03
-4.959412007416e-02 -1.226281435244e-01 -2.890934179131e-02
-1.241953583404e-01 3.449055291407e-01 8.774186681865e-02
-3.450508797427e-02 -1.935523900637e-01 2.454978204272e-01
-1.974256164160e-02 6.845243114019e-03 -4.460365001408e-02
1.920182308733e-02 -4.926072874698e-02 -1.288203661723e-01
1.792695797957e-01 9.416581114354e-02 -1.491852009845e-01
1.572814450466e-02 -4.210895710434e-02 1.625654714370e-01
-5.632932623337e-02 -3.865455111804e-03 -9.425637665624e-02
-4.891512161340e-02 1.413091621472e-03 -8.647669176185e-02
4.711316657215e-02 -2.704398724957e-04 -1.717629257123e-02
1.383309738338e-01 -5.646768893333e-02 -7.517764938992e-02
-6.500656093978e-02 -1.931896615881e-01 -7.028670258824e-02
2.076512616639e-03 3.348380582798e-03 -3.219303697681e-03
Mode 24
1.347638598966e-02 8.902947093524e-02 4.118703457101e-02
-1.932921913607e-01 -1.984408761852e-01 4.661733015117e-02
-2.327721446815e-01 -1.894724857236e-01 -1.282016024377e-01
1.797045233992e-01 9.507472691309e-03 -3.789646867250e-02
7.523152065449e-02 2.473246436932e-01 1.228902937415e-01
1.298798178305e-01 -1.445065736579e-02 7.374787631867e-02
-1.455654908879e-01 3.066603516820e-02 1.482431372439e-01
-5.485889088511e-02 5.756926381220e-03 -3.630715102400e-02
1.241436492815e-01 -1.540426091907e-01 -1.184016056073e-01
3.862123983442e-02 1.580074089824e-01 -1.743917297330e-01
-3.396863867422e-02 -4.556769288975e-01 9.806708440476e-03
6.313053877206e-02 3.119932148645e-01 1.197404636903e-01
-3.385130226266e-02 -1.277157564103e-02 -2.911776576134e-02
4.132527477030e-02 6.267399555033e-02 -7.817230783928e-03
1.356884944066e-01 2.397717290371e-02 -8.398281388033e-02
-2.838170320118e-02 -1.149123361331e-01 2.208247250556e-01
-2.869102191735e-02 -9.025805295837e-04 -5.489347666060e-02
-2.949370897750e-02 3.784153155404e-03 -5.893935551160e-02
6.046142573487e-02 -2.187676644664e-03 8.965867358634e-03
6.264042631531e-02 1.510710172871e-02 -8.582898833034e-02
-6.936188688722e-04 2.356683265923e-01 -8.788697358186e-02
-2.193706852078e-03 -6.277099225080e-03 3.776940783675e-03
Mode 25
-4.539543383414e-03 5.377472401377e-02 3.331973229401e-02
-2.694299185356e-02 -5.920668464481e-02 -7.064172609687e-02
-4.459725138779e-02 -7.564117807529e-02 -5.210586432857e-02
7.723233449856e-02 -2.419842390726e-02 -2.584195339796e-02
-6.033395085724e-02 7.723319392080e-02 2.069453661583e-02
3.709850159351e-02 -3.146621520065e-02 -1.353446437905e-01
2.570376487252e-01 -1.030701865320e-03 -4.116194095153e-01
-5.441001707483e-02 1.288296767584e-03 -8.440752299965e-02
1.828502707877e-01 -2.941550667555e-02 3.574790689922e-01
-1.609045227226e-01 5.239019224377e-02 4.284148143761e-01
-1.292791686204e-01 -1.310151409592e-01 2.354399745021e-01
-2.140428982832e-01 8.194164821591e-02 7.639312892477e-02
5.809888078664e-02 -1.990369445383e-03 1.687953210944e-02
-1.581259515258e-02 1.375755715570e-02 -2.842628890240e-01
5.842177855369e-02 1.701908475181e-02 -5.355049561987e-02
3.348339600657e-03 -2.689670350866e-02 5.960368707057e-02
1.468431675503e-02 3.042211584886e-03 6.061860229442e-02
1.175443839865e-02 -2.137594385042e-03 5.850196145918e-02
-1.493948280715e-01 2.543524032349e-03 -5.894165522548e-02
3.323066894165e-02 2.853237066609e-02 1.395995103960e-01
-6.256491072474e-02 8.615924833823e-02 9.533632033751e-02
-1.125186462166e-03 6.159173967283e-04 1.403539873114e-03
Mode 26
7.255230867529e-02 -1.757572164660e-01 -1.428388685538e-01
-2.050592787266e-01 2.469433073118e-01 3.682638076304e-01
-5.544345275575e-02 4.851225701598e-02 -1.489785335244e-01
-9.443996599486e-02 4.065182586873e-03 1.126591901589e-01
1.416016661009e-01 -1.327094725025e-01 -3.280803138606e-01
1.526253164223e-01 1.069470122050e-01 1.006206546386e-02
-6.428186358446e-02 -1.305098950861e-02 1.011160804423e-01
6.387716142461e-02 -1.959822084439e-03 5.049098079640e-02
2.777756311728e-01 -3.041163739974e-02 1.270079667668e-01
-2.305282179087e-01 7.103056457958e-02 1.348960364761e-01
-9.527221578143e-02 -1.036386331513e-01 -1.538125470917e-01
-1.051716749841e-01 7.440840049651e-02 -3.721162112575e-01
5.829911205333e-02 4.676313693059e-04 3.716556233794e-02
-1.926795872703e-02 8.574354365589e-03 1.075967173080e-01
-5.024364892215e-02 6.356323298093e-02 1.005403274550e-01
-6.635090813707e-02 5.360834892152e-02 6.574180275442e-02
4.776105424068e-03 1.382192253109e-04 -1.536329612395e-02
1.103011040192e-02 1.551320657685e-03 -1.237749135230e-02
5.977824098137e-02 -2.988036811245e-03 2.506398068045e-02
1.249856925559e-01 -8.843143722295e-02 -5.335778668228e-02
-9.356040760126e-02 1.550913511773e-02 -1.907299028447e-04
-7.097440816578e-05 8.982247205807e-04 1.594986008965e-03
Mode 27
-9.178965278112e-03 5.450394514597e-02 1.999532244773e-02
-1.033026412526e-01 -2.389637912100e-01 1.449693705133e-01
-7.138307745578e-02 -4.119414962656e-02 -9.082174007473e-02
8.809605112275e-02 2.956516084211e-02 -3.836841773350e-02
4.332463403118e-02 5.504076076446e-01 -1.401443598297e-01
3.696498390789e-02 -3.610816647632e-01 9.844817387225e-03
-2.996099497267e-02 5.063517343629e-02 4.413559467246e-02
3.055426688615e-02 5.918955591167e-03 2.667927045714e-02
1.021197524439e-01 6.863544978310e-02 3.078813650900e-02
-7.116358065198e-02 -1.955508643449e-01 4.387573622036e-02
-1.910829853170e-02 3.187361281783e-01 -7.788341361030e-02
-3.704664817182e-02 -3.340603270808e-01 -1.237766109354e-01
1.898145914908e-02 1.138629781480e-02 1.344344780853e-02
-1.061887056434e-02 -2.766094251506e-02 5.379863493371e-02
-1.103069768731e-02 -6.067511566001e-02 3.263706154398e-02
-2.887365278454e-02 -9.326620209820e-02 6.544572305445e-02
1.423809397717e-02 -3.964249016743e-03 2.448689168625e-04
-5.555013598300e-03 -2.710626580856e-03 -9.458518717020e-03
2.643190481019e-02 6.781583856002e-03 1.206522204332e-02
5.135208380174e-02 3.038029604592e-01 -3.301092042407e-02
-2.970131664540e-02 1.548799299138e-02 -7.886933279826e-03
3.358895193515e-04 2.349586842908e-03 -9.901203016374e-04
Mode 28
9.858194549616e-02 -2.089903395638e-01 -1.675889044876e-01
-1.927164842697e-01 5.579857304917e-01 2.286286709512e-01
4.593990353169e-02 -1.503549546214e-01 -1.744791791933e-01
1.058028090906e-01 -2.367402678655e-01 3.800240179424e-02
-6.817643752489e-03 1.727147523225e-01 1.842237364058e-01
-4.810781404156e-02 -3.069724706229e-02 2.843908142439e-02
5.902495123348e-02 -4.594454641367e-03 -8.223517622916e-02
-6.190296206649e-02 1.102490180839e-03 -5.408841144719e-02
-1.647569454381e-01 -5.064191799834e-02 -5.645945978135e-02
7.977688553928e-02 -8.540770151377e-02 -5.080353406999e-02
1.902218442655e-02 8.861346088391e-02 1.151201149781e-01
7.905389246973e-02 -5.881008134394e-02 2.571734666782e-01
-3.565757753604e-02 4.984861889666e-04 -2.536195832435e-02
1.207476392647e-02 -8.696943465277e-03 -6.203755412974e-02
2.642642900342e-02 2.136187720623e-01 2.321979443826e-02
-5.224698177842e-02 2.293437314684e-01 7.879458904292e-02
-9.058173034556e-03 2.047755989427e-04 4.968774392924e-03
-1.291556146549e-02 -1.606867197274e-03 5.299731380848e-03
-4.973825614607e-02 7.059773236165e-03 -2.413919388911e-02
-6.624768611580e-02 1.750543772595e-01 2.028355658098e-02
3.973011161843e-02 8.792006092003e-02 2.402520292845e-05
-9.619089034798e-05 -5.982379388498e-04 -1.413954023533e-03
Mode 29
-1.547220457545e-02 2.225801658695e-02 2.497448581430e-02
5.591058388664e-02 -4.731148763677e-02 -6.815864509794e-02
2.704590148503e-03 3.979073663442e-02 6.357309503856e-02
-4.771009601433e-02 4.542676134269e-02 2.171198212671e-03
-1.485544363295e-03 -1.853624500302e-01 -2.401557235517e-02
8.049936332366e-03 3.839835918711e-01 -1.708221971497e-02
-1.433457816229e-02 -9.325843824905e-02 1.703409760517e-02
1.380432216379e-02 -8.687645664830e-03 1.305612311826e-02
2.296777281547e-02 -3.834233172014e-01 1.576812359463e-02
-1.287258048712e-02 -2.164062056507e-01 1.776373041142e-02
-4.064571744266e-03 1.375149994930e-01 -2.872452255688e-02
-1.836089927949e-02 4.200849092294e-02 -5.196134185184e-02
6.321567052485e-03 -4.782418893916e-04 4.274692132055e-03
-1.574020350023e-03 -2.777772262675e-02 2.102802313782e-02
-5.125839079388e-03 -2.823844220149e-02 -8.837575540961e-03
1.487678399653e-02 -2.326189205293e-02 -2.978709023113e-02
-7.754326820645e-04 -3.193665985191e-03 -8.454194432050e-03
5.767411962123e-03 -2.650780877281e-03 7.973237598401e-03
1.015950150537e-02 2.742411439015e-02 4.746512662017e-03
2.409024463019e-02 5.940694388965e-01 -2.712996739805e-02
9.194384725717e-03 4.547245589250e-01 -2.535414465833e-02
2.184627070108e-04 1.583510532209e-03 -1.269505073969e-03
Mode 30
-1.255228377138e-02 -1.417204383607e-02 -1.923778066265e-02
1.262270675150e-01 7.950922050880e-02 1.564360641350e-02
-4.841082748527e-02 -7.031122726152e-02 -5.926331556063e-02
6.050323993742e-02 -2.820740479962e-02 -1.158388398778e-02
-2.957989550331e-01 2.946237807342e-02 -9.243549563083e-02
-9.965548317693e-02 -6.470246063616e-03 -1.627949125868e-01
-1.804195576770e-01 8.772978696431e-03 1.950905370510e-01
1.649514789170e-01 -1.231925511918e-03 1.491108233850e-01
2.511568038590e-01 -5.466832857271e-03 -4.328797214290e-02
3.584333230292e-01 -9.049143957736e-03 -1.510999641537e-01
-7.374386690447e-02 1.305482200990e-03 3.703346290306e-01
-4.748808501205e-01 -2.045311198448e-03 -4.745311836583e-02
7.174633674833e-02 3.114778373599e-03 4.114978368685e-02
1.278314958438e-02 4.651547284904e-03 -1.448805965478e-01
-7.567418315919e-02 5.169485714914e-02 6.294136652070e-02
1.883724654639e-02 3.265142797756e-02 -1.287081147920e-01
3.136313708405e-02 -2.043257288156e-03 -2.244922594863e-03
3.265094702426e-02 1.185150188281e-03 -1.524204254241e-03
1.240899596868e-01 -1.123977657012e-03 6.377833865750e-02
2.620974219454e-02 5.746626348436e-03 9.383116837504e-02
1.882588900941e-02 -1.440385972056e-02 -1.764794569178e-01
-1.075173238102e-03 -1.484243189554e-03 -2.955204669252e-04
Mode 31
-7.881470072280e-02 1.497976576126e-02 -3.864501610624e-02
3.971723680141e-01 -8.805515989654e-02 2.506895241352e-01
-2.941146845790e-01 -4.034550210805e-02 -4.032682120045e-01
2.875070314091e-02 1.120047383033e-01 7.743579100135e-02
2.657536382330e-03 -3.422417986369e-02 8.383640041061e-02
6.489889099181e-02 1.956917409277e-02 8.519160130003e-02
6.866595053808e-02 -7.152442405118e-03 -4.553289985944e-02
-7.899574086307e-02 7.101848328685e-04 -5.992021023458e-02
2.631741720582e-02 -9.661028944810e-03 -2.976875173776e-03
-7.900412433206e-02 5.741271431693e-03 -1.616261271444e-03
-2.014542721039e-02 -5.340500349361e-03 1.809445711722e-02
1.648551183303e-01 1.741901049271e-02 1.814482579407e-01
-2.816226896899e-02 -1.220068709899e-03 -1.856214013989e-02
6.521122354226e-03 3.094923689894e-04 -1.211082420869e-02
-3.173506861062e-01 9.659825932817e-02 3.030015018589e-01
4.915447552509e-02 -1.320970683774e-01 -3.990830680731e-01
-1.795177146677e-02 1.326476682768e-04 -8.338128123667e-03
-1.715387014372e-02 7.565159707426e-04 -7.640719134137e-03
-3.775646774504e-02 1.089300325435e-03 -2.141562894847e-02
2.782324354790e-02 2.949043025593e-03 -4.246856062705e-02
-3.106070014331e-02 1.761074768154e-03 -1.158853822052e-02
-5.278872325071e-05 -3.617355057214e-04 -1.539258254525e-04
Mode 32
-1.442970414448e-03 -6.873223863346e-04 -2.418257600157e-04
1.143130247925e-02 7.524799742315e-03 -6.612661007785e-03
-7.736523870746e-03 -4.511010548803e-03 6.895369185913e-03
-7.954875678744e-04 2.803029129930e-03 1.429620018320e-04
-7.489944086936e-03 -1.310834408028e-02 6.092948548990e-03
-3.078908578457e-03 -4.667022841140e-02 -1.429736140187e-03
-5.459715863605e-03 1.819842687461e-02 1.731235360116e-03
3.380850293236e-03 -3.122571325383e-04 3.060039362048e-03
1.271893185534e-02 3.121571093975e-01 -2.097453192332e-02
-5.870616538365e-03 -4.162689567216e-01 2.261485123716e-02
-2.645962441268e-03 9.125238521366e-02 -7.104063505849e-03
1.077714568300e-03 1.259915970258e-02 -7.412063033468e-04
5.183354874615e-05 -6.805129105957e-04 -2.335184463248e-04
7.082190035423e-04 -1.680080625831e-02 5.068778167127e-03
-2.930568975471e-03 5.030175800032e-03 1.436600960592e-03
2.704829773409e-03 -1.379960141932e-03 -7.445669849195e-03
-4.033773725028e-03 1.715976762738e-03 -4.445982050614e-03
4.431344564357e-03 1.399662230309e-03 3.694733277404e-03
2.630137543117e-03 -1.131432821643e-02 1.555115230694e-03
-4.676838511167e-03 -4.805287390746e-01 8.398740879741e-03
2.415179559782e-02 6.950152481066e-01 -3.353187072034e-02
3.783718530022e-05 6.398643293407e-04 -6.009484093719e-04
Mode 33
5.172012414527e-03 3.013770716807e-02 1.588331214501e-02
-1.374154435040e-01 -2.060964834815e-01 1.499856047959e-01
2.027219293991e-01 2.406746046512e-01 -3.349619909585e-01
-9.538576107973e-02 2.433286419311e-02 8.281867120077e-02
3.397999165795e-01 -8.763206186205e-02 -1.133578386670e-01
7.747189268885e-02 2.692424486992e-02 1.811722941888e-01
2.037600269977e-01 -9.647997491825e-03 7.941579329419e-02
-1.921163846429e-01 3.044193640511e-03 -1.376883125685e-01
-2.934225950716e-01 6.065533087241e-03 -7.182836862313e-02
1.982440382920e-01 -1.828616513655e-02 -8.283877803325e-02
-4.074164220362e-02 1.666967294666e-02 3.262582972925e-01
-2.780076020303e-01 1.620105442504e-02 -6.253880460340e-02
2.037009677861e-02 -8.866345351089e-04 5.675528989130e-03
2.611510053369e-03 2.271336324022e-03 -6.767137385922e-02
7.617570986916e-03 -1.586257505983e-01 1.645510937451e-02
-3.576568303430e-02 -6.052997929253e-02 9.671925576519e-02
-3.821567737055e-02 -1.156720247184e-03 -1.465190906077e-02
-4.151786253169e-02 1.059984104587e-03 -1.579110997652e-02
-6.405694189175e-02 -1.910698107604e-04 -4.179398790957e-02
-1.265486444634e-01 -3.793643876847e-03 6.002827955998e-02
7.776649895914e-02 1.305580082482e-02 5.808505448419e-03
-7.451522431341e-04 -1.601466607469e-03 -9.028697137167e-04
Mode 34
-8.306027200517e-03 -1.693057224546e-02 -1.162335571557e-02
8.748007028866e-02 1.202732478571e-01 -9.355300438474e-02
-1.396569078839e-01 -1.584394593424e-01 2.182178396621e-01
5.203792558624e-02 -5.371840095637e-04 -4.866867149932e-02
-1.390035777954e-01 5.600843074354e-02 6.004355518035e-02
3.095048380999e-02 -7.829746076024e-03 2.356484195192e-01
4.545591177543e-01 -2.289159582297e-03 2.466575436033e-01
-4.107792699608e-01 6.544690528311e-03 -2.361090915372e-01
8.778322566466e-02 7.027782178737e-04 6.784336059265e-02
1.345364565054e-01 -3.823776475328e-03 -7.958914858771e-02
5.886817604226e-03 -9.589577814973e-03 -2.645333599980e-01
-2.796152965365e-01 -1.709187622727e-02 -2.110857867627e-01
3.177107813696e-02 2.484144703214e-03 1.758719576732e-02
-2.052991052337e-03 -1.552498619991e-03 6.024227429623e-02
-1.601531748278e-02 1.419871439687e-01 -7.780747609960e-04
2.324911622120e-02 -1.429763887171e-02 -5.608382858114e-02
-8.339254289858e-02 -9.745572015598e-03 -5.046841634120e-02
-8.632613277917e-02 1.068240192359e-02 -5.271229597663e-02
-6.583244874439e-02 -4.744946564916e-04 -5.215518789197e-02
4.485140398358e-02 6.299083427813e-05 -9.183161265874e-03
8.445945016088e-02 -5.138421969079e-03 3.609232311754e-02
5.650571484864e-04 1.457689490938e-03 1.145383329313e-03
Mode 35
5.342026516281e-02 1.061051231713e-02 3.781781095474e-02
5.730125806064e-03 -2.884492519584e-02 9.890869050109e-03
-3.429414837815e-02 8.926002546863e-03 -1.782314190952e-01
2.224542053754e-03 2.801500029223e-02 2.230977933215e-02
-2.186261874718e-01 -1.509829612078e-02 -2.594338978101e-03
-1.067910893271e-01 1.157559673099e-02 5.691074970922e-02
1.378356756137e-01 -2.372786687358e-03 9.812861553989e-02
-1.014935525461e-01 8.368000558201e-04 -7.634490837188e-02
1.682986586100e-01 2.337513046868e-03 9.604524785828e-02
-3.983498217960e-02 -3.707010658474e-03 -7.794354359565e-02
-2.870285242849e-02 -1.034708721306e-03 -3.185282649014e-02
1.813637074340e-01 1.089996980820e-03 4.509247367121e-02
-1.123967221416e-02 -2.528110316835e-04 -2.810041766357e-03
4.695760536172e-03 -2.073176163526e-04 7.863680924379e-03
1.343834809329e-02 -6.098506631483e-01 -2.625391710226e-02
3.356342596604e-03 5.331867505010e-01 3.866856423256e-02
-1.524825540696e-02 4.200230714436e-04 5.049976440188e-03
-1.572560520498e-02 2.836608856354e-05 4.307573633896e-03
-3.573962852074e-02 6.781566686876e-04 -2.282267408794e-02
2.133304400491e-02 -8.470346833342e-06 9.478295599003e-02
-1.707405939180e-01 -2.292928401908e-03 -2.665354647848e-01
9.400451690880e-05 -6.259221099225e-05 -3.176115704695e-05
Mode 36
-1.657732995468e-02 1.758855961937e-03 -1.015646915594e-02
-3.614922661032e-02 -2.947949199676e-02 2.734760849850e-02
9.013877448887e-02 6.581403084760e-02 -2.170131338919e-02
-1.450484246675e-02 -2.212724503453e-02 6.966331076226e-03
1.248235863941e-01 -1.193125323369e-02 5.389799661598e-02
-5.236092020418e-02 3.928725651843e-03 -3.910062196863e-03
-5.950261329425e-02 1.353931253656e-03 1.058215391473e-03
7.711219541450e-02 -4.810008494718e-03 -7.743856241397e-02
7.510376873257e-02 1.149048467381e-02 2.667543672005e-01
9.670983648486e-02 -1.196082867005e-02 -2.090811390333e-01
-2.043040477860e-01 -9.499265419202e-03 -3.128579450852e-01
3.729057530047e-02 4.731989733681e-03 7.666673200801e-02
-2.378809518701e-04 -3.584294013283e-04 -7.648045896992e-03
1.301564687101e-02 -1.124634240578e-03 6.031128557103e-02
1.400718438035e-03 1.772610900198e-01 9.156341757786e-03
-9.713596612704e-03 -1.966482133568e-01 9.322439341855e-03
2.789415142674e-02 2.180711313891e-02 7.894969805571e-02
3.148659777706e-02 -1.901599091841e-02 8.176110405140e-02
-8.748594031229e-02 2.494008687475e-03 -5.198326785725e-02
-2.377209173459e-01 2.263076337247e-02 6.252102907090e-01
-1.342159703595e-01 -3.683920035613e-03 -3.207991657750e-01
7.612174175405e-04 9.989451346116e-04 1.105819419331e-03
Mode 37
-7.793653133973e-04 -1.746154696324e-04 -3.973637017787e-04
-8.009841652856e-04 5.156647939755e-04 -8.386534775768e-04
3.561212108111e-03 1.366679706082e-03 4.094981659363e-03
8.933176715826e-04 -2.739312977437e-03 -1.384093844767e-03
-4.385811203188e-03 3.282099601983e-03 -4.583683302613e-03
-4.551470400657e-03 3.199446655365e-03 -1.093628544687e-03
-2.254819101664e-03 -2.233890152714e-01 5.781044486864e-03
6.237765037724e-03 4.293336639524e-01 -6.536978080785e-03
2.026263927760e-03 -1.431102563327e-03 1.035974282288e-03
-4.962803352982e-03 -1.921093735700e-03 -6.580491930587e-04
3.298891253350e-03 2.634184041727e-04 9.096161574526e-03
1.041524048864e-02 1.897262526650e-03 -1.369950576492e-03
-7.132858602964e-04 -1.686596620805e-04 -8.621535298989e-05
-1.285258814551e-04 -1.730841790897e-04 -1.330281220118e-03
-9.020316775869e-05 7.911786690110e-03 1.143971955070e-04
-1.398037951227e-05 -8.269944400851e-03 1.028796706016e-03
5.103303268624e-01 -1.661178841613e-01 2.351338504796e-01
-5.182770414681e-01 -1.512148042523e-01 -2.323145146773e-01
-2.180530769236e-03 -2.755126999912e-01 6.194843502838e-03
4.132939871657e-04 -1.105677447349e-02 4.347036528694e-04
-1.031689637619e-02 2.978001007816e-03 -1.375410285012e-02
-1.526037576667e-05 -4.217367157744e-05 -5.809160777479e-05
Mode 38
1.833830251815e-02 6.186659980015e-03 1.147034793867e-02
2.950241016497e-02 -2.552268725792e-02 3.165329951552e-02
-6.209253091008e-02 -8.600434638613e-03 -1.593387813521e-01
7.469450543619e-04 3.081246459368e-02 2.787597559746e-02
4.034531388741e-02 -9.498976170297e-03 1.683816037154e-01
1.386781685166e-01 1.940788228171e-03 4.625814136390e-04
-1.799208940688e-01 -5.678762335184e-03 -1.534757391063e-01
1.437335646887e-01 9.284380902695e-03 6.799546741465e-02
6.638666812975e-03 -1.304299905856e-03 5.077547802168e-02
1.597228798311e-01 -1.912227527141e-03 -3.392420441356e-02
-1.137769535823e-01 -1.586755851652e-02 -4.414812442340e-01
-3.500407207562e-01 1.023185975884e-02 1.612828948431e-01
2.276690801416e-02 9.308220699184e-04 1.627516043174e-03
6.383304394478e-03 -2.664727818874e-03 6.625741248752e-02
-1.014111385516e-02 -2.344047017439e-01 9.874740367277e-03
4.530139263656e-03 2.221749165377e-01 -9.178683900137e-03
3.596838292960e-02 1.405402950912e-03 1.453093192230e-02
8.759809870206e-03 -1.033135811653e-02 2.504793824528e-03
6.515369147525e-03 -7.412268032789e-03 8.757392579039e-03
-2.680193227431e-02 4.587566752896e-04 7.639302634334e-02
3.596674381637e-01 9.341637286148e-03 4.492203206253e-01
1.073642193062e-03 2.239284612061e-03 1.800440603532e-03
Mode 39
1.909000273618e-04 -1.191524806919e-03 1.372622702394e-04
1.034004334543e-02 1.484073026222e-02 -1.098710340918e-02
-1.690192607379e-02 -1.812596283094e-02 2.448119484936e-02
4.117420205514e-03 3.010222351014e-03 -3.789689634734e-03
2.423256023323e-02 5.011037918564e-03 2.475176592862e-02
-9.046967189081e-02 4.135942795606e-03 1.795581792862e-01
-1.874015099915e-01 4.708257213060e-03 1.231486989852e-01
2.566833667034e-01 -8.872418511884e-03 -3.380513226618e-01
6.067209784559e-02 -1.511252463609e-03 -3.450788481766e-02
6.024219950574e-02 -4.695920715614e-04 -6.972732039767e-03
-1.232853780692e-02 7.358545336488e-04 4.080626686914e-02
-2.892698521366e-02 -3.713978695670e-03 -6.890239386769e-02
2.786039127736e-03 2.593268845659e-04 1.914990483327e-03
-1.021900156047e-04 7.364794119136e-04 -5.425461319064e-03
-3.455081281194e-03 -2.805263655337e-03 1.775006975316e-04
3.576480509468e-03 2.912579121103e-03 2.073799515593e-04
1.063574141714e-01 8.959080736460e-02 3.408549664623e-01
9.761443595101e-02 -8.440342032557e-02 3.415763227329e-01
-5.521128590809e-01 6.714520574270e-03 -2.633660616502e-01
1.267624548289e-01 -9.864619096081e-03 -2.245679396629e-01
1.795482310195e-02 -3.858338353016e-03 -3.229468650732e-03
-8.018139424052e-05 -6.861848324137e-05 4.720100807765e-05
Mode 40
-1.933315491816e-02 1.823526087584e-02 1.233027625054e-02
-1.256899142515e-01 2.995127037714e-02 7.372664703919e-02
3.983484146744e-01 2.719416193206e-01 -2.829646048512e-01
5.601596425318e-03 -1.429725940853e-01 2.058901472969e-02
-4.017025393368e-01 -3.404929491747e-02 1.214792975628e-01
-2.345983351425e-01 1.989384026951e-02 1.159134700990e-03
9.574943580320e-02 -3.599405042989e-03 4.379174547847e-02
-5.525151312965e-02 -8.417365320632e-04 8.678395168332e-03
2.281555655022e-01 -4.029546408192e-03 2.445392441813e-02
3.734997059666e-02 1.205962063985e-03 1.437214846060e-02
-3.619627761668e-02 -5.750636507869e-03 -1.852166970014e-01
4.521005214602e-02 9.952849502363e-03 1.393723646637e-01
-3.860085483482e-03 -6.123897168368e-04 -4.684153578935e-04
4.300498717373e-03 -1.250542471294e-03 2.057994937166e-02
3.715312146927e-02 -7.067745420838e-02 -1.895053460815e-02
-3.226462055263e-02 -4.378794014956e-01 4.932857475414e-02
-1.929542186675e-02 -5.322112789649e-03 -2.733153827399e-02
-1.359007836975e-02 6.890196852051e-03 -2.420302187531e-02
8.462396471309e-03 6.787688534107e-04 9.639981183305e-03
1.751942799256e-01 -1.229460530001e-02 -2.061001682590e-01
5.548767268114e-02 1.306506926251e-03 6.356739897296e-02
5.071086593538e-04 8.250664663429e-04 4.479853036595e-04
Mode 41
-2.232373406113e-02 4.180352254303e-03 4.826459141135e-02
6.187081360643e-02 4.826242653123e-01 -6.483043973901e-02
-1.801161296976e-01 -1.442353827768e-01 6.867656077257e-02
4.953513623410e-02 -4.267173460166e-02 -4.199766705345e-03
1.314294962276e-01 4.047424777120e-02 -4.154781837671e-02
9.147031953255e-02 -1.169452649744e-02 1.910652128914e-02
-3.767866649290e-02 2.919283854756e-03 -3.332984155479e-02
2.394098674115e-02 -1.141843974826e-05 6.294001261669e-03
-7.732269333834e-02 4.991866520745e-04 -3.943396204646e-03
-1.042642625428e-02 4.286746201074e-05 -1.136261885339e-02
1.508595752170e-02 4.548097872458e-04 5.697134418749e-02
-2.108131182973e-02 -6.219561688306e-03 -4.125507744212e-02
1.197806612637e-03 5.479631921833e-04 1.557439456697e-04
-1.223465288498e-03 3.489930578385e-04 -5.870790373041e-03
1.410221707336e-02 -5.941114198051e-01 -4.313297156114e-02
1.347919072682e-02 -5.297542067201e-01 -6.806790754022e-02
4.848906814958e-03 1.285537174367e-03 3.091255975167e-03
3.103919614924e-03 -1.552115719410e-03 5.973349107722e-04
5.213183486528e-04 7.684477074596e-04 -3.442887435642e-04
-5.831222389977e-02 6.014380150906e-03 6.909567632281e-02
-1.532154956487e-02 -1.218554465482e-03 -1.945063013473e-02
-1.520190369499e-04 -2.436146792490e-04 -2.759749973187e-04
Mode 42
7.784518570149e-05 -5.013011407760e-04 2.928591449875e-03
3.165705576756e-03 1.229669120015e-02 8.909253160881e-03
-3.883361960886e-02 -1.135173347083e-02 7.482871352059e-03
-2.241243447021e-03 5.787714472437e-03 5.861519198438e-03
1.223571316098e-01 2.720358391956e-03 3.196853331175e-02
-1.629275905428e-01 -9.547293982161e-03 -4.123523791281e-01
9.409214959734e-02 4.473399138656e-03 3.537189477295e-01
-1.399506371839e-01 2.361039525788e-03 -1.377726160047e-01
1.570557802569e-01 -1.381164593873e-02 -2.812570634435e-01
2.613365766890e-02 8.435083236267e-03 1.787795429832e-01
-4.047570452065e-01 9.022322762129e-03 9.854893510247e-02
2.841271572182e-01 -8.028147007575e-03 -7.860671778572e-02
-1.112161785972e-02 -4.024001695898e-04 -6.806553093476e-03
5.116751355979e-03 3.083705536944e-03 -1.317243056812e-02
1.368243260160e-02 -3.159738886749e-02 -6.158742807299e-03
-2.894748884796e-03 4.503953069773e-03 -2.747901171722e-02
3.243480946931e-02 -2.037032296065e-04 1.128279647215e-01
2.971987319482e-02 1.640743951454e-03 1.123177407749e-01
7.005457822642e-02 -2.826969901955e-03 -4.669129740390e-03
-9.081705131886e-02 9.638672220880e-03 1.967291947091e-01
1.800642585283e-01 4.190102271983e-03 3.184108885786e-01
7.833320509841e-05 -7.015206653474e-04 -7.904730519344e-05
Mode 43
-1.325902445881e-03 2.285080632910e-03 8.250138392783e-04
-2.647935361882e-02 -1.535864036599e-02 1.975062490739e-02
5.604139972223e-02 4.607855293824e-02 -4.268319619760e-02
-6.161540566394e-05 -2.244823130790e-02 4.957777143986e-04
-2.236608138213e-01 -8.463566381518e-03 -1.616684463407e-01
3.722488819870e-01 -1.069775530690e-02 -3.343537356615e-01
5.244924087358e-03 4.234360236925e-03 3.226299032950e-01
-6.337869388503e-02 -1.878368934396e-03 -1.684716654375e-01
-7.277576025231e-02 7.119477362488e-04 2.174977745930e-02
-3.362072757433e-01 -2.231209862251e-03 -1.067128701739e-01
4.615137631760e-01 -1.377354735151e-03 -1.005517036944e-02
-1.447928093590e-01 1.637904764467e-02 2.654333441170e-01
-8.635256844994e-04 -3.028350059426e-04 2.543517996330e-03
-7.587523328428e-03 -3.044023035300e-03 1.408604640836e-03
2.574444001622e-02 5.484714067034e-03 -1.250889647601e-02
-1.036579181367e-02 -2.838097451430e-02 -1.571888428185e-02
3.322368095937e-02 2.056165488283e-02 1.385897297830e-01
3.335761227741e-02 -1.721142510127e-02 1.390116019778e-01
-8.867171001925e-03 6.854833405269e-04 -4.255958820096e-02
-1.008072734724e-01 8.366282445424e-03 1.553776125883e-01
-1.110177494203e-02 1.364329379934e-02 1.127687090777e-01
-9.420176278406e-05 -2.968091733344e-04 -9.670120999162e-04
Mode 44
-7.655894781777e-03 1.556028832456e-02 1.681335771675e-02
-1.111887323225e-01 -5.711786988239e-02 2.374949299846e-01
-5.419566617807e-03 -2.074413492703e-03 -9.339744929825e-03
-4.476252650593e-03 2.090560623325e-02 6.529793919237e-03
4.362667561145e-02 -1.101275979235e-03 1.205627720116e-01
-2.030860626574e-02 -7.451796527037e-04 -2.843745135637e-02
-4.724114556633e-03 1.874106226078e-03 -5.252869305692e-03
8.032104479336e-04 -5.101539825248e-05 9.770016096345e-04
-2.088334082781e-02 -4.562285246907e-04 -3.252691697651e-02
1.931241814003e-02 3.243350680905e-03 7.743514594291e-02
5.349013630848e-02 -2.764754939955e-03 -4.175695815841e-02
-5.415222907007e-02 -9.533956315212e-04 -6.516615344214e-02
2.205061469637e-03 1.284715362180e-04 7.194333533024e-04
-3.144921473660e-03 -3.915872376996e-04 3.932676369325e-03
5.881176334043e-01 1.090766228148e-03 -2.739235013302e-01
-1.208823513738e-01 3.095517828795e-02 -6.666419039520e-01
-1.387868503033e-03 1.435858430743e-03 3.379557887043e-03
-3.575222872959e-03 -1.824218508671e-03 -1.062897352853e-03
3.010346035746e-03 1.671256725837e-03 1.076863009690e-03
-2.512512293883e-03 -1.324887791258e-03 -2.078780864151e-02
-5.648224013760e-02 -2.486423321658e-03 -6.906931335139e-02
3.616728273358e-05 2.256653051509e-04 -1.162514852426e-05
Mode 45
2.199439489431e-03 1.190563430351e-03 -2.292890809100e-03
3.477272990920e-02 -1.090293720374e-03 -2.301975022116e-02
2.236030815752e-02 2.280073215663e-02 -1.393511194723e-01
6.626479776807e-03 -5.576243580144e-03 2.038794067602e-02
1.078674968483e-01 3.944700652173e-03 5.414686559795e-01
-3.835482880480e-02 -1.129952784165e-03 -1.573031449046e-01
-6.123437146200e-02 3.725218778757e-04 1.747659008166e-02
-4.856266668235e-02 1.234822086583e-03 -5.072522153303e-02
-4.021176139284e-02 -8.388271250696e-03 -2.594601566500e-01
2.211331931130e-02 1.839495085118e-02 3.762271938873e-01
2.722538977976e-01 -1.301531471696e-02 -1.710128534903e-01
-2.270569326671e-01 -8.726782503448e-03 -2.518619166459e-01
7.380212448860e-03 6.929509457523e-04 3.911824871496e-03
-1.465645220498e-02 -1.730010018751e-03 1.274956585680e-02
-1.304797465002e-01 -3.570983790364e-02 6.978843558884e-02
2.620294484559e-02 4.039768376279e-03 1.311985279641e-01
4.980817283598e-02 -9.091921748717e-03 1.055181306610e-01
4.997003580110e-02 9.993854976852e-03 1.086298692712e-01
1.547829970842e-01 -5.262719595645e-03 3.289094575338e-02
-6.158132200909e-02 2.930197601161e-04 7.301896676130e-03
-2.314029854023e-01 -9.750458260206e-03 -2.347398696411e-01
1.138961268370e-04 1.031802104211e-03 1.154248001242e-04
Mode 46
1.322349822739e-04 1.999687564930e-03 -3.775870909796e-04
-3.551962143326e-03 -9.501997875830e-03 8.768036431246e-04
5.427021988406e-02 2.196009839426e-02 -4.243955923603e-02
7.662177570340e-03 -1.301937404867e-02 -1.704781353801e-03
-1.953953876150e-01 5.676669710811e-03 1.782166386827e-01
1.451830036966e-01 2.870662951844e-03 1.227159279004e-01
2.274526960528e-03 -9.482331569991e-04 2.075178551603e-02
2.367149720346e-01 -4.748453836075e-03 1.232030638096e-01
1.200881207804e-01 -1.273499075853e-02 -2.851762559649e-01
-1.600422361145e-01 5.421120048423e-03 4.011897063438e-02
6.539828207805e-02 3.488019693605e-03 1.133423239982e-01
5.282116151034e-02 -1.143335110487e-02 -2.350950485973e-01
6.274060342527e-05 2.459483422278e-04 5.648875342650e-03
-4.826547632513e-03 7.101097191883e-04 -8.278073445962e-03
-4.389317491041e-03 5.481907790170e-03 2.207324369254e-03
2.513275590007e-04 -6.077607921964e-03 9.878695183226e-03
-2.943963770763e-01 1.677897988500e-01 -2.366000419185e-01
-3.035339524935e-01 -1.618028722732e-01 -2.427088204901e-01
-3.713547276535e-01 1.416871841931e-02 -8.362227310039e-02
-1.465878790554e-01 1.266219244900e-02 2.927585987361e-01
2.192690237534e-02 5.138378012610e-03 1.298367195000e-01
-3.058830565171e-04 -2.227685499951e-04 -2.259838587336e-04
Mode 47
-1.789175559217e-05 9.063842788166e-05 1.045930676052e-04
-2.474646103749e-04 3.685591773293e-04 7.589687971260e-04
-6.558512658273e-04 1.550541810309e-04 4.393238596482e-04
3.564262704481e-04 -1.835932702331e-04 -1.106249485195e-05
-1.330065252327e-03 -8.948017831665e-04 -1.082744075181e-03
1.819834291254e-03 1.789597314177e-03 7.528921934864e-04
2.259375900287e-03 4.680128736983e-02 -1.273235334027e-03
8.750636376309e-03 1.780394544825e-01 -3.155044037581e-03
-2.586157921177e-04 -2.881881636052e-03 -4.014706520304e-04
-8.331078474602e-04 -1.729101784337e-03 -3.150207751894e-04
3.770071828981e-05 1.009823174543e-03 9.930228195486e-04
6.461959909915e-04 -4.574251820331e-04 -1.274988936799e-04
-9.822582035599e-06 4.217698160251e-05 1.785682488161e-05
-2.856232434450e-06 1.309525263893e-04 -2.293659895189e-04
2.313859181189e-03 -1.150763404327e-03 -1.303925493811e-03
-3.939503378554e-04 -1.915171904702e-04 -2.667648033080e-03
-6.091963787865e-02 -5.820922792896e-02 -4.822876551707e-01
3.669847352793e-02 -6.072357993680e-02 4.860287578735e-01
-1.500872710080e-02 -6.957370824336e-01 1.151627659788e-02
-4.310308704058e-04 2.460541245935e-02 9.446597252579e-04
1.066831224610e-04 -1.173019042573e-03 5.822980235666e-04
4.359601583565e-06 -1.316042068763e-06 1.411745054690e-05
Mode 48
1.949353063739e-04 -1.767038435297e-04 -5.609121041207e-05
2.475248934482e-03 3.694169644632e-04 4.099875814602e-04
-3.763579055896e-03 2.632670603584e-03 -1.198952708782e-02
-8.345379043512e-05 -5.231595964849e-04 2.852551206521e-03
3.401212487817e-02 -3.728870811424e-04 3.831145328329e-02
-1.414654070952e-02 -1.987259832053e-03 -9.656325063584e-02
-2.049663011053e-02 2.783221421784e-03 1.199989202873e-01
-7.809637784690e-02 7.074865413312e-03 1.406214779121e-01
1.236230406647e-02 -1.574547358030e-03 -4.249229009742e-02
-2.238138314563e-02 1.962855372223e-03 3.858896994617e-02
4.272426737291e-02 -1.230548513572e-03 -2.077137942740e-02
-2.564087148365e-02 7.985105087237e-04 5.238464337553e-03
-7.002145582095e-05 -6.703616688514e-06 -3.637207829904e-04
-1.719269343109e-03 -3.063173785008e-04 1.461696131380e-03
-9.012306518170e-03 -3.802541083504e-03 5.242260504094e-03
1.477414435827e-03 3.657353673779e-04 7.277434078522e-03
3.761334090017e-01 -3.568159287137e-01 -3.161404717606e-01
3.912654879944e-01 3.282154651645e-01 -3.135477522777e-01
-4.500658721123e-01 -2.858843517594e-03 -8.607263652451e-02
-2.047206517675e-02 1.382453717816e-03 3.543308854343e-02
-1.762909139981e-02 3.183446454383e-04 -2.251124381551e-03
3.198012803948e-05 3.864266236871e-05 -8.902180318668e-05
Mode 49
-3.060070204761e-04 2.061294373501e-03 4.718688517175e-05
-1.251897732943e-02 -1.099071859352e-02 7.439641680371e-03
6.843105422636e-02 2.400566305749e-02 -2.205941618424e-02
8.487110445770e-03 -1.587357567884e-02 -6.304715198804e-03
-2.650985403948e-01 6.284535057181e-03 1.503318733720e-01
1.792343180169e-01 8.406703274619e-03 3.965058234282e-01
-1.177848731068e-01 -1.615125613461e-03 -2.208813355781e-01
-1.302961159767e-01 1.902276415401e-03 -8.512847557326e-02
1.128845140495e-01 -5.112712840160e-03 -1.003774059692e-01
-1.651691120064e-01 -5.988162815328e-03 -1.912664561593e-01
-8.708065161673e-03 1.074831867424e-02 2.064469181283e-01
1.196512456704e-01 -1.543764588088e-02 -3.125575614574e-01
-8.558253068751e-04 1.627255867031e-04 6.767502919805e-03
-3.293333548529e-04 1.713142059843e-03 -8.130151463543e-03
3.169454999762e-02 1.795276612602e-02 -1.588713094002e-02
-6.123956332051e-03 -9.540287896767e-03 -2.216219929176e-02
2.496636295596e-01 -1.452500705312e-01 1.644203075268e-01
2.573453666748e-01 1.392418686470e-01 1.664566342633e-01
2.510018733042e-01 -8.483370772647e-03 4.759348107963e-02
-7.853228714112e-02 9.577274635855e-03 2.138368833256e-01
9.843306232302e-02 6.397325904989e-03 1.713865936026e-01
-4.493698828562e-04 -7.966105643371e-04 -3.710448900782e-04
Mode 50
1.242420784391e-04 -5.080039672562e-04 1.902270757691e-04
8.506896565882e-03 4.956356451842e-03 2.397884319544e-03
-4.223030176191e-02 -2.232555355973e-02 1.125826873530e-02
-7.452237700516e-03 1.716397889328e-02 6.764188916097e-03
3.612426458420e-01 -3.372524476361e-03 5.580029681225e-02
-5.872900563883e-01 9.702634918723e-03 4.862626112115e-02
6.733254454325e-02 -1.190927833217e-03 -5.168962588518e-02
-4.623767525965e-03 4.919217850909e-04 2.739474812430e-02
3.138705122478e-01 -3.671013031820e-03 -2.288070673188e-02
-3.270887593910e-01 -7.037009604376e-03 -2.951319032868e-01
3.551425863676e-01 -1.420238942513e-03 8.699906385928e-02
-1.648671556657e-01 4.868924688834e-03 6.474304543126e-02
-3.720077822516e-03 -2.792530367575e-04 -3.756723031626e-03
-2.608565476037e-03 1.485660602032e-05 -7.479804351212e-04
-3.905214251506e-03 -9.406958895152e-03 4.255519101586e-03
1.608430947737e-03 8.354167539964e-03 -4.482409107915e-03
-1.742177617285e-02 8.511241981456e-03 -2.391757932359e-03
-1.753253940714e-02 -7.849669539060e-03 -1.720956056081e-03
3.428127395360e-02 -6.627794142074e-04 1.932281096269e-02
4.885246547385e-02 1.444982514217e-03 1.117452913168e-01
6.829422121500e-02 7.069827019564e-03 1.664232204933e-01
-3.204556683621e-04 -3.055077384737e-04 -4.358092845518e-04
Mode 51
-1.518183609313e-04 -1.408494509610e-03 -3.078073389292e-04
-9.059117070586e-03 2.633622869396e-03 -5.204523006684e-03
-1.026538303459e-02 -5.512823526394e-03 6.962805345243e-02
-1.892433509599e-03 -1.379033484615e-03 -1.152178742202e-02
-3.733763873205e-02 -6.467126655637e-03 -4.210085802230e-01
-7.866841427523e-02 9.175643825325e-03 3.609596800875e-01
-4.226408682323e-03 -9.454117208188e-04 -7.094677626035e-02
-3.202695726462e-02 1.010859761540e-04 -2.315236939745e-02
1.584018365359e-01 -2.311332754474e-02 -5.126603499609e-01
7.347974047823e-02 1.783796004543e-02 3.790831373400e-01
5.134471699664e-02 -1.327004542027e-02 -1.546810241745e-01
-9.588923525583e-02 1.694085611761e-02 3.720111590436e-01
2.126660177868e-03 2.012647535602e-05 -2.919278655806e-03
-2.408910444612e-03 -1.755569256042e-03 -8.151358797826e-03
1.896053502710e-02 1.454433388578e-02 -1.240451664774e-02
-3.551975082826e-03 -2.602653426057e-03 -1.088863645417e-02
3.999656111176e-02 -2.620060338923e-02 3.453384355724e-02
4.158110756326e-02 2.570049051309e-02 3.438744490709e-02
4.844703313015e-02 -1.200598356824e-03 5.654935118664e-03
-1.060564463361e-01 7.929181763996e-03 1.668121583395e-01
-9.299397091113e-02 -1.177331763912e-03 -4.739237424413e-02
3.358228916412e-04 1.148136267163e-03 5.142039391203e-04
Mode 52
3.881124817887e-04 -8.409276637439e-03 3.253694350645e-04
2.010731108578e-02 -2.868915998122e-02 2.830269624981e-03
-4.199358317025e-01 6.479628316740e-01 1.221710154371e-01
3.194383990023e-01 -5.205575425164e-01 -9.587225983490e-02
3.298789106685e-02 -2.014097296395e-02 3.673068000474e-03
1.156878693446e-02 1.914584075777e-03 7.529513963852e-03
-1.986581331444e-03 -1.852835976152e-03 -8.011180104913e-03
2.485635026047e-03 -8.077905629614e-04 9.410005784153e-04
-5.300761816071e-03 1.800921149763e-03 9.511991003761e-04
-7.748546509995e-04 -6.044509837159e-04 -2.158423114444e-03
7.787437185261e-04 2.353496022765e-03 6.371066436606e-03
-1.013025447551e-02 2.972798517733e-04 -2.140971883498e-02
1.701448707807e-03 -3.427636701924e-04 6.125691861880e-04
-2.546026559794e-04 1.150288474540e-04 1.013733737217e-04
-2.881467562924e-03 -4.568672177942e-03 1.859881743581e-03
-1.016383370964e-03 5.106881839513e-02 -1.602961068587e-02
-1.707382087861e-03 1.807900468383e-03 -5.643539751741e-04
-7.193797199088e-04 -9.229785389954e-04 -3.605726338281e-04
-8.859210912193e-04 8.684568034091e-04 7.574534458791e-05
-2.517108154669e-03 3.154351036238e-04 2.912107472644e-03
3.048400276882e-04 -1.184899744149e-04 4.634693802555e-04
-4.188988442126e-05 1.241669583256e-05 2.928856557192e-05
Mode 53
2.059838565156e-06 -4.565388932662e-05 4.029865248649e-06
-4.421834273061e-04 1.054935473970e-04 -8.370647082567e-04
8.641911197012e-04 -2.866427200727e-05 7.291384818809e-05
-2.374232822839e-04 8.217031123264e-05 5.973158103244e-05
-8.892823304538e-04 -5.743795410850e-05 -1.683295988506e-03
1.552095975600e-04 1.465522064630e-04 9.117060265371e-03
-8.561601310308e-03 -5.364155998843e-05 -9.467161519489e-03
-1.669206315729e-01 8.020113737105e-03 -1.106871171565e-02
4.936775171795e-03 -6.826425828466e-05 1.033180990310e-03
8.412035248119e-04 -8.030016720216e-05 5.513370015533e-04
-2.600158877974e-04 1.435752434034e-04 -6.827637564571e-04
8.583004072252e-05 6.830026731654e-05 4.529733695839e-04
2.189232706594e-06 -7.242091576940e-07 -1.683213197694e-05
-1.708715543086e-05 -1.526203435369e-06 1.747121433666e-04
2.305681641174e-03 2.096671713678e-04 2.961502575526e-03
-8.212313351970e-04 -1.547553470044e-04 -1.589929825546e-04
3.520639421090e-01 5.233122990232e-01 -1.396957735621e-01
3.403062029184e-01 -5.589163303864e-01 -1.267034968464e-01
-8.585342370830e-02 7.595130583260e-03 3.199257771177e-01
-1.539884022861e-02 4.242710890725e-05 -8.330185184774e-03
1.359778506307e-04 -3.699927762120e-05 -5.565809064649e-04
7.235635145432e-06 -2.479707779799e-05 -2.279730620925e-05
Mode 54
2.895543823329e-04 4.062259728334e-04 -1.066953582491e-03
-4.234683373952e-02 -1.010435473513e-02 2.259947059912e-01
8.589401871384e-04 1.178360869398e-03 -3.005521184799e-04
-6.839693773527e-05 9.110591355067e-04 1.838070057014e-04
7.939259161646e-04 -9.453789615456e-05 1.324488780987e-04
-1.368112504684e-04 1.016614854102e-04 6.645072157847e-04
1.076174281924e-03 3.003274863072e-04 -2.004590362862e-04
-1.253395679613e-03 -6.296931872364e-03 5.160906913229e-04
1.073251803947e-04 3.039876971306e-05 -4.953207422796e-05
2.639282788947e-05 -1.764599914945e-05 -3.627088036889e-05
8.921224501363e-05 3.875675178695e-05 -5.468608450902e-05
-1.978785328101e-04 -4.093617388631e-05 4.524897446144e-05
2.609417673211e-06 -5.352406485445e-07 -4.683801978407e-05
-1.486573980047e-07 1.891319987437e-06 2.761994360358e-05
-3.915442885596e-01 2.429362856835e-02 -7.154454975427e-01
5.266903070218e-01 -1.046025446703e-03 -5.845564964086e-02
9.618031470989e-03 1.346456687512e-02 -3.647893517744e-03
-5.507674498558e-03 8.831995080710e-03 2.348016990648e-03
3.497379863369e-04 -3.110762551340e-04 -1.079406534696e-03
-1.532216756184e-04 6.337363476151e-05 -7.020019015111e-05
-5.958627284054e-05 -2.144766841769e-05 2.053530569916e-05
-4.004836520969e-07 -2.298789159211e-06 -3.464223249591e-06
Mode 55
2.999853373400e-05 -2.460084065284e-05 -2.574919652400e-05
-8.693889754071e-04 -1.610143213739e-04 4.687163395645e-03
-3.450246909528e-05 3.381343121144e-04 -5.124494108718e-05
6.368358595115e-05 -1.915923720705e-04 -2.136423565228e-05
5.634921975606e-05 2.849966338218e-04 2.511489830235e-05
-6.477565166808e-05 -1.222116678256e-03 -6.271645805545e-05
5.145218369307e-05 -1.430433330819e-03 8.225041943967e-05
8.710081984900e-03 3.134149619889e-01 -3.611074936854e-03
-1.866195055140e-04 -3.000454755781e-04 -1.049730473843e-04
1.861071333135e-05 2.609229439634e-04 2.192821346583e-05
-2.685818488314e-05 7.468604336428e-05 -4.994501042764e-05
-8.674989928519e-06 5.676752714257e-05 5.237355462455e-06
6.101710546404e-07 -6.982220306575e-06 -9.459509157254e-09
5.751566768171e-06 -3.370809206939e-05 3.337897014402e-05
-8.296249090544e-03 5.461183326738e-04 -1.464017389966e-02
1.075983097737e-02 -9.426663243203e-05 -1.108267508297e-03
-3.787756954852e-01 -5.417064757573e-01 1.597878190099e-01
3.460593569160e-01 -5.472832594805e-01 -1.383678497658e-01
2.787813431379e-03 1.707582044315e-02 -9.150879577587e-03
5.827444345429e-04 -7.607635349255e-04 3.168909534449e-04
3.756586958648e-05 -9.272860393863e-05 -1.454351149980e-05
-2.387297366490e-06 -2.815016678202e-08 -4.833848522608e-06
Mode 56
1.237260524012e-05 4.075287630653e-06 1.754003083653e-05
-3.481736221633e-03 -6.115239105609e-05 -4.702841035195e-04
1.723414307241e-04 5.426113599479e-05 -1.658440564886e-04
-5.356062649727e-05 1.613519837451e-05 5.889679383645e-05
-3.460337366706e-04 8.499581083766e-06 1.034660868201e-04
2.354983747508e-03 -4.179431850991e-05 2.655500993649e-03
-1.661173734561e-03 3.881234897076e-05 5.588264010690e-04
1.307466293804e-01 -6.000234815501e-03 -2.773585611957e-01
-6.658731518896e-03 1.570158877580e-05 -3.211698761652e-03
9.469930015244e-04 -5.249841937485e-05 -4.229591279913e-04
-3.223122538572e-05 -2.747978312096e-06 -1.933992272782e-05
3.933302456144e-05 1.100840712382e-05 -1.104092210182e-05
-2.206675746519e-05 -2.244127557829e-06 -6.007790856593e-06
-1.368129020506e-05 -7.402103404105e-07 3.682673156495e-06
1.514013313590e-03 -7.985819395780e-05 2.971614148167e-03
1.011088652292e-02 -4.326301160060e-06 -1.344174523679e-03
-1.127888758160e-01 -1.803609687037e-01 4.005777475240e-02
-1.018046705369e-01 1.810392497120e-01 3.298023816844e-02
-2.352800847503e-01 1.993354937634e-02 8.707824525901e-01
2.187372955644e-02 -2.944289643240e-05 1.210352751998e-02
-3.575309110288e-03 2.269646226745e-04 2.314651910368e-03
-3.597438832149e-07 -1.671392724132e-07 -1.094411174798e-06
Mode 57
-1.925658512714e-03 8.706605356633e-05 -4.591226167202e-04
2.996697279591e-01 -2.022133639830e-03 9.704611991503e-02
2.865257688162e-03 -4.139248555219e-03 1.504625603356e-03
-1.658007699274e-03 1.426027448543e-03 5.524059733897e-04
-1.953439419455e-04 -3.083815687252e-04 8.514149006481e-04
-1.575207119688e-04 -8.756045832271e-05 5.344214359035e-04
5.763215755309e-04 2.249544924730e-04 -1.701913062376e-04
1.087673647201e-03 -1.433089023230e-05 -3.270842435123e-03
3.265905583953e-05 -3.968709980985e-06 -1.028285943516e-04
1.393884072903e-04 -2.071783671950e-05 -7.650469353822e-05
1.871467443520e-05 1.739524322561e-05 -8.695046261856e-05
9.602724424732e-05 1.445991551920e-05 2.423704330413e-04
-3.994455727996e-05 -1.403096396090e-05 1.276770313284e-05
-1.288437800106e-05 -8.902738028283e-07 1.734164643104e-05
-2.336025680403e-01 1.832116943221e-02 -4.517378055920e-01
-7.936712382900e-01 -2.917472794640e-03 1.082572950470e-01
-5.076438151874e-04 -1.227931772686e-03 3.912308335522e-04
-5.844621448791e-04 1.278691690479e-03 2.512757375454e-04
-2.645071029509e-03 2.411224671712e-04 9.967046622767e-03
1.385063599604e-04 -1.198981283537e-05 8.308079080825e-05
-5.219729683304e-04 4.547259454096e-05 3.080921013594e-04
8.639829758703e-07 -2.742699149412e-06 -1.718673652303e-06
Mode 58
8.349988364625e-06 8.609457221403e-06 -8.937350161127e-06
1.847357935418e-04 -1.303026066026e-05 4.741014290660e-05
-2.338791304052e-04 -1.280002335593e-05 2.380145849406e-04
1.113901159194e-04 -2.067699172479e-05 -6.744764160454e-05
2.465148266979e-04 -1.643635202706e-05 -8.521385500151e-04
-8.845448131101e-04 -3.863042562064e-05 1.276524852915e-03
2.230025711563e-04 7.359373564905e-05 2.819668369585e-04
2.327022089989e-03 -7.125461386357e-05 -2.769309425561e-03
7.693773911290e-02 -8.274322165105e-04 2.432987851402e-02
-2.308415666988e-01 1.463559357804e-02 1.502747194158e-01
7.367764840498e-03 2.085621304343e-04 6.490228254965e-03
8.706477508348e-04 -7.788190287653e-05 -1.067509090891e-03
-1.759536789374e-06 -1.937519878519e-05 -3.275126975365e-05
8.775440223952e-05 5.636319757807e-05 -1.713741844166e-04
-9.413028531536e-05 5.228238615227e-05 -3.136417636472e-04
-3.798145369183e-04 5.971655204398e-05 -1.891624198646e-05
-3.230091463777e-03 -5.264756583792e-03 1.660698499426e-03
-2.874201533387e-03 5.298261982949e-03 1.522549139607e-03
-3.107940316991e-03 2.059774357622e-04 8.461732897866e-03
-2.568328921464e-01 8.899155243027e-04 -1.207519217374e-01
7.617280275809e-01 -4.874503138908e-02 -5.039610189107e-01
-6.469882062863e-06 -3.409364849896e-05 -1.766723153514e-05
Mode 59
6.173557626320e-06 1.074942078590e-05 -1.531502903298e-06
-3.729098301651e-05 -2.232685920163e-05 -9.859758682945e-05
-2.612587400527e-04 6.839183844301e-05 4.030521701911e-04
1.650500072884e-04 -1.078006420382e-04 -1.051639500854e-04
-8.951777281872e-04 2.987922268989e-05 -1.123124039627e-03
-1.027604528154e-02 4.223927453095e-04 8.584315757496e-03
1.381349836663e-03 -4.926950156446e-05 -5.664641113448e-04
5.930813418992e-03 -4.412282238314e-05 -4.736592452786e-03
2.501506222862e-01 -3.161995192533e-04 1.215918067726e-01
7.086945121818e-02 -5.075483728284e-03 -5.840190783760e-02
-4.368197918421e-03 -5.381077790275e-05 -2.676262402784e-03
-8.345302525498e-04 1.387142059917e-05 -7.443013065581e-05
-3.118008933932e-05 -2.581923327115e-06 -9.680199270290e-06
7.418373435156e-05 -3.952766212778e-06 1.350850977434e-04
1.095350244493e-04 1.876010517957e-05 1.457378055580e-04
1.916872035852e-04 6.696649364537e-05 -7.093065257100e-05
-8.808937435433e-03 -1.361045520822e-02 4.898834318297e-03
-7.779734161768e-03 1.354011512606e-02 4.454393624075e-03
-6.295357556370e-03 3.924137058297e-04 1.488025275928e-02
-8.221214503184e-01 2.138890271076e-03 -3.981423745096e-01
-2.322482624053e-01 1.504933486541e-02 1.566178849239e-01
-2.960263596214e-06 1.335386402753e-05 1.576256191243e-05
--
Dipole derivatives 
Mode 0
-5.738123959546e-03 3.399251451483e-03 2.440398406204e-03
Mode 1
3.115190854602e-02 -3.571171331628e-03 -1.250241198621e-02
Mode 2
-1.507370244133e-04 1.630176373615e-02 -2.102942980923e-02
Mode 3
3.733823697406e-02 4.823011454432e-02 -2.760913909653e-02
Mode 4
-1.146543098545e-03 -2.000314686544e-02 2.714692927327e-02
Mode 5
-4.840661246938e-02 1.733247513648e-03 -1.162954827964e-02
Mode 6
-2.513972752085e-02 -2.231140580497e-02 -8.750526236866e-03
Mode 7
1.520219710559e-02 -2.621280002182e-02 1.647419113348e-03
Mode 8
1.284298369719e-02 -2.724419792767e-02 8.420213751311e-03
Mode 9
-1.380270179471e-02 1.359420563011e-03 6.559379628235e-03
Mode 10
1.470653007120e-02 2.480568142875e-02 1.508340799917e-02
Mode 11
1.080043047658e-02 -1.738063911323e-02 -3.937184556305e-02
Mode 12
-1.212491935239e-02 1.272920188394e-02 2.741452092268e-02
Mode 13
3.026211263247e-02 3.490347740953e-02 -1.690103847654e-02
Mode 14
-1.285958855401e-02 2.938383061005e-03 -7.097899099485e-02
Mode 15
1.091023246352e-02 2.209283245709e-02 2.121619902701e-02
Mode 16
-2.219509703188e-02 8.443423822476e-02 3.227529715295e-02
Mode 17
7.710935545538e-03 -2.724173753886e-02 4.813563941568e-02
Mode 18
1.986850187638e-02 -2.501586632569e-02 -7.090545060376e-02
Mode 19
-3.870106685919e-02 3.627542830578e-02 1.032067058860e-02
Mode 20
-7.072431469155e-03 -6.158081544442e-02 -6.442716483154e-02
Mode 21
1.917369661017e-02 -8.515808667405e-02 -1.077871155412e-01
Mode 22
1.384432223070e-02 -9.050062592100e-03 -8.828162046622e-02
Mode 23
2.689833877523e-02 -6.663257859599e-02 -7.941630758478e-03
Mode 24
-3.056379797916e-04 -5.657959442542e-02 1.384627024534e-02
Mode 25
-2.087594228239e-02 2.220347053099e-02 7.820341239556e-02
Mode 26
-9.972203111785e-02 2.014330375538e-02 -7.372796367535e-02
Mode 27
-3.309715593979e-02 1.491303645607e-02 3.229479123874e-02
Mode 28
-7.260311427216e-02 9.322260569719e-02 -6.709022200508e-02
Mode 29
-9.374400273254e-02 7.762010769548e-02 -7.823453137376e-02
Mode 30
-7.720090753171e-02 -9.255517223967e-02 8.860397035197e-03
Mode 31
-6.275237790754e-03 -5.003710509116e-05 1.374211660970e-02
Mode 32
8.365189549887e-03 1.629781287183e-02 1.431174314034e-02
Mode 33
-1.195099513085e-01 -1.671299777862e-01 -1.260099097708e-01
Mode 34
-2.081601826946e-01 -1.806580036049e-01 1.638482695746e-01
Mode 35
-1.145666516732e-03 -7.933250806103e-02 -3.651893008956e-02
Mode 36
-1.713005739802e-02 -1.612898088758e-02 -3.971825199435e-02
Mode 37
-1.872472644323e-02 1.021283645122e-02 -1.551220725750e-02
Mode 38
4.783456844346e-02 2.327383294042e-01 -2.502498348742e-02
Mode 39
1.574208999006e-02 2.705179264239e-02 -5.847298509785e-05
Mode 40
-1.634677224172e-03 1.379317527669e-02 -2.668855675460e-01
Mode 41
-7.297821410096e-02 9.101740565212e-02 1.326191006772e-01
Mode 42
-6.376161609990e-02 -4.038128427571e-01 -1.348899622202e-01
Mode 43
-1.317241328655e-01 -3.701442327812e-01 -1.079936666704e-01
Mode 44
-5.248648220313e-02 -7.970250327248e-02 -1.465002337812e-01
Mode 45
-1.146510334380e-01 -2.107210469993e-01 -6.653514794780e-02
Mode 46
7.113190049225e-02 2.076848652136e-01 3.198135057560e-02
Mode 47
5.882753799844e-02 -4.220460667280e-02 5.060491710668e-02
Mode 48
-6.896713772863e-02 -2.246249946729e-01 -6.630486643208e-02
Mode 49
1.103700265959e-01 1.768040994741e-01 1.300836604969e-02
Mode 50
-1.309651857596e-01 -2.607815296349e-02 1.432423353158e-01
Mode 51
5.953443008931e-02 4.933757720591e-01 1.854304545459e-01
Mode 52
-3.647559856293e-01 2.036422875120e-01 2.858225978344e-02
Mode 53
-1.399629462342e-01 -2.169653051968e-01 2.604975895629e-02
Mode 54
-5.053585660768e-02 3.838151027022e-02 -1.569853853258e-02
Mode 55
-1.020906985345e-01 7.968535604350e-02 -9.128917247766e-02
Mode 56
-2.254201198801e-05 -9.136652269733e-02 -6.739693097764e-02
Mode 57
5.134026974310e-03 -1.615561029833e-02 -1.623837380374e-02
Mode 58
2.320862838666e-03 1.365902120150e-02 1.360111361295e-02
Mode 59
2.400538864023e-02 7.110954026962e-02 1.353889214395e-03
--
Polarizability derivatives 
Mode 0
3.131296772120e-01 2.403723776282e-01 -5.759946457489e-02
2.403723776282e-01 4.239659508023e-01 7.601078246615e-01
-5.759946457489e-02 7.601078246615e-01 -5.997229310000e-02
Mode 1
7.792302041662e-01 -4.773127370546e-01 1.614901258505e-01
-4.773127370546e-01 2.060445997116e-02 3.881735695010e-01
1.614901258505e-01 3.881735695010e-01 -1.057787318914e-01
Mode 2
-9.237671517699e-01 4.724283051624e-04 -2.851661500873e-01
4.724283051624e-04 1.271298970094e+00 -2.854419213160e-01
-2.851661500873e-01 -2.854419213160e-01 9.390589034013e-02
Mode 3
1.402520598374e-01 4.537455593772e-01 3.392945087021e-01
4.537455593772e-01 -1.719704561677e+00 -2.899950734798e-01
3.392945087021e-01 -2.899950734798e-01 4.628581991484e-01
Mode 4
-2.518464455676e-01 2.243605231558e-01 2.063281575104e-01
2.243605231558e-01 -1.607313144595e+00 -2.463014397371e-01
2.063281575104e-01 -2.463014397371e-01 5.451135404300e-01
Mode 5
3.561610340051e-02 6.036997547851e-02 2.070661679417e-01
6.036997547851e-02 -8.636755088066e-01 -2.604485007340e-01
2.070661679417e-01 -2.604485007340e-01 1.371519699507e-01
Mode 6
-9.007378687489e-01 -2.395933524811e-01 2.495472753518e-01
-2.395933524811e-01 1.215292800948e+00 -7.568729569593e-01
2.495472753518e-01 -7.568729569593e-01 9.984901620481e-01
Mode 7
-2.259870236371e-01 -2.150875865797e-01 8.799081031606e-02
-2.150875865797e-01 -2.242121373070e-01 3.975076941058e-01
8.799081031606e-02 3.975076941058e-01 -4.712670089355e-01
Mode 8
3.582091883229e-01 2.361474985745e-01 -3.947566367266e-03
2.361474985745e-01 -6.284029148784e-01 -2.549826075972e-01
-3.947566367266e-03 -2.549826075972e-01 -4.460644239818e-01
Mode 9
-3.110920741147e-01 6.941283183479e-02 -3.255576010010e-01
6.941283183479e-02 -2.027930861177e+00 -3.145111999794e-01
-3.255576010010e-01 -3.145111999794e-01 5.686075682809e-01
Mode 10
-1.532788030451e-01 -1.664939852050e-01 6.548423608271e-01
-1.664939852050e-01 6.485573411471e-01 1.649993157611e-01
6.548423608271e-01 1.649993157611e-01 2.110599382763e-01
Mode 11
7.632490225936e-01 -7.493966423179e-01 1.420858184960e-01
-7.493966423179e-01 7.780312806223e-02 2.157688431454e-01
1.420858184960e-01 2.157688431454e-01 1.910633224744e-01
Mode 12
-6.709386450045e-02 4.542846915966e-01 1.341577442924e-01
4.542846915966e-01 2.343099415787e-01 9.476323139856e-02
1.341577442924e-01 9.476323139856e-02 7.159134763280e-01
Mode 13
1.259544167539e+00 6.322057218996e-01 3.124038101120e-01
6.322057218996e-01 3.015835962094e+00 -4.476347487007e-01
3.124038101120e-01 -4.476347487007e-01 -3.719976456798e-01
Mode 14
-1.589990246599e-01 2.518632158860e-02 -3.174377231709e-01
2.518632158860e-02 -2.243775308780e+00 -2.359767811309e-01
-3.174377231709e-01 -2.359767811309e-01 -1.746249271862e+00
Mode 15
3.029973645693e-01 8.914729085371e-01 -7.793410010811e-01
8.914729085371e-01 -1.699073252693e+00 6.395922010385e-01
-7.793410010811e-01 6.395922010385e-01 5.777788502870e-01
Mode 16
2.663929014331e-01 -6.887976243299e-01 -7.226493806728e-01
-6.887976243299e-01 5.091584774529e+00 -1.790446081309e-01
-7.226493806728e-01 -1.790446081309e-01 -2.829651937634e-01
Mode 17
-3.899859148192e-01 2.497352649452e-01 2.624524627565e-01
2.497352649452e-01 -4.195695548953e+00 -1.249569379110e-01
2.624524627565e-01 -1.249569379110e-01 -7.143788383157e-01
Mode 18
4.455639281428e-01 5.914516607313e-01 -4.891470457686e-01
5.914516607313e-01 -8.768692877638e-01 -1.473934571980e-01
-4.891470457686e-01 -1.473934571980e-01 6.270084987950e-01
Mode 19
-5.126280497471e-02 -1.512387378894e+00 5.016947453342e-01
-1.512387378894e+00 3.445883084373e+00 3.347444471789e-01
5.016947453342e-01 3.347444471789e-01 3.862513878852e-01
Mode 20
-1.119864166145e-02 3.860528847407e-01 3.279298777601e-01
3.860528847407e-01 -5.392937627697e+00 -8.243088767369e-01
3.279298777601e-01 -8.243088767369e-01 -6.774540903798e-01
Mode 21
-1.762088037059e+00 3.470442715237e-02 9.468104058189e-02
3.470442715237e-02 1.282303969569e-01 1.598352704991e-01
9.468104058189e-02 1.598352704991e-01 -2.029492605027e+00
Mode 22
-5.063857775145e-02 6.680610144297e-01 3.220062786883e-02
6.680610144297e-01 -1.170847641283e+00 -3.221119896898e-02
3.220062786883e-02 -3.221119896898e-02 6.998737866165e-01
Mode 23
1.467355658989e-01 4.960703886587e-01 -9.745867755788e-02
4.960703886587e-01 -1.992852538087e+00 -1.305557700106e-01
-9.745867755788e-02 -1.305557700106e-01 5.268190361470e-01
Mode 24
-3.906121107989e-01 2.066979888376e-01 -3.840757152354e-01
2.066979888376e-01 -7.812268042171e-01 1.076656822324e-01
-3.840757152354e-01 1.076656822324e-01 1.007773655680e+00
Mode 25
-4.846267970395e-01 1.369435604183e+00 6.808781469273e-01
1.369435604183e+00 -4.193255940366e+00 -1.278190303536e+00
6.808781469273e-01 -1.278190303536e+00 -7.432514151081e-01
Mode 26
1.003368797495e+00 -3.874756192709e-01 -2.086008846364e-01
-3.874756192709e-01 4.671284353830e+00 1.409491266283e-01
-2.086008846364e-01 1.409491266283e-01 3.771365360861e-01
Mode 27
-2.506096367762e-01 1.851314070915e-01 -1.321332293525e-01
1.851314070915e-01 3.743089285686e+00 1.017500501884e+00
-1.321332293525e-01 1.017500501884e+00 3.650216713601e-01
Mode 28
-4.356945995663e-02 -9.816266821410e-01 1.004621247692e-01
-9.816266821410e-01 -2.786122930582e+00 -8.938135593907e-02
1.004621247692e-01 -8.938135593907e-02 -5.317983203914e-01
Mode 29
-5.036159354869e-01 -2.287594539341e-01 -1.006276625490e-01
-2.287594539341e-01 2.226338950727e+00 -5.069645013407e-01
-1.006276625490e-01 -5.069645013407e-01 3.678891246897e-01
Mode 30
8.079674089112e-01 1.277022879569e+00 -3.423935926594e-01
1.277022879569e+00 -2.150189096962e+00 -5.129602988390e-01
-3.423935926594e-01 -5.129602988390e-01 9.931250027526e-01
Mode 31
-1.398234486577e+00 1.363824153807e-01 3.444623183527e-01
1.363824153807e-01 1.171506882606e+00 5.058459036072e-01
3.444623183527e-01 5.058459036072e-01 -1.689999765219e-01
Mode 32
-2.248205173316e-01 1.838788012311e-01 6.550746758166e-02
1.838788012311e-01 1.521290173098e-01 -6.463350974573e-02
6.550746758166e-02 -6.463350974573e-02 5.475088647068e-01
Mode 33
-1.000586862589e+00 2.179019866248e-01 1.717188890189e-01
2.179019866248e-01 -9.820031296432e+00 -6.776807750671e-01
1.717188890189e-01 -6.776807750671e-01 1.057945973339e+00
Mode 34
8.988339820435e-01 -8.643276743373e-01 -4.043172686860e-01
-8.643276743373e-01 9.996523485099e+00 8.175210728419e-01
-4.043172686860e-01 8.175210728419e-01 5.529160120838e-01
Mode 35
1.572606912412e+00 9.883216537784e-02 2.589322824973e-01
9.883216537784e-02 -7.379198486640e-01 1.133221314918e+00
2.589322824973e-01 1.133221314918e+00 4.458851008987e-02
Mode 36
-3.798519001868e-01 -2.476092460058e-01 -4.803329455466e-02
-2.476092460058e-01 6.156079345807e+00 7.542160214220e-01
-4.803329455466e-02 7.542160214220e-01 3.805410610400e-01
Mode 37
-1.355836646017e+00 5.842591959588e-02 -2.000607452077e-01
5.842591959588e-02 1.941948622374e-01 -7.256797337218e-01
-2.000607452077e-01 -7.256797337218e-01 5.050989290512e-01
Mode 38
2.009606226471e+00 -1.155278270965e+00 -7.965693873713e-01
-1.155278270965e+00 1.995786584546e+01 2.786093995454e+00
-7.965693873713e-01 2.786093995454e+00 1.047781813549e+00
Mode 39
1.376611207286e+00 -6.575014163864e-01 -1.301524901219e+00
-6.575014163864e-01 -1.305590569404e+00 -5.714543402926e-01
-1.301524901219e+00 -5.714543402926e-01 9.383946672809e-01
Mode 40
3.579160960503e-01 -1.659704773222e-01 -8.193180887168e-01
-1.659704773222e-01 7.910516149465e+00 1.629683912104e+00
-8.193180887168e-01 1.629683912104e+00 1.727437068332e+00
Mode 41
-6.215119160696e-01 5.334098052816e-01 1.466527972857e+00
5.334098052816e-01 -3.398042856510e+00 -1.305283033431e+00
1.466527972857e+00 -1.305283033431e+00 -9.591429442251e-01
Mode 42
7.174213625741e-01 -5.204595787917e-01 -7.222862089426e-01
-5.204595787917e-01 -1.025156116142e+01 -5.998304278108e-01
-7.222862089426e-01 -5.998304278108e-01 -5.214368730760e-01
Mode 43
-2.291718387870e+00 2.427815305707e+00 1.998237935572e+00
2.427815305707e+00 -4.426603502692e+00 -1.920815007927e+00
1.998237935572e+00 -1.920815007927e+00 -1.764521104289e+00
Mode 44
9.075345544572e-01 1.309360131477e-01 1.719637076062e-01
1.309360131477e-01 -1.030028974113e+00 -1.872058229778e+00
1.719637076062e-01 -1.872058229778e+00 -1.574326607454e+00
Mode 45
1.675607846219e+00 -2.042012967246e+00 -1.002951408048e+00
-2.042012967246e+00 4.082113625071e+00 1.818857001694e+00
-1.002951408048e+00 1.818857001694e+00 2.763269607067e-01
Mode 46
-4.440370550462e-01 -1.396113128748e+00 3.774489735205e-01
-1.396113128748e+00 -2.517575300344e+00 6.796827373959e-01
3.774489735205e-01 6.796827373959e-01 4.400798356601e-01
Mode 47
1.867499706284e+00 1.670095168656e+00 1.478376449021e+00
1.670095168656e+00 -3.427035389597e+00 1.734985264481e+00
1.478376449021e+00 1.734985264481e+00 1.050321651793e+00
Mode 48
5.003777441930e-01 4.530564133619e-01 -1.829944236531e+00
4.530564133619e-01 -2.970923121784e+00 -7.463843737597e-01
-1.829944236531e+00 -7.463843737597e-01 3.307544768525e-01
Mode 49
1.106821037491e+00 2.432076931858e+00 -5.710182386306e-01
2.432076931858e+00 -8.105484661609e+00 -2.114032502790e+00
-5.710182386306e-01 -2.114032502790e+00 4.535530766341e-02
Mode 50
1.283993360129e+00 8.336365921894e-01 2.479480577744e-01
8.336365921894e-01 -4.846053935875e+00 -1.185785329679e+00
2.479480577744e-01 -1.185785329679e+00 -1.048566667078e+00
Mode 51
-6.272491299938e-01 -1.587250279090e+00 1.498262495171e+00
-1.587250279090e+00 2.902755716163e+01 5.772528870100e+00
1.498262495171e+00 5.772528870100e+00 -5.203719383853e-01
Mode 52
-3.056680471356e+00 1.632786505470e+00 2.895036504338e-01
1.632786505470e+00 -1.071650223150e-01 -3.717300163107e-01
2.895036504338e-01 -3.717300163107e-01 -1.785559828397e-03
Mode 53
6.111541333174e+00 1.922997760121e+00 1.433520388354e+00
1.922997760121e+00 7.561282272571e+00 -1.234537999635e+00
1.433520388354e+00 -1.234537999635e+00 4.653323259088e+00
Mode 54
-3.873952595730e+00 -1.258238320665e+00 1.323561175168e+00
-1.258238320665e+00 -5.473370049961e+00 -2.638064735257e+00
1.323561175168e+00 -2.638064735257e+00 -6.126315495990e+00
Mode 55
5.442770763994e+00 7.633281046894e-01 8.199708355030e-01
7.633281046894e-01 -4.837176853883e+00 3.711796460775e+00
8.199708355030e-01 3.711796460775e+00 -3.232931798741e+00
Mode 56
-1.601384686696e+00 6.945131152441e-01 2.825659169971e-02
6.945131152441e-01 7.323894463471e+00 6.768287969011e+00
2.825659169971e-02 6.768287969011e+00 2.485601704170e+00
Mode 57
2.899483423922e+00 -1.522163862424e+00 -4.890860404954e+00
-1.522163862424e+00 -2.951063300702e+00 -1.051289412793e+00
-4.890860404954e+00 -1.051289412793e+00 4.800928160850e+00
Mode 58
1.592501560199e+00 -1.125479753496e+00 -3.250764247877e+00
-1.125479753496e+00 -2.806077378083e+00 5.265519122190e-01
-3.250764247877e+00 5.265519122190e-01 5.463054884428e+00
Mode 59
-5.643815492602e+00 -4.838892264043e+00 3.588847728743e+00
-4.838892264043e+00 -5.007565321046e+00 2.190964618866e+00
3.588847728743e+00 2.190964618866e+00 -3.654005632128e+00
--
