Number of atoms 
22
--
Anisotropy 
157.809
--
Frequencies 
22.430788952198
34.660133028610
43.597952879448
52.060657937131
84.636319330347
105.490203257070
112.862348141465
140.682759440295
157.929316028739
176.278126148428
216.655983464617
251.152855680978
263.943816656614
291.928094376093
303.324902875105
331.116138334665
368.989760558956
402.515707364282
472.733859098677
486.674132296410
545.090036465763
586.227472916923
658.659593224301
672.553927139662
732.389260000007
750.249628174637
780.469209416534
832.060178252631
853.404955003535
878.955137333377
925.458297286397
944.562422699661
979.117437851309
1079.494193735406
1096.924617597715
1134.079588004446
1162.565894342871
1171.446230339826
1259.292586846376
1299.482465882503
1302.336213341781
1357.529260091779
1384.489679164424
1402.862626168633
1419.917977712979
1424.935013686431
1455.059703894369
1475.418151178332
1491.081093521861
1514.706872403047
1583.493429198437
1624.654509785484
1685.836502830304
3012.081330425800
3045.807789479230
3063.602168114963
3134.429975052433
3140.489085645057
3231.496951855755
3236.660696010924
--
Displacements 
Mode 0
-1.218126590756e-01 3.646902090326e-01 7.043862193146e-02
-9.503761070604e-02 2.384877601575e-01 5.199745962753e-02
-1.323524181420e-01 2.052608345069e-01 2.626076123336e-02
-9.941621995965e-02 1.274394921785e-01 -3.363085460297e-03
-6.162519899436e-02 6.641767576297e-02 3.019114935285e-04
-4.348600212351e-02 9.105285561320e-03 -3.048750591654e-02
2.301929140929e-02 -2.657818598956e-01 -5.889878931755e-02
-6.307950864236e-02 2.998754864721e-02 -6.481560174964e-02
-1.017022770674e-01 9.456537014219e-02 -6.956253094933e-02
-1.195140657373e-01 1.321469734447e-01 -3.523989636740e-02
-3.103800359494e-01 2.627454635098e-01 -5.896802282963e-02
-5.156228438394e-02 -1.479686516400e-02 -1.065020123430e-01
-1.664234224946e-02 -8.012863165567e-02 -7.931586173769e-02
-8.015247722648e-02 1.180316472637e-02 -1.781000669578e-01
-2.286530361607e-02 1.139758138951e-01 3.131200748752e-02
-5.763376336356e-02 1.123723889646e-01 6.750350811308e-03
-3.087624857266e-02 1.190031205447e-01 2.737970671502e-02
-4.017538156008e-03 6.298547511121e-02 2.751729208111e-02
-4.056745222320e-02 6.141529733420e-02 5.113696979607e-03
-1.290610867456e-02 1.476720799289e-02 7.912498981977e-03
-3.451300197236e-02 3.112229216515e-02 -2.922495783189e-02
3.782544360218e-01 -2.719226527846e-01 1.697439853681e-01
Mode 1
1.121520799628e-01 2.142399493419e-01 -2.167684446844e-01
7.290185704153e-02 8.200067958602e-02 -1.640812982616e-01
1.079071101991e-01 1.231181565048e-02 -1.334623879335e-01
7.608048136173e-02 -3.380952641683e-03 -8.192234485354e-02
3.588780814402e-02 -4.808154532360e-02 -7.703484793648e-02
1.762943367906e-02 -2.538157042580e-02 -4.589423243648e-02
-8.009140187365e-02 -4.586705188746e-01 -9.803952755164e-02
4.027973819595e-02 7.619396474700e-02 -2.413637887906e-02
8.087465089731e-02 7.273224232484e-02 -2.599120734127e-02
9.514601922949e-02 8.331019433371e-03 -5.244921543039e-02
2.086154159792e-01 -1.458920684094e-01 -8.639647153382e-02
2.669941579423e-02 2.261460666051e-01 4.458011416536e-03
-8.086355112133e-02 2.454951318065e-01 2.092053887380e-02
1.235012839671e-01 3.720310997256e-01 1.235040976014e-02
6.109097995348e-02 6.917674673310e-02 -5.115176661075e-02
1.749137108554e-02 6.789087406902e-02 -7.452847386898e-02
2.778651503219e-02 7.841578913471e-02 -7.489459519060e-02
3.654354857491e-02 1.837738867074e-02 -3.712726431925e-02
-7.239225972718e-03 1.706002043445e-02 -5.803251768507e-02
5.186612707410e-03 -3.219834853532e-02 -2.832880690688e-02
2.931710857369e-02 3.444871556779e-02 -6.014309193457e-04
-2.265990595482e-01 -1.749922503547e-03 3.173384961959e-01
Mode 2
2.470991980344e-02 -4.034721037298e-01 -1.091357708796e-01
9.194775984384e-03 -1.355986971390e-01 -1.135347584394e-01
2.871378386476e-02 1.474509973129e-01 -1.357447157656e-01
1.725448307909e-02 1.343696884283e-01 -1.051769065784e-01
3.861864655423e-03 1.097219104056e-01 -1.045906224064e-01
-2.701888839074e-03 3.883515707451e-02 -8.612842378395e-02
-1.204054427162e-01 -3.692208662354e-02 -2.197386610142e-01
5.091145146279e-03 9.997301477192e-03 -7.244958215722e-02
1.526619362497e-02 8.206912700497e-02 -8.167477362705e-02
2.484637855419e-02 1.381778519944e-01 -9.456738714457e-02
2.946988762329e-02 1.460123011631e-01 -1.539985251295e-01
1.635757973240e-03 -1.543887647851e-01 -5.513360273654e-02
3.290765977024e-02 -3.543995662258e-01 5.589911604432e-02
-2.912941346607e-02 -1.231676571079e-01 -1.471512868293e-01
-4.536439547677e-02 -1.171417350646e-01 -3.868114888609e-02
6.795396421059e-02 -1.182512720840e-01 -2.374683177131e-02
2.631891049329e-03 -1.755377247044e-01 -3.189364641511e-02
-5.841176369586e-02 -3.964787593927e-02 -3.714675428717e-02
5.653530981848e-02 -4.096749992031e-02 -2.921950838193e-02
-4.519526797046e-04 3.859715244325e-02 -3.329988636458e-02
4.894633915930e-03 1.662398280365e-02 -2.115006315449e-02
2.858706035985e-02 1.373852385561e-01 4.852928844753e-01
Mode 3
9.537968902351e-03 1.017290652703e-01 5.785263499342e-02
2.194384739103e-02 2.794124420487e-02 4.997899973482e-02
1.523594297602e-02 -5.663200716379e-02 4.785884494532e-02
1.859055268945e-02 -4.631531851840e-02 2.844316644327e-02
3.241974738001e-02 -2.906829773724e-02 2.471611932051e-02
3.178798769440e-02 -1.488363093306e-02 2.877568774198e-02
-1.445189656839e-01 1.700635272571e-01 6.116105771465e-02
3.597434332033e-02 -1.331280348501e-02 2.226918377254e-02
1.390455534769e-02 -1.108838676541e-02 1.806123702976e-02
1.436650828970e-02 -4.345429730948e-02 2.266989729118e-02
2.133259201567e-02 -6.950823919219e-02 3.531540225815e-02
6.532561041435e-02 -1.200868612354e-02 -1.827180230835e-02
-1.136388963720e-02 -5.493781774680e-01 3.348046730929e-01
1.859660158471e-01 5.219323209004e-01 -3.918648858358e-01
1.607429874299e-02 2.893737027101e-02 1.788459879471e-02
-1.612433317655e-02 2.938238164745e-02 1.521227475661e-02
5.259696790122e-03 4.678080637915e-02 1.918305257994e-02
2.522217857669e-02 8.716264816958e-03 1.479562687385e-02
-6.988826660762e-03 9.273027959872e-03 1.433991985906e-02
1.034075050412e-02 -4.922090312471e-03 8.123347266346e-03
4.470265317067e-03 3.942154150471e-03 5.270568128370e-03
-3.543361372072e-02 -5.419360624010e-02 -1.146201067322e-01
Mode 4
-1.561191625043e-02 -2.964524501734e-01 1.637130738803e-01
3.500295699759e-02 2.721325890662e-01 6.238484269095e-02
1.925914062968e-02 4.280962564199e-01 1.620164756875e-02
2.238451217909e-02 2.734598904984e-01 9.691876053875e-03
2.302828783328e-02 3.174625840138e-01 9.786282084500e-03
1.574165530932e-02 1.531547729238e-01 3.012683366720e-02
8.408630009799e-03 -2.337147514652e-01 1.238008483702e-01
1.594135173692e-02 7.804503308090e-02 3.912743099891e-02
1.316443043148e-02 2.882552675236e-02 4.383612322002e-02
1.783523985672e-02 7.305167434864e-02 2.742541859304e-02
9.081403124829e-02 -1.726879219228e-01 3.807821011805e-02
1.084645165095e-02 6.579623205171e-02 6.125160325018e-02
-1.190846213113e-02 4.185530231800e-02 8.844323706107e-02
3.007658854636e-02 1.029289482879e-01 6.072728635560e-02
-7.325934082827e-02 -1.483044832686e-01 -3.132501829303e-02
4.649567267562e-02 -1.339405359771e-01 1.366312771750e-01
6.770362036682e-04 -1.040495198080e-01 6.079290561062e-02
-4.259189166476e-02 1.200383941607e-01 -5.627117059957e-02
7.645544668130e-02 1.321176569451e-01 8.426958187264e-02
6.859041554442e-03 1.248214044599e-01 -2.978467096979e-04
3.393656692882e-03 -2.012721815446e-02 1.774538700672e-02
-8.822529275732e-02 -1.832431050697e-01 -2.675930641623e-01
Mode 5
1.573255853850e-01 -1.344065388358e-01 -5.478193027641e-01
-1.202207475213e-01 1.497421475055e-01 -2.632956972574e-01
8.839790475206e-03 -6.421909023952e-02 2.407359365602e-02
-5.023616857286e-02 -1.080757904549e-02 9.970521354301e-02
-4.979187035420e-02 1.697935056010e-02 1.021220570010e-01
-2.212083467760e-02 1.114107817555e-02 7.699075816113e-02
3.115187684234e-01 1.372904868093e-02 2.342027506061e-01
-3.602320863807e-02 6.780938299643e-03 4.832017854873e-02
-5.249406999269e-02 1.320339629183e-02 4.880816783192e-02
-6.256883788111e-02 6.044185403720e-03 8.132388856215e-02
-2.465999350806e-01 1.272459559074e-01 1.363516912872e-01
-9.857809936908e-03 3.404720652244e-04 -3.001038316371e-03
4.419648232533e-02 -5.394014131917e-02 2.113298281962e-02
-3.413669125506e-02 4.838025042747e-02 -8.714666209488e-02
1.249078711491e-01 -1.122648343541e-01 -2.304540784357e-01
8.066078715571e-02 -9.229143498103e-02 -6.180925043770e-02
3.727389463398e-03 2.328033515758e-02 -2.534291727794e-01
-6.526844961193e-02 8.873342013059e-02 -1.556829815616e-01
-9.129768688412e-02 1.018829749053e-01 -1.652371938740e-02
-1.615831486470e-02 7.559047638133e-03 2.911553908906e-02
-1.766177369159e-02 9.498387521744e-03 9.315186279801e-03
-4.365956586783e-02 -5.653415710057e-02 -5.448782981874e-02
Mode 6
-7.619058790170e-02 -1.490159799484e-01 1.632399225052e-01
1.791519004103e-02 4.273945060620e-01 1.393889781857e-02
-3.432640562156e-02 -3.095365635097e-01 9.512459298399e-03
-7.859377690511e-03 -1.724252798795e-01 -2.712131567467e-02
-6.696851959684e-04 -1.100933704640e-01 -3.651499138318e-02
-3.814514089986e-03 -8.230807289536e-02 -4.017968037309e-02
-1.207715071332e-01 -1.878708968902e-03 -1.371527745830e-01
-2.299830595796e-03 -9.645724098840e-02 -3.343097151372e-02
-3.383492988508e-03 -1.112756428879e-01 -2.969759012297e-02
-3.913725373633e-03 -1.194411015491e-01 -2.647198985746e-02
3.414191213204e-02 2.021462840888e-02 -3.666812839431e-02
-1.544639860852e-03 -1.126430478695e-02 -5.279379683478e-02
-3.195247072173e-02 4.869040572034e-02 -8.989825813972e-02
2.946761512230e-02 1.788090469835e-02 -4.148797034193e-02
3.428186421246e-02 -2.389572707525e-01 -1.644368834997e-01
-1.213360425737e-01 -1.882436632625e-01 2.930644745242e-01
-4.600779739140e-03 1.695241206176e-01 5.036719465960e-02
7.331798644215e-02 2.425100908079e-01 -1.934913872766e-01
-3.245972538314e-02 2.818074090581e-01 1.762053087773e-01
1.506261064840e-03 -2.683376722267e-02 -9.213171761255e-03
-7.823472489659e-04 -2.091525508051e-02 -1.061397845419e-02
9.697410225562e-02 1.517212997940e-01 1.442544115468e-01
Mode 7
5.543920962508e-02 6.936763028748e-02 6.051442033875e-02
8.751858637481e-02 -7.271957142990e-03 2.832796234307e-02
6.973096288572e-02 -4.087682203969e-01 3.083122336956e-02
7.091257797738e-02 -8.913744979096e-03 -1.501830996351e-02
5.616210068215e-02 9.199062966742e-02 -2.714423790557e-02
4.381721727420e-02 2.137730558378e-01 -2.262127101235e-02
-3.288887421583e-03 -7.492586725960e-02 -2.484306560491e-02
5.471827610527e-02 3.626577022257e-01 -2.103657973290e-02
8.370706685408e-02 4.423875674725e-01 -4.101053465418e-02
7.227646788405e-02 2.120724581383e-01 -4.027342067776e-02
-7.124097597949e-02 9.928634043943e-02 -8.784670052232e-02
8.401130014289e-03 2.715389609434e-02 1.259110919032e-01
6.907096735943e-02 -1.633833022924e-01 2.479970434284e-01
-1.051505712247e-01 -1.985358673929e-01 1.974407685136e-01
8.136705341127e-02 -3.238681435673e-02 -3.272207291295e-02
-6.555443514836e-02 -1.767567020361e-02 7.634763838470e-02
2.385554250784e-02 1.310269176751e-01 1.635711489678e-02
8.560404403448e-02 2.618238044284e-02 -3.580960412019e-02
-2.173775538199e-02 3.655430756723e-02 4.668174047344e-02
1.417543421794e-02 -1.745509073286e-02 -7.439953220160e-03
2.875170698440e-02 1.589024195654e-01 -1.143225623955e-02
-1.209958694125e-01 -1.402424002515e-01 -1.025762730957e-01
Mode 8
-1.787701647067e-01 4.230887612812e-02 -2.703886247277e-02
-1.646221443758e-01 -5.716937197812e-02 -2.731718299602e-02
-1.707166515813e-01 -1.788934195804e-01 -2.815929594746e-03
-1.408511308200e-01 1.399337936917e-02 -3.229739373076e-03
-1.263536822272e-01 1.477936754493e-01 2.887833291791e-03
-1.169923992863e-01 1.701228241098e-01 1.230218700569e-02
1.884127797563e-01 -8.086594962902e-02 8.660694701699e-02
-1.288097119403e-01 1.722587069004e-01 6.704056938366e-03
-1.395920020501e-01 1.104027355720e-01 3.481264984199e-02
-1.153279925994e-01 -3.905558676149e-03 2.652187323627e-02
4.519067405266e-01 -4.188936319526e-01 5.654424038953e-02
-9.252513832058e-02 2.101116005569e-02 -1.093108102641e-01
1.109184117922e-01 -7.139074279968e-02 -9.573234604205e-02
-2.511733199012e-01 -4.729512721067e-02 -2.730511184574e-01
-3.087069815200e-02 9.387445983868e-03 -8.414720455289e-03
-8.377868884059e-02 1.013495942681e-02 -7.112521534781e-03
-4.792144014161e-02 4.206471068269e-02 -4.228842238330e-03
-2.826131338218e-02 -1.485366420977e-02 -9.681033565512e-03
-6.820024624071e-02 -1.356287855918e-02 -6.504511984747e-03
-3.701721991109e-02 3.780413411073e-02 1.636778018035e-03
-4.124795730962e-02 1.929786530606e-02 1.290465677877e-02
1.103869209414e-01 1.456352164053e-01 5.263892805466e-02
Mode 9
1.363839919598e-01 3.044405725850e-03 -4.283641243972e-02
6.005839783083e-02 -1.374645592535e-02 3.749255481763e-02
8.134057551416e-02 -3.842543204491e-02 8.842694933043e-02
6.660622467857e-02 2.285466432513e-02 6.019098894760e-02
8.898469354117e-02 5.269994842672e-02 4.932065535574e-02
8.353578570131e-02 4.745531810033e-02 6.449420447209e-02
-5.326549020602e-01 -4.732550819307e-02 2.507556299902e-01
7.917752944343e-02 4.537911804420e-02 2.746910682567e-02
3.326463700387e-02 6.418210829090e-02 2.213113118851e-02
3.763832358275e-02 3.602999968322e-02 3.393622949663e-02
-2.877158512344e-02 1.922589283999e-02 6.070586403208e-02
1.885957516982e-01 2.305927826583e-03 -1.928833384034e-01
4.593580292909e-01 1.301574025705e-01 -3.325832797177e-01
2.909143280089e-02 -1.385034169303e-01 -3.257342113829e-01
6.516695734907e-02 -8.707628198415e-04 -1.102097941535e-02
4.992271830264e-02 3.502148812243e-04 -1.050812577273e-02
2.690884568653e-02 6.937413338113e-03 -3.924615262288e-02
1.352166164717e-02 -3.322645763473e-03 9.580668203998e-03
4.126044507697e-03 -3.806226486387e-03 9.942759729268e-03
2.467020470123e-02 1.216772079073e-02 1.296308978238e-02
7.218409402290e-03 2.135930065969e-02 2.547052215266e-03
-2.215901187363e-02 -3.108020540078e-02 -2.976122404646e-02
Mode 10
-3.885441346259e-02 -4.779636614945e-02 4.662280135009e-02
3.586443027393e-02 1.461645245136e-01 -5.026355511975e-02
1.915189667082e-02 2.944459248620e-01 -1.130024752082e-01
1.237606269138e-02 -6.741874980047e-02 -4.775047565528e-02
-2.832229352703e-02 -5.510008609736e-01 1.433805451351e-02
-5.580047931342e-02 -3.265038785635e-01 6.744903075149e-02
5.839320907856e-02 1.422027309357e-01 2.560775727891e-01
-5.391179885057e-02 7.352783750898e-02 1.926746449452e-02
-6.384944614663e-03 3.184561524900e-01 -1.356925031520e-02
2.474578115406e-02 1.829475846153e-01 -6.355733808553e-02
2.019485454582e-01 1.181427047033e-04 -1.541186983738e-01
-4.596218954464e-02 2.020832075748e-02 -1.574143856355e-02
5.248260144534e-02 -2.256378756636e-02 -8.554580809086e-03
-1.392051236854e-01 -5.910923419357e-02 -6.796362295681e-02
-7.041783083194e-02 -2.075178095879e-02 -1.861644655583e-03
1.450503280988e-02 -2.046897121865e-02 2.731628788773e-02
-3.439842411653e-04 -5.057003397950e-02 4.147314977528e-02
-5.457716208207e-03 4.621599960680e-02 -2.134121411091e-02
4.171652313276e-02 4.766749644070e-02 -6.076373959495e-03
-1.676667989545e-02 -2.345792681890e-01 -1.666227694628e-03
8.544073352343e-03 1.503775086613e-01 1.706264374818e-03
-5.757429031871e-02 -8.316342998526e-02 -3.784575207546e-02
Mode 11
-4.866428737672e-02 -3.050263820338e-02 -8.321272719848e-02
-1.664345834258e-01 1.284629537706e-01 4.540084964048e-02
-1.211536988360e-01 1.269830235352e-01 1.537429702857e-01
-9.363636590375e-02 -7.005140859161e-02 1.227202030167e-01
-7.970367862651e-03 -2.099198716080e-01 8.839993135692e-02
5.608245659576e-02 -5.461960656115e-02 -4.891013420926e-02
-8.214084115059e-02 -2.400402897759e-02 -5.588662429171e-01
1.069544800347e-01 1.667398599255e-01 2.521144991130e-02
1.464201534026e-02 1.367087916405e-01 4.839462789157e-02
-5.916184930646e-02 -2.874910791368e-02 1.642238223473e-01
-4.334591111526e-02 -1.661087668358e-01 3.671723687448e-01
1.443953317260e-01 6.438495779310e-02 8.249815659296e-02
2.619138223155e-01 -1.143402317186e-02 1.232804681369e-01
6.946361460123e-02 -5.355768963096e-02 8.725083948033e-02
-8.763203446825e-02 4.661894241508e-02 2.855876803669e-02
1.184287162400e-01 3.115187365039e-02 -8.214026341239e-02
-3.823050238607e-02 -1.572167924036e-01 -5.036451077689e-02
-7.138899848373e-02 4.792434260914e-02 -6.341479723674e-03
-6.047765584951e-02 4.980091158597e-02 2.562615779111e-02
1.492028792843e-02 -8.954326612519e-02 5.465408265074e-02
-1.305795333311e-02 5.429190160068e-02 -1.801028530300e-02
2.979962747779e-02 3.910298178325e-02 -5.953846640275e-03
Mode 12
1.638357502589e-02 -8.218771557617e-03 3.171518300415e-02
7.100486168394e-02 2.651493717823e-01 -5.595444314160e-02
4.703400007397e-02 -2.890203761229e-01 -3.583075360430e-02
3.153831854938e-02 -9.112520880948e-02 -2.739391921491e-02
9.782466777079e-04 6.064568234362e-02 -2.924856949617e-02
-1.614571905794e-02 7.012855025561e-02 3.676571494996e-03
1.887053236229e-02 -1.163262351477e-02 1.328415773695e-01
-2.954657234734e-02 1.857920182073e-02 -1.447174358633e-02
4.674567699223e-03 -2.736182617382e-02 -1.637002499740e-02
2.197942328489e-02 -7.352433405835e-02 -3.703579205486e-02
-4.002104991444e-02 3.469660728280e-02 -7.961103219408e-02
-4.613726725702e-02 3.855758006735e-03 -2.208338772581e-02
-4.770500036700e-02 -1.082040307516e-02 -1.476603303712e-02
-5.888045391432e-02 -1.864183016117e-03 -3.238675843844e-02
-3.492812916412e-01 2.261502817192e-01 2.194493026621e-01
3.436856670372e-01 1.608731582959e-01 -2.469096372350e-01
1.831671207601e-03 -5.147868464459e-01 8.162052378781e-02
7.313263718610e-02 1.368336117048e-01 -1.147397692436e-01
-1.731097672412e-02 1.573818319752e-01 6.998803983500e-02
-4.585846779068e-03 2.729159219011e-02 -1.696864536487e-02
7.322431777111e-03 -1.454036365195e-03 4.072587131831e-03
4.635169769573e-03 1.168895462827e-02 1.358380609397e-02
Mode 13
-4.851028784245e-01 1.314599510137e-02 -7.077522119116e-03
-1.452034601175e-01 -3.852115400164e-02 -3.112070102609e-01
-7.443343467260e-02 -7.633007284661e-02 -2.860106260794e-01
-7.286850649577e-02 1.500414392063e-02 -1.085011349832e-01
-1.346347927950e-02 5.717238451413e-02 -8.544008887685e-02
5.795378769769e-03 -4.817646912620e-03 -7.720009543983e-03
1.819916977928e-02 2.006113609858e-04 1.369726154552e-01
9.541905613489e-02 -6.624622685583e-02 1.005290508552e-01
3.348817695838e-02 -4.341732271209e-02 8.523204544601e-02
2.551815217884e-02 3.127418024448e-02 2.099021412527e-02
3.274085179439e-02 1.991667622068e-01 2.099901585673e-02
2.312472864520e-01 -8.004708488698e-03 1.172074539155e-01
3.316582675901e-01 4.158861008264e-02 7.906391236027e-02
2.594886131145e-01 2.847968742078e-02 1.063313545497e-01
-2.386151595924e-01 1.217462195013e-02 -5.736167147133e-03
-2.357931108958e-01 4.889847029641e-03 -1.313875722620e-02
-7.496897072460e-02 1.254643305308e-02 1.327267540545e-01
-2.327953652128e-02 -1.142285207547e-02 -8.921227035278e-02
-3.264059736935e-02 -5.610846761455e-03 -8.339375917438e-02
-1.360069905617e-03 2.960403782145e-02 -1.979614169679e-02
5.089886447641e-03 -1.837141601707e-02 1.652663171003e-02
-5.324517552673e-02 -6.916825262884e-02 -1.599943807596e-02
Mode 14
-6.656947054026e-02 -6.245516328364e-03 -1.446864047489e-01
-3.183051698486e-01 3.548447890675e-02 1.599593110889e-01
-2.517905100171e-01 -8.178394575327e-02 3.246955611651e-01
-6.303539897512e-02 8.621236057685e-02 2.468381911386e-02
1.447132372828e-01 2.976754585654e-02 2.524593010524e-02
1.655137222962e-01 -7.493961991492e-02 -1.126807683703e-02
-7.563472934691e-02 3.304118386682e-02 1.567910105385e-01
1.255624534717e-01 -1.161207660673e-01 -1.133888741413e-01
-3.862767411637e-02 9.256796338866e-02 -1.420440656451e-01
-9.519470257667e-02 1.804104255472e-01 -1.192347995808e-01
1.771251525888e-01 -8.087852321363e-02 -3.357622882868e-01
1.319607739186e-01 -7.725460257010e-02 -4.303646873957e-02
-1.610594316619e-01 -1.234840060715e-02 -3.785363153213e-02
3.484540577150e-01 -2.377082323950e-02 1.979121046305e-01
2.178898592071e-02 1.462670722897e-02 -1.804255168848e-02
7.008279033082e-02 1.206397533059e-02 -5.800542544523e-02
-6.742746618247e-02 -4.905902661349e-02 -1.325438743318e-01
-1.097387847094e-01 2.373685342218e-02 2.167913621178e-02
-1.395066758966e-01 2.442999449423e-02 5.751533054115e-02
4.962244461722e-02 2.560094684106e-03 2.185210702130e-02
-2.319035437275e-02 2.940601627897e-02 -6.546998370103e-02
9.891085678519e-03 5.672321207733e-03 9.078604995236e-04
Mode 15
8.786775058832e-02 1.026723595463e-02 1.411497778771e-02
1.342351681681e-02 6.939559741326e-03 7.673304296483e-02
-3.295687432591e-04 -1.731877274910e-01 8.866483449863e-02
-1.654142255298e-02 1.488221417633e-01 5.195770503331e-02
-8.540241736780e-02 9.276276637985e-02 4.923821108487e-02
-9.466307960114e-02 -1.283811672501e-01 4.943699928698e-02
3.410182088821e-02 7.888497322251e-03 -2.427113116247e-01
-7.490929174450e-02 -2.626224028527e-01 1.340850189836e-01
-2.135669587109e-02 2.382874486966e-02 1.366571876155e-01
2.114952589820e-02 3.019364360442e-01 8.638163500137e-02
4.818104038968e-01 4.595707573968e-01 1.992613908944e-01
-5.736052971268e-02 -9.885039808306e-02 2.702547076097e-02
-3.062117255935e-02 6.099986012915e-02 -8.525045311141e-02
-2.559466645037e-02 6.860403063810e-02 -9.355177850145e-02
2.955412177940e-02 1.764321355847e-02 2.120491626594e-02
6.347288819624e-02 1.456427802808e-02 -1.280671737390e-02
1.071714271061e-02 -2.878107833548e-02 -2.164639845988e-02
2.366802448236e-02 1.750397046768e-02 -3.316025348141e-03
-1.913147653047e-02 2.154451114468e-02 4.192048055452e-02
-2.586629582156e-02 2.962438470534e-02 1.157118641153e-02
-4.382310297837e-03 9.677327743736e-03 4.393966188446e-02
-1.478101520148e-01 -2.049979926642e-01 -6.170518846140e-02
Mode 16
-5.997858780985e-02 1.217256656785e-02 3.195326201464e-02
1.205454183890e-01 -2.538650331687e-02 -1.584237348831e-01
1.282076995095e-01 -1.321839173855e-01 -1.359208246961e-01
1.523544487344e-02 1.655094021442e-01 3.813681361533e-02
-7.748648871976e-03 1.056863050007e-01 4.192085140242e-02
2.349819113426e-02 -2.175690030227e-01 1.132632452117e-02
-1.072487107620e-02 4.264396035455e-02 -1.485849615883e-03
1.637663910828e-02 -2.376705495015e-01 -2.994199794793e-02
4.616007423475e-02 3.210894126515e-01 -4.997787046474e-02
1.937613147754e-03 2.930669793571e-01 8.461334813236e-02
-2.354787286708e-01 -3.681817827693e-01 3.364401600037e-01
-7.622466162982e-03 -1.607659800026e-01 -1.056376485454e-01
-2.815216890275e-01 1.529098069175e-03 -1.877494890089e-01
1.837985027058e-01 -4.966020597127e-03 -1.042759258358e-02
-7.541137187582e-02 1.196888519903e-02 1.101367623658e-02
-6.771130004484e-02 6.973721972776e-03 -1.651391836593e-03
2.023303885151e-02 2.411484045756e-03 8.675745641794e-02
5.768977185167e-02 -9.115546016953e-05 -5.667679148745e-02
3.313312528846e-02 6.349683393696e-03 -3.025976347286e-02
4.142492283718e-03 4.717133170787e-02 1.994902426333e-02
6.951815313668e-03 1.444856013386e-01 -3.572610541854e-02
5.799516225314e-02 8.427097829680e-02 -3.261678061927e-03
Mode 17
1.543008351483e-01 6.036034261368e-03 3.249054255794e-02
3.677108630818e-02 -6.877618513639e-04 1.147262673617e-01
-5.822452765944e-02 -1.067472933904e-01 -2.464608587961e-03
-3.546255454819e-02 1.244001545280e-01 -8.041056942060e-02
-1.462468839202e-01 9.291654946078e-02 -6.234975111192e-02
-2.012709084426e-01 -2.210509994821e-01 6.480140446042e-02
5.563856557999e-02 1.348220316617e-02 -1.084199966939e-01
-1.204025756237e-01 -2.535876666602e-01 2.338930824924e-01
-9.051622290697e-02 3.275083954149e-02 1.502315478746e-01
-1.758621915947e-02 1.545059475261e-01 -6.433053993104e-02
-2.407627292311e-01 -2.665681493500e-01 -3.786775415120e-01
3.959222740956e-02 -2.470289305167e-02 2.478457451731e-01
4.046245539788e-01 1.037441763432e-01 1.297710472819e-01
-4.302330365674e-02 1.156502116869e-01 1.559702050258e-02
8.461364530680e-02 4.605894309205e-03 1.801709059634e-02
8.751356163180e-02 6.927616117728e-03 4.524699707093e-03
1.780967354139e-02 -9.184882691167e-03 -4.533742962975e-02
2.832887618476e-02 8.712632177938e-03 1.888704716969e-02
7.523255026242e-03 8.634825082596e-03 4.311728285503e-02
-5.516132473129e-02 5.102702277068e-02 -4.043097669514e-02
-1.049557849271e-02 2.851372958744e-02 6.531180683509e-02
5.708948249416e-02 8.222558557872e-02 1.377425028563e-02
Mode 18
1.597148143862e-02 6.794296367498e-04 -2.818809068982e-03
-4.452369765016e-02 2.723673632624e-03 5.990238599772e-02
-6.276528234128e-02 1.506921651677e-01 -8.834489677973e-03
-1.166023198711e-02 -3.739986532714e-01 -2.370142356732e-02
-1.410044941151e-02 2.872989513738e-01 -8.260966989610e-02
-3.672699860772e-02 -1.990175409032e-01 6.426781124773e-03
1.386782457743e-02 1.237711556200e-02 9.841435992498e-03
-1.965096157356e-02 -1.387509845634e-01 4.314704103351e-02
4.068619673610e-02 4.119846367590e-01 -2.085865327456e-02
2.167862405555e-02 -4.784711837878e-01 1.647477074296e-02
7.046825945877e-02 1.251767910711e-01 -1.307894986433e-03
-2.858172200257e-03 -5.570289210955e-02 2.297912901543e-02
-9.980560147509e-04 1.895208208952e-02 -2.776588393384e-02
2.693491199407e-02 3.657954472294e-03 -2.025909046114e-03
3.465941624579e-02 -1.343567726389e-03 1.243555329783e-03
2.110313440409e-02 7.947896512585e-04 -9.571287525003e-05
-1.100905876148e-02 6.376491138777e-03 -3.406247699501e-02
-3.944354420522e-02 -8.920431883915e-03 3.212866291602e-02
1.430291899370e-02 -1.436625209683e-02 3.032357903733e-03
-6.544704908821e-03 3.216111171980e-01 -4.998474414080e-02
3.022705104758e-02 3.637567907917e-01 -2.662190991875e-02
-1.708101170449e-02 -2.023546843625e-02 5.493349667610e-03
Mode 19
2.934299045278e-01 3.112959225924e-03 1.007894706358e-01
1.275774376283e-01 1.878555796849e-02 1.304545557770e-01
-1.846853598878e-01 -1.097281712759e-02 -3.285340645902e-01
-2.451376330631e-01 -4.476659163931e-02 -1.757669993060e-01
-2.243920504133e-01 -7.009765054611e-02 -1.455330699443e-01
-1.684937985841e-01 1.272503958545e-01 -1.349245085710e-01
2.795352075447e-02 -3.956224925323e-04 1.381281991463e-01
-5.027234007720e-02 1.031869185946e-01 -8.819905908715e-02
-2.088991017918e-01 1.953572902798e-02 -3.815177029540e-02
-2.256532237048e-01 3.417038290841e-03 -1.174086986826e-02
5.892527888764e-02 4.508477806857e-02 2.055379853839e-01
1.722399387104e-01 -3.294313941735e-02 -8.108963220122e-02
4.172042099297e-02 -7.473664441930e-02 -5.379285759824e-02
3.763707738093e-01 -2.480012875815e-02 1.653695434489e-01
1.602644909969e-01 -5.914106241593e-03 3.169875835685e-02
1.647240398739e-01 3.022231260930e-03 3.332861919869e-02
3.811353716079e-02 -1.024338496765e-02 -6.955075542051e-02
8.455171627681e-02 6.806107919667e-03 3.917962680247e-02
8.393299154637e-02 2.687946483923e-04 3.634719568838e-02
-5.310968816965e-02 -5.008768639548e-02 -2.253677259804e-02
-8.081137152367e-02 -2.682678867092e-02 -4.060940162943e-02
-9.084292791625e-03 -1.130045457770e-02 2.258667963875e-03
Mode 20
1.506538981378e-03 -8.813574175014e-04 1.111480071153e-02
1.780693347432e-01 -1.076052293441e-02 -1.893755683922e-01
2.089892340173e-01 7.520392495615e-02 4.940978156052e-02
-3.825689842969e-02 -1.488853172963e-01 3.300763008689e-01
-1.536324739749e-01 -2.558856987852e-02 3.753190518973e-01
-5.697074674082e-02 2.458452125058e-01 1.839565334294e-01
-1.636937586606e-02 -2.519249905788e-02 -1.675371273117e-01
-9.217362421986e-02 3.450814202393e-02 1.033675640331e-01
-2.368823903380e-01 8.444310350581e-02 1.244953781488e-01
-1.765803951626e-01 -5.216921667134e-02 9.578823274207e-02
5.920491555992e-02 9.936513054558e-03 -3.725035049616e-01
7.445829553836e-02 -9.768736471794e-02 -7.367384393240e-02
-6.122347521649e-02 -4.007553386975e-02 -1.067126603485e-01
2.630428269315e-01 -1.519978955031e-02 6.990334261305e-02
-8.078673078616e-02 1.496713686462e-03 -5.685489054295e-03
-7.626351935523e-02 -5.070262911596e-03 3.965407783283e-03
5.379034599129e-02 9.732150527099e-03 1.115928050680e-01
3.347692812337e-02 -1.184700080979e-02 -3.860510485165e-02
4.619868873135e-02 -7.098066709739e-03 -5.845675988623e-02
-3.651823549426e-02 -1.139506822097e-02 1.226183705289e-01
-6.269425552452e-02 4.143065671925e-02 4.142401289566e-02
2.786176862861e-04 -1.495490400761e-04 4.126510131630e-03
Mode 21
-6.410515521306e-02 -4.868446831799e-03 -2.484331775656e-02
-1.507839669104e-01 3.298314716924e-02 1.188200624590e-01
-6.500696770312e-02 8.356019087791e-02 6.238755491118e-02
1.274305661945e-01 -1.702262275162e-01 -1.646312241741e-01
-1.264633256982e-02 -1.800958100879e-01 -1.768691643512e-01
-1.622422370210e-01 5.219557640993e-01 1.994487869024e-02
3.693769433987e-02 -2.756400813624e-02 -2.310533325211e-02
-5.873463079757e-02 -1.224113564872e-01 2.275752557866e-01
1.927606671546e-01 1.144850788560e-01 2.407107480467e-01
2.811269950201e-01 7.346334195585e-02 -6.231286151088e-03
-1.069047381597e-01 -5.031570051794e-02 1.933107775272e-02
-1.726475327356e-02 -2.587758780606e-01 2.480996376107e-02
-1.324636038879e-01 2.880858636579e-02 -1.709599125445e-01
1.451064916837e-01 3.203551568555e-02 -8.912202700712e-02
1.368099695269e-02 -8.339209148837e-03 -1.053229662440e-02
2.474214017665e-02 -4.102899214468e-03 1.893072782342e-03
-4.609400318167e-02 -9.399427165594e-03 -6.137064129673e-02
-5.368468907134e-02 3.079491341086e-03 4.369948110902e-02
-5.081260207829e-02 -3.362981710684e-03 1.731180294291e-02
-4.178389224332e-02 -1.510331227540e-01 -9.963488405337e-02
1.001965284428e-01 4.937823477881e-02 1.403534392125e-01
5.343985181094e-03 8.941614928872e-03 -3.586020076101e-03
Mode 22
6.079364553497e-02 1.326088531536e-03 2.702311254456e-02
6.269724965861e-02 8.321975964974e-03 -3.901432013314e-02
-8.439904671567e-02 5.441226488990e-02 -2.024826201249e-01
-1.554327393215e-01 -2.396967908004e-01 2.326162849073e-02
3.020133942269e-01 -6.686752065349e-02 1.163356325591e-02
3.342566917335e-01 3.388233240991e-01 -4.481785288642e-02
-1.882403184519e-02 -1.758027301239e-02 7.360521202216e-03
1.682594335742e-01 -3.945808729390e-01 1.673572648393e-02
-1.870861801258e-01 4.410513326945e-02 -7.501037418634e-02
-2.336413684649e-01 1.738529357875e-01 7.025892084650e-03
2.585983322725e-02 -2.722439694898e-02 2.406229422571e-02
-6.566815880704e-02 -6.368681032931e-02 2.082272722432e-01
3.938996482535e-02 1.290825994881e-01 1.276311398194e-01
-2.411636721678e-01 5.543976437806e-02 -9.528888798178e-02
2.521034632661e-02 -4.395280549382e-03 3.270123388301e-03
3.328374801841e-02 -1.288413120990e-03 1.194304213546e-02
1.238693027358e-02 -2.898230758798e-03 -4.363102776478e-03
4.026955401024e-02 -4.315730861897e-03 3.030851275687e-03
5.082497575879e-02 -6.650315788360e-03 -1.829560334658e-02
1.349527650373e-01 -5.892490202831e-03 7.362623718454e-02
-1.010041205025e-01 8.966784170197e-02 -1.134190530586e-01
-3.078836314207e-04 -3.535669442792e-04 -1.688581837417e-04
Mode 23
-1.545261006671e-02 -1.134483607965e-03 -1.171675687904e-02
1.039927523849e-02 5.620054585931e-03 -2.260666387299e-02
9.756968405694e-02 5.350340260515e-02 1.636733120497e-01
2.162248009123e-02 -1.138727164632e-01 1.638368361222e-01
-3.746359030790e-01 -2.041626559064e-02 1.420024945207e-01
-1.805115729099e-01 1.829278857050e-01 -2.845243507755e-01
-1.504283845734e-02 -3.729074625967e-03 1.020146897907e-01
-1.001545316548e-01 -2.406056311118e-01 -2.977291823311e-01
2.876095037214e-01 -2.009190198444e-02 -4.299673696426e-01
6.655463795354e-02 9.873634351259e-02 -2.048656797359e-02
4.842452902931e-02 -1.635776725269e-02 4.604808852843e-02
-7.976480717386e-02 -5.436873199730e-02 1.213961459481e-01
2.454220632932e-01 1.100237955593e-02 2.774936382167e-02
-2.119043101700e-02 1.146680335274e-01 9.200822859519e-02
-3.795822751971e-02 -1.432972124050e-04 -7.393413589754e-03
-3.175605357464e-02 -4.079798054820e-03 8.632801741295e-04
1.469756236841e-02 1.877197040174e-03 3.669675121603e-02
-2.112992146290e-02 -3.401374501465e-03 1.410218606649e-03
-1.783194300362e-02 -3.029348301573e-03 -1.358225263860e-02
-1.088379852929e-01 -9.257290291422e-03 4.098777081037e-02
6.994301231552e-02 3.284992532595e-02 -1.586257144963e-01
-6.786395917952e-04 -1.807090266895e-03 -1.251915527453e-03
Mode 24
-6.993265428357e-03 1.184800557888e-03 9.952617499179e-03
-3.344883847636e-02 4.378976683469e-03 3.422009623172e-02
-3.297417122739e-02 9.753878758889e-02 -7.674579827760e-02
-3.367773356797e-02 -5.869379887217e-01 5.714079143936e-02
-5.470527702620e-02 9.202690642217e-02 1.623946994293e-02
-1.268980710139e-02 -1.571694568947e-01 2.098488819471e-03
8.092163623765e-04 -4.627189206930e-03 1.389214805448e-03
4.359077871573e-02 2.039655905901e-01 7.812452630049e-03
9.728569729266e-02 -1.526917412802e-01 7.024266934135e-02
8.558717290352e-02 5.137529906422e-01 4.985376284568e-02
-2.736893392881e-02 -5.387553010607e-02 -3.776519089493e-02
3.484648205980e-02 5.088128236014e-02 -5.345564370593e-02
-6.309993063493e-02 -1.044008854949e-02 -4.208287535496e-03
5.772188684167e-03 -3.812988550414e-02 -2.938853095269e-02
2.861213794645e-02 4.835609260859e-03 1.159075675352e-02
1.770357859415e-02 6.865445017248e-03 -6.242744212762e-03
-1.835110456406e-02 3.183347647472e-03 -3.143552687638e-02
-2.073348066755e-02 6.040134949622e-03 1.497730543014e-03
2.514514843855e-02 4.489640482752e-03 1.548497023997e-02
-5.902431120763e-03 4.008926585019e-01 -1.495152532811e-02
2.283729243986e-02 -2.327724144229e-01 5.035217107944e-02
2.461321231754e-03 3.384020419458e-03 -2.952729554510e-03
Mode 25
-1.291703767847e-02 -5.700738884730e-03 -6.284233126282e-02
7.695924206701e-02 -8.114679577120e-03 -8.140050907789e-02
1.734802507442e-01 6.216374930749e-02 3.493391531195e-01
2.192712003533e-01 -1.642822266524e-01 -1.180630416961e-01
2.095269737628e-01 -2.113304593247e-02 -2.422183222485e-01
-8.896550581346e-02 3.436560787885e-02 1.116887068217e-01
1.144105381844e-02 -5.690445387397e-03 -1.642170963251e-02
-2.435851598772e-01 -6.626718692504e-02 -4.433420842890e-02
-3.752996905699e-01 -1.269064884000e-03 -4.216234482183e-02
-1.272821870707e-01 1.145480331865e-01 -3.430942861457e-01
8.236727864078e-03 -9.969020337149e-03 2.411556140080e-01
-7.325356827980e-02 8.575406681149e-02 -8.324203165574e-02
1.755811653345e-01 -1.000059839334e-01 -2.881566992962e-02
5.514296065997e-02 6.865107490909e-02 1.998680849458e-01
-9.952895604973e-02 8.072608444327e-03 -1.977856019114e-02
-9.999635699966e-02 -6.823874973039e-03 -1.804765072916e-02
5.738635659527e-02 1.111281812656e-02 1.081678626283e-01
-4.328961198962e-02 -4.715899807074e-03 -2.169218998510e-02
-3.323711678634e-02 1.566722820980e-03 -2.320068660954e-02
-1.089999635785e-02 7.438636989750e-02 -1.904628187553e-01
-8.959516471571e-02 -1.127423935827e-02 2.397564125335e-02
1.103704406481e-03 -1.100238716192e-04 2.220679375207e-04
Mode 26
1.415089001055e-02 -2.224086872603e-03 -6.789496145797e-03
3.075811671679e-02 -8.298369372808e-03 -3.077297673936e-02
1.052595105871e-02 -1.728465851130e-03 4.468047919050e-02
-4.481461562969e-03 1.648022615518e-02 1.356634366336e-03
8.323853643084e-02 -7.025542448288e-03 -2.671611984287e-02
5.520803554292e-02 -1.264058101781e-01 -2.466669767108e-02
-2.389855259548e-03 7.103918697465e-03 1.016164042959e-02
-4.810127422018e-03 3.911824099753e-01 -7.468009468360e-02
-6.010071851387e-02 5.159532357728e-02 -8.320396949220e-02
-8.078190491114e-02 -6.992265457054e-02 -5.328908119618e-02
1.197439114201e-02 1.868188212960e-02 2.876781916814e-02
-1.683477193529e-01 -6.513177922594e-01 4.052371293360e-01
5.208816071300e-02 1.769854005310e-01 -1.459603934806e-01
6.175637360883e-02 2.204283194402e-01 -8.401448155392e-02
-1.364766114249e-02 5.049633609162e-03 2.048173706789e-03
-2.109145503797e-02 9.011537912788e-04 -7.015642481419e-03
1.872628757411e-02 4.891614949493e-03 2.732538295823e-02
-9.779146500455e-04 1.890646641219e-03 -1.600475931209e-02
2.138308406112e-03 5.296845087476e-03 -3.486560116327e-04
2.872681882864e-02 4.179608692370e-02 -6.219208468643e-03
-3.780683620898e-02 -2.064228503368e-01 -1.211254963276e-02
-3.440996570439e-04 -1.198045614258e-03 1.354891431858e-03
Mode 27
-2.712733402164e-03 -1.567520325692e-01 1.885764103346e-02
-4.915644729398e-03 -2.000260156567e-01 1.992209556103e-02
9.473426288143e-04 6.862302554115e-02 -1.157677375336e-02
9.970122120062e-04 7.255436275257e-02 -3.918677839685e-03
-3.496558019053e-03 -1.264538056897e-01 1.592339277143e-02
5.147288557260e-04 5.773260705884e-02 -3.137577526683e-03
-2.922615182880e-04 -3.446037461839e-03 -2.835438284490e-04
-1.519223736979e-03 -2.306434681365e-02 1.675418543238e-03
3.342469542951e-03 1.559817940521e-02 -3.060894772707e-03
1.025776239658e-03 -2.986802800420e-02 9.006721525827e-04
-3.769770760950e-04 1.006563645719e-03 -8.894146999393e-04
-9.937657175525e-04 7.407165785721e-03 -4.574582694402e-03
2.744078566220e-03 -3.094070941509e-03 9.290607102192e-04
-1.754045561142e-03 -7.197346915430e-04 3.239612635975e-03
2.594336527421e-01 1.993656380020e-01 3.090377722779e-01
-2.528287312422e-01 1.442466899098e-01 -3.457675568410e-01
4.903445590741e-03 1.720767208473e-01 -1.621924803998e-02
-1.542537143398e-01 1.812895463610e-01 -4.107261899065e-01
1.611451904604e-01 2.527599718479e-01 3.657888148584e-01
1.640711566986e-03 1.313162590922e-01 -7.230516147671e-03
1.563281870393e-03 6.254608292175e-03 -2.894999999767e-04
1.739970206304e-04 -1.126466568668e-04 -2.324344734327e-04
Mode 28
1.318547849035e-01 -6.960374266237e-03 -3.797090858652e-02
1.076440034973e-01 -1.685425522368e-02 -1.316377994092e-01
1.612796262314e-02 3.340530953676e-02 3.393704383831e-01
-3.121529878150e-02 -8.324073681974e-03 -5.313844851033e-02
-1.721156091111e-01 -1.870405876078e-02 -1.885269856750e-01
-1.113602155474e-01 -2.127324631672e-02 -3.035564685474e-01
1.517073999251e-02 4.799385167176e-03 6.110616077310e-02
1.951507254296e-01 9.101750337400e-03 6.547228709463e-02
-9.460865893416e-02 -3.142773898754e-03 7.474077475773e-02
-8.087665182996e-02 4.127720286571e-03 1.097862895530e-02
5.225426219174e-03 3.457593837846e-04 -9.633934262505e-03
3.386122375591e-01 8.305086805873e-03 1.445156948934e-01
-2.543456686752e-01 2.179428471140e-01 2.458696316145e-01
9.590412767504e-03 -2.273385863205e-01 -3.478497613637e-01
-1.093285429372e-01 1.750585043524e-02 -7.212331996782e-03
-1.122117846937e-01 -1.234310874583e-02 -5.424214100999e-03
1.406023030939e-01 1.864435557659e-02 1.974920826281e-01
-5.075150236083e-02 -5.154705056751e-03 -3.930368396497e-02
-4.894169269510e-02 2.205734401786e-03 -3.479710021118e-02
-6.547712181511e-02 7.101946062431e-03 -8.252522407280e-02
-7.388749738426e-02 1.555001896481e-02 -5.801386950876e-02
-2.470559187978e-04 -3.535888243448e-05 2.733675079783e-04
Mode 29
2.270137460982e-03 -4.809823137926e-02 3.154108770160e-03
1.644520940444e-03 -2.674464837714e-02 -3.969838878545e-05
2.499961097363e-03 9.615753510284e-02 6.832474995423e-04
-2.433732527579e-03 -2.952318472021e-01 2.101758888624e-02
1.334698782978e-02 4.935739354141e-01 -5.497255941807e-02
-6.181056530398e-03 -1.532269723778e-01 1.101195249038e-02
6.612962824517e-04 1.216045778366e-02 1.840474373414e-04
-2.271781677041e-03 4.459719963672e-02 -4.741080616317e-03
-7.264082447958e-03 -7.810582356793e-02 8.524123687317e-03
-1.902959057183e-03 8.586227029764e-02 5.771473870921e-05
-1.017385210736e-06 -6.188491455821e-03 4.072713571784e-03
-5.118343443161e-03 -2.027240739682e-02 8.867695756061e-03
-6.746697658854e-05 1.709996497683e-03 -8.014420990652e-03
6.531762410912e-03 6.438105979284e-03 2.904963593240e-04
5.387149715019e-02 4.291922530911e-02 7.048391961355e-02
-6.053529335419e-02 2.926049282482e-02 -7.932621473042e-02
5.313815971749e-03 3.914245917826e-02 2.408845579548e-03
-2.701073539503e-02 3.516779633820e-02 -7.380307291429e-02
2.324064830726e-02 4.867052230244e-02 6.424521138733e-02
-5.828284491770e-03 -7.545333256865e-01 5.284070131966e-02
-4.055721309088e-04 6.555493340868e-02 -1.277254368368e-02
-1.066777060034e-04 2.163112816681e-04 1.085670307482e-04
Mode 30
3.274090139465e-01 -3.726487622165e-03 1.029547583537e-02
2.905540256553e-02 -2.193686251001e-02 -2.085681986494e-01
-2.771193524608e-01 1.721477492243e-02 1.617234776904e-01
-2.130442351050e-01 1.187070638593e-02 -4.354403378031e-02
7.138784003917e-02 -1.856757577013e-02 -1.360252860607e-01
7.361346304907e-02 -1.654025261931e-02 -1.674812675309e-01
-2.446739922183e-04 1.477301887705e-03 3.239594433668e-02
9.589649979161e-02 7.565188222612e-03 5.326886205981e-02
1.474144801976e-01 -5.187477222624e-03 1.572079837383e-01
2.907016832336e-02 1.571316098315e-02 2.751384285413e-01
-7.935842924871e-03 6.226486332201e-04 -9.953657352088e-02
-2.507655086222e-01 1.952063692790e-02 -1.318868558406e-01
1.163741879501e-01 -1.826823009976e-01 -2.211575249881e-01
-5.833359697251e-02 1.572823653060e-01 2.309681746985e-01
-1.190271943922e-01 3.203537341845e-02 1.571934798509e-02
-1.174377520334e-01 -2.384034308086e-02 2.768070236763e-02
2.535924009035e-01 2.692252790173e-02 3.235009835727e-01
-9.489128470936e-02 -6.298620906037e-03 -6.307468351924e-02
-9.577258538675e-02 -4.104114249642e-03 -6.410646379857e-02
6.132972345631e-02 9.776556488614e-03 2.020648901886e-02
4.325468649506e-02 2.587126518933e-02 4.202843024888e-02
-8.445457037722e-04 -7.714811885373e-04 -9.812632499382e-04
Mode 31
-2.695758525452e-02 3.276200835224e-03 -3.837598435665e-03
2.609964832126e-04 1.639746275837e-03 1.744165220086e-02
3.090772139089e-02 -1.382044964378e-02 -1.751014957319e-03
1.570138904837e-02 4.483061597214e-02 -8.952265274022e-03
-5.735489458871e-04 -5.176158556953e-02 -3.006622613145e-03
-1.332835542113e-02 1.363784929625e-03 -1.286997264827e-03
6.717661841628e-04 -7.256127306201e-04 9.900153822322e-04
1.907930853491e-02 2.134207763358e-01 -1.265085134421e-02
-3.532588681375e-02 -4.784813617156e-01 6.371133853803e-02
-9.394273150526e-04 1.478062048446e-01 -1.682090971417e-03
-1.217249246209e-03 -2.540010717392e-02 3.517385928566e-03
-3.895289626410e-02 -1.146608920310e-01 4.522325224860e-02
3.270100966867e-03 7.872286423090e-03 -4.414050015220e-02
3.231557348973e-02 2.758204654024e-02 -1.998418095388e-04
4.114771507372e-03 -4.535038182450e-03 -5.939643125278e-03
9.395459077008e-03 2.721639382070e-04 1.313186594492e-03
-1.924946076655e-02 -3.763806961276e-03 -2.371680926649e-02
6.408821711075e-03 -1.866640661016e-03 8.767740656055e-03
9.841239766000e-03 -3.087572963154e-03 1.603198612351e-03
-3.242538417671e-03 9.930434382656e-02 -1.672173050345e-02
1.207735402038e-02 7.993666266559e-01 -1.363356406725e-01
5.064063127077e-04 8.481660321941e-04 -1.009719371119e-03
Mode 32
-2.938671583332e-01 -3.776446297577e-03 -7.871089791679e-02
1.319362530173e-01 1.315499893231e-02 1.499650044481e-01
3.124713086793e-01 3.303979855161e-03 1.071993050810e-01
3.333293089587e-02 2.276647816725e-03 2.657442535080e-02
-4.344056912939e-02 -1.350887992569e-02 -1.705967208773e-01
1.167350210537e-02 -4.442491548057e-02 -5.162366967106e-01
2.898562546547e-03 4.861034790133e-03 7.641869521328e-02
1.945001772317e-01 -1.445296263758e-02 4.621571261929e-02
-1.838854852181e-01 6.193109801077e-02 2.332345203490e-01
-6.723624436219e-02 -1.256960367290e-03 2.741488083827e-01
-2.204356038894e-03 3.043697546412e-03 -9.136679791090e-02
-1.363419541778e-01 1.031506849041e-02 -6.375449057668e-02
5.213202927051e-02 -1.058517769564e-01 -1.327385093902e-01
-5.806110473928e-02 9.662571618690e-02 1.314246498073e-01
3.676995023005e-02 -2.728430231865e-02 -4.023707274032e-02
3.521290861894e-02 1.770553890918e-02 -4.982093404389e-02
-1.888108031916e-01 -1.844210745857e-02 -2.306440782518e-01
1.157411532885e-01 -2.146679246499e-05 5.338878917555e-02
1.175805916750e-01 6.978793426784e-03 5.305827753682e-02
3.554921088439e-02 -4.415781750538e-03 1.158567009509e-02
-1.143829228286e-01 -4.063715662729e-02 -1.306625635550e-02
-1.083196677029e-03 -6.224158008981e-04 -5.645626758636e-04
Mode 33
-2.168404877462e-01 -1.759699650279e-02 -2.146083254167e-01
5.541778303967e-01 -5.186086227074e-03 4.832450707204e-02
-3.234301407982e-01 2.528842989116e-02 2.172512541695e-01
-1.841837985187e-01 3.424095594611e-03 -4.728373994342e-02
9.993970199285e-02 -1.436505317462e-02 -1.320200525193e-01
-6.234113307528e-02 2.458023003761e-02 2.683998787659e-01
4.048773211728e-03 -1.764081345098e-03 -2.567670890900e-02
-1.205264951823e-01 7.064912947403e-03 -7.491511938259e-03
2.202229554010e-01 -2.434082897001e-02 -1.255206048321e-01
-6.085718693688e-02 1.417397110573e-02 1.881855633116e-01
7.594748526143e-03 2.731677074484e-03 -3.745269029628e-02
2.933168440010e-02 8.048929444647e-03 1.417602513829e-03
-9.520189378040e-03 1.748911708145e-02 2.715252287170e-02
2.721718406400e-02 -2.672567276071e-02 -2.733484785924e-02
-8.030271972142e-02 -2.787700431371e-02 -9.682305498051e-02
-8.035988151036e-02 1.152304383133e-02 -1.025993539149e-01
-8.740655243692e-02 -9.039679999694e-03 -1.103272263517e-01
2.258797838762e-01 -1.579187223109e-02 6.094573774704e-02
2.266904398181e-01 2.126857646815e-02 5.957889601006e-02
5.876647716743e-04 -3.710315549450e-03 -8.260888164277e-02
3.920952680712e-02 -1.332294375208e-02 -8.137279060409e-02
-4.641685623848e-04 -1.038618822373e-03 -1.940454394868e-04
Mode 34
4.550726989552e-02 1.033875473875e-02 1.270664356107e-01
-2.155515559879e-01 1.231539121967e-03 -3.998549115278e-02
2.138197502467e-01 -1.223461141665e-02 -6.148840434061e-02
8.039881155557e-02 8.371211942756e-03 5.404841571757e-02
1.360143453750e-01 -2.637847278614e-02 -2.479432673620e-01
-1.271837851161e-01 2.391916219717e-02 2.489934455195e-01
7.717437054994e-03 -1.314893799129e-03 -2.015903213478e-02
-6.036364479196e-02 1.865976491410e-03 -2.894598311005e-02
6.201284126975e-02 -1.125369636207e-03 -1.480877525268e-01
-1.223521804193e-01 2.209690600704e-02 5.347805153734e-01
1.180043390858e-02 5.338329767394e-03 -1.117092647244e-01
1.491073590095e-02 -2.125172299000e-03 -2.782910515730e-03
-1.096423060088e-03 1.793511836308e-02 2.859819554204e-02
2.196665782081e-02 -1.516267504797e-02 -1.423117403781e-02
7.236271519626e-02 3.593147692368e-03 4.766182455250e-02
7.040532497784e-02 3.375606467779e-03 4.493845909535e-02
-5.282390884665e-03 6.338537068268e-04 -2.681963747276e-03
-1.056313991639e-01 6.717770495178e-03 -3.340148987429e-02
-1.042347233479e-01 -1.156164453319e-02 -3.485894949344e-02
-1.379012068787e-01 -2.221172596983e-02 -3.451229590277e-01
-1.973510701821e-01 -6.380437921315e-02 -3.837367657567e-01
-1.595182481540e-03 -2.051937436606e-03 -8.714809106739e-04
Mode 35
-1.045765103678e-01 4.747679537745e-02 4.112097177355e-01
6.959228032888e-02 -6.021052596386e-02 -5.517550620056e-01
-1.306548628386e-01 2.781634769231e-02 2.499647384010e-01
-5.401564124077e-02 4.324865648353e-03 5.463160853556e-02
2.766472191306e-02 -3.618738063548e-03 -4.715740136918e-02
1.265408328183e-02 -3.743382212537e-03 -4.958721185082e-02
7.449458087550e-04 3.611254422201e-04 6.252959667452e-03
-1.578418728621e-02 7.555667257491e-04 5.325319599885e-03
4.083044831782e-02 -5.451725695870e-03 1.753317065913e-02
-6.929754514373e-04 -5.898535781567e-04 -6.944388634910e-02
9.002488042364e-04 -5.519718224094e-04 1.068954396306e-02
4.503026078112e-03 4.987123380594e-03 2.089064927392e-03
-2.607205761447e-03 -4.016411646045e-03 -5.379793629005e-03
5.236030333709e-04 -1.589879448012e-03 -1.297021617369e-03
3.376145851694e-01 -5.745068762434e-02 8.609859682474e-02
3.441146592573e-01 5.660613498717e-02 7.611051362696e-02
-1.906467668550e-01 -1.844111272707e-02 -2.270192441072e-01
1.094189198929e-02 -2.417321049591e-02 -1.502110186548e-01
1.455244943883e-02 -4.589430763954e-03 -1.467219217170e-01
-1.396091779168e-02 -4.519729104428e-03 -4.787894445310e-02
7.695736626169e-02 1.674503527021e-02 1.072058596833e-01
3.383206944153e-04 9.484979169217e-05 6.517173762737e-05
Mode 36
2.250118747865e-02 -1.129873267021e-02 -2.682504181996e-03
-7.870541321961e-02 2.076289744435e-02 2.773088575871e-02
9.714120056880e-02 -1.319889439192e-02 -4.834476711366e-02
-5.401868655161e-02 1.242354947993e-02 8.739292077840e-02
3.130832203768e-01 -1.568304412074e-02 -1.002040270150e-01
-6.631961059779e-02 -1.684879810751e-02 -2.252952809028e-01
-1.172789574508e-03 1.598340209206e-03 2.410879074593e-02
-5.412860973103e-01 -1.834102513608e-02 -2.839683318589e-01
4.914190084047e-03 -1.488882440778e-02 3.244165754228e-02
-6.852643615345e-02 2.487763504355e-02 2.825142643819e-01
4.156445058120e-03 1.982468085792e-03 -5.463661378763e-02
1.051264029739e-01 9.674499326715e-03 5.804839867824e-02
1.038423399843e-03 8.749704020289e-02 1.335751420933e-01
1.050154433124e-01 -9.163818352572e-02 -9.936582277114e-02
-5.870350683815e-03 1.013148863525e-02 1.312477905009e-02
-1.605421829221e-02 -3.129691781340e-03 -1.475720105844e-03
1.667041187018e-02 8.060709509111e-03 1.965730367445e-02
-2.602240537563e-02 -1.117837758829e-03 1.717974183547e-02
-6.770253131386e-03 -6.219314169741e-03 -6.773539291718e-03
2.192553375399e-01 1.441104893257e-02 1.507248456544e-01
2.281356969429e-01 6.633909860406e-02 3.773616515060e-01
-5.435896740190e-04 -1.088596904926e-03 -5.157498825244e-04
Mode 37
5.599522158979e-03 3.306689057584e-01 -3.741482899001e-02
-1.145134813863e-02 -4.877465947423e-01 5.454356012620e-02
7.940461559730e-03 1.697594280736e-01 -2.158661926679e-02
3.894648279929e-04 -1.582840036980e-03 5.680459902118e-03
1.113637164070e-02 4.582917782348e-03 -5.243735865498e-03
-2.528247429978e-03 1.049245944002e-03 -8.286864955734e-03
-1.656036210663e-05 4.640676624167e-05 9.008677475758e-04
-1.945076113505e-02 -1.549701643694e-03 -9.030435141643e-03
-5.993670695409e-04 -1.714452481500e-03 1.090877484990e-03
-1.553933988661e-03 -3.575116692111e-03 1.321793093157e-02
-7.757126889458e-04 -2.989379050476e-04 -2.460386376685e-03
3.661894010405e-03 7.947519280398e-04 1.616711797357e-03
9.148818536716e-05 2.869777088371e-03 4.607470423360e-03
3.650072828908e-03 -3.188882383706e-03 -3.236566220390e-03
-1.584832738123e-01 -1.032514599883e-01 -2.461435046454e-01
1.544527712143e-01 -6.018942430167e-02 2.655521135904e-01
-4.826919707152e-03 -2.022995142107e-01 2.190797227040e-02
2.286703644541e-01 8.330343575028e-02 -3.608593618571e-01
-2.270954990028e-01 1.612627577519e-01 3.387585727721e-01
7.143778401666e-03 -7.983793698916e-03 4.666278323696e-03
5.489850505114e-03 5.448781219244e-03 8.868558699428e-03
1.908891751805e-04 -9.686935858421e-05 -1.849821153040e-04
Mode 38
-2.936871169005e-04 8.521741719006e-03 3.427576750713e-02
-4.456453566182e-02 -8.125309390279e-03 -8.338443523436e-02
1.041259824850e-02 5.728775571490e-03 8.442141052139e-02
1.167859597731e-02 -1.957641136901e-02 -1.943242830377e-01
1.060708357541e-01 1.768661170381e-03 1.701319216167e-02
-2.566421674158e-01 -2.370952646191e-03 -2.487061204593e-02
2.813685820142e-03 -9.329108086040e-05 -3.813257750191e-04
-1.647607779914e-01 2.912831883870e-02 1.442072965557e-01
4.052719243277e-02 1.091778268418e-02 2.047008236655e-02
1.775123739699e-01 -1.004252852199e-02 -2.743967787361e-02
-6.458074790556e-03 -9.644917532973e-04 8.547218267306e-03
7.449694017933e-03 1.298848024623e-02 -2.385619281442e-02
-7.243555801291e-03 4.423066405242e-03 1.475827920803e-02
4.614946281658e-02 -2.492794412968e-02 -1.240317130080e-02
3.188340168339e-02 -2.693045701743e-03 8.758243417568e-03
3.712075107712e-02 1.771925678568e-03 1.530209984479e-02
-3.228903415048e-03 -1.196027168432e-03 1.050489604141e-03
1.493502915019e-02 -9.604347196056e-03 -1.351409745419e-02
4.008138390988e-02 5.353162368452e-03 -1.357861343058e-02
4.005201675027e-01 4.263526904236e-02 5.600184085826e-01
-2.812715017877e-01 -6.094504852530e-02 -4.636681915258e-01
-1.858242945892e-04 4.375265525510e-04 -1.687216551742e-04
Mode 39
3.880069725348e-03 2.589393204981e-01 -2.922694042280e-02
1.853362163884e-03 -4.867856074234e-02 1.106154945604e-02
2.784941546632e-03 -1.255413303149e-01 1.047937326399e-02
-1.653737122869e-03 -2.996509343998e-03 -1.332815787438e-03
-2.477763842327e-03 2.628904366263e-03 1.175323719897e-04
-9.898735244913e-04 2.124591794437e-03 4.391907283243e-03
4.725065231440e-05 1.439095849526e-04 -3.535692142480e-04
1.032488880495e-02 -1.411232451583e-03 -2.109179649632e-03
3.091141391300e-03 9.300580034898e-04 -1.973031060543e-03
-1.131018915108e-02 2.277347681152e-03 -1.011513796436e-03
6.450847116470e-04 3.148931192975e-04 1.978235803618e-04
-1.585880175246e-03 -1.108324682617e-03 7.503192975466e-04
1.555074226063e-04 -2.886482060227e-04 -1.017630483058e-03
-1.135846083801e-03 8.890511617992e-04 2.197265240179e-04
-1.035536958307e-01 -5.851866141793e-02 -1.727435038117e-01
9.923000154133e-02 -2.940930662928e-02 1.847893400544e-01
-3.197689947672e-03 -1.111972544909e-01 1.148400132889e-02
-6.374585231563e-01 4.757951526872e-03 -6.545919960757e-02
6.288919647344e-01 -6.619085205977e-03 6.523442625020e-02
-6.548181343504e-03 -3.619606156923e-02 -5.542679715433e-03
7.865033315751e-03 -1.687920429528e-03 1.090747840281e-02
4.530710212197e-06 -6.932604363208e-06 9.126831905577e-05
Mode 40
-1.160077452225e-02 3.521700528048e-03 7.765661096004e-03
2.092972354708e-01 -5.543875176418e-03 -2.815660540014e-02
-4.439400606929e-01 -4.901797126244e-03 -1.085648806321e-01
4.646489204942e-01 -3.444028816830e-03 2.354045218896e-02
2.555524209389e-02 1.929814255284e-02 2.392381874321e-01
8.494878767406e-02 -1.300771979275e-02 -1.650050458347e-01
-7.402810732465e-03 6.398924738606e-04 1.014108214759e-02
-1.686061089377e-01 -3.107106606095e-02 -2.783578086725e-01
-2.221419261100e-01 3.221459414698e-02 2.159369267309e-01
2.735990693863e-01 2.095244494688e-03 1.504758731425e-01
-1.345905609235e-02 4.844527065153e-04 -1.607932170954e-02
7.469083953104e-02 -1.878856255716e-02 3.411538497566e-02
9.548327333943e-03 1.275668412460e-02 1.985626163977e-02
-2.200522878105e-02 1.447117221492e-02 5.989713567716e-03
-9.342917836677e-04 -2.442189381670e-02 -2.877656968823e-02
-2.085570629696e-03 1.720680773813e-02 -3.103274606230e-02
-1.190707887446e-02 -4.587356422569e-03 -1.498386325404e-02
-1.227888574885e-01 -6.637783430203e-03 2.078974223168e-03
-1.098653483587e-01 9.574829014741e-03 -7.276206345244e-04
-1.210638220933e-01 -9.985576847640e-03 -1.216535741179e-01
-2.097113698729e-01 -1.036047276897e-02 -1.498622315832e-01
-2.231948245329e-04 -8.660738497833e-04 -1.624416191644e-03
Mode 41
-6.441345749152e-03 2.079513525291e-03 4.529525226294e-02
1.086340551477e-01 -5.695528784860e-04 2.182272033313e-02
-2.246516487378e-02 -9.120003217018e-04 -4.064535037176e-02
2.483733023684e-01 -2.720203801898e-02 -2.293455576548e-01
2.036192995644e-01 2.131504043195e-02 2.497711120877e-01
-4.501924924928e-01 3.840769468467e-03 1.189591574452e-02
2.261539897258e-03 1.183654483802e-04 -5.811817520400e-03
2.918486138111e-01 -2.665377008963e-02 -1.594623358729e-01
2.544450768287e-01 6.306504890826e-03 1.550575335401e-01
-5.217130907409e-01 6.531504210295e-03 -1.850110800175e-02
1.005233640740e-02 3.795742892831e-03 -3.127880438675e-04
2.648469797796e-02 -3.379184123863e-03 1.437217014486e-02
-2.026715774662e-03 -2.734070740784e-02 -4.399179796188e-02
-7.455810793337e-02 3.737374858294e-02 2.380349206479e-02
-1.510667665357e-02 -3.243668610742e-02 -2.815504842299e-02
-1.394396926755e-02 2.671035753615e-02 -3.790045021024e-02
-3.385658069906e-02 -2.101968260751e-03 -4.985828771238e-02
-1.465906999758e-01 1.026722888506e-02 -2.483179798156e-02
-1.630992928202e-01 -1.007753179093e-02 -2.393474142322e-02
4.529680332268e-02 7.789598890322e-03 5.117705050949e-02
9.870052837292e-02 -2.627531456896e-04 7.280385939203e-02
2.992773072539e-04 2.480849642813e-04 1.328955866785e-03
Mode 42
-2.025530553151e-01 -2.284038083694e-02 -2.632591631739e-01
-2.059950093667e-01 -1.641496326318e-03 -5.717429148249e-02
-1.244217812716e-02 9.579573435347e-03 9.147749137619e-02
6.277781157895e-02 -1.955106281915e-02 -2.028135401047e-01
1.634091184303e-03 1.247983574252e-02 1.426343003957e-01
-4.228333454473e-02 4.765449876957e-03 5.525741855915e-02
-2.679840688013e-03 -9.172696772347e-05 -4.196400895672e-03
7.677397473516e-02 -3.166500898377e-02 -2.265838807239e-01
-1.712562781527e-02 1.610004765316e-02 1.224987916010e-01
-2.041649716914e-02 3.495553307187e-03 7.542391745214e-02
-3.220713033406e-03 4.570982389757e-04 -8.690228729842e-03
-2.422146657018e-02 -2.054637355133e-02 -5.988578727910e-03
1.965993140753e-02 2.561100743817e-02 3.803558969672e-02
-6.457378260121e-03 2.225466408444e-03 -5.614352950857e-03
2.933435273128e-01 1.501607122327e-01 1.570168234935e-01
2.824736196196e-01 -1.269602873876e-01 1.854339645807e-01
1.864975095725e-01 3.511041417963e-02 4.018455198046e-01
3.202814297306e-01 -2.424346295234e-02 5.621868786262e-02
3.219005923927e-01 2.407484578174e-02 5.175875614812e-02
-5.883081079992e-02 -3.147090882470e-03 -4.184940787579e-02
-1.543680531142e-02 2.479595603762e-03 2.546128544811e-02
-2.219559722319e-04 1.696845866506e-04 3.632756171015e-05
Mode 43
-1.039512735544e-01 -1.027823237113e-02 -1.329955373198e-01
3.042953275688e-02 5.030228246088e-03 2.909420007652e-02
-1.469526104569e-01 -1.280401177453e-02 -1.554775317203e-01
9.729135149410e-02 4.099017019416e-02 4.865414392306e-01
2.427063318631e-01 -7.254721249561e-03 -5.101339142198e-02
-1.689570714608e-01 -2.070828033848e-02 -2.718437630312e-01
5.687079951947e-03 6.655656571480e-04 1.263437614050e-02
-1.274420320632e-01 5.543872129349e-02 3.823035894236e-01
1.402630364067e-01 -2.055331834602e-02 -9.999599450169e-02
-1.198414118984e-01 -1.160554484727e-02 -2.110442726070e-01
9.128408663939e-03 -2.808917177175e-04 1.710749544820e-02
2.273032599373e-01 4.917407244747e-02 7.975274290213e-02
-7.571086145602e-02 -1.186053384886e-01 -1.856998377935e-01
-1.018792801412e-01 5.674136460219e-02 6.095009084306e-02
1.301725786461e-01 5.886536591164e-02 5.495812929814e-02
1.181096715606e-01 -5.229498992653e-02 6.670925838935e-02
8.405957888948e-02 1.113045763791e-02 1.867845729918e-01
1.221985237828e-02 -1.657280396405e-02 5.147785491990e-02
1.735981855902e-02 2.474836790857e-02 4.438486511657e-02
4.432366239859e-03 -9.339845670578e-03 -1.378786294549e-01
8.962840249913e-04 -1.276921099712e-02 -1.107666056306e-01
6.749937198745e-04 -7.739995347577e-05 2.197979755463e-04
Mode 44
9.000329271956e-02 3.430951163032e-03 5.361110485270e-02
-1.154817822431e-01 -3.336810871976e-03 -4.170875994703e-02
8.755188785993e-02 6.950525266523e-03 7.996526904065e-02
-7.028423328077e-02 -1.263379983977e-02 -1.500710159061e-01
-8.258691295997e-02 -6.896074297170e-04 -6.515133785902e-03
9.077172442527e-02 1.150395903920e-02 1.111365394244e-01
-2.864256664199e-03 -5.791492319595e-04 -7.806987589018e-03
-9.816850261215e-02 -1.687976984690e-02 -1.702864685521e-01
3.882397308447e-03 3.585087759949e-03 6.698567866333e-02
2.045045325228e-02 4.008377851626e-04 3.992284385483e-02
-2.424315360715e-03 -8.527414326090e-05 -5.324114599442e-03
6.139228592738e-01 -1.501428356419e-02 2.118235195785e-01
-1.209240767412e-01 -1.929969023004e-01 -3.290532893186e-01
-3.869235018398e-01 2.120344643855e-01 1.767648897975e-01
-9.147191545255e-02 -2.304771212414e-03 -3.536103549393e-03
-8.547023438998e-02 6.083382917965e-03 -3.636041522926e-03
-3.493309785059e-02 -6.902008000263e-03 -1.036015241237e-01
1.026156768304e-01 -4.697537760317e-03 2.431818750241e-04
1.043914406331e-01 1.857044779418e-03 1.380894539136e-03
-1.815842882538e-03 3.143205326670e-03 4.003860121136e-02
-1.075946602095e-02 8.680369861624e-03 2.154095157618e-04
-4.333201188737e-05 1.877808627484e-04 6.916098004364e-05
Mode 45
2.888597232184e-01 6.673048857666e-03 1.008897016555e-01
-3.134269299170e-01 -8.632101036238e-03 -1.386352048896e-01
-1.101321820682e-01 5.745678116473e-03 2.806583885185e-02
6.397554005912e-02 7.602282879059e-03 1.089463745203e-01
1.864451913273e-01 1.043376122487e-02 1.401592923497e-01
-1.495338445204e-01 -1.171325868499e-02 -1.420314874175e-01
8.124492419092e-04 5.125393145374e-04 6.098927897834e-03
7.687656501256e-03 8.694495502348e-04 5.576532956453e-03
6.088058339147e-02 9.527459479180e-03 9.312509675013e-02
-2.480904418090e-02 -6.654394290255e-03 -7.955773968745e-02
-6.172509050892e-04 -2.256977062649e-04 4.185381467203e-03
-1.170310725768e-01 8.572207974644e-03 -4.058957465671e-02
2.367353633032e-02 3.531672687756e-02 6.294926656289e-02
7.980031931205e-02 -4.459973742626e-02 -3.765803839972e-02
-2.742509664615e-01 3.620451038351e-02 2.260539092229e-02
-2.788475251950e-01 -1.764313021050e-02 3.183271857132e-02
-7.919448555774e-02 -3.372224967438e-02 -2.862660988029e-01
3.967260096882e-01 -1.765276440141e-02 1.915705535897e-02
4.035114297452e-01 7.668505219445e-03 1.807016193037e-02
-8.372593549440e-02 -1.330469071709e-02 -1.753639543200e-01
-4.415165040171e-02 -1.133574146815e-02 -7.289868695061e-02
3.314166709042e-04 4.926318122313e-05 -8.812554678081e-05
Mode 46
4.849286343712e-03 1.492380957360e-01 -1.687173909594e-02
5.991183723940e-03 8.643875062980e-02 -9.783536200216e-03
8.983759805921e-04 -7.225957691069e-03 3.313774740653e-03
3.555482162092e-03 -2.621770145786e-03 -4.751723440686e-03
-7.261970364352e-03 -5.095073394579e-04 -5.772860406626e-03
2.251659768907e-03 3.693287902552e-04 6.146492227595e-03
1.898817604289e-05 -2.817932191680e-05 -2.845804951266e-04
3.529373258993e-03 -1.267291190818e-04 -1.031353138940e-03
-2.608849154746e-03 -3.965665404708e-04 -4.408428603688e-03
-1.843402394084e-03 1.021826400735e-03 4.479485837168e-03
-1.826043032324e-05 -4.799000253108e-05 5.625367077704e-05
1.690648463139e-03 -4.695939943678e-04 4.664241505062e-04
-2.934853787524e-04 -4.373257524743e-04 -8.919204819829e-04
-1.845431067228e-03 1.008312374419e-03 7.967229976131e-04
4.842692125160e-01 -4.839927280860e-02 -2.826185541434e-02
-4.930769993029e-01 -3.353311957829e-02 6.030771467625e-02
-2.093701312805e-02 -6.885247818152e-01 6.232660497177e-02
1.770953800009e-02 2.536298069577e-03 4.248606996460e-02
-2.648006249617e-02 -1.048682535993e-02 -5.017813893224e-02
4.210216526008e-03 2.902890290764e-03 7.937766274329e-03
2.893006607427e-03 2.893028307365e-04 4.665339127173e-03
5.616947904064e-05 -1.019345110996e-04 -8.903273586191e-05
Mode 47
-1.682597072819e-02 2.423019724220e-02 1.663906074795e-01
-1.516398004478e-01 -3.068255441566e-03 -7.261907239703e-02
1.081251346353e-02 -1.560770266979e-03 -1.048429113474e-02
1.000591636424e-02 1.043893715032e-03 1.532345286002e-02
1.925018016005e-02 8.569753922553e-04 1.358852695444e-02
-1.990542218353e-02 -6.927078361451e-04 -1.083099469660e-02
1.491280246806e-04 3.649010305703e-05 4.503487407228e-04
8.611374966054e-03 -9.461122998814e-04 -5.419474944340e-03
1.046256847191e-03 1.027327232636e-03 7.173714053890e-03
-2.796218237538e-03 -5.070556551166e-04 -5.322804519289e-03
2.809270886960e-04 -1.344830373203e-04 8.055984382969e-06
-1.572245693773e-03 6.719594201981e-05 -4.183057116240e-04
5.615137456425e-04 2.253512459404e-04 4.207991433107e-04
2.649366378944e-04 -1.652020520608e-04 -2.207629988734e-04
9.696321833131e-02 -4.232525058754e-01 -4.328578667787e-01
9.066214929563e-02 3.145136087541e-01 -5.034914680760e-01
1.081663347003e-01 5.695690561928e-03 2.514949292447e-01
9.674565555275e-02 -1.163146876311e-01 2.033997075848e-01
1.051796750599e-01 1.507338853453e-01 1.755932482606e-01
-1.397263773145e-02 -1.876471982467e-03 -2.677265723831e-02
-1.930248069807e-03 -2.361628142227e-04 -1.515189685090e-03
1.057250128828e-05 8.422399388795e-05 -7.146458275591e-05
Mode 48
-5.815641171889e-02 5.254329580154e-03 1.843065276239e-02
8.775008845785e-03 2.666581980965e-02 2.575296848902e-01
8.554589031525e-02 2.323986383803e-03 3.169215985783e-02
-2.645693223862e-01 -8.007586886981e-04 -4.628189334572e-02
1.304467269610e-01 1.298176370796e-02 1.699273448717e-01
3.273465006034e-02 -9.756369772298e-03 -9.646102612487e-02
-2.423783056985e-03 2.672933362911e-04 3.216182142407e-03
-1.397541086699e-01 -2.324623302497e-03 -5.133343022540e-02
1.271939558274e-01 1.767426364953e-02 1.933336042364e-01
3.934590629629e-02 -1.287511207426e-02 -1.363137511163e-01
-4.159632863680e-03 -1.211168661323e-03 7.544814494599e-03
4.376326117584e-03 5.497299309395e-03 -2.587793868290e-04
1.643000022816e-03 4.643856137800e-03 1.032518743696e-02
1.682358563787e-02 -1.039966382910e-02 -9.479894350346e-03
5.530589454391e-02 -1.177996039355e-01 -1.220989579295e-01
5.017863277672e-02 8.563270228218e-02 -1.412195481757e-01
3.310597068786e-02 3.317717402205e-03 1.059692229519e-01
5.126560149992e-02 2.887479217055e-01 -4.375027834177e-01
3.935216903890e-02 -3.714557740757e-01 -3.729316065905e-01
-1.055204954863e-01 -1.320300480769e-02 -1.642547644517e-01
-8.450455091469e-02 -1.594723181836e-02 -1.391976523682e-01
2.028813854405e-04 8.079107863953e-04 4.263932447804e-04
Mode 49
2.196399700885e-02 6.170614866615e-04 1.978586505557e-02
-9.441363738573e-02 1.055742192162e-02 9.639996907694e-02
-2.110453425325e-01 2.951177068497e-03 -4.809194473621e-03
3.989086566735e-01 2.813192480576e-03 9.642528082951e-02
-1.154261108762e-01 -1.437705206746e-02 -1.907603403573e-01
-1.163394970910e-01 1.041147999748e-02 9.259295522098e-02
4.115566426858e-03 -3.004186282972e-04 -3.872958618571e-03
2.053094620422e-01 8.504403795320e-03 1.106855719530e-01
-2.330137901107e-01 -2.814907357759e-02 -3.324605119993e-01
7.139228441553e-03 1.740634305900e-02 2.095956659400e-01
5.626422672310e-03 1.499378640590e-03 -1.027576243430e-02
2.601026203550e-02 -3.464791482451e-03 1.458067289406e-02
-1.121108681127e-02 -1.897547272514e-02 -3.535033226448e-02
-3.829467610579e-02 2.195880322438e-02 2.053955823056e-02
-7.153482887547e-03 -6.272618324435e-02 -6.770680205429e-02
4.126522360138e-03 4.747108451574e-02 -7.954279396129e-02
2.628397208432e-02 9.670773486816e-03 4.531729977781e-02
1.741512703521e-01 1.852475706636e-01 -2.843742994620e-01
1.664545865760e-01 -2.443137783451e-01 -2.409987975561e-01
1.387513182457e-01 1.567214798681e-02 1.990017165141e-01
1.184661337573e-01 2.339088502153e-02 2.035427900224e-01
-2.823021051285e-04 -1.272182033062e-03 -8.693910210559e-04
Mode 50
1.030584240045e-02 7.920917182779e-04 1.042693708943e-02
-4.650195139344e-02 -1.980391835754e-03 -2.061819638864e-02
-9.282664072490e-03 5.285616776488e-03 5.706969908624e-02
2.804932538096e-01 -3.600172984612e-02 -3.793252817925e-01
-1.672331506681e-01 1.338253125925e-02 1.676838546834e-01
4.264991714157e-01 -2.061768428303e-02 -1.611507833607e-01
-5.283712416901e-03 -3.155803551470e-05 6.554109569908e-04
-3.352230739210e-01 5.637934268320e-02 3.775534354860e-01
1.726082472618e-01 -2.288713682023e-02 -1.183404853154e-01
-3.647406315703e-01 2.009508886898e-02 1.094821998073e-01
6.817901718369e-03 2.422334737196e-03 1.008043984718e-03
-5.739792584246e-02 9.969922414779e-02 8.263731968718e-02
-2.118905523878e-02 -4.396861034940e-02 -6.109247526807e-02
1.003014003461e-01 -6.103802531635e-02 -4.731531532927e-02
-5.080417255208e-03 -4.445623997461e-03 -2.706648319413e-03
-2.931594768052e-03 4.015806131475e-03 -3.582378863347e-03
-8.239982973108e-04 5.847521097567e-04 -4.723772142644e-03
3.545164098857e-02 5.178424598868e-03 -1.126332746069e-02
3.566900737871e-02 -8.300848545685e-03 -8.904321300606e-03
-8.491378204397e-02 5.766225966238e-04 9.664889349438e-03
5.172583738269e-02 -7.458171489741e-03 -4.784422560839e-02
-2.060237125995e-04 -6.789039234119e-04 2.629088458351e-04
Mode 51
-1.062255677747e-02 8.184221262927e-04 3.273814373475e-03
4.374287001598e-02 -2.552653748290e-03 -1.404514090294e-02
5.482853065652e-02 2.051245083381e-03 3.753953948131e-02
-2.160432385877e-01 -2.294978284733e-02 -3.120284318770e-01
2.873754907042e-01 3.066688512745e-02 4.081810753132e-01
-2.340154256008e-01 -1.145528792284e-02 -1.454831075626e-01
1.846937134051e-03 -1.278633989242e-04 -2.778667928551e-03
8.277014448202e-02 2.836380282525e-02 2.328709816460e-01
-2.819069692129e-01 -2.986066032918e-02 -4.016563148960e-01
3.006969731788e-01 7.023517230321e-03 1.836380163995e-01
-3.566162265356e-03 6.525490840818e-04 4.178280715420e-03
2.862340258422e-02 6.979962474782e-02 1.066414010217e-01
-2.828760872125e-02 -5.805979280769e-02 -9.498973111715e-02
9.224864826264e-03 -1.131769802223e-02 -8.100432598811e-03
4.531306614751e-03 4.568780834993e-03 6.968467113163e-03
1.873190725369e-03 -3.204604080430e-03 8.087958755756e-03
-9.548493236001e-03 -2.589194383078e-03 -1.304000520942e-02
-4.884379922357e-02 -2.545008826893e-02 3.005641632964e-02
-4.956797808635e-02 3.299094444467e-02 2.477321790456e-02
-1.017908737818e-01 -1.054798156906e-02 -1.573415457856e-01
6.696246121140e-02 1.379848023442e-02 1.256868518241e-01
-8.887494674061e-04 -3.048379836038e-04 -3.122187061474e-04
Mode 52
-3.942879224983e-04 2.176608400498e-04 1.185727857715e-03
9.063545219694e-04 -4.519279411410e-04 -3.467581142790e-03
1.981884159004e-03 6.896841111496e-04 8.730422754705e-03
1.251871303072e-02 -6.343407716535e-03 -7.765306864065e-02
2.192537277522e-02 4.968630326084e-03 8.012242553371e-02
2.401392512105e-02 -7.018623577080e-03 -8.489219123937e-02
8.551275967089e-05 2.830671185819e-04 2.793207530010e-03
-6.967027652033e-02 3.093006859374e-02 1.657568382914e-01
1.435910160708e-02 -9.420391321406e-03 -8.566407236174e-02
-2.744828119333e-02 2.663915637358e-03 3.619716763941e-02
1.179448013860e-03 3.771701900491e-04 1.376980308473e-03
2.339909108211e-01 -4.387808238564e-01 -6.209333147685e-01
4.618011109351e-02 2.157635320280e-01 3.459848826871e-01
-2.491607612315e-01 1.797380260445e-01 1.929807389878e-01
1.389774537568e-04 -1.080824726395e-04 2.630366663989e-04
2.570656672472e-04 1.142020561893e-04 3.447274886847e-04
-9.363766790177e-04 -1.534637292568e-04 -1.541451175384e-03
-2.286839834735e-03 -2.064876456887e-03 1.716648537622e-03
-1.757235628062e-03 2.483852051504e-03 1.506327646704e-03
-2.727439942069e-02 -3.004166905232e-03 -2.646121775663e-02
3.665979927923e-02 3.538687535790e-03 1.492411383647e-02
-1.127421775744e-04 -1.335739271982e-04 2.910664322149e-05
Mode 53
-9.554864312721e-03 1.232962662520e-03 1.363721045537e-02
9.624938638667e-03 -1.462125281005e-02 -2.246724359369e-01
1.191819942436e-02 -5.580448245328e-04 -1.525920555030e-03
-5.749782676745e-03 -2.353511854097e-04 -4.753480690891e-03
-3.214060288474e-03 2.921568170443e-04 3.742847831273e-03
-1.091047673873e-03 1.112205085806e-04 3.219749704031e-04
1.818949001679e-05 8.075973129132e-07 3.996012228547e-05
8.412811099014e-04 -3.101441666183e-05 7.200653868332e-05
-1.850218173553e-04 -1.464585685443e-04 -2.992385345641e-04
1.681370712821e-03 3.166428744951e-05 1.045561377220e-04
-8.222636678822e-05 4.694374206842e-05 2.164228979921e-04
-5.455044449081e-04 -8.077627651151e-05 -2.830089670025e-04
1.166811137099e-04 9.060114677496e-05 2.522171523249e-04
1.496093719889e-04 7.438219307526e-07 -3.884263227576e-06
1.186178129624e-03 1.024890176581e-02 -5.786635825868e-03
3.362817766335e-04 -9.524410246486e-03 -2.503137469725e-03
3.575165809213e-02 -3.317173060280e-03 -2.341092511158e-02
-2.479792496628e-02 5.885316979743e-01 3.203642018888e-01
-4.628503265517e-02 -5.374332066356e-01 4.536027412472e-01
1.491146116855e-02 -8.335781983883e-04 -7.676848926776e-03
-5.176884823978e-04 8.142465291539e-05 5.037736759173e-04
-2.878885013902e-05 1.834532381412e-05 3.450251376986e-05
Mode 54
-1.257539733490e-01 -2.231378111198e-02 -1.161144555796e-01
5.780702044345e-03 1.060030127851e-02 6.005908617271e-03
-1.275920533071e-04 9.552255995702e-07 -1.707199138662e-04
6.312506732934e-04 3.570561901353e-06 7.580324127636e-04
-4.268863702314e-04 -1.794980116215e-05 -9.201959100503e-05
1.952740273772e-04 1.603545389576e-05 1.620247023812e-04
-4.553007918183e-06 2.284469739980e-07 -9.688795064406e-06
-1.429993387697e-04 -3.358947746370e-06 -2.907316375041e-05
1.340061333667e-05 4.589100055624e-05 1.065693500182e-04
-2.282452074196e-04 -1.587958190281e-05 -1.675614168319e-04
6.793674862878e-05 6.486327005199e-06 -2.955327686906e-05
1.359398511317e-04 -1.033867217353e-05 6.108132627175e-05
-3.803605236084e-05 -1.140798826031e-05 -3.651212921445e-05
-6.902038158098e-05 1.937203325523e-05 7.084720967273e-06
-5.319701476270e-02 -4.053940625799e-01 3.521657108552e-01
-3.503940610479e-02 5.213750803371e-01 2.885107555714e-01
5.046431865353e-01 -3.989715584598e-02 -2.553234607089e-01
-8.544856818869e-04 -2.545736725952e-02 -1.560291214510e-02
-2.472388773321e-03 -1.030455163964e-02 8.721614259968e-03
1.314342924271e-03 -5.704717064781e-05 -2.717002044011e-04
-1.215423936434e-04 5.733547702498e-06 -2.045115235318e-05
-2.490329770632e-05 1.072207430199e-06 2.817641446811e-06
Mode 55
5.795869603546e-03 -4.327824354416e-02 6.891843855749e-03
5.095223723436e-03 3.123359349950e-01 -2.576566611448e-02
-1.566090109182e-04 -1.212244820348e-03 1.753277864864e-04
-7.460364977115e-05 -1.223235740545e-03 1.215446525599e-04
-2.526443419338e-04 -4.683174461309e-04 1.558083299867e-04
-6.557214546357e-06 3.003315297574e-04 -4.376345529362e-06
1.317654447054e-06 -1.249958388582e-05 -3.095779837120e-06
-5.095849887214e-05 8.660913315565e-05 -5.830958120202e-05
3.934707755556e-05 7.875444530713e-05 5.619693254793e-05
-4.731880015378e-05 3.708842201734e-04 -1.536792803468e-04
5.251368687384e-06 -2.811560875705e-05 7.819801055386e-05
4.047035874968e-05 -6.336909153910e-05 7.411476063270e-05
-1.512170666181e-05 -1.481732577363e-05 -4.468456086680e-05
3.516010512971e-06 7.042398317741e-06 -1.283626846059e-05
1.368735496570e-02 8.385850289039e-02 -7.423226923928e-02
-6.865062971809e-03 6.664839872859e-02 3.721552260832e-02
-2.609656031377e-02 -1.563091919171e-03 1.352929749509e-02
1.939298975125e-02 -5.873440709422e-01 -3.425107144170e-01
-3.652018515689e-02 -4.809420351953e-01 4.301457471443e-01
6.441205240577e-04 -5.824279999442e-04 -4.208213375846e-04
1.115023439183e-04 -8.105031742145e-05 -6.031733499663e-05
-7.298765364394e-06 -6.891064815724e-06 -7.361403455884e-06
Mode 56
1.621661059446e-01 -2.147835139314e-01 -1.482999656089e-01
1.934352285814e-03 -3.268032788554e-02 -8.061356378480e-03
-1.294530657845e-03 6.714625863878e-04 3.899704067223e-04
-6.255555833188e-04 2.086776585290e-04 3.663233406795e-05
-1.585128891668e-04 5.219480274613e-05 2.897677606310e-04
-3.093873364740e-05 -2.765994967117e-05 -1.410332705509e-05
-4.099629213930e-08 2.416401698802e-06 2.037326029458e-05
4.874685383835e-05 -1.753609591279e-05 6.858056679765e-05
-1.084821072771e-04 1.306878019366e-05 2.947737759739e-05
5.492261780750e-05 -8.787308209351e-05 -8.455231960587e-05
7.770242549653e-05 2.899289353370e-05 -3.545537793528e-05
-8.804825598548e-05 -1.955429972513e-05 -6.925952971791e-05
2.875429273236e-05 2.529941833815e-05 5.367080431396e-05
2.394092915399e-05 3.208448415667e-06 1.293565334753e-05
1.978578724298e-02 9.238157323821e-02 -9.791741322804e-02
-3.019386406371e-02 6.173232230189e-01 3.445896218690e-01
-5.490233626936e-01 3.304323284871e-02 2.701753027390e-01
-3.422117073931e-04 7.767058170394e-02 4.579338151576e-02
5.192759265723e-04 2.992366925921e-02 -2.532956313910e-02
1.254001728979e-03 -1.730894524990e-05 -6.734291929471e-04
7.291626211772e-05 7.142786528950e-06 -1.081422822022e-04
-4.685446145924e-05 1.337125351010e-05 2.498783593774e-05
Mode 57
-1.368124587898e-01 -2.175133425426e-01 1.696637409209e-01
-2.537250640609e-03 -3.325920689216e-02 1.139202550797e-02
7.973273749306e-04 7.002837052443e-04 -3.794252221991e-04
8.084397925372e-04 2.283780211810e-04 4.326726918137e-05
6.178406714247e-05 -1.359192874895e-05 -3.229837061027e-04
9.284344501965e-05 -4.611256224086e-05 1.840691211383e-05
-1.368574541143e-06 1.518345984203e-06 -1.050477588960e-05
-5.853164264749e-05 -1.340947296366e-05 -4.419510353298e-06
4.745844829377e-05 -3.627029241519e-06 -2.455977640020e-05
-1.181829807882e-04 -7.142616154552e-05 1.133253166966e-04
-9.496461683500e-07 2.570272035457e-05 -4.254124982345e-05
5.523899979796e-05 1.384104421794e-05 2.098582785675e-05
-1.351462531511e-05 -6.124792188298e-06 -1.995836072239e-05
-2.281451540370e-05 2.823013471004e-06 5.817319946740e-07
6.643958288900e-02 5.795192237887e-01 -5.131352409186e-01
-1.918768226091e-02 2.132746818003e-01 1.325283804121e-01
4.259168584917e-01 -4.144533874435e-02 -2.081892079690e-01
6.922031851763e-04 4.472091324195e-02 2.502178720038e-02
2.092964059786e-03 6.593037881819e-02 -5.926857029181e-02
-9.759187591260e-04 1.185522636754e-04 5.744066584983e-04
-6.890774427386e-05 1.741366591470e-05 5.435194325781e-05
-1.162228727111e-05 -5.468044603579e-06 8.000997182129e-06
Mode 58
3.764873530327e-06 2.549386066982e-05 3.172578485989e-05
-1.128805956006e-04 -1.017870504184e-04 2.330516388474e-04
-2.901508639572e-04 -1.516794527708e-05 1.179216711687e-04
1.093786847926e-03 -5.208289007120e-05 -1.757970305040e-03
-3.930141453353e-02 2.321270394695e-03 2.550753862132e-02
3.092178598880e-03 -1.505891129084e-05 7.877501758431e-04
1.079302743559e-05 2.024040006339e-05 -1.299032037853e-04
-8.528256497764e-04 -1.364971677500e-03 -1.048543188284e-02
-2.424159643705e-01 2.960586089662e-02 1.482010558420e-01
1.087682198747e-02 1.994372515499e-04 5.032055555211e-03
-1.574834960868e-04 3.178312433375e-05 -3.575120451990e-05
-2.718427700056e-03 1.422923848291e-03 2.762772829928e-03
6.283227781819e-04 -5.309315826410e-05 -1.273668577688e-04
-1.451403315048e-04 -6.526969633001e-04 -2.486261524767e-03
-2.391268279595e-05 1.381470390208e-04 -1.517248911724e-04
-2.825544509155e-05 -2.399930952315e-04 -1.581349878260e-04
2.298846211249e-04 -1.597787142518e-05 -5.570861335880e-05
-1.619480526368e-04 -1.153380235219e-03 -7.502811341753e-04
-1.982012792647e-04 1.291505888133e-03 -1.252166150689e-03
1.319007718106e-01 -8.126319408452e-03 -8.706984653108e-02
8.019841347133e-01 -9.994619103598e-02 -4.875250260459e-01
-7.302884684722e-06 -2.786769530194e-05 -1.387043936035e-05
Mode 59
-2.941232102620e-04 -6.010622109808e-05 8.036786230661e-05
1.304354509363e-03 6.395615051769e-05 -2.675832077673e-03
9.107968657050e-04 -1.135777115859e-04 -1.386128140791e-03
9.562192766149e-04 8.417646954591e-04 1.185197321568e-02
2.363073730374e-01 -1.475681471013e-02 -1.584983245245e-01
-8.031639543477e-03 -6.702950324670e-04 -7.099836185674e-03
-6.999411565563e-05 3.750721302124e-05 2.494224312115e-04
-1.174845402282e-03 7.276749105758e-05 -1.761963427999e-04
-4.158997301202e-02 4.902511008513e-03 2.476583626059e-02
8.394849377221e-04 1.971593564595e-04 1.320049276089e-03
1.749946542566e-05 1.470846169286e-05 -4.392788691977e-05
-8.220491819507e-04 1.905842321892e-04 1.280803871499e-04
1.332999647937e-04 3.650902895810e-05 1.479712203617e-04
9.210751989294e-05 -1.540145639889e-04 -4.087788298133e-04
1.506394432083e-04 -7.075562498708e-04 9.569814701572e-04
1.525840544743e-04 1.135555111219e-03 9.144609914494e-04
-2.399450951855e-04 -1.312957634596e-05 -2.638978596768e-04
9.841616111607e-04 9.621453319604e-03 5.949391537601e-03
8.417631040941e-04 -9.441208086767e-03 9.042603145450e-03
-7.868007778477e-01 4.865918323986e-02 5.191891323458e-01
1.340907853839e-01 -1.678709194100e-02 -8.143196470037e-02
4.873005333011e-06 -1.463653246071e-05 -1.149484119894e-05
--
Dipole derivatives 
Mode 0
2.382048167248e-02 -2.391428359345e-03 1.076211557174e-02
Mode 1
-1.576078860604e-02 -3.280454374974e-03 -6.247217134157e-03
Mode 2
7.581567108390e-04 -2.944146264095e-03 9.893720044773e-03
Mode 3
-1.618995235088e-02 5.616212089337e-03 5.793772947706e-03
Mode 4
-1.696977482955e-03 1.838904522853e-03 -5.519920953985e-03
Mode 5
-5.850403417093e-03 1.576648083751e-02 -3.323755319064e-03
Mode 6
3.304855903956e-04 2.546442125724e-02 1.604449175680e-02
Mode 7
2.469911325695e-03 4.565275980089e-02 -1.723307304508e-02
Mode 8
-2.589027413615e-02 2.217768757844e-02 1.231899774268e-02
Mode 9
-1.151206238173e-02 -7.107599323749e-03 1.779698772368e-02
Mode 10
1.419679112440e-03 -5.643336792386e-03 -2.027327887363e-02
Mode 11
7.280459927329e-03 1.976792860253e-02 1.344328719143e-02
Mode 12
-1.585396810267e-03 2.084341364929e-02 9.911678732421e-04
Mode 13
-2.751879549372e-02 -2.513399287924e-03 1.872386694099e-02
Mode 14
-3.842461102460e-02 7.359536881206e-03 -2.814483463476e-02
Mode 15
2.397578423691e-02 -1.220423109937e-02 5.388424679415e-02
Mode 16
2.674138192722e-02 1.564895923229e-02 8.033246014525e-03
Mode 17
2.667826836328e-03 -2.220996500772e-02 9.001488815448e-03
Mode 18
-9.959898327245e-03 3.924138995829e-02 -2.517693950434e-02
Mode 19
3.684284403781e-02 2.237513173951e-03 -2.976635121156e-02
Mode 20
-4.771346403707e-02 -3.369858882742e-02 -1.034547504642e-03
Mode 21
-1.635396250527e-02 -5.822872665833e-02 3.835468896797e-02
Mode 22
2.089923685540e-02 -4.337659213265e-02 -5.535876862624e-02
Mode 23
-1.095136427311e-01 1.358400796854e-02 -6.151877034314e-02
Mode 24
2.355174139840e-02 -2.538834801387e-02 1.926823822419e-02
Mode 25
-1.179116952051e-01 3.334246167272e-02 -2.193080226147e-02
Mode 26
-1.570622089234e-02 -9.316959864053e-02 -1.980419292772e-02
Mode 27
4.573437797919e-03 5.439771801819e-02 7.976353583907e-03
Mode 28
1.426684074918e-01 2.143649977842e-02 -1.075752517420e-01
Mode 29
-1.827117043133e-02 -1.100930999893e-01 -1.692183172915e-02
Mode 30
-7.564563955858e-02 1.480042300461e-02 -5.335260359001e-02
Mode 31
-4.248720158356e-02 8.285329072366e-02 2.437776406232e-02
Mode 32
-2.251993454611e-01 4.916214663305e-02 -1.296463382890e-01
Mode 33
2.778923821644e-01 -5.610520278151e-02 -4.248278223259e-02
Mode 34
-1.064577905141e-01 -3.089188321171e-02 1.336505378579e-01
Mode 35
1.210449325238e-01 2.479247189450e-03 -1.081169139443e-01
Mode 36
1.274162499788e-01 -1.170875327077e-02 5.051723702136e-02
Mode 37
-9.791669336029e-03 -6.632519312075e-02 -8.779489772151e-03
Mode 38
-1.456973736509e-01 2.135955375098e-02 -1.721950180226e-02
Mode 39
-2.551019967873e-03 3.476022806624e-02 1.082766080775e-02
Mode 40
4.452028803700e-01 -1.158605653353e-01 -2.288433843237e-01
Mode 41
1.421104778584e-01 -1.161142169715e-02 1.107836258801e-02
Mode 42
-1.173811599130e-01 3.072766376778e-02 6.270194763616e-02
Mode 43
4.080396289290e-01 -4.569810278785e-02 -1.344151934101e-01
Mode 44
4.333600291393e-01 -4.364423845051e-02 6.182206707764e-02
Mode 45
-3.156674845380e-01 7.042151458567e-02 -2.514017555618e-02
Mode 46
-2.198215554096e-02 -9.113365769077e-02 -1.166907058596e-02
Mode 47
2.006812257658e-02 1.320567875274e-03 -5.090603029594e-02
Mode 48
-2.385745900663e-01 8.732778359123e-02 1.789840430546e-02
Mode 49
2.008408899733e-01 -7.122255480116e-02 -3.074759674742e-02
Mode 50
3.614303021196e-02 3.229645880706e-02 -1.062164329123e-01
Mode 51
-3.814855093841e-01 1.105696888651e-01 6.833684319632e-03
Mode 52
-7.427962439082e-02 -1.605530919468e-01 -4.760416036075e-01
Mode 53
3.909569449910e-02 1.638180969412e-02 -1.590793457137e-01
Mode 54
-9.121800293152e-02 1.310213564500e-02 -2.249578336949e-02
Mode 55
1.401995545152e-02 1.345233076613e-01 2.014778206444e-02
Mode 56
4.658414456161e-02 -7.275497714833e-02 -1.018592043863e-01
Mode 57
-3.967681717354e-02 -8.782619971844e-02 4.145542580283e-02
Mode 58
6.420055126293e-02 -5.123607752240e-04 -6.532319245209e-02
Mode 59
2.764508833907e-02 -1.303840738070e-02 -2.823885302321e-04
--
Polarizability derivatives 
Mode 0
-7.615175407057e-01 -2.566446045972e-01 -3.093757100114e-01
-2.566446045972e-01 9.152551519199e-01 1.974459917374e-01
-3.093757100114e-01 1.974459917374e-01 4.061294700694e-02
Mode 1
8.793377722566e-02 2.905339594348e-01 -4.775389242259e-01
2.905339594348e-01 -1.183045924567e-02 -6.383329633469e-01
-4.775389242259e-01 -6.383329633469e-01 -1.010450727228e+00
Mode 2
-4.264485412369e-01 -1.166166776987e-01 -8.213808560841e-01
-1.166166776987e-01 1.418226009356e-01 -4.022164709679e-01
-8.213808560841e-01 -4.022164709679e-01 -9.798901116443e-01
Mode 3
8.799079065646e-01 -6.475724568276e-02 -1.463866689259e-01
-6.475724568276e-02 -8.180889226693e-01 -5.615772871720e-01
-1.463866689259e-01 -5.615772871720e-01 8.065010404655e-01
Mode 4
7.631155913292e-01 -1.524175905449e-01 5.091623428195e-01
-1.524175905449e-01 1.328417600116e-01 4.707208243029e-01
5.091623428195e-01 4.707208243029e-01 7.476029841085e-01
Mode 5
7.510337931693e-01 -2.215460136626e-01 9.980122918989e-01
-2.215460136626e-01 1.435712730988e-01 1.270116219684e-01
9.980122918989e-01 1.270116219684e-01 6.096640019275e-01
Mode 6
-8.170350543937e-01 -2.150951815407e-01 -6.340826415898e-01
-2.150951815407e-01 -1.836199180483e-01 8.907144762233e-02
-6.340826415898e-01 8.907144762233e-02 -4.374884430765e-01
Mode 7
-1.605715106198e-01 7.585246833154e-01 3.957073631088e-01
7.585246833154e-01 4.794366374358e-01 -1.491744507694e-01
3.957073631088e-01 -1.491744507694e-01 -1.054432654032e-01
Mode 8
-7.097818263782e-01 -2.951272436469e-02 -7.802528161736e-01
-2.951272436469e-02 -6.598832104003e-01 -1.608306418550e-01
-7.802528161736e-01 -1.608306418550e-01 -5.335503070282e-01
Mode 9
-1.970529961053e-01 4.571460367665e-01 -3.905773407593e-02
4.571460367665e-01 1.557274737518e-01 1.390522329954e-01
-3.905773407593e-02 1.390522329954e-01 4.334402030331e-01
Mode 10
-7.193640323698e-01 6.513196330123e-01 -5.382750980269e-01
6.513196330123e-01 3.057525825441e-01 -8.896995710313e-01
-5.382750980269e-01 -8.896995710313e-01 -6.234894643181e-01
Mode 11
1.204210111169e+00 4.616558516274e-01 3.175192135002e-01
4.616558516274e-01 -3.781213485417e-01 4.677080189523e-01
3.175192135002e-01 4.677080189523e-01 -7.677079952237e-02
Mode 12
-3.782440683576e-01 -2.290241744580e-01 -3.112702463665e-01
-2.290241744580e-01 2.568388353146e-02 -2.274863131203e-01
-3.112702463665e-01 -2.274863131203e-01 -1.883354334511e-01
Mode 13
2.304478442764e+00 -4.078954004367e-02 1.105672241896e+00
-4.078954004367e-02 5.860295132395e-01 1.035809227923e-01
1.105672241896e+00 1.035809227923e-01 1.140922160255e+00
Mode 14
-2.185730199008e-02 -6.222776157009e-01 -1.785554426240e+00
-6.222776157009e-01 3.507752406099e-01 -4.947030637689e-01
-1.785554426240e+00 -4.947030637689e-01 9.518606907666e-04
Mode 15
1.596681721491e+00 1.070770743622e+00 2.131358128958e+00
1.070770743622e+00 9.590631637023e-01 6.800205467257e-01
2.131358128958e+00 6.800205467257e-01 2.833628266245e+00
Mode 16
-1.749281308375e+00 -2.001655326551e-01 -1.467226599224e-01
-2.001655326551e-01 -1.919155506875e-01 4.952684117457e-01
-1.467226599224e-01 4.952684117457e-01 2.963679366875e-01
Mode 17
-2.217981834394e+00 -8.225000528883e-01 -1.638571763089e+00
-8.225000528883e-01 -2.420089369508e-01 -6.564269467967e-01
-1.638571763089e+00 -6.564269467967e-01 -3.363685514021e+00
Mode 18
-1.416462037889e+00 3.199323303123e-01 -1.040047717895e+00
3.199323303123e-01 -9.054202240119e-02 -1.615102256488e-01
-1.040047717895e+00 -1.615102256488e-01 -7.927894677121e-01
Mode 19
-3.576721788450e-01 1.642213728828e-01 1.008241779419e+00
1.642213728828e-01 -9.005334470705e-02 3.273863475696e-01
1.008241779419e+00 3.273863475696e-01 1.903319700583e+00
Mode 20
-2.374665738998e+00 -6.258240229093e-01 -2.956772961470e+00
-6.258240229093e-01 -9.774913584490e-03 -9.598247131775e-01
-2.956772961470e+00 -9.598247131775e-01 -2.816778370585e+00
Mode 21
1.948493226725e+00 7.576019934379e-02 2.782278958213e-01
7.576019934378e-02 8.142955675277e-02 4.518030414364e-01
2.782278958213e-01 4.518030414364e-01 8.346864392539e-01
Mode 22
-1.780677048289e+00 1.339616411913e-01 -1.396768366340e-01
1.339616411913e-01 -2.958819198545e-01 -2.495953831233e-01
-1.396768366340e-01 -2.495953831233e-01 -2.287485569237e+00
Mode 23
1.373089846313e+00 5.040894496382e-01 1.754650445723e-01
5.040894496382e-01 1.959034927147e-01 2.925050621681e-01
1.754650445723e-01 2.925050621681e-01 2.378150188715e+00
Mode 24
1.518254911334e-02 6.154542838894e-02 -1.294253712413e-01
6.154542838894e-02 -2.134771388530e-01 -2.205530819587e-03
-1.294253712413e-01 -2.205530819587e-03 8.144799633640e-01
Mode 25
7.362879044288e-01 6.875767743970e-01 4.024360811765e+00
6.875767743970e-01 -1.593765839235e-01 1.183141838206e+00
4.024360811765e+00 1.183141838206e+00 3.163720509255e+00
Mode 26
-8.881576762486e-02 9.031492268373e-01 3.255883390581e-01
9.031492268373e-01 -3.167788694136e-01 1.124371319725e-01
3.255883390581e-01 1.124371319725e-01 -7.554977485908e-01
Mode 27
-2.392757901448e-01 -3.940906388676e-01 5.018217851585e-03
-3.940906388676e-01 2.114936965802e-01 5.297936580241e-01
5.018217851585e-03 5.297936580241e-01 3.405883418489e-02
Mode 28
2.939541402284e-01 2.972008751335e-01 2.379055294331e-01
2.972008751335e-01 3.836028171432e-01 5.786976350886e-01
2.379055294331e-01 5.786976350886e-01 7.758341211904e-01
Mode 29
4.578933406414e-01 4.488202194946e-01 -2.053125970848e-02
4.488202194946e-01 -1.463122009069e-01 -4.499448464661e-01
-2.053125970848e-02 -4.499448464661e-01 -4.348397388061e-01
Mode 30
-3.797161901276e+00 -3.110165274104e-01 -3.082269817278e+00
-3.110165274104e-01 -1.424641921526e-01 -1.247118483487e+00
-3.082269817278e+00 -1.247118483487e+00 -5.206559085150e+00
Mode 31
1.080493103505e+00 6.126932504599e-01 1.337457135907e-01
6.126932504599e-01 -5.325364389560e-02 -6.255989283219e-01
1.337457135907e-01 -6.255989283219e-01 2.986171810314e-02
Mode 32
-2.694226034021e+00 -8.860255072305e-01 -4.302118481546e+00
-8.860255072305e-01 -3.815615418772e-01 -1.039759300337e+00
-4.302118481546e+00 -1.039759300337e+00 -9.190383573558e+00
Mode 33
-1.530558454018e+00 -5.650045313791e-01 -8.079108032485e-01
-5.650045313791e-01 1.993683768660e-01 -7.867856822361e-01
-8.079108032485e-01 -7.867856822361e-01 -1.190422768461e+00
Mode 34
-6.232992450815e+00 -9.545079357796e-01 -7.308045491097e+00
-9.545079357796e-01 -3.869681491601e-01 -1.619584589684e+00
-7.308045491097e+00 -1.619584589684e+00 -9.797865107510e+00
Mode 35
-3.271354038688e-01 3.517705762056e-01 1.169840656799e+00
3.517705762056e-01 -7.128750041048e-02 3.375790423088e-01
1.169840656799e+00 3.375790423088e-01 1.066347079166e+00
Mode 36
-9.188259975617e+00 1.878590395925e-01 -4.327652044988e+00
1.878590395925e-01 -3.098117644898e-01 -3.120839895471e-01
-4.327652044988e+00 -3.120839895471e-01 -6.636846949257e+00
Mode 37
-3.173178811643e-01 3.666599544081e-01 -3.653824648323e-01
3.666599544081e-01 6.628831637598e-02 -7.509110528359e-01
-3.653824648323e-01 -7.509110528359e-01 -5.164690257494e-01
Mode 38
-7.448846977290e-01 -1.224765311600e-01 -1.755546201816e+00
-1.224765311600e-01 2.178440345708e-02 6.172372871934e-01
-1.755546201816e+00 6.172372871934e-01 -2.442801073385e+00
Mode 39
-2.993602907918e-01 -2.078337576314e+00 -1.936093167471e-01
-2.078337576314e+00 5.385089272671e-01 1.023113774924e+00
-1.936093167471e-01 1.023113774924e+00 5.159741910470e-01
Mode 40
-1.206581136187e+01 -7.388638184790e-01 -6.699053580536e+00
-7.388638184790e-01 -7.258042620110e-01 -1.082801077752e+00
-6.699053580536e+00 -1.082801077752e+00 -8.099141233820e+00
Mode 41
-3.037783175169e-01 -4.752872465239e-01 1.271966820259e+00
-4.752872465239e-01 3.960184454710e-01 1.068345300946e+00
1.271966820259e+00 1.068345300946e+00 4.247183474553e+00
Mode 42
5.746694700678e-01 4.489845293392e-02 6.740394038560e-01
4.489845293392e-02 5.304987846760e-01 5.970898261112e-01
6.740394038560e-01 5.970898261112e-01 1.134830851457e+00
Mode 43
-5.497526827139e+00 9.027268316730e-01 1.783924492509e-01
9.027268316730e-01 -5.006825243353e-01 3.356619694704e-03
1.783924492509e-01 3.356619694704e-03 5.179382704752e-01
Mode 44
-1.191720539740e+01 2.224032785363e+00 2.461042883416e+00
2.224032785363e+00 8.558467128774e-02 4.046841953842e-01
2.461042883416e+00 4.046841953842e-01 1.941473356878e+00
Mode 45
4.825589131307e+00 -5.744952229621e-01 1.794490075531e+00
-5.744952229621e-01 3.370893888031e-01 1.128622065938e+00
1.794490075531e+00 1.128622065938e+00 3.621540195971e-01
Mode 46
1.498342668978e-01 3.032317488183e+00 2.038177561602e-01
3.032317488183e+00 -8.421009233554e-01 -9.870147426463e-01
2.038177561602e-01 -9.870147426463e-01 -5.997703697512e-01
Mode 47
-1.119335002387e+00 -1.100972506256e-01 1.499075397000e+00
-1.100972506256e-01 -1.752115416268e+00 -8.551617210575e-01
1.499075397000e+00 -8.551617210575e-01 2.638632213957e+00
Mode 48
3.467899467018e+00 9.822344562013e-01 4.782262018119e+00
9.822344562013e-01 1.026558270168e+00 1.772000068141e+00
4.782262018119e+00 1.772000068141e+00 4.746793660874e+00
Mode 49
-3.031259601979e+00 -1.682152694997e+00 -6.654863011491e+00
-1.682152694997e+00 -1.888106693025e-01 -1.974178166601e+00
-6.654863011491e+00 -1.974178166601e+00 -1.138659822390e+01
Mode 50
-8.150801824302e+00 -8.068497400749e-01 -8.960844690177e+00
-8.068497400749e-01 -3.845509818144e-01 -1.272744550855e+00
-8.960844690177e+00 -1.272744550855e+00 -1.375999055444e+01
Mode 51
2.733528420359e+00 -2.022440999196e+00 -1.084607601940e+01
-2.022440999196e+00 2.313000347338e-01 -5.051276440166e-01
-1.084607601940e+01 -5.051276440166e-01 -1.748059334719e+01
Mode 52
5.658983229829e-01 2.974375533364e-01 -4.190333963457e-01
2.974375533364e-01 -1.003584626807e-01 -4.506147148053e-01
-4.190333963457e-01 -4.506147148053e-01 -3.681492560162e+00
Mode 53
2.085532993040e+00 1.947400344395e-01 -1.267319908885e+00
1.947400344395e-01 6.373739595967e+00 4.374411996262e-01
-1.267319908885e+00 4.374411996262e-01 4.904379814385e+00
Mode 54
-6.808862985626e+00 7.860530126910e-01 2.528923526688e+00
7.860530126910e-01 -5.343212155689e+00 -4.257619797909e-01
2.528923526688e+00 -4.257619797909e-01 -5.117265768947e+00
Mode 55
2.718612811208e-01 5.045760519251e-01 -6.591899093354e-01
5.045760519251e-01 1.076040226709e+00 -5.698745622416e+00
-6.591899093354e-01 -5.698745622416e+00 -2.092130095809e+00
Mode 56
4.483474270187e+00 -1.536384783419e+00 -4.327736231622e+00
-1.536384783419e+00 -6.510923842817e-01 -1.589978613105e+00
-4.327736231622e+00 -1.589978613105e+00 1.250555442669e+00
Mode 57
-3.954452097359e+00 -1.631171746523e+00 3.447087735145e+00
-1.631171746523e+00 4.451429455550e+00 -2.510468545471e+00
3.447087735145e+00 -2.510468545471e+00 -2.067630799138e+00
Mode 58
2.894229407729e+00 2.595261595537e-01 -2.947574020512e+00
2.595261595537e-01 3.463233100350e-01 -5.015072667048e-01
-2.947574020512e+00 -5.015072667048e-01 2.481064667419e+00
Mode 59
3.546610893430e+00 -3.130608183922e-01 -3.556617246128e+00
-3.130608183922e-01 3.948564540898e-01 -2.677367236401e-01
-3.556617246128e+00 -2.677367236401e-01 6.151263328052e+00
--
