Number of atoms 
16
--
Anisotropy 
148.060
--
Frequencies 
13.338793375702
48.348217822797
60.466451936648
61.528162072421
107.467012597614
115.797040358378
129.683598317667
156.267300707501
194.284727233560
238.170932543480
297.263863602579
318.811713932689
338.382854397680
379.248455449227
419.267062172968
464.578928246821
537.927122372908
549.973874721249
578.468902827231
637.307286460371
654.331258166177
755.388661661119
761.983493580958
787.433471083447
806.762592443440
907.631421322322
924.265252569622
932.144442921624
1079.483029169242
1151.195505339432
1184.887243202562
1227.796755940997
1337.781651814642
1403.143962782148
1421.110241809333
1445.104172796451
1603.722563732481
1626.070139374994
1700.649808391705
2360.144540957522
3236.634585730783
3251.918884774418
--
Displacements 
Mode 0
2.349454413173e-04 -1.526979981531e-01 -1.066817009913e-03
3.836860531756e-04 -1.295897978614e-01 -7.551611964999e-04
4.963799892267e-04 -1.243632618701e-01 -5.948384040293e-04
4.369850631733e-04 -2.359970622459e-01 -4.818170190961e-04
6.775125087309e-04 -6.863008314703e-01 -8.786114832871e-04
5.065830223014e-04 -2.319327803297e-01 -3.240873506426e-04
7.291931061723e-04 -1.089434235213e-01 -3.425442678575e-04
7.926763903478e-04 9.289177294618e-04 -4.811379694156e-04
6.928458501131e-04 -1.162356667925e-02 -6.273384085391e-04
2.093747445121e-03 3.703271460395e-01 -2.289686704440e-03
9.011386625442e-04 -1.071077732936e-01 -1.875709221659e-04
1.149391196429e-03 -8.687480496793e-03 -2.384402572426e-04
8.702344152079e-04 -2.107364257669e-01 -7.822305537956e-06
-3.498735550158e-03 3.863516930068e-01 3.108334865958e-03
9.103043091488e-05 -9.364042123999e-02 1.779074326302e-06
2.638488000368e-04 2.730244241148e-02 -1.433296023312e-04
Mode 1
6.339191430375e-04 -4.902339882878e-02 1.149312265283e-04
4.903006351958e-04 -2.852083248920e-02 -3.332851636201e-05
3.422184255686e-04 -1.437162822378e-02 -2.610819835625e-04
4.704812112220e-04 -1.552617555699e-02 -4.986541659512e-04
6.663674665742e-04 -1.175313785482e-01 -8.164430807809e-04
3.611377630707e-04 2.370983159215e-02 -6.881832564809e-04
2.880244046852e-05 -2.022779590177e-03 -6.814256728553e-04
-1.083491119354e-04 -3.199974415541e-02 -4.282766724408e-04
4.088385559619e-05 -5.077965455238e-03 -2.287823133862e-04
-3.500003644201e-04 1.465174193759e-01 3.041419632360e-04
-2.686425904748e-04 -1.410242250227e-03 -1.206156257233e-03
-7.729998666227e-04 -6.948544609793e-01 -1.127698351373e-03
-1.045174533200e-04 6.897049776418e-01 -1.859494488155e-03
-2.984735765243e-04 -1.234306148225e-02 2.000964414394e-03
1.308317162261e-04 1.999910169405e-02 -2.469017528442e-04
-8.899088926322e-05 -1.880611440716e-02 -1.212257484650e-04
Mode 2
-1.461103495086e-01 -4.891597244869e-02 -3.835957751004e-03
-1.084715880432e-01 -2.360278858438e-02 3.404806313347e-02
-7.296296794013e-02 -4.906917937277e-03 8.663771356694e-02
-1.027922891071e-01 3.289590096608e-03 1.396786388691e-01
-1.316074708422e-01 2.681182425631e-02 2.214958427074e-01
-7.323291088231e-02 3.886817421462e-03 1.843350171937e-01
1.160059769034e-03 -2.131693331019e-06 1.847401266360e-01
3.201057854260e-02 1.661812563786e-03 1.266077450468e-01
-2.289772482011e-03 4.918213748483e-04 7.910820240833e-02
1.012397351609e-01 2.130900164820e-02 -5.044208954002e-03
6.505569684607e-02 -7.005136110797e-03 3.004098335813e-01
1.748610285906e-01 -1.143142964546e-02 3.105470280687e-01
1.867250991901e-02 -1.048841121437e-02 4.152414729597e-01
3.629447400421e-02 1.418445569101e-03 -5.853066959893e-01
-2.653497414049e-02 1.777796545643e-03 6.483596239125e-02
2.256701217437e-02 7.738227909546e-04 3.607722237747e-02
Mode 3
9.600119187063e-03 -7.164063355363e-01 2.591130493294e-04
7.122330852164e-03 -3.388308586559e-01 -2.311130649922e-03
4.785047929039e-03 -5.948939416076e-02 -5.844496722106e-03
6.750104490979e-03 6.803110707014e-02 -9.322030538317e-03
8.190514065864e-03 4.302947067939e-01 -1.468492439198e-02
4.809783611144e-03 7.530405163826e-02 -1.228459741182e-02
-1.580448305232e-04 5.297187039973e-03 -1.232899577005e-02
-2.191935800543e-03 2.514960086173e-02 -8.485768343106e-03
8.536252037120e-05 1.190767994138e-02 -5.340622512709e-03
-6.899339948650e-03 2.962796630882e-01 5.192263113738e-05
-4.446526139289e-03 -1.128497085709e-01 -2.008738455277e-02
-1.184534318638e-02 -1.502803928726e-01 -2.075603459424e-02
-1.316251247005e-03 -2.080810078123e-01 -2.780241597021e-02
-1.807073479704e-03 1.179691270022e-02 3.929324215296e-02
1.759158231271e-03 3.312531254251e-02 -4.336878632891e-03
-1.514742899016e-03 8.989083258822e-03 -2.418464997046e-03
Mode 4
4.011889313330e-01 -4.123047266037e-04 3.527200390926e-01
2.010713179158e-01 2.988933758044e-04 8.663844197861e-02
1.317849961691e-01 1.051215843576e-03 -1.428323190248e-02
1.222327066002e-01 1.297155538125e-03 -3.065443197860e-02
-5.519044753468e-02 -3.554524633714e-04 -7.361013062807e-02
1.265076407226e-01 1.830221536398e-03 -2.754916423820e-02
1.118806831733e-01 1.271269544423e-03 -2.986213843139e-02
9.970699118803e-02 1.059890929922e-03 -1.818184980395e-02
1.093735428222e-01 1.005254777605e-03 1.967408377192e-03
1.220057803465e-01 -6.070186456611e-04 4.201058586104e-01
1.214091464940e-01 -4.355307837003e-04 -4.495933964075e-02
1.226801078038e-01 -1.172567167740e-03 -4.713243963518e-02
1.352240367903e-01 -1.650173315552e-03 -5.747765667303e-02
-4.950497264634e-01 -4.261352023257e-04 -2.795447499817e-01
3.753599607842e-02 6.254588541732e-04 -9.993234357629e-03
2.460134275883e-02 1.481279362397e-04 -5.210696813164e-03
Mode 5
2.223883230002e-03 1.265896960188e-01 2.067826202600e-03
9.244746469146e-04 -8.606999902917e-02 3.623299105887e-04
4.853179311824e-04 -2.840524377976e-01 -2.155516260661e-04
4.645300649581e-04 -2.488012305109e-01 -2.596334762075e-04
-7.106430280151e-04 3.301712222415e-01 -3.639895645845e-04
4.814211218421e-04 -3.194047323131e-01 -2.269598979702e-04
3.904443605959e-04 -3.415308973547e-01 -2.688954625716e-04
3.457647159626e-04 -3.989063043163e-01 -1.872425302673e-04
3.831535212232e-04 -3.250627697489e-01 -1.309127889437e-04
5.919034549965e-04 2.419962703943e-01 6.132967689306e-04
2.622736256914e-04 6.081121620287e-02 -5.925373368006e-04
5.515438419506e-05 2.933432020376e-01 -6.523016589812e-04
3.730625203666e-04 2.826307830185e-01 -8.796100213594e-04
-1.745385458717e-03 5.605986421880e-03 3.696943657308e-05
1.258710866101e-04 -5.939278867618e-02 -3.887791704710e-05
7.475679310956e-05 -9.871183595709e-02 -5.288503567636e-05
Mode 6
3.392178021330e-01 -9.525853787869e-05 6.542058356190e-01
1.599408116604e-02 8.329818014265e-05 1.836062178886e-01
-8.804722926701e-02 3.564673891985e-04 2.828020156868e-02
-7.158818206850e-02 1.307653322707e-04 2.869167350511e-02
-1.831556483734e-02 -5.844187945394e-04 6.242753376945e-02
-7.010754801327e-02 7.687882847594e-05 3.661366257166e-02
-7.118394600863e-02 4.849469270462e-04 4.082165338638e-02
-6.551211022186e-02 8.585736538394e-04 4.541812584425e-02
-8.043741847381e-02 6.057221532107e-04 2.094363858488e-02
6.688097673794e-02 -4.835836215698e-04 -5.740288648581e-01
-9.548896229446e-02 -1.184818259835e-05 3.115564902633e-02
-1.243230591304e-01 -3.728329909485e-04 3.545515355318e-02
-9.432656341171e-02 -2.009905704118e-04 1.799828721069e-02
7.135922998259e-02 8.223608165468e-05 4.360332953799e-02
-2.075154453932e-02 -1.364918765389e-04 1.123346660842e-02
-1.614472921519e-02 2.829213424966e-04 1.321025111612e-02
Mode 7
-1.770221919852e-01 1.936601720690e-05 -1.235048772535e-01
-1.274592680925e-02 8.214862488370e-05 9.805752818323e-02
3.535278178682e-02 7.392001784576e-05 1.646052032694e-01
4.696670119392e-02 6.585726336895e-05 1.417411471074e-01
-4.824750821595e-02 -1.176424132664e-05 2.404754500564e-01
6.094902358720e-02 1.506204342702e-04 1.264818520149e-01
2.578647784402e-02 6.509490773663e-05 1.210313000558e-01
2.333292230637e-02 -4.452849593094e-06 1.745844130462e-01
4.987274363325e-02 4.831221976648e-05 1.730153098328e-01
5.154307485335e-01 2.500051158771e-06 -2.745723383630e-02
-1.472580746489e-01 -2.048497572193e-05 -1.148225692197e-01
-4.750826554821e-01 1.186614714138e-04 -9.260385527339e-02
-1.097502460704e-02 -2.731883179031e-04 -3.977760437998e-01
-1.398750071047e-01 -7.345149548612e-05 -1.290499955677e-01
1.984497502720e-02 7.506781444416e-05 3.364387955853e-02
-5.793138915080e-04 -4.579442996834e-05 5.196718778884e-02
Mode 8
-2.702709257176e-04 -4.266194869331e-03 1.171381417675e-04
-1.441556862541e-04 6.042396647052e-03 2.488905944650e-04
-1.325985165555e-04 1.405409490507e-02 2.234169484627e-04
-4.352489221432e-05 2.720985378561e-01 1.692854038045e-04
6.366575713345e-04 -2.396192977763e-01 1.675383545152e-04
-8.902800203055e-06 5.726164162688e-01 9.091541269970e-05
-2.352560137862e-04 1.778073295164e-02 1.797979681001e-04
-2.269607128894e-04 -5.341867486321e-01 2.234639010626e-04
-2.211401335530e-04 -2.783378272364e-01 2.144119125247e-04
-3.303617443714e-04 1.445403717737e-01 -6.405328355626e-04
-2.139776568592e-04 1.310111641431e-03 3.399747485587e-04
-8.876696832434e-05 4.997019272816e-02 3.440161843990e-04
-2.915588689737e-04 -7.669182599892e-02 5.240547006726e-04
4.382821801175e-04 -5.135884713561e-03 -3.594704440181e-04
1.065585584809e-04 2.808809204955e-01 -1.479146113506e-04
-8.215893140997e-05 -2.628009102312e-01 7.663560183060e-05
Mode 9
1.117755824846e-04 3.870926361734e-01 -1.235517190735e-04
-5.802167269055e-05 -3.948943425018e-01 -1.683636276150e-04
-1.624358139375e-05 -5.530436669183e-01 -5.079652231980e-05
-7.446203680049e-05 -1.868891182245e-01 8.933014218826e-05
-3.762271171407e-04 7.709717851496e-02 2.885802760093e-04
7.294774028504e-05 2.461445727796e-01 8.660186786160e-05
4.832349648697e-05 3.238572742007e-01 6.567030317522e-05
8.860427643445e-05 2.504604945784e-01 -3.460139315794e-05
1.593835192185e-05 -1.943915458258e-01 -9.794111403970e-05
-3.492291499445e-04 5.469169265519e-02 -6.932465297570e-05
1.467631417875e-05 6.749370691763e-02 -1.641408879484e-05
-1.939633451298e-04 -1.441931230804e-01 4.128419662183e-05
1.532112418784e-04 -1.456317288404e-01 -1.940827698750e-04
3.222031550196e-04 3.197130353055e-03 3.923805992663e-05
6.320040917398e-05 1.261780802988e-01 -3.410445170788e-05
6.688231353722e-05 1.265743521879e-01 -1.605688548184e-05
Mode 10
-1.167337475610e-01 2.459544111234e-04 9.859352121857e-02
-1.305803387084e-01 -3.550247570064e-04 5.157797119532e-02
-1.198198551195e-01 -3.619765957759e-04 2.791650470308e-02
-7.764285947025e-02 3.307380006458e-05 -1.121403372312e-01
1.687070707927e-01 4.479292521896e-04 -3.236182975972e-01
-1.656216822094e-01 9.531542572125e-05 -1.876998513464e-01
-1.923727802817e-01 8.183320942002e-05 -1.721804100621e-01
-1.711077814319e-01 1.276779549768e-04 -1.105582701006e-01
-4.319088937531e-02 -1.598414346307e-04 4.826364565147e-02
5.569765699336e-01 4.698549833139e-05 2.185819539629e-01
-1.809838227036e-01 1.541694507669e-05 -1.040454443109e-02
8.121160072368e-02 -8.348948123766e-05 -4.154601589455e-02
-3.525126978193e-01 1.324924681557e-05 2.724077780719e-01
-3.186843654394e-02 -1.350056571968e-04 2.196116109587e-02
-4.433436294292e-02 2.001660141961e-05 -6.740281160532e-02
-9.180115161693e-02 9.391108187896e-05 -3.012599309514e-02
Mode 11
1.693193144703e-01 -1.475476104989e-04 1.130831533518e-01
-1.824816149520e-01 2.083652233490e-04 -3.702986593007e-01
-1.049468959004e-01 2.985422717266e-04 -2.350449292927e-01
-2.284749339590e-01 1.103815098135e-04 -2.322685954798e-02
-6.028405125710e-01 -1.389804289148e-03 3.362941342227e-02
-1.548435101328e-01 2.923388337911e-04 5.122422251100e-02
4.485015674799e-03 1.229023590216e-04 2.358047738447e-02
1.027212714550e-01 -3.637293281499e-04 -1.488136568003e-01
8.336440448889e-02 -3.417533980080e-05 -2.189431734102e-01
1.826283772009e-01 4.007522561506e-05 2.254127566860e-01
-2.243339032595e-02 3.135052901251e-05 5.748365906186e-03
-1.473895616741e-01 2.067299106827e-05 1.465917333043e-02
2.844961631293e-02 -4.090576235349e-05 -9.872052758753e-02
2.400089281985e-01 4.323284248029e-04 6.352708429545e-02
-5.621604845027e-02 -2.729102523023e-05 4.329978806206e-02
6.348891292437e-02 -2.194541104305e-04 -4.373364041559e-02
Mode 12
-3.380285472074e-01 7.261665681186e-05 2.570799028220e-01
-3.232060156814e-01 2.305329991429e-07 1.942543601776e-01
-2.469613834961e-01 3.040314203031e-07 1.431974327889e-01
-1.502290188185e-01 8.409687399690e-05 -9.305185907000e-03
-1.000991710893e-01 -1.606566663279e-04 2.450316651778e-02
-1.029281459592e-01 1.400572927053e-04 -5.022613766139e-02
9.709631082136e-02 7.673313280244e-05 -9.614604146479e-02
-1.178341719530e-02 -1.205851586506e-04 6.998985064632e-02
-4.795831972604e-02 -1.247021433554e-04 1.172419276281e-01
2.819048268866e-02 1.901908658348e-05 1.763548746905e-02
2.810688960236e-01 6.798565986672e-06 -2.117351918917e-01
3.946087044025e-01 -2.307371085122e-05 -2.397972703275e-01
3.174768108939e-01 -1.534998372121e-05 -2.537891992025e-01
3.523577759908e-02 3.556589497996e-05 1.339041040678e-02
-4.397790900157e-02 -3.474649082094e-05 2.242010430588e-02
-4.667998165560e-02 -6.250327636510e-05 2.034255274551e-02
Mode 13
1.024807279855e-01 -5.695063873869e-05 -1.213487091036e-01
1.849160704681e-01 1.262164894305e-04 2.844186851681e-02
1.457639632135e-01 6.959183766519e-05 3.729473045889e-02
1.006383266500e-01 -2.255347818708e-04 1.280395396109e-01
-2.502003428098e-01 -3.806347575978e-04 6.153404140565e-01
-3.853629033853e-02 1.562717038868e-04 -1.254616458636e-01
-1.338294309701e-01 -4.794893064188e-05 -1.988565124831e-01
-1.319453141515e-01 -1.666510854585e-05 -1.445094230012e-01
-1.318584362366e-02 2.367545421756e-04 2.753168375643e-02
3.764024687974e-02 -4.344776829053e-05 -4.688049801231e-02
-7.131916243564e-02 -4.523136610685e-05 -2.075494273511e-01
3.351194358617e-01 -4.652493943677e-05 -2.770110102890e-01
-2.630709572959e-01 -5.619683427624e-07 9.728535431800e-02
2.426286842397e-02 1.367743473564e-04 -8.740645661356e-03
1.279992658629e-02 2.031507724156e-04 -9.066352177350e-02
-7.178411834630e-02 -4.907374621524e-05 -4.207072097938e-02
Mode 14
-8.117985478179e-02 -6.685645663043e-05 -1.069829680099e-01
2.730473795931e-01 2.342622091395e-04 3.907392283928e-01
8.336903928410e-02 -1.937365002863e-05 1.062644002726e-01
1.397887402744e-01 -3.328551161244e-04 -9.493551188175e-02
-6.338018055096e-01 -7.659992574264e-04 -4.226394572809e-01
1.714835877654e-01 6.222065401016e-05 -6.535195903460e-03
1.672078204642e-02 8.511864476709e-05 1.936841013447e-02
-5.428657749761e-02 7.895790034241e-06 1.525637522203e-01
-7.276219739658e-02 3.598598625703e-05 1.455020435594e-01
-1.087698381099e-02 -1.588486418239e-05 -4.928561604282e-02
-2.506994994461e-02 5.336649644887e-05 3.965517551521e-03
2.677008120299e-02 -4.043446975087e-05 1.782114559179e-03
-5.985201075541e-02 -4.344578030909e-05 6.995868444060e-02
1.611359840045e-01 3.187729692423e-04 2.960943181696e-02
5.021430640305e-02 1.445306488676e-04 -4.143022610599e-03
-3.221146695808e-02 -1.429196137521e-05 4.482130881682e-02
Mode 15
5.854523568732e-06 2.520005296623e-01 -4.805720699495e-05
-7.244637745993e-05 -5.838811808105e-01 3.084677051982e-05
3.309411378087e-05 4.111634685593e-02 1.241528995272e-05
6.029137730945e-05 3.288061206244e-01 1.728028328925e-05
-2.738225429479e-04 -5.203202186398e-02 -7.330424390049e-05
9.918800900710e-05 8.650591176148e-02 9.078388258465e-05
4.474354960617e-05 -4.725619666631e-01 1.061442601965e-04
2.839538119046e-05 5.157186066515e-02 9.343470903000e-05
1.318450487490e-05 3.944503738761e-01 -9.771706109779e-07
-5.569223313115e-05 -3.192173638738e-02 -2.001493071035e-05
9.672666173909e-06 -2.424224486954e-01 1.006378915170e-05
3.349026054359e-05 1.241756805405e-01 -4.973036567105e-05
-2.863941464185e-05 1.248101605952e-01 -4.195185279864e-05
8.451565210378e-05 1.332726254820e-04 -1.005107889649e-05
4.633256865581e-05 4.956245344546e-02 4.906819140431e-06
1.767542402873e-05 2.787263015558e-02 2.497626380133e-05
Mode 16
-2.217787619724e-04 -3.172462261124e-02 1.932171681215e-04
-2.921962214386e-04 8.505214231941e-02 -2.266601963312e-05
-1.463995321961e-04 -6.232935062692e-02 -2.872387951233e-05
3.664968905704e-05 -6.368811552671e-01 -1.382314838611e-04
1.856825611529e-04 7.347316765272e-02 1.515414027887e-05
1.095735368709e-04 2.266348127759e-01 -2.701494695371e-04
-7.002365030920e-05 -2.962482004525e-02 -1.553194174599e-04
-9.237735025748e-05 -1.840741590963e-01 -1.986362440643e-04
-4.544311589312e-05 6.014452983266e-01 -1.308662738958e-04
5.555237370793e-05 -4.508463393281e-02 4.671145007744e-05
1.153599532298e-04 -9.568626213895e-03 2.621427701325e-04
-2.850457710429e-04 1.168287127199e-02 3.580106906209e-04
3.345813497210e-04 -6.552959964035e-03 -9.595251968693e-06
2.123667970085e-05 4.206163626589e-03 8.095514231252e-07
1.688208289806e-04 2.794531645204e-01 -2.962675488491e-04
-7.773532037790e-05 -2.204127247270e-01 -3.969859695840e-05
Mode 17
3.865072019538e-02 -1.142821007149e-04 8.846863311331e-02
-2.458592848695e-01 2.694479497569e-04 -3.191535285209e-01
6.037928037574e-04 -1.399019357342e-04 2.416041251764e-02
8.183384187354e-02 -3.929056006277e-04 4.042092365524e-02
1.746908251953e-02 4.021944629810e-05 -1.418806697627e-01
2.626549532982e-01 2.026871770287e-04 2.547192842175e-01
1.561851238338e-01 -3.291950445960e-05 2.051359984291e-01
1.772113549599e-01 7.180783246122e-05 3.289341486288e-01
4.895816009972e-02 2.393875721722e-04 9.524539396910e-02
-7.972701744732e-02 -1.825329357077e-05 -1.786359092725e-02
-1.613321084509e-01 -8.907785931020e-05 -2.266636044275e-01
2.136132435033e-01 -3.105526103565e-05 -3.195125764266e-01
-4.062931360607e-01 -2.481980685664e-05 1.070841556567e-01
5.915611939550e-04 8.965552661097e-07 -5.158003119198e-03
5.212581782297e-02 1.922993293779e-04 1.259678225141e-01
1.098350611064e-01 -4.008957925388e-05 9.270023619721e-02
Mode 18
1.163042639508e-04 1.566987291515e-01 -1.985767057154e-04
2.530034726869e-04 -4.505520423906e-01 1.976285512720e-04
4.711331929274e-05 3.409146709124e-01 -9.322279603834e-05
-1.097284488401e-04 -5.586095020854e-03 2.402317593478e-05
6.377969977577e-05 2.323594765133e-02 -7.904957362361e-05
-1.495105093538e-04 -2.741910938611e-01 2.185481146066e-04
7.201064200129e-05 4.558750910236e-01 1.122872790383e-04
1.170991305042e-04 -3.326685010468e-01 1.783386446446e-04
-9.540428782351e-07 1.327083799269e-01 -1.891935060242e-05
-1.797812584471e-05 6.937878145807e-03 2.786599620067e-06
-8.225023368398e-05 2.668579444353e-01 -2.055659194261e-04
1.837657573173e-04 -9.413144460195e-02 -2.388202820044e-04
-2.105937943924e-04 -9.705263750758e-02 4.875694190047e-05
-6.482196303461e-05 3.606430065918e-04 1.381404257960e-05
-1.796767046483e-04 -2.498090925159e-01 2.879913573096e-04
7.537055329432e-05 -3.040150412744e-01 6.824083202184e-05
Mode 19
2.172741809620e-01 1.617919498178e-05 -2.006846998902e-02
-1.718522558766e-01 -2.085663048212e-04 -4.970338010805e-01
1.202227295050e-01 2.188629017296e-04 1.942002647221e-01
1.966549546348e-01 8.520057931584e-05 9.200848712549e-02
-8.214634261767e-02 -6.173345296454e-05 -9.485170805055e-02
5.219009106312e-02 -3.114477159396e-04 -1.244655820577e-01
-1.896245618499e-01 1.161863940701e-04 -7.283704824902e-02
-3.788789284623e-01 -2.691390043241e-05 1.850613479074e-01
-1.931728541250e-01 -7.995228943939e-05 3.509154539754e-01
3.248690465201e-02 8.357705324776e-06 -3.317663072477e-02
7.870361404569e-02 2.479612975839e-04 8.948336214697e-02
4.439998494646e-02 -6.132572736733e-05 1.356609500271e-01
2.212951184618e-01 -7.046640608125e-05 -9.028503131968e-02
9.416825686573e-03 3.428818637111e-05 2.788167910976e-04
5.175190280248e-02 6.062727714223e-05 -1.162028511672e-01
-2.221911334373e-01 -1.278109714196e-05 5.945496572998e-02
Mode 20
2.680423906685e-01 -1.617862834203e-04 -2.463930717912e-01
3.578769227975e-01 3.362304497216e-04 2.389909848986e-02
-9.612246394443e-02 -5.607345479280e-04 -1.099008819517e-01
-3.471024333239e-01 -1.480137641392e-04 7.364500077118e-02
1.160625678404e-01 1.040663809363e-04 -1.236125740721e-01
-3.253994961445e-01 5.267704260754e-04 2.657523283102e-01
-1.579928345204e-01 -6.413785268204e-05 2.385854250483e-01
-1.466208143708e-01 -2.552248284508e-05 2.225614784934e-01
-2.480044554924e-01 3.991247362537e-04 -1.320700880227e-02
8.630184537393e-02 -1.344930467722e-05 3.809052862103e-02
-1.204976657763e-02 -3.689992931929e-04 -5.758531277729e-02
2.606586108682e-01 1.336391394032e-04 -9.778361442756e-02
3.787314304922e-02 1.002848979316e-04 -2.002388050899e-01
-8.252722068757e-03 -5.183085800641e-05 3.793817313340e-03
-1.247289860339e-01 -1.722816370050e-04 1.442311121415e-01
3.409046966328e-03 -1.237779396565e-04 6.220149208914e-02
Mode 21
6.831688455932e-05 -4.827173125608e-02 1.241250080572e-05
-7.208780678930e-05 1.635060316832e-01 -2.045959334404e-04
3.173725194219e-04 -4.353669816305e-01 6.482198625883e-04
1.578973184003e-04 2.316132754025e-01 3.787465356691e-04
-1.478753045756e-04 -1.071062647730e-02 -2.186691498154e-04
-4.388381422894e-04 -4.808921635937e-02 -3.072536534676e-04
2.992622393590e-04 3.744281138799e-01 -4.398789708910e-04
2.579112119268e-04 -6.603374973225e-02 -2.253696548615e-04
7.667076397744e-04 2.173644272338e-01 5.556970041517e-04
-2.444228822631e-04 -2.828974224785e-03 -1.413289829111e-04
2.198977211179e-04 -5.317093498756e-01 -6.009993034196e-06
-3.848665246590e-04 1.712471779902e-01 -1.288246166369e-04
-4.796320408753e-05 1.718328751261e-01 3.280329553643e-04
-2.289113709262e-05 -6.750534553289e-04 9.927882668155e-06
-2.870974547679e-04 -3.156803518232e-01 1.528693339185e-04
-1.922880093116e-04 -3.037805059903e-01 -2.633090916167e-05
Mode 22
-1.674583415464e-06 5.040801295972e-02 -9.038501553517e-06
-1.625656774822e-05 -1.730034201655e-01 1.941536400816e-05
-5.975057857361e-05 4.882899840300e-01 -2.237448358614e-04
8.776535419329e-06 -3.766778609649e-01 -1.747000920276e-04
5.300387635563e-05 3.057806642345e-02 8.244328093808e-05
1.731486301708e-04 1.530181663569e-01 -1.178168481873e-05
-6.335408241307e-05 1.629952636174e-01 5.354462191280e-05
-1.144478912493e-04 1.581161812755e-01 1.102483311369e-04
-2.650583970636e-04 -3.445956586070e-01 -6.743556499999e-05
7.754585970524e-05 1.447794699062e-02 3.771836025280e-05
1.049603038376e-05 -5.748845898876e-01 1.296272671835e-04
5.426868604271e-05 1.755640190049e-01 3.325464721373e-05
-3.915881175981e-06 1.754111872890e-01 -1.005781769340e-04
-8.549100877549e-06 7.922220098876e-04 1.667206346736e-06
5.664485895701e-05 1.522873732696e-02 -2.053405029292e-05
7.309784650291e-06 -5.007214202675e-03 3.385971461743e-05
Mode 23
-5.655637759987e-02 -5.726015468248e-05 2.939227975236e-02
-2.739983771656e-02 2.433447100149e-04 3.698281915443e-02
-1.698077454223e-01 -7.831132049605e-04 -3.142928834924e-01
6.061818700236e-02 7.240144401636e-04 -4.354251460462e-01
2.164811386946e-02 -6.602993333817e-05 2.610624952663e-01
4.163594298933e-01 -5.050185175227e-04 -3.826556104960e-02
-4.333781192465e-03 5.798558709154e-04 4.281147835796e-02
-1.781947833945e-01 -1.231609261345e-04 2.147283676827e-01
-4.863359486293e-01 3.184010420087e-04 -2.580345495417e-01
1.273689264467e-01 1.064466585742e-05 7.331439221989e-02
-4.976114856323e-03 -4.934028374405e-04 3.357759847090e-02
1.664305915328e-02 1.634472174540e-04 5.966796732204e-02
3.775194371605e-02 1.550838298498e-04 -5.301935887370e-03
-2.651409271052e-03 9.993586406150e-06 -1.855506606891e-03
1.208344290006e-01 -2.233685720619e-04 -9.862793625890e-03
2.249193743314e-02 -4.226919594458e-04 5.846005038056e-02
Mode 24
1.557899983980e-01 -1.886334347784e-06 -1.122344745116e-01
1.130509885267e-01 -9.987598871589e-05 -6.577999132029e-02
-1.205703988680e-01 2.852729627159e-04 2.336843089806e-02
-1.810198103039e-01 -3.114160464948e-04 -2.016044740987e-01
5.622665391483e-03 2.438114782385e-05 1.018680081499e-01
-1.892819603162e-01 4.876409088952e-04 -2.164657788664e-01
3.370291136675e-01 -4.556236980046e-04 -2.217633620791e-01
7.424906644698e-02 8.321984225352e-05 3.354296046300e-01
-1.585914344857e-02 -1.198662655587e-04 1.796358490663e-01
-1.969926405271e-02 -1.125037448692e-06 -4.467623678971e-03
2.534589202427e-01 3.469935032927e-04 -1.636943029553e-01
-3.512309841968e-01 -1.551743343967e-04 -1.824303632884e-01
4.624741147689e-02 -3.687947181320e-05 3.988550276794e-01
-1.330076078885e-04 -1.443101128474e-05 2.390298651158e-03
-1.160958783978e-01 -2.116337866487e-04 6.936207945728e-02
-1.106022430683e-01 2.155394337022e-04 1.062041464676e-01
Mode 25
-9.935543606107e-05 -6.288605087504e-04 9.404280471672e-05
-1.386198970811e-04 2.403628434059e-03 -4.867979438813e-05
1.783721362633e-04 6.389423963323e-03 3.226945110708e-05
3.835505371178e-04 -1.306573195121e-01 -3.209186958601e-04
-3.739543959176e-05 1.726589068718e-02 1.351135974000e-04
3.442279376675e-04 3.633057570290e-01 -1.556517061224e-04
2.504185168075e-05 -3.420139715863e-03 -1.673094394804e-04
-8.951446651619e-05 -3.534814625653e-01 -8.777370981592e-05
-7.928327307719e-05 1.100997798193e-01 2.998409227609e-05
7.527474983014e-06 -9.938807062533e-03 -5.022047176135e-06
-3.021928841111e-04 2.183875170264e-03 2.411107488112e-04
2.519921691447e-04 -4.347842727416e-03 3.651859451907e-04
-1.288152879362e-04 3.435444445183e-03 -3.795753230056e-04
-5.163788998909e-05 1.485840965995e-04 9.863029265535e-06
-2.577619508150e-04 -5.947483962916e-01 5.173381597254e-04
-2.268079447118e-05 5.997068940393e-01 -8.592915003365e-05
Mode 26
5.125140968407e-05 1.641881517827e-03 -4.883733192467e-05
8.275567059185e-05 -7.679875102026e-03 3.882027688504e-05
-8.152421099070e-05 -5.769280206811e-03 -1.703778791378e-05
-2.505865618659e-04 1.187578605810e-01 5.768586679628e-04
4.213421524528e-05 -1.227839652983e-02 -2.188950307079e-04
-2.127949207983e-04 -3.447166973902e-01 3.601577722439e-04
-1.731725025429e-04 3.101091347833e-01 2.383634528727e-04
-6.157478232652e-05 -3.440910739304e-01 -4.850775642035e-05
-1.729096642579e-04 1.139227925244e-01 -1.673039482085e-04
3.775596296823e-05 -7.839216404058e-03 1.658347556578e-05
6.062459704455e-04 -2.093109550157e-01 -4.371380348337e-04
-5.092058724834e-04 4.818677422201e-02 -6.473642054139e-04
2.603851295389e-04 4.699968062662e-02 6.893754473033e-04
4.378423879304e-05 -2.407147049201e-04 -9.234234403336e-06
2.886745656228e-04 5.387933134303e-01 -4.545363269903e-04
6.960928048241e-05 5.482443541438e-01 -7.237276167081e-05
Mode 27
5.840650464059e-02 -5.760132615764e-06 -4.169592797669e-02
3.476898236400e-02 -2.129658026476e-05 -2.086542508138e-02
-7.769955452314e-02 -8.469668965592e-06 3.341438692949e-02
-7.539229349997e-02 2.452208137450e-04 -2.895047614225e-01
-1.172473802694e-02 -4.028417368034e-05 1.065135725383e-01
-1.249386899585e-01 -6.516723135945e-04 -3.003118175065e-01
2.010684761709e-01 4.027444643186e-04 -1.435262099599e-01
2.066438574508e-01 -2.802124269789e-04 2.576133027355e-01
1.964038078420e-01 1.199479732266e-04 1.596572215689e-01
-4.643296109052e-02 -8.618665792360e-06 -1.410303262873e-02
-3.393522835182e-01 -2.402602870984e-04 2.291349074217e-01
2.702444523428e-01 1.204985287439e-04 3.317028675455e-01
-1.938452885456e-01 -2.383143452682e-05 -3.764987302207e-01
9.123515890057e-04 -5.349406700655e-07 1.658436135419e-03
-5.591286468636e-02 1.067059326595e-03 -5.211276600321e-02
1.777860899526e-02 4.440393456648e-04 8.092300383336e-02
Mode 28
-6.407726645884e-02 7.661418612020e-06 4.791446489763e-02
-3.742460093051e-02 1.771135668608e-05 1.157329127460e-02
1.406254261540e-01 -5.625391021851e-05 -5.281624674606e-02
1.666611180929e-01 -5.568580786471e-05 2.636406485901e-01
-1.801214766622e-02 1.589216737983e-05 -5.089478422395e-02
-2.929774987901e-01 2.141097413035e-04 -2.855952026303e-01
-1.056372580927e-01 -8.821506134796e-05 4.506013829511e-02
1.795147204756e-01 2.633585298467e-05 3.327838485301e-01
-2.212237146145e-01 -1.165102490305e-05 -2.027399294086e-01
1.972792461555e-02 7.534225893524e-06 1.657283268424e-02
4.293037287205e-02 4.195851361473e-05 -2.602140863234e-02
-2.679364857204e-02 -1.653972945555e-05 -3.852749125393e-02
3.047486647059e-02 1.395223405965e-05 3.767275861335e-02
7.026094821994e-04 1.241354724968e-05 1.318632817406e-03
6.051813722246e-02 -6.053264999618e-04 -4.229569233081e-01
5.088978557812e-01 -5.898598353527e-05 8.017884598303e-02
Mode 29
-7.478423579540e-02 1.155798769164e-05 5.547689065875e-02
-3.574550759097e-02 9.579779536472e-06 1.194353519290e-02
1.926645882596e-01 -1.267328999197e-05 -8.208777576201e-02
1.461808103172e-01 2.240055008879e-05 4.141533233640e-01
-1.751239287005e-03 6.884017993628e-06 -7.719782942662e-02
-8.930971596983e-02 -1.098643361897e-04 1.906484625651e-02
4.648853341086e-01 1.484714501612e-05 -3.114373100338e-01
-2.984549036390e-02 2.313520286773e-05 2.954855854700e-02
-3.670251398517e-01 -2.719790969082e-05 -2.616860297505e-01
3.692824853105e-02 2.472915740394e-06 1.759432301440e-02
-9.046717406075e-02 -1.893739327097e-05 6.404973965486e-02
3.465568514360e-02 2.475051882281e-05 1.214616963726e-01
-1.014002472814e-01 -2.714089590032e-05 -8.311030658175e-02
-1.122926908610e-03 -1.522261974981e-05 -1.262585170435e-03
-1.551038140999e-01 4.855425311554e-04 3.055891397367e-01
-2.366432261970e-01 -2.109323886253e-05 1.569666344872e-02
Mode 30
-4.129132124671e-03 -2.836275040981e-06 -1.340548338320e-02
4.139927565641e-02 1.030487213930e-05 5.213615359028e-02
-1.823056391139e-01 -2.496470007033e-05 -2.386746008998e-01
-1.639770114974e-01 -2.798029382184e-05 2.871582301765e-01
1.486642187425e-02 2.478389226135e-05 -4.582872446465e-02
9.713832191302e-02 1.687180462359e-04 4.606790729937e-02
9.850360189108e-02 -3.912340858516e-05 5.147964538200e-02
4.252768370199e-02 -1.198168220502e-05 1.540586676594e-01
1.853851403730e-01 5.196935673529e-06 -1.342022437692e-01
-1.003893222816e-02 -5.620666572080e-06 3.672792044616e-03
-2.365439555499e-02 3.092814357795e-05 -1.992847194722e-02
1.335459227427e-02 -8.157889206034e-06 3.816977796085e-03
-1.885894864304e-02 6.502794144131e-06 6.171457822140e-03
-3.095485222899e-04 2.071644764064e-05 1.652960242364e-03
2.816984995764e-01 -7.950351038041e-04 -5.432731605792e-01
-5.562685247868e-01 4.081090849131e-05 7.793156449760e-02
Mode 31
2.069787590755e-01 -3.417128323440e-05 -1.471943909595e-01
8.876761478556e-02 -2.471392552652e-05 -4.783213876107e-02
-5.251872894896e-01 8.733537098373e-05 3.458838332626e-01
-1.463003699904e-01 1.028247487926e-05 2.453522120318e-01
-5.264283057811e-04 9.394186322753e-06 -4.117088202267e-02
2.572109963901e-01 3.371614565647e-05 7.987403355761e-03
2.191124034847e-01 -3.761363597067e-05 -1.732361275767e-01
5.851542800342e-02 -1.715362874520e-05 -2.561454984643e-01
-2.610463349795e-01 4.924691701309e-06 7.987293571686e-02
1.944512140685e-02 5.233088609758e-06 9.212054319137e-03
-3.430685503859e-02 1.155640662115e-05 2.577966180329e-02
-3.627948051353e-03 7.574097639739e-06 5.685317889530e-02
-4.853502018604e-02 -6.225127918792e-06 -1.900494336170e-02
5.267207014459e-06 9.337907928025e-06 2.740417036678e-04
1.526542923767e-01 -3.015894291352e-04 -1.497273066848e-01
3.083307596365e-01 -4.516747495693e-05 -9.855796730786e-02
Mode 32
-1.431102712851e-02 5.855949198288e-06 2.264014755720e-02
-2.543448194707e-02 -1.131265698022e-05 -2.474412236161e-02
3.699630585611e-01 5.366933301349e-05 3.991744634701e-01
-5.069446460979e-01 -1.905446903115e-05 -1.587880633946e-02
2.500929223313e-03 1.871833647654e-05 -8.517016671132e-03
1.957943828872e-01 -1.362973439866e-05 -2.497530754817e-01
1.874737244261e-01 4.531180941641e-07 1.981725991778e-01
-3.425043846968e-01 -6.629172425808e-06 5.606792011984e-02
1.153769251799e-01 -2.534336760023e-05 -3.563315011633e-01
3.326928351816e-03 2.690186906754e-07 -2.665515457131e-03
4.323417635762e-04 7.868561146390e-06 3.659237925933e-03
1.324227776912e-02 -2.165421085364e-06 -1.576412322331e-02
-3.437479661420e-02 -4.479463786665e-06 5.010869376537e-04
4.167568066925e-04 1.051345830200e-06 1.873198877785e-03
3.893382958161e-02 -7.306831413207e-05 -2.406222698690e-02
6.928862048517e-02 1.260023416131e-06 9.062260722332e-03
Mode 33
-9.357021061142e-03 -1.610614037981e-06 -1.037615045019e-02
4.032793321872e-02 9.216077649645e-06 5.439861935685e-02
-2.182610086197e-01 -1.396255241853e-05 -2.976876103157e-01
-6.890168654573e-02 2.892769213731e-05 3.665741777704e-01
7.900456916360e-03 6.037905256132e-06 -2.742035008117e-02
2.942451163593e-01 -5.746294226661e-05 -2.104096760214e-01
-2.363094737316e-01 -3.189663633857e-06 -2.655138404083e-01
-2.599975546036e-01 7.860556268075e-06 2.609330744838e-01
3.885684226169e-01 6.923688403947e-06 -2.197523530774e-02
-1.556464124652e-02 -1.619304395293e-06 -2.672233290292e-03
-5.457546280317e-03 -1.704314176974e-05 -7.538046667569e-03
-7.270115144958e-03 9.059515031010e-06 4.534719394820e-02
6.114608993793e-02 5.086050536561e-06 1.628767015384e-02
-1.092149091547e-03 -6.931884101853e-06 -2.753650939101e-04
-7.451443526579e-02 1.536367624494e-04 3.217557608245e-01
2.317765601956e-01 1.160474240739e-05 7.368560029908e-02
Mode 34
1.047290982056e-02 -1.598454850607e-06 -7.293314571921e-03
2.402029588744e-03 -1.488369539018e-06 -2.053338590297e-03
-3.054496833047e-02 4.165672864723e-06 2.987083339001e-02
2.056785551549e-02 2.469621845018e-06 1.767883093309e-02
-1.745277590257e-03 3.176991905618e-07 -1.620729137338e-03
1.675538592928e-02 -1.194844683401e-05 -5.299900198995e-02
-1.092729462717e-01 2.501551029076e-06 8.598136460650e-02
4.573029592773e-02 4.751297830129e-06 -7.713084811683e-04
-1.101785000400e-02 -3.910742236010e-06 -3.435019628462e-02
1.572229941444e-03 -5.859623918897e-08 1.452646614695e-03
5.872655749000e-01 -1.104373110259e-06 -3.777662366349e-01
-2.243318808699e-02 7.590621539432e-05 4.832181055255e-01
-4.654252593758e-01 -7.256226195442e-05 -1.711463148656e-01
8.447991656888e-05 -1.075566317799e-06 -1.325900510835e-04
-1.824690948105e-02 3.948755007436e-05 3.857157575691e-02
-4.595744617851e-02 -1.703123469070e-05 2.026839663811e-03
Mode 35
-1.051150292952e-01 1.704666925131e-05 7.099197053211e-02
-2.277557725732e-02 1.309312936952e-05 2.304939676844e-02
3.621111509435e-01 -6.063048072185e-05 -3.810523182074e-01
-3.342014551066e-01 3.711834822364e-06 -2.256452896822e-02
2.436514037911e-02 7.675975472310e-06 -6.056751555014e-03
2.961027835950e-02 2.070603055338e-05 2.833116740130e-01
1.943772149327e-01 -2.283562148118e-05 -2.647733614261e-01
-1.794255576767e-01 -1.228377357452e-05 -8.426688773019e-02
-5.813650578344e-02 4.853059734327e-05 4.343719228542e-01
-2.898751845799e-03 6.098298700808e-07 -1.107303495776e-02
5.297410949257e-02 -9.311712696354e-07 -4.345903362496e-02
-8.949869024362e-03 1.611685564836e-05 1.052999403251e-01
-7.164113714401e-02 -7.468036166382e-06 -2.712729013415e-02
-1.488333347031e-04 5.526222694097e-06 1.334634281371e-03
1.480746205985e-01 -1.770321064109e-04 -2.119610638081e-01
2.869631117930e-01 -9.881418567521e-06 -4.750575595352e-02
Mode 36
5.381937132550e-03 -2.374486171172e-06 -1.035569978345e-02
1.536220738287e-02 6.651264527442e-07 1.231911826938e-02
-2.386492518791e-01 -1.862243618177e-05 -1.491474657682e-01
3.497172039669e-01 -1.812452827962e-05 -2.452620861793e-02
-1.096102913511e-02 -2.380492376906e-06 1.248398873344e-02
-2.265823937643e-01 2.819502902172e-05 -3.732773949562e-02
4.405860009235e-01 3.057895511754e-05 3.342010938893e-01
-5.426708137275e-01 -1.450853945709e-05 -9.027720787622e-02
2.090901428094e-01 -1.606043033793e-06 2.870821811591e-02
1.813569871859e-03 -4.193402687635e-07 -5.383597549215e-04
1.120070709735e-01 3.443122952616e-05 1.195067752676e-01
2.148973178719e-03 -1.305759690573e-05 -8.947520646816e-02
-1.348895538186e-01 -2.084316385212e-05 -5.482303113490e-02
-1.555327735091e-05 -8.735477192264e-08 -7.843418450945e-04
-3.745144363633e-02 2.394323011591e-06 -9.426054928339e-02
1.509538122541e-01 8.810429403623e-06 -4.750395079367e-02
Mode 37
-2.729914552758e-02 3.340381738378e-06 1.430073045545e-02
2.426785197348e-03 6.290921318987e-06 1.302245979939e-02
6.152982387513e-02 -3.593065006773e-05 -2.811985430427e-01
-1.636141318159e-01 2.738199261260e-05 2.064920138329e-01
4.314856376391e-03 5.098090187212e-06 -1.591650998728e-03
1.671733814537e-01 -4.826729244633e-05 -5.216938245223e-01
2.919644113753e-02 6.021712631478e-06 4.350737817361e-01
2.093322437260e-01 -6.815989654285e-06 -2.079251148962e-01
-2.231506591339e-01 4.230693248968e-05 3.576451703458e-01
3.562137072956e-03 -9.269197560999e-08 -3.145786030698e-03
5.421236598113e-02 3.427878553762e-05 1.586935980888e-01
-2.506213632031e-03 -2.285360560425e-05 -1.463678449538e-01
-6.206278845616e-02 -1.408549894692e-05 -2.773466257028e-02
-3.668655463015e-04 -3.401450072074e-06 7.093519837707e-04
-8.058422212825e-02 6.151477724042e-05 1.316389432521e-01
-9.923627321594e-02 -3.825944105252e-06 -6.088708546858e-02
Mode 38
-3.083370082192e-03 5.532207113862e-08 6.470348167701e-04
2.594431126938e-03 1.148956625466e-06 3.440732379411e-03
-2.576153624693e-02 -8.495334490351e-06 -6.453605500950e-02
4.049481881510e-02 -3.738265007383e-08 2.867679741983e-02
-1.801003374615e-03 6.561194304624e-08 3.027096353325e-03
-3.579005375417e-02 -2.170171658694e-06 -1.149769963172e-01
1.314316218269e-01 1.799416122657e-05 2.146584608037e-01
-5.539685828817e-02 -4.295028180563e-06 -8.314223380584e-02
-1.127080632912e-02 6.772028280363e-06 7.325726559649e-02
1.870148007633e-03 3.299530468297e-08 -5.506321576765e-04
-4.315390120758e-01 -1.340518271892e-04 -6.575980358832e-01
5.837819821421e-02 5.970204286368e-05 3.721098740136e-01
3.127873685588e-01 5.862493628376e-05 1.943187908953e-01
-1.007010486115e-04 -8.366740919158e-07 1.196849840619e-04
-3.975040642620e-02 1.572834444702e-05 1.433956114301e-02
1.639158539410e-02 -1.428277703727e-05 -3.392982861367e-02
Mode 39
-4.990418041226e-01 8.044142718684e-05 3.534676824653e-01
6.396996354533e-01 -1.055291113261e-04 -4.509448922447e-01
-9.376375842621e-02 1.812635385081e-05 6.563514068771e-02
-9.946971293563e-03 2.199976242075e-06 -2.458724725315e-03
3.715934038081e-04 -8.576024017234e-07 1.221658777340e-03
3.612681194577e-03 -1.494448891160e-06 -2.341524557775e-03
-2.840042839116e-03 -2.751054850845e-07 -5.960725071753e-04
7.992431459561e-03 -3.930547678635e-07 -2.965129679216e-03
-5.546989672057e-03 1.300541476567e-07 1.049086016121e-02
-3.850451870310e-04 1.176919897479e-07 -6.067047797995e-05
8.342065683348e-05 1.607749377191e-07 -1.881078218572e-04
1.446289704991e-04 -5.307478520642e-09 2.156201378256e-04
-4.543522301892e-05 -5.169787857122e-08 -1.811475372076e-04
-7.084782506147e-05 2.335701023413e-07 1.749310429132e-05
1.117895203993e-03 4.756201349612e-07 2.548267245192e-04
6.302774992354e-05 8.448376583746e-07 -1.622214354118e-03
Mode 40
1.086052916922e-04 -6.803612763109e-08 -3.085280885027e-06
-4.294113105009e-05 2.074557933512e-07 1.946002330487e-04
1.837401738356e-03 -1.174476013795e-06 1.435126358499e-04
9.341628168639e-03 -2.986960731437e-06 -7.990455492609e-03
5.055247729901e-04 6.319694138130e-07 5.701313027242e-04
-2.646412717030e-01 2.170512412795e-05 -1.185063252062e-01
9.234010708173e-04 6.831770812218e-07 1.093087145842e-02
1.914156627851e-03 1.875350393763e-07 -3.697118872221e-04
-4.605334373997e-05 -2.076094804454e-07 7.233179527969e-04
6.764306479560e-05 8.556948229872e-09 2.872963495252e-05
-3.570079849084e-03 -8.371122079680e-08 -2.471305774911e-03
6.226296829463e-04 -3.464111739429e-08 -3.143167691986e-04
4.787097854318e-05 -1.125197851400e-06 2.820777288546e-03
-1.562138671251e-04 5.722283393515e-06 -1.217840794765e-04
8.738932004094e-01 -1.419363267579e-04 3.897535460579e-01
1.957631730120e-04 -5.028921647416e-08 4.109629753490e-03
Mode 41
-2.366051033155e-04 2.996352763274e-08 1.541339003246e-04
4.223481001576e-04 5.198699344050e-08 -1.820132245974e-04
-4.039525904025e-04 9.258700957994e-07 2.069997446988e-03
1.616167183058e-04 9.885956104086e-08 -4.011569617710e-04
1.265261662131e-05 -2.380619216560e-07 3.656406434427e-04
1.214297052686e-03 2.227481266342e-08 2.504032413206e-03
1.015685963433e-02 -1.088702164034e-06 5.707278711213e-03
-1.528106575383e-02 -2.092246647819e-05 -2.920430773338e-01
-1.066989339219e-02 6.006175961791e-07 7.759252648507e-03
2.379309245364e-04 -3.237999998200e-07 6.018524521560e-05
-9.902822407564e-04 -6.800195352469e-07 -4.064001898460e-03
2.362339537039e-03 -9.818805125679e-07 1.060223535568e-03
-4.437600360354e-04 -3.246393183769e-08 4.428274071672e-04
-6.251258487175e-06 2.771044717341e-08 -2.386425821587e-06
-3.384217456487e-03 4.295028837963e-07 -1.372800574200e-03
4.791317806459e-02 7.994129132331e-05 9.548932222421e-01
--
Dipole derivatives 
Mode 0
2.835695616941e-02 1.437693775029e-02 5.847760071272e-03
Mode 1
4.992392627071e-03 2.615518548185e-03 1.081395561062e-03
Mode 2
1.612949852200e-02 -2.162926792711e-02 -9.648317082352e-03
Mode 3
3.644739223786e-02 2.034217723739e-02 8.485439906929e-03
Mode 4
1.186693827867e-02 -1.006984754951e-03 -5.344301765095e-02
Mode 5
-5.620234052413e-02 -2.822553970272e-02 -1.187054347941e-02
Mode 6
1.638557948975e-02 -1.673509127077e-02 -3.801054464220e-02
Mode 7
-9.822887715287e-03 5.203502098530e-03 3.479567999902e-02
Mode 8
4.602444282435e-03 2.260886024455e-03 1.013440198826e-03
Mode 9
1.946849090452e-03 1.051073367515e-03 5.358774668977e-04
Mode 10
6.278768376567e-03 -3.269168063545e-03 -2.248079711101e-02
Mode 11
7.184724773547e-03 -2.123019207421e-03 -2.937737860082e-02
Mode 12
-5.011971495617e-03 1.117927626005e-02 -2.966268861882e-03
Mode 13
2.051058845647e-02 -2.324930491730e-02 -4.233755283513e-02
Mode 14
-1.032781070051e-02 2.270840230242e-02 -5.090277276393e-03
Mode 15
-7.184257095914e-02 -3.610003156989e-02 -1.489652955126e-02
Mode 16
1.891991392782e-03 9.198828634320e-04 4.360715356764e-04
Mode 17
-7.952854761769e-03 7.929071258702e-03 1.922105765811e-02
Mode 18
-2.856751356395e-02 -1.434307773193e-02 -5.997003025358e-03
Mode 19
-1.062520847555e-02 3.282313523034e-02 -2.811520483570e-02
Mode 20
-3.364109856038e-02 8.296164120435e-02 -3.924460288956e-02
Mode 21
-1.138640595069e-01 -5.721260330519e-02 -2.316694437668e-02
Mode 22
-5.139937828721e-02 -2.588065390287e-02 -1.081868861938e-02
Mode 23
8.881659507004e-02 -6.067611402586e-02 -2.821931882832e-01
Mode 24
7.336036408363e-02 -1.501322242308e-01 1.027858288293e-02
Mode 25
1.498267088502e-02 7.769532078663e-03 2.906641299133e-03
Mode 26
9.829007934140e-02 4.904069522658e-02 2.060935421025e-02
Mode 27
-5.257251539278e-02 1.420019492766e-01 -8.998313950385e-02
Mode 28
4.042714068923e-02 -9.131637440771e-02 2.606103888521e-02
Mode 29
-8.584783693740e-02 2.077884263908e-01 -8.905148292039e-02
Mode 30
-4.192395657933e-02 3.477672768818e-02 1.174099083310e-01
Mode 31
-3.954707671595e-02 5.665030299667e-02 5.327754180230e-02
Mode 32
-1.603280213818e-02 -1.973504533511e-02 1.249014228259e-01
Mode 33
-1.286342286319e-01 1.157001052155e-01 3.402993013453e-01
Mode 34
1.862893296279e-01 -4.528081709243e-01 1.992104625247e-01
Mode 35
4.755649401731e-02 -1.176088928514e-01 5.560131267727e-02
Mode 36
-8.742118387591e-02 2.569266434268e-02 3.592326513655e-01
Mode 37
-1.510471129884e-01 1.871167506543e-01 2.751419303207e-01
Mode 38
1.204402500899e-01 -1.271742695440e-01 -2.723553088851e-01
Mode 39
1.657246576369e-02 -4.482279186480e-02 2.873876189102e-02
Mode 40
1.406115815556e-02 -5.404798605900e-02 6.314458497695e-02
Mode 41
-7.254843441421e-02 1.144459601328e-01 7.244105006581e-02
--
Polarizability derivatives 
Mode 0
-3.378018002751e-01 2.507893254637e-01 -3.712794675719e-02
2.507893254637e-01 3.345033273957e-01 6.134056127670e-02
-3.712794675719e-02 6.134056127670e-02 -3.760236820514e-03
Mode 1
5.335172980077e-01 -9.316102819814e-02 -6.784683858864e-01
-9.316102819814e-02 -2.307481533371e-01 -4.193385915399e-01
-6.784683858864e-01 -4.193385915399e-01 -3.068253536612e-01
Mode 2
2.290243965127e-01 -2.086412782712e-01 -4.099375846358e-01
-2.086412782712e-01 3.421728494005e-01 5.419332659278e-01
-4.099375846358e-01 5.419332659278e-01 6.764462756388e-01
Mode 3
-4.737146259957e-01 3.870659714894e-01 -9.751425731300e-02
3.870659714894e-01 4.687953423704e-01 2.829426687894e-02
-9.751425731300e-02 2.829426687894e-02 -7.671836194836e-02
Mode 4
-9.847140440279e-02 2.611242130977e-01 -2.434238758213e-01
2.611242130977e-01 -4.274935026571e-01 -2.632060436942e-01
-2.434238758213e-01 -2.632060436942e-01 1.797398811952e+00
Mode 5
2.953045483438e-01 -3.032250718405e-01 2.355738227355e-01
-3.032250718405e-01 -3.839858465042e-01 2.292965376888e-02
2.355738227355e-01 2.292965376888e-02 9.209260782715e-02
Mode 6
-2.909698806594e-01 3.753979294085e-01 4.228490305590e-01
3.753979294085e-01 -3.823053643907e-01 -9.097013765577e-01
4.228490305590e-01 -9.097013765577e-01 1.517767621962e-01
Mode 7
1.991459503991e-01 -2.039404936750e-01 -3.442535832323e-01
-2.039404936750e-01 3.366155895195e-01 2.309373768880e-01
-3.442535832323e-01 2.309373768880e-01 1.131319231622e+00
Mode 8
6.578341970904e-01 -1.659010162865e-01 -7.135390339021e-01
-1.659010162865e-01 -3.318342255363e-01 -4.622921227755e-01
-7.135390339021e-01 -4.622921227755e-01 -3.240844110274e-01
Mode 9
-3.073722059027e-01 8.141494499480e-02 3.244077450695e-01
8.141494499480e-02 1.610087950563e-01 2.156418729288e-01
3.244077450695e-01 2.156418729288e-01 1.523259030643e-01
Mode 10
8.902376996365e-03 1.103307929565e-01 2.618955993941e-01
1.103307929565e-01 3.073049938641e-01 -9.942351496461e-01
2.618955993941e-01 -9.942351496461e-01 1.262836821860e+00
Mode 11
-8.102128487451e-02 3.704728343918e-01 1.212478205347e-01
3.704728343918e-01 -5.344202306099e-01 -1.677930525185e-01
1.212478205347e-01 -1.677930525185e-01 -6.044323240198e-02
Mode 12
-3.818836599971e-01 6.460069660245e-01 -7.913037155489e-02
6.460069660245e-01 -1.552668438712e+00 4.706556931517e-01
-7.913037155489e-02 4.706556931517e-01 -8.372358127159e-01
Mode 13
-3.681584332785e-01 6.400525849759e-01 -3.825901503520e-01
6.400525849759e-01 -1.294432743144e+00 -2.417073373766e-01
-3.825901503520e-01 -2.417073373766e-01 2.319537461140e+00
Mode 14
2.867492630165e-01 -3.002934665840e-01 3.064993014931e-01
-3.002934665840e-01 4.552960871707e-01 8.292339920663e-01
3.064993014931e-01 8.292339920663e-01 -3.302903617920e+00
Mode 15
6.710946427446e-01 -6.675335506702e-01 4.792418394898e-01
-6.675335506702e-01 -8.404833216172e-01 3.325432634965e-02
4.792418394898e-01 3.325432634965e-02 1.709042263696e-01
Mode 16
-1.296087269177e-01 6.261455368981e-02 6.888124385394e-02
6.261455368981e-02 9.650441029660e-02 6.437325852166e-02
6.888124385394e-02 6.437325852166e-02 3.850878035228e-02
Mode 17
-1.888296658594e-01 3.692420007933e-01 2.591954698327e-01
3.692420007933e-01 -3.703784550576e-01 -7.621246278664e-01
2.591954698327e-01 -7.621246278664e-01 6.455491003351e-01
Mode 18
6.972338640438e-01 -5.999199974629e-01 2.691318110137e-01
-5.999199974629e-01 -7.787687155238e-01 -6.250406315466e-02
2.691318110137e-01 -6.250406315466e-02 7.794178752991e-02
Mode 19
6.049613610281e-02 -2.957917025714e-03 3.416624606280e-01
-2.957917025714e-03 5.893604478522e-01 -1.105498966913e+00
3.416624606280e-01 -1.105498966913e+00 1.161953095046e+00
Mode 20
7.261111453755e-01 -8.899562229191e-01 -1.110508289585e-01
-8.899562229191e-01 2.004706711618e+00 5.720722532291e-02
-1.110508289585e-01 5.720722532291e-02 6.428789657516e-01
Mode 21
-7.997715462789e-01 7.756945891455e-01 -5.222314439030e-01
7.756945891455e-01 9.815382282137e-01 -1.844923495242e-02
-5.222314439030e-01 -1.844923495242e-02 -1.776406608066e-01
Mode 22
-1.872604962510e-01 4.772062312850e-02 2.035781459233e-01
4.772062312850e-02 9.554851196923e-02 1.305338978424e-01
2.035781459233e-01 1.305338978424e-01 8.921290576107e-02
Mode 23
7.419063242234e-02 -7.749369825480e-01 -9.654108711949e-01
-7.749369825480e-01 3.842979669181e-01 1.571951847530e+00
-9.654108711949e-01 1.571951847530e+00 3.315104469152e-01
Mode 24
4.453685349041e-01 -6.550827603472e-01 -8.756864732181e-01
-6.550827603472e-01 8.938289518818e-01 8.316169328009e-01
-8.756864732181e-01 8.316169328009e-01 2.149275504825e+00
Mode 25
-4.201062900497e-01 1.188084692064e-01 4.222753038856e-01
1.188084692064e-01 2.252900092459e-01 2.823790264429e-01
4.222753038856e-01 2.823790264429e-01 1.964861246705e-01
Mode 26
-3.513862816907e-01 5.062187314703e-01 -6.260858991925e-01
5.062187314703e-01 5.954441638282e-01 -1.786092875667e-01
-6.260858991925e-01 -1.786092875667e-01 -2.515811166173e-01
Mode 27
6.838784966482e-01 -7.488906178177e-01 -1.572976568482e+00
-7.488906178177e-01 8.540407811020e-01 1.507250004790e+00
-1.572976568482e+00 1.507250004790e+00 3.917865281796e+00
Mode 28
4.564580777302e-01 -5.340239007269e-01 -4.093377076632e-01
-5.340239007269e-01 1.086573968904e+00 1.869130682852e-01
-4.093377076632e-01 1.869130682852e-01 1.620014115329e+00
Mode 29
-7.543186054131e-01 1.822509152091e+00 1.570883783173e-01
1.822509152091e+00 -3.604472278308e+00 4.098546593870e-01
1.570883783173e-01 4.098546593870e-01 -1.564327449983e+00
Mode 30
-1.756505804764e-01 5.009511083357e-01 8.019967701010e-01
5.009511083357e-01 -6.468613409848e-01 -2.665824530766e-01
8.019967701010e-01 -2.665824530766e-01 -2.992814245948e+00
Mode 31
-1.786507221580e+00 2.926061685732e+00 1.718036673838e+00
2.926061685732e+00 -5.544316561557e+00 -5.846427875082e-01
1.718036673838e+00 -5.846427875082e-01 -6.840130034449e+00
Mode 32
9.952736175150e-01 -1.717525023807e+00 -1.115912512304e+00
-1.717525023807e+00 1.981870453293e+00 3.249916439730e+00
-1.115912512304e+00 3.249916439730e+00 -2.603578043512e+00
Mode 33
1.132260134106e-01 4.175343271062e-01 1.016388926632e+00
4.175343271062e-01 4.092853542190e-02 -8.289584147427e-01
1.016388926632e+00 -8.289584147427e-01 -2.371146186285e+00
Mode 34
1.776096264699e+00 -4.331056055700e+00 1.155482708733e+00
-4.331056055700e+00 9.884251254496e+00 -3.465735116721e+00
1.155482708733e+00 -3.465735116721e+00 2.658007457539e+00
Mode 35
3.867002624308e-01 -1.024494874902e+00 9.957378937712e-03
-1.024494874902e+00 2.439862525000e+00 -1.282532311051e+00
9.957378937712e-03 -1.282532311051e+00 2.932352163239e+00
Mode 36
-1.116568219628e+00 2.429039633772e+00 -5.597853066787e-01
2.429039633772e+00 -5.643011777171e+00 1.936266775576e+00
-5.597853066787e-01 1.936266775576e+00 -2.010325153834e+00
Mode 37
2.927225222486e-01 -1.296033805200e+00 3.491245469700e+00
-1.296033805200e+00 5.495226063740e+00 -6.198382852008e+00
3.491245469700e+00 -6.198382852008e+00 -1.463066234461e+00
Mode 38
4.461734057869e-01 -6.728892854552e-01 2.472790290288e-01
-6.728892854552e-01 1.404180938441e+00 2.246414696342e-01
2.472790290288e-01 2.246414696342e-01 -1.578786406335e+00
Mode 39
-2.702007208805e+00 4.933306454365e+00 -1.343799120930e+00
4.933306454365e+00 -1.296112061022e+01 6.418780702080e+00
-1.343799120930e+00 6.418780702080e+00 -9.587676133861e+00
Mode 40
-7.408217586281e-01 7.153109388834e-01 8.116509530907e-01
7.153109388834e-01 -1.589499255123e+00 -1.222418884164e-01
8.116509530907e-01 -1.222418884164e-01 -3.826057107515e+00
Mode 41
1.951001780179e+00 -2.423271790394e+00 -1.345599588582e+00
-2.423271790394e+00 4.463479115117e+00 1.965088238018e+00
-1.345599588582e+00 1.965088238018e+00 2.179252086342e+00
--
