Number of atoms 
21
--
Anisotropy 
125.445
--
Frequencies 
28.604540317501
41.808581837149
56.259776434817
74.327782305786
94.308362765508
99.624767090609
154.202483400072
155.615101204011
186.378485545281
196.072473327466
228.812885856244
280.295324523559
305.296231654131
332.942968198825
341.419433745997
365.359045508155
400.072643226782
424.784548122654
490.327194718044
557.553906150125
561.580285512468
586.136450968341
603.472892127628
662.259555184121
697.857118989230
773.508126203960
796.201501495386
821.145082318094
858.147868074803
929.427289272242
993.669094028020
1068.874828646624
1086.631675766640
1116.897938577530
1158.592288140884
1166.385636904597
1202.350365650788
1208.111404619198
1272.968154760372
1325.423428559436
1364.420555050791
1417.165375247568
1463.731716968173
1466.004421656192
1472.581513936132
1486.794565043109
1580.527161547266
1588.531846418920
1628.937837194563
1820.230549453051
3025.404781579013
3113.169395912713
3153.871156644081
3190.215578352987
3206.239392558500
3577.846363903051
3716.051225857971
--
Displacements 
Mode 0
6.468423716598e-02 2.599392769561e-01 -3.824617685508e-02
1.252240595270e-01 2.665150394668e-01 -1.143863239232e-02
9.174121362296e-02 1.611593406054e-01 1.912597952308e-02
1.143628869858e-01 1.391350977869e-01 5.260135820808e-02
3.269851790706e-01 3.196741016391e-01 8.853018809327e-02
9.514520060804e-02 4.925131997798e-02 9.137118491215e-02
5.101497296916e-02 -4.037634923067e-02 8.591925600124e-02
2.661463885785e-02 -2.583021272474e-02 5.093936097491e-02
4.748811469915e-02 9.160910249680e-02 1.622309830040e-02
3.144953169060e-02 2.489628021317e-01 -5.075425935352e-02
-2.608301336272e-02 -1.576094312405e-01 3.777118457525e-02
-1.499542370276e-01 -1.714286328592e-01 -5.647293034299e-02
5.659863542939e-02 -3.247794727944e-01 1.435973878165e-01
2.010671697999e-02 6.596890669624e-02 -2.544367222339e-03
-1.430456411210e-03 7.833309337872e-02 -1.402769754140e-02
2.894145689488e-02 8.887512298679e-02 -2.332050869066e-02
-2.776837840506e-01 -2.926124086497e-01 -1.203320996293e-01
3.412831363490e-02 1.076049678778e-02 3.610665237041e-02
1.076669395014e-02 -3.724341268423e-02 3.138893295242e-02
3.988241040629e-02 -8.279452573941e-02 6.309665445114e-02
5.747916681349e-03 -1.153367121491e-01 3.776093508610e-02
Mode 1
-1.025954704388e-01 3.260528244064e-02 2.259633291828e-01
-8.236703099557e-02 4.635355705757e-02 1.786549260717e-01
-6.062582892414e-02 5.604154207505e-02 1.301528494439e-01
-7.924460217411e-02 1.033659187424e-01 1.041350037020e-01
-1.678216697863e-01 -2.136825641861e-02 1.699885442875e-01
-6.221197470255e-02 1.624890168340e-01 7.268763950515e-02
-1.859178481024e-02 1.215432737384e-01 6.867250031905e-02
4.970054132286e-03 1.339165723984e-02 8.848676608295e-02
-1.412684254567e-02 -3.879339657815e-03 1.243892414989e-01
4.056283293139e-02 -1.987856606398e-01 3.187887944176e-01
5.490087608788e-02 -1.196883052264e-01 7.037810555701e-02
2.412922859084e-01 -3.293585018888e-01 -2.529269218719e-02
-8.670566520788e-02 -4.879052906337e-02 1.614084858704e-01
-3.985446744324e-02 5.542437714738e-04 6.278809487963e-02
-2.138325748433e-02 1.833848896969e-02 7.377573350073e-02
-3.503041482573e-02 7.534607717434e-03 7.438330237643e-02
1.104299998432e-01 8.822446884783e-02 -5.324836198853e-01
-2.396865575220e-02 6.262143813434e-02 1.396251173989e-02
-1.469477643570e-03 4.510419886645e-02 1.294720406122e-02
-5.659802038363e-02 1.159326071493e-02 6.431601964267e-02
-1.148736688932e-02 -4.099602761791e-02 4.068098154518e-02
Mode 2
5.056333447654e-02 -1.370807147332e-01 6.209500293166e-02
-2.681287273559e-02 -1.107157104098e-01 5.101940314933e-02
-2.320760497501e-02 -2.166416758846e-02 5.296835113437e-02
-3.108425223003e-02 4.492843687536e-02 4.944718206985e-02
-4.312220475424e-02 5.006478735224e-02 8.126547400900e-02
-2.934774866157e-02 8.125751353324e-02 4.480682463481e-02
-2.450355315692e-02 5.788464052969e-02 4.027848790671e-02
-1.432192165830e-02 1.638451709867e-02 5.771569578281e-02
-2.234409369757e-02 -3.687705589283e-02 5.622542371093e-02
-6.831995221997e-02 -2.334287064943e-01 2.718815933143e-02
2.121701081706e-02 4.012044118466e-02 5.677921792891e-02
-3.670570552759e-01 3.914550586453e-01 1.905160516175e-01
5.085089195676e-01 -3.465885803335e-01 -4.745730302852e-02
2.364306539668e-02 -3.034857131098e-02 1.910055585655e-02
2.645599706430e-02 -4.067151510406e-02 2.018724027582e-02
9.651837557669e-03 -5.829615397293e-02 1.804993829614e-02
1.362439604204e-02 1.002006322905e-01 -2.077479321585e-01
-9.484919364566e-03 3.313402016686e-02 1.281336544129e-02
-5.429176363369e-03 1.688173217944e-02 7.800297981407e-03
1.999889465781e-01 -1.184235989148e-01 -1.459072557900e-02
1.356464268392e-01 -9.167167685125e-02 -1.262538998969e-02
Mode 3
-1.464396789954e-01 4.185672249255e-01 -2.117413281738e-01
1.050058982260e-02 2.916210736359e-01 7.594000830822e-02
7.989018240144e-03 2.246822796838e-02 3.499110926771e-02
8.930344934918e-03 -2.805041610298e-02 3.054007191835e-02
7.225338291557e-02 8.509209189081e-02 5.008584041026e-02
1.261648982676e-02 -1.529898175997e-01 2.658808724626e-02
1.130476757616e-02 -1.614925519739e-01 2.400668601212e-02
1.096249283199e-02 -1.221376090864e-01 2.907204131402e-02
1.133516982563e-02 -1.163414688873e-01 2.872861231739e-02
1.852237862931e-02 -5.046806969847e-01 3.180255255274e-02
2.441851008023e-02 8.127079479460e-02 5.498075745672e-02
6.114413046010e-02 2.001623555772e-01 2.483472993023e-01
-1.488283410611e-03 2.366774131198e-01 -1.072002264238e-01
-5.784754858280e-02 1.350823717663e-01 -8.625718218128e-02
-7.862951166914e-02 7.865821467066e-02 -1.006364230984e-01
-2.613140246709e-02 1.909440236806e-01 -5.706822066836e-02
-3.061791693326e-02 -4.288563390292e-02 -7.825635983228e-02
4.819341407682e-03 -5.832275157992e-02 7.576103137234e-03
3.396134700243e-03 -5.183944670463e-02 6.404475190996e-03
-9.760484860807e-03 4.313654059193e-02 -7.126495093324e-02
-5.637619457960e-04 1.165818891281e-01 -2.571488724234e-02
Mode 4
2.000749477708e-01 -2.402224243474e-01 1.871754283230e-02
4.029539241897e-02 -1.941442258168e-01 5.391024226713e-02
3.628476801431e-02 -1.110111197271e-01 5.329343818641e-02
3.606035689782e-02 -1.093496032627e-01 5.776042123794e-02
1.115824433248e-01 2.427925651979e-01 8.712562421178e-02
3.825620807600e-02 -3.130612674858e-01 6.238534826148e-02
2.968799041139e-02 -3.953918351518e-01 5.769472555624e-02
1.895582689687e-02 -2.200484261742e-01 6.239801975335e-02
2.697364872135e-02 -9.311932269738e-02 5.891207231243e-02
5.640440800106e-02 2.384635016585e-01 1.385736936201e-01
-1.847604088541e-02 -3.068469148969e-02 9.394348765335e-02
2.040277963708e-02 2.793346727188e-02 2.402144353085e-01
-1.190431131607e-01 1.421873280603e-01 -1.291569005578e-02
8.060462221117e-02 -4.152345561594e-02 4.612227140402e-03
8.139370046998e-02 -8.283118325915e-02 2.243376263570e-03
4.881363335703e-02 -1.050675656692e-01 4.796947495901e-03
-1.568019549738e-01 2.120163966573e-01 -2.889333958616e-01
1.438518235383e-02 -1.069019878494e-01 2.079250562906e-02
8.218415642891e-03 -1.497380335713e-01 1.606970562408e-02
-3.143257027162e-02 1.466431833586e-02 -4.466954369556e-02
-3.790844561056e-02 8.783386252945e-02 -7.184775115328e-05
Mode 5
3.363493376405e-01 2.319795256653e-02 -6.120600413674e-01
-1.157489381937e-01 1.410513051473e-03 1.422740030618e-01
-6.951701348377e-02 3.674287202693e-02 6.895075300397e-02
-8.282838152753e-02 -1.679870143931e-02 3.954142356017e-02
-1.807190246046e-01 -1.574594527142e-01 6.318541830025e-02
-6.817398895185e-02 4.654954920960e-03 8.265174204726e-03
-3.768995813329e-02 5.906184964322e-02 1.017088051816e-02
-1.960296967819e-02 8.514988065988e-02 3.981400825623e-02
-4.091175150283e-02 8.582594531363e-02 7.323472465532e-02
-2.855998736676e-02 1.308742618635e-01 1.793511996005e-01
5.397334102744e-02 -8.204017919981e-03 2.480560018714e-02
1.153063895248e-01 -7.584615693517e-02 -1.731480054912e-02
1.017035511124e-01 -6.696442595273e-02 4.903644893347e-02
1.651743985605e-01 1.739813418309e-01 -2.419285136949e-01
1.317881602274e-01 -1.464644804188e-01 -2.767657352377e-01
8.839658429425e-02 -1.248787588380e-03 -1.645857444556e-01
1.039542886140e-02 -1.825216373982e-02 -1.728516982865e-02
-2.384482564034e-02 -7.656453884397e-03 -5.112802950711e-03
-7.611859976210e-03 1.678658325799e-02 -3.552187298685e-03
1.733282763642e-02 -5.243264954207e-03 2.883051736856e-02
4.515072430554e-02 -4.327357741090e-02 1.014316298829e-02
Mode 6
6.112398721962e-02 3.771869273198e-02 8.358498718183e-02
3.794797887382e-02 4.906808833610e-02 1.262785413930e-01
8.425930003760e-02 3.206626725465e-02 1.903503073191e-03
6.054430928716e-02 -2.704926052947e-02 -2.873763776018e-02
-1.002025553246e-01 -1.333327135968e-01 -6.104258493737e-02
7.373166400121e-02 -5.119996940625e-02 -3.710314615806e-02
9.884025746023e-02 -6.952280711762e-03 -2.355677316146e-02
1.040688099112e-01 2.252878757294e-02 -8.286250292691e-03
1.103081536728e-01 2.611184677326e-02 -6.677993352025e-03
2.086121062298e-01 -9.529584684981e-02 -2.232883282781e-02
-8.370822152712e-02 2.595537366751e-02 5.936120428125e-03
-2.992433501063e-01 8.389629135745e-02 -1.085021743268e-01
-1.876650265479e-01 -4.337037284348e-03 1.761632999552e-01
-1.700636176876e-01 2.227898989085e-01 -3.177651751633e-01
4.230440282720e-01 -1.795545469798e-01 -1.239725201001e-02
-2.073421123417e-01 -1.299745928479e-02 4.294075062630e-01
-4.817562910888e-02 4.381899583397e-02 -2.792748170537e-02
1.993091260517e-02 -3.002458489935e-02 -1.529515627891e-02
3.194150923250e-02 -3.281251557769e-03 -1.219449837481e-02
9.852751728410e-05 -1.406730432058e-02 5.904271006302e-02
-1.050329966705e-01 -8.769611638206e-04 5.214049698698e-02
Mode 7
1.414568705193e-01 5.471658002237e-02 -3.204507572307e-02
1.793185166049e-01 4.204782207230e-02 -1.483601460520e-03
1.286951334039e-01 5.526899559368e-03 3.210710122541e-02
1.069897185568e-01 -5.712848600483e-02 2.436465430201e-03
-2.614234164168e-01 -3.037331460443e-01 -8.147427722853e-03
1.210485952343e-01 -5.985742801859e-02 -1.101069308016e-02
1.308840836630e-01 1.008019877541e-02 1.052741941304e-02
1.321707274154e-01 3.132239098174e-02 2.247451071517e-02
1.349557960782e-01 7.859866031215e-03 1.825117184967e-02
2.444741105542e-01 -1.049884566043e-01 1.263279771327e-02
-7.185151535658e-02 2.914066868438e-02 4.140798703152e-02
-2.997374290082e-01 8.315511086138e-02 -8.707838386513e-02
-1.872872896677e-01 -9.774811931343e-03 2.442239308283e-01
1.806288420239e-01 -1.309361657661e-01 2.373846362196e-01
-2.578857413346e-01 1.478095250162e-01 1.149991058978e-02
2.074110345874e-01 3.804443300081e-02 -3.065597923982e-01
-1.239975677102e-01 1.277955720025e-01 -6.909956681163e-02
3.481999931962e-02 -3.457218872054e-02 -6.130103997791e-03
4.007900640899e-02 6.512734989858e-03 3.263559985491e-04
4.811972011351e-03 -1.443744324421e-02 8.239101901798e-02
-1.106962781419e-01 -6.907990557085e-03 7.066865182050e-02
Mode 8
3.437454879277e-01 -2.161365523310e-02 2.249666797331e-01
8.882983622581e-02 2.276484900128e-01 -3.496983707692e-02
5.310669422222e-02 3.036843934772e-01 3.045892779803e-02
4.818483021237e-02 8.935853825565e-02 3.120596626872e-02
-1.803489911820e-01 -1.940652916848e-01 5.254308246106e-02
3.973063299920e-02 -1.675248726630e-01 4.179701201607e-02
-3.314193417740e-02 -1.426136327039e-01 4.908521888168e-02
-5.602268770805e-02 6.383005265123e-02 5.208501156495e-02
-3.720789611203e-02 2.055282863833e-01 1.872499569952e-02
-3.200778248438e-01 -1.575159253205e-01 -4.014741387078e-01
5.635939528776e-02 4.791541186497e-03 4.082423446866e-02
2.226999741788e-01 -7.979255220295e-02 7.407741982772e-02
8.874384716800e-02 2.833059365542e-02 -2.361754333876e-02
1.260340029437e-01 1.153543574728e-02 7.680447129722e-02
1.722165733171e-01 2.227823649488e-02 1.022919929705e-01
6.680687322916e-02 -1.050814989645e-01 7.731914177995e-02
-3.936375027385e-02 3.210389013774e-02 2.772522122428e-03
2.234430950059e-02 -1.197916511735e-01 1.923327709249e-02
-1.462289415254e-02 -9.326189204506e-02 2.125703855013e-02
6.239959380852e-03 1.163303567185e-02 -1.110537606417e-02
6.944719991071e-02 -7.342972659221e-03 -1.127194405982e-02
Mode 9
2.213868925379e-01 -8.846207968665e-02 1.166654853750e-01
-2.126109331831e-01 1.692767164905e-01 4.088992125928e-02
-1.386556259852e-01 2.988247347827e-01 -1.439246244746e-02
-1.433676814511e-01 1.851682288182e-01 -5.463976615366e-02
5.882341649734e-02 2.049149563745e-01 -8.633891534225e-02
-1.107210775743e-01 -5.146294494619e-02 -1.317081747558e-01
-4.147238826492e-02 -1.502162334904e-01 -1.513300549860e-01
-2.435722657114e-02 -1.208647680397e-02 -1.306227282174e-01
-6.097072829345e-02 1.618534972317e-01 -3.139265893781e-02
1.628039740007e-01 -1.777400926065e-01 3.879132091554e-01
-8.448429699890e-02 -1.298289888656e-03 -1.473222836476e-01
-2.003927865960e-01 6.367652979635e-02 -1.769944312105e-01
-1.219239971188e-01 2.171890514031e-02 -1.654342210851e-01
1.607869154398e-01 -1.689691191982e-02 1.184829868533e-01
4.815921531712e-02 1.190980975153e-02 5.656231390154e-02
8.443790007950e-02 -1.309650468365e-01 -5.585256480605e-02
1.379337230181e-01 -1.448394128620e-01 9.583786838650e-02
-4.017718799768e-02 -5.155683679415e-02 -5.564500279436e-02
-6.595765847165e-03 -9.435217839014e-02 -5.676658791174e-02
-2.126724892448e-03 -1.741497374052e-02 -6.427501241630e-02
-4.293058541738e-02 2.670334134604e-02 -4.241961954418e-02
Mode 10
-1.234948186850e-01 -3.207160640896e-02 -8.364563118667e-04
-8.416810763623e-02 -7.596693823258e-02 3.534115313466e-02
-4.827886464446e-02 -5.438792118455e-02 -3.117490814991e-04
-3.405715632428e-02 -2.599474453871e-01 -2.195705185475e-02
2.396684006649e-01 1.457541800603e-01 -6.773373645299e-02
-3.456485593517e-02 -4.437034785511e-01 -1.815968002810e-02
-2.829191481909e-02 8.984935744949e-03 1.185836420506e-02
-2.767804360657e-02 4.174998407734e-01 5.125094685596e-02
-3.051678018605e-02 2.041766014574e-01 3.054674306824e-02
-5.887241779574e-02 -1.586407968976e-01 4.978407536544e-02
4.488458468418e-02 2.163798657748e-01 1.964317014150e-02
9.464980866221e-02 1.040378525376e-02 -2.871753179447e-01
9.933659321343e-02 -1.939074246706e-02 3.073656111347e-01
-3.434307034926e-02 -2.574333284890e-02 1.330437841648e-02
-6.573498359652e-02 -2.897569778171e-03 -3.048526562866e-03
-2.072317174591e-02 8.508515536675e-03 -1.957782477721e-02
-3.025868794772e-02 4.232029161367e-02 -3.710707872950e-02
-6.074422977600e-03 -2.177449671430e-01 -1.122095411961e-02
-6.876795601560e-03 -3.387411347529e-03 9.165449427060e-04
5.752056938426e-02 2.829812102687e-02 1.629243411808e-01
5.715753014883e-02 -1.281228454858e-01 7.269370250615e-02
Mode 11
2.937105233722e-02 4.747341313909e-03 -4.992252320028e-02
2.691743591786e-01 5.374667489715e-02 -5.570503415472e-01
3.700990986842e-02 3.492263825797e-02 -9.228907891056e-02
1.436669107397e-01 -5.969726615050e-02 3.777697819863e-02
1.320627837421e-01 -2.813482860868e-01 4.716515376542e-02
9.294731924157e-02 -4.150249647207e-02 1.216546721117e-01
-8.290173941833e-02 4.909716318850e-02 1.290740085700e-01
-1.676633044184e-01 7.645709925227e-02 -1.601929039167e-02
-1.412970507430e-01 7.311452989664e-02 -5.808933726354e-02
2.929775107498e-02 -6.339296349877e-02 4.755622215305e-01
-9.386753989864e-02 1.007477799592e-02 -4.051113945976e-02
1.826354061304e-02 -3.869602588884e-02 -4.541326069765e-05
3.983445304292e-02 -3.677408614418e-02 -1.728969364088e-01
-7.284509279675e-02 -3.897200726754e-02 -6.092884463220e-02
9.830547177225e-02 4.632991958179e-02 3.836469907484e-02
-4.671007208404e-02 -1.109521474027e-02 8.173806700631e-02
-1.134445279371e-01 1.119073110617e-01 -2.928149375792e-02
4.551930004755e-02 -3.326181761313e-02 6.151201958772e-02
-4.491164182289e-02 1.252103093004e-02 7.605467675441e-02
-3.799360532629e-02 8.236628202883e-03 -4.782118891328e-02
6.513912395053e-02 -2.099683112665e-02 -5.195140737295e-02
Mode 12
7.212061641358e-02 1.727654187359e-03 4.937884899116e-02
-9.316846317249e-02 1.053978223133e-01 1.221934494317e-02
-1.507966071028e-02 6.401112063250e-02 -9.307494975025e-02
-5.517292519388e-02 -4.983330860094e-02 -2.147771895887e-01
2.192026754115e-01 -1.428230547066e-01 -6.126431007199e-01
-1.364146902356e-01 4.897190188639e-02 -4.522650810770e-02
-1.388412931940e-01 1.013781011219e-01 -7.830203987291e-03
-6.434518927013e-02 -5.153386617982e-02 1.081949318000e-01
4.200631346211e-03 1.826184131455e-03 -4.140196428532e-02
9.231231788385e-02 2.922546956539e-03 6.762168989722e-02
-2.744556382321e-02 -7.178913037662e-02 2.351833812017e-01
7.898619295457e-02 -3.202032562258e-02 4.665947398437e-01
-2.368150765072e-02 -6.729475624889e-02 2.405912421826e-01
5.379674631354e-02 8.825056396012e-03 3.888052473105e-02
2.980057839602e-02 1.148516120468e-02 2.440325576845e-02
2.076928971447e-02 -4.591867995658e-02 -8.525101915216e-03
-3.223700740440e-02 4.221047198981e-02 7.296835924176e-03
-2.186598663813e-02 2.329606639642e-02 1.485842146369e-02
-2.613865051744e-02 5.947982597096e-02 -2.654871323059e-02
8.478687716156e-03 -1.941961330486e-02 7.252738860265e-02
-2.193460570946e-03 -3.655050734309e-02 6.337496553925e-02
Mode 13
1.525853595078e-01 6.716382099209e-02 1.256470430917e-01
-5.058669113281e-02 1.250310278501e-01 2.909777528417e-01
2.177230040789e-02 -8.005981423014e-02 6.626790754922e-02
1.183289675875e-02 -2.264461125158e-01 7.029332228713e-03
2.910231979370e-01 -1.780678960340e-01 -2.116141856259e-02
1.161858648122e-02 -4.756464614158e-02 1.490521278512e-02
6.026444825337e-03 1.713583238191e-01 1.933072875728e-02
-5.370667078137e-03 -5.288291323551e-02 -3.104565320411e-02
-1.696519677470e-02 -1.584721610244e-01 4.022189200535e-02
-1.433428950450e-01 2.805991388956e-02 3.379252278568e-02
-2.462236697807e-02 -1.603607457283e-02 -1.089963884189e-01
-8.165025470287e-02 1.254407295407e-02 -1.527146793180e-01
2.188615102664e-01 -1.050262447137e-01 -2.132627475031e-01
9.613432501176e-02 4.919022385173e-02 6.278357215377e-02
3.507816415176e-02 5.162104535566e-03 2.462355260334e-02
5.589890703082e-02 -1.792088431062e-02 -3.447877263811e-03
-7.624499177075e-02 9.062558165004e-02 -3.238494099053e-02
9.871041864375e-04 1.041943063565e-02 4.142145747625e-03
-9.391787788534e-03 1.347523650407e-01 2.822915199657e-02
-4.717405719704e-01 2.459929759033e-01 5.354297995419e-02
-2.662004041568e-01 1.699014655292e-01 -1.304909343384e-02
Mode 14
9.823346483760e-02 5.565047178805e-02 9.095685150998e-02
-3.654985371667e-02 6.301462133105e-02 2.870725907465e-01
3.085971976324e-02 -7.943468382892e-02 6.978895816427e-02
2.006390472323e-02 -1.619198383042e-01 1.413568469925e-02
3.224624246061e-01 -2.285867296622e-01 7.432498307067e-03
1.548124670775e-02 2.735355127613e-02 2.065124783354e-02
-6.515407351922e-03 1.331811837249e-01 1.484584375201e-02
-7.633698813229e-03 -1.863532199868e-02 -1.287287401695e-02
-1.121323345675e-02 -9.650247074574e-02 5.245310943587e-02
-1.166434300512e-01 1.724278278443e-02 1.601825748935e-02
-1.110902049343e-02 -2.837239035056e-02 -7.520461511579e-02
-4.827445855789e-02 -5.423251007976e-02 -1.354952207510e-01
-2.548128129222e-01 1.534550482642e-01 -1.688860243081e-01
6.784813177821e-02 4.165312419506e-02 4.412951901429e-02
9.567193514927e-03 -3.218248225243e-03 8.561574418935e-03
4.329264736084e-02 2.184021135437e-03 -7.756393963829e-03
-8.577977458397e-02 1.003932630400e-01 -3.234244125389e-02
3.249443752002e-03 3.191737300344e-02 7.648292569813e-03
5.085670496212e-04 6.789647279229e-02 2.195143585501e-03
4.667921351665e-01 -2.730305389320e-01 -2.222297185183e-01
3.242660541833e-01 -1.099084380736e-01 -9.396405807267e-02
Mode 15
-2.127103884896e-01 -1.182991646084e-01 -8.577776768815e-02
-2.667076582944e-01 -1.459916612823e-01 9.662140302650e-02
-1.039317435102e-01 1.843569730062e-01 -5.857814362247e-02
-3.372322420831e-02 1.821487733935e-01 6.019441646943e-02
3.561848789100e-01 -3.797664108453e-01 2.209571521323e-01
-3.601232713140e-02 6.692195211034e-02 1.067090032354e-01
3.541401020666e-02 -1.518103803448e-01 7.432726379564e-02
-1.480916541899e-03 5.076240170607e-02 8.677443639279e-03
6.279785838259e-02 3.170356612135e-01 -7.306591295872e-02
3.348241070793e-01 -4.347242600091e-02 -2.264479991746e-01
-5.557149244037e-02 -3.825680492179e-02 1.275998636012e-02
-3.495548805569e-03 -3.584690613856e-02 8.475205626230e-02
1.891959966474e-02 -3.393913854161e-02 -9.295072973200e-02
-4.761046576232e-02 -2.079218574212e-02 -2.087333963319e-02
-9.698139371494e-02 -5.399017814286e-02 -4.742503339775e-02
-4.249065345935e-02 -6.756545833047e-03 -4.702104780840e-02
-1.057420789909e-01 1.217507128341e-01 -2.252018297203e-02
-1.498144715884e-02 -1.191525531519e-02 1.966234259031e-02
1.075010312536e-02 -1.276258305471e-01 1.566790857123e-02
-8.924277026693e-02 2.616834449764e-02 -2.889513809648e-02
-2.248245611286e-02 3.815952854254e-02 -1.913375638501e-02
Mode 16
6.755955183600e-02 1.266225261068e-02 4.597484777316e-02
-9.074903696786e-02 1.155904109545e-01 7.156821784636e-03
-3.811873272372e-02 -3.489534838537e-02 -7.651679663981e-02
-2.781140474113e-02 -2.634167065457e-01 1.995392793360e-02
-2.350274804286e-01 2.312560784368e-01 1.219216967050e-01
-6.784493632912e-02 -2.163321355322e-01 1.280735393466e-01
-1.057283412479e-01 3.044852374378e-01 1.651551880390e-01
-1.402285503056e-01 1.250149974907e-01 5.231923364151e-02
2.446542082274e-02 -2.193536741327e-02 -1.221117078401e-01
4.752377325475e-01 2.137135981267e-02 -2.115743236456e-01
-1.947418085641e-01 -4.377848122549e-02 3.692672307050e-02
-2.469376718068e-02 -1.236024529526e-01 1.473382837734e-01
-3.594016955248e-02 -5.360437488937e-02 -2.411186140578e-01
5.012715926143e-02 1.640255229826e-02 3.249485035843e-02
3.844188344695e-02 1.210097105565e-02 2.384822521820e-02
1.473709361328e-02 -4.611592921222e-02 -2.073351294634e-03
4.631537596956e-02 -5.260668473848e-02 -2.329543852313e-06
-1.031054045331e-02 -9.155642547317e-02 4.849587159515e-02
-3.689154054595e-02 1.714517935992e-01 6.171947952227e-02
-6.861303062929e-02 -1.370138312322e-02 -1.028417827755e-01
1.480504440764e-01 -3.296675227796e-02 -8.064089827649e-02
Mode 17
-9.729008195190e-02 9.423144515818e-03 -1.972866380367e-02
1.477559169242e-01 -2.598554203490e-01 3.323125435943e-01
2.118339006072e-01 1.051047926327e-02 5.383242925626e-02
2.068115395129e-01 1.015631051666e-01 -4.593554047839e-02
-1.670443783849e-01 1.103293776373e-01 -4.016678371092e-01
1.688110440030e-01 1.776794513898e-02 1.029999576758e-01
-3.074745995601e-03 -4.392113234313e-02 1.364339459325e-01
-6.614145089573e-02 1.607302832470e-01 8.738219034370e-02
1.652924492967e-02 3.341178674490e-01 8.844620412336e-02
-1.186097102939e-01 -5.483568627750e-02 1.068994345640e-01
-1.309894148101e-01 -6.034666682252e-02 1.772370481239e-02
-9.197719061762e-02 -1.239060240908e-01 3.638137204790e-03
-3.985983699347e-03 -1.546087544819e-02 -2.802533867311e-01
-6.065033097718e-02 -2.962556118294e-03 -3.179495466356e-02
-1.090732475093e-01 -4.379708934652e-02 -5.737695945584e-02
7.275937279588e-03 1.203910442994e-01 -1.357070797689e-02
3.673737365126e-02 -3.979418306294e-02 5.156056866547e-03
8.126918246426e-02 -3.938946159970e-02 7.239757102254e-02
-1.560845952697e-02 -9.437110319847e-02 6.347325322936e-02
-1.144449334098e-01 2.574222167351e-03 -1.420092865065e-01
7.223395986491e-02 7.362637468931e-02 -7.749608388430e-02
Mode 18
-4.994252333573e-02 -3.736574770677e-02 -4.019869544724e-02
5.472104164343e-02 -5.359578626631e-02 -1.188574452353e-01
-2.181725352296e-02 9.237116470432e-02 6.092260336357e-02
-5.985283139338e-02 -2.688424203638e-01 -6.062138603941e-03
4.842420900887e-02 6.623843096805e-02 1.800695291740e-01
3.797098382313e-02 -1.042716627376e-01 -2.383760432583e-01
1.777649556530e-01 2.882369493171e-01 -2.204495673589e-01
2.051995138206e-01 1.067774715401e-02 -6.138503066033e-02
7.077332746582e-02 3.995204538236e-01 1.037246960723e-01
-1.956423457692e-01 -4.397636929796e-02 3.969936924498e-02
8.640905052625e-02 -2.759369032227e-01 3.341168421454e-02
-6.955097992078e-02 -4.914653035297e-02 3.012453653143e-01
-1.128390234580e-01 -6.622161944085e-02 -6.926803498222e-02
-4.007393261119e-02 -3.058251690228e-02 -2.105707113053e-02
-1.553950961419e-02 1.759358972165e-03 -3.887824776467e-03
-1.689757969992e-02 1.135258298665e-02 3.852559719881e-03
-9.016937151611e-04 2.907614180644e-03 -5.482840860829e-03
-2.251166671914e-02 -3.838499132189e-02 -1.222650827791e-01
7.346476676234e-02 1.232789765964e-01 -1.013868971747e-01
3.485802537659e-02 -1.062622782324e-01 -1.299039229738e-01
-1.820526899484e-01 1.800884174747e-01 6.081981756330e-03
Mode 19
1.213890566982e-01 1.102106591482e-01 5.652028542481e-02
1.867758590306e-01 5.164021462862e-02 -4.994839525583e-02
9.900336951291e-03 -2.740326668093e-01 7.402849297138e-02
-1.491399284600e-01 -4.121576790511e-01 -3.891490236966e-02
7.430382513065e-03 4.663352373589e-02 3.237356661832e-02
-2.418469536124e-01 3.419501659084e-01 1.076387795144e-02
-1.698301033493e-01 -3.124137764581e-01 -5.945993707304e-02
-6.289652068586e-02 3.880503262154e-02 7.933404415699e-02
-1.928753531626e-02 3.508053447864e-01 1.012647707566e-01
1.409414977788e-01 -6.037045319488e-02 -8.627987768170e-02
6.802662730959e-03 3.481520278612e-02 4.744911637101e-02
-3.291988617172e-02 -3.365692336170e-02 -1.040753244063e-01
6.213947549954e-02 4.059066805479e-02 6.168950481047e-03
2.226014226125e-02 1.302687896533e-02 1.722252065308e-02
4.766352039405e-02 4.537287183303e-02 2.892370453487e-02
2.792706004386e-02 2.246163512803e-02 2.560244168483e-02
4.069963112223e-03 -2.681008719304e-03 -2.567675669102e-03
-7.958246487478e-02 3.175305947844e-01 2.020523857180e-02
-3.376360328456e-02 -1.485522409890e-01 -5.099156430878e-02
-1.051778008842e-02 3.787041347358e-03 -3.130375345561e-02
-5.249120957013e-03 7.489750361938e-02 7.658806801371e-03
Mode 20
-4.172603601813e-02 -5.138297874135e-02 -4.749598149437e-02
-4.863745464873e-02 3.626547207058e-02 -1.961082756633e-01
-1.039058844851e-01 9.975363337523e-02 7.823315104290e-02
-1.056555085613e-01 4.215067652466e-02 9.521137013513e-02
-1.609013977096e-02 5.094649593817e-03 -2.380445832816e-01
-1.696668762302e-01 -7.858754907587e-02 2.473574764148e-01
3.148826975182e-02 7.181989342069e-02 2.510025186636e-01
9.383247873896e-02 -6.052821246145e-02 2.023120077527e-01
6.689112638373e-02 -8.251221790041e-02 1.211900644601e-01
4.465467663315e-02 1.700747376391e-02 -6.472045173865e-02
2.130444209183e-01 -8.490107229281e-02 1.047904047198e-01
-1.264653106220e-01 -1.077553230899e-01 -2.839941955021e-01
1.690312017301e-01 1.368105341871e-01 9.942609712244e-03
-1.672027018648e-02 -2.364117419136e-02 -1.161598193579e-02
1.042208434879e-02 6.245144354402e-03 5.768974527444e-03
-2.453962916634e-02 -3.625532929239e-02 -1.641550519529e-03
2.252105813725e-03 -4.020352002266e-03 2.924015557782e-03
-4.604133753237e-02 -6.851459060848e-02 7.087132413447e-02
3.022104262554e-02 2.480679538577e-02 3.344318930176e-02
1.918023835663e-01 -1.457027494274e-01 -2.218919636212e-01
-2.273605994323e-01 4.427666143093e-01 4.962213977822e-02
Mode 21
5.758014536802e-02 6.846849738089e-02 7.124187361627e-03
3.364650030207e-01 -1.338483906433e-01 -3.596276263567e-02
6.939533308823e-02 -3.066106155163e-02 1.827745900591e-01
-2.180534322737e-01 3.419626971019e-01 -5.644250937737e-02
1.237413939586e-01 -7.962019277927e-02 8.785878155230e-02
-2.684614293341e-01 -1.295931560013e-01 -2.322338536345e-01
-1.876762381423e-01 6.953552669584e-02 -2.266469067013e-01
1.976222054183e-02 1.699782362488e-01 1.440604496464e-01
5.435651185922e-02 -1.921314254597e-01 1.684452998329e-01
8.294328451919e-02 3.049106490668e-02 -6.162565327469e-02
-5.696934496407e-02 -2.062044707248e-02 1.764724572706e-01
-1.489615192030e-01 -1.385559519676e-01 -1.127132703538e-02
3.437501932560e-02 6.411666849027e-02 -6.109000212464e-02
-4.636332215113e-02 -2.042862259667e-02 -2.820715560439e-02
-1.081632390411e-02 1.814108748547e-02 -5.386168247571e-03
1.964612206591e-02 9.690489282566e-02 3.468184787238e-02
-1.055950685166e-02 1.260687492099e-02 4.523682217775e-03
-8.001143239367e-02 -1.774693441351e-01 -8.748650745899e-02
-1.658896834184e-02 -1.897686526737e-02 -1.413951186912e-01
-1.745950595936e-01 5.317835337633e-02 -8.053194545612e-02
2.247667322544e-01 3.185199359378e-02 -3.524564799378e-02
Mode 22
5.115075534770e-02 6.534255562997e-02 4.728125326999e-02
1.328777210145e-01 -8.506821522389e-02 1.865972669879e-01
1.291886769280e-01 -8.386386797648e-02 -6.182703338783e-02
8.201524671560e-02 1.378301398259e-01 -9.616776875877e-02
1.021017402122e-02 -2.050953138957e-02 1.533937231698e-01
1.356979239346e-02 -4.527657960001e-02 -8.185192990377e-02
-3.400613585665e-01 4.338890347080e-02 -9.239049882936e-02
-2.694225184147e-01 1.286435174764e-01 -7.549993616898e-02
-1.510740752143e-01 -4.532860135374e-02 -1.019486610655e-01
1.194536865638e-01 8.982774567153e-03 -5.536995578220e-03
-2.566512077416e-03 1.232402619764e-02 -1.243607494677e-01
1.746576496744e-01 4.846117055545e-02 6.299679773426e-02
2.410315796079e-04 -1.466398248204e-01 4.012099905842e-02
1.057656274411e-03 1.718677648801e-02 1.951661349438e-03
-1.781065002434e-02 -5.265309291899e-03 -1.004812302326e-02
2.871370197929e-02 6.465247407365e-02 1.091254767159e-02
-2.293884787051e-03 2.749384731563e-03 -5.080359999423e-04
4.309915334040e-02 -9.123723254740e-02 2.838816875875e-02
-1.146568291715e-01 -5.277197578083e-02 -4.204619419120e-04
3.014216795801e-01 -1.888908766246e-01 -4.751206699697e-02
-5.158142471448e-01 2.377414673135e-01 7.329457843834e-02
Mode 23
1.336469853427e-02 5.463895434989e-03 1.626098184290e-02
-2.396900381887e-01 1.895854331399e-01 -3.395921568113e-02
-4.055213284126e-02 -2.828079994067e-01 -1.837099509369e-01
8.498003549208e-02 4.817753575163e-02 -6.272246340130e-02
-1.552663176811e-02 -1.412293364236e-02 8.270406052867e-02
1.737539820029e-01 1.249267503775e-01 -1.010721480927e-01
2.020639417726e-01 -1.347674970913e-01 -6.957483693708e-02
7.514681750237e-02 4.710974765208e-01 2.151453524259e-02
7.156528894279e-02 -1.875117702936e-01 -1.546143479635e-01
-1.217789793438e-01 4.153870942872e-03 8.121394564684e-02
-1.660070283570e-01 3.259714275297e-02 2.537228729288e-01
-6.756931019893e-02 -2.162205095856e-01 8.668846062189e-02
9.996346373002e-02 -7.925168105878e-03 3.915754364698e-03
6.680904365778e-02 3.380153674147e-02 4.021271633686e-02
5.557065920081e-02 1.633568002782e-02 2.743347789193e-02
-1.150631396394e-02 -1.057613205875e-01 -1.993530012260e-02
-2.140899477947e-05 -3.921648052846e-04 3.173353993418e-04
3.843593381331e-02 1.456280590463e-02 -5.401616502594e-02
6.778833446467e-02 -1.948688116755e-01 -4.000123628344e-02
-1.329406074332e-02 -8.442272550982e-02 -1.757767671341e-01
2.307859576446e-02 2.502591754099e-01 1.562955803147e-02
Mode 24
-6.145938420846e-02 -6.216398740002e-02 -1.909217140794e-02
-9.555700093785e-02 -1.962540441384e-02 8.612437807949e-02
1.186098894697e-01 2.040778852395e-01 -1.815808223116e-01
2.146756226022e-01 -1.035015248014e-01 -2.019648620594e-01
-2.689005915031e-02 1.808202688139e-02 1.977989594128e-01
1.861055058034e-01 -1.729334154942e-02 -1.609032849367e-01
-2.913622312722e-01 1.857259475015e-02 -1.306837718525e-01
-1.344756114173e-01 -2.846756796602e-01 4.872696060000e-02
-5.798085380707e-02 7.236317051582e-02 -1.403541101146e-01
-5.676670422366e-04 -8.447344137928e-03 5.182652560292e-02
1.328497880716e-01 -3.442468209480e-02 2.688954510074e-01
-1.919584266791e-01 -1.353479969037e-01 -1.625530734770e-01
2.102884599270e-01 2.391316814180e-01 1.916004653907e-01
-9.037491140250e-03 -5.323499892982e-03 -5.792548696747e-03
-3.135374947323e-02 -3.040595993425e-02 -1.743732387962e-02
-8.948477701722e-03 -6.367438588151e-03 -1.679672292059e-02
1.728966785329e-03 -1.000753539133e-03 -1.665637384863e-03
1.008754331338e-01 8.010635452432e-02 3.725245180215e-02
-1.003601926755e-01 1.527780116547e-01 6.345681238248e-04
-5.054548970165e-02 4.354641435272e-02 -6.255835583798e-02
2.224631972243e-01 1.680251029459e-01 4.272958199331e-02
Mode 25
-3.910565131076e-02 -5.665974620391e-02 -2.831864769585e-02
1.066819479207e-01 -1.123614422294e-01 2.030002121388e-02
1.195764073446e-02 4.909605477362e-01 1.058669796332e-01
-4.909278214392e-02 -2.288422892530e-01 1.650361029275e-02
8.858512628702e-03 1.567076824824e-02 -8.487087982461e-03
-1.091514693489e-02 3.306117815081e-02 -7.000117258448e-02
1.105710169923e-01 -1.292752836713e-01 -5.939569632591e-02
3.191494466385e-02 -1.937492065440e-02 -2.928664047929e-04
6.727848625093e-02 -2.022418768903e-01 2.891071257562e-02
-1.612289214307e-02 1.165523877970e-02 1.543724389918e-03
-4.855363949577e-01 3.781733210875e-01 1.051761858327e-01
1.465592116477e-01 -1.397528277521e-01 -1.885714384540e-02
9.734948609229e-02 -1.167855970201e-01 -4.153467398495e-02
-5.475539505560e-02 -3.339016368023e-02 -3.580316097065e-02
-5.238030959304e-02 -2.472439750316e-02 -2.453251088834e-02
2.387209872400e-03 7.056724553318e-02 9.549780625659e-03
1.036198397855e-04 -1.299146948294e-04 1.075699189874e-04
-3.503386401802e-02 2.000392766550e-01 -4.493193421865e-02
4.205704304040e-02 1.551835043698e-01 -2.610654561695e-02
1.138515409020e-01 -7.889078694275e-02 -3.815061974460e-02
-9.190512645029e-02 7.862775261700e-02 6.542255950048e-03
Mode 26
-7.580382491670e-02 -9.427741933085e-02 -4.496069884927e-02
-4.903864069330e-02 2.565303763017e-02 -5.030780768671e-02
-6.549896168180e-02 3.154074676050e-01 2.499600786372e-01
8.288556350364e-02 -2.690752903221e-01 1.990167905766e-01
8.936569421623e-03 2.339634523484e-02 -1.053399285370e-01
2.741751405102e-01 1.793099189102e-01 -1.085864171287e-01
-1.539114379136e-01 -6.243740650582e-02 -1.094020988285e-01
-1.013985932363e-01 3.171473296744e-01 2.067545925503e-02
-1.973876268185e-01 -2.982523629364e-01 2.154118482896e-01
1.417886566576e-01 2.581232187501e-02 -9.927623096037e-02
2.463400738945e-01 -2.102759369546e-01 -6.390226514164e-02
-6.771374646836e-02 7.030877262159e-02 5.609931409120e-02
-9.007114275548e-02 1.691454334042e-02 -4.713619794186e-03
-2.336376524793e-02 -2.398922276881e-02 -1.584686554866e-02
-2.241565117201e-02 -2.377359109041e-02 -1.136813753002e-02
-2.300983559588e-02 -1.904107435998e-02 -7.832182523888e-03
3.991371580598e-05 2.546715373660e-04 -1.730597080927e-03
9.250942944908e-02 -2.155106797313e-02 -2.259624938981e-02
-8.251826966009e-02 -2.168682851781e-01 3.295171044832e-02
-7.902616155907e-02 2.151924949180e-02 -6.704426766664e-03
2.015704637929e-02 -2.648024595332e-02 -7.874071996776e-03
Mode 27
2.187892386180e-02 1.277075164588e-02 1.279350947698e-02
1.111248770784e-01 -1.214356732547e-01 9.652175257404e-02
1.266413828465e-01 3.205586491755e-01 -2.592308620039e-01
-2.244526392736e-02 -2.209026356631e-01 -3.042316172788e-01
-2.760088979985e-02 2.453710967093e-02 1.545604569495e-01
-3.401733923335e-01 1.333283474328e-01 1.882626674079e-01
2.760800259865e-02 -1.007773123496e-02 1.227029899264e-01
7.687993298398e-02 1.860037291837e-01 5.081604888435e-02
2.250382397047e-01 -1.920733078090e-01 -2.828397154340e-01
-1.481077955186e-01 8.273281596875e-03 1.138999305955e-01
1.950652686159e-01 -1.579564459501e-01 -7.924736293256e-02
-3.310510990834e-02 8.414814732253e-02 1.953292801972e-02
-7.463819707254e-02 1.132284781123e-02 -2.416182418143e-02
-3.001888193052e-02 -9.029340592734e-03 -2.075554597324e-02
-3.651865828248e-02 -8.091770747445e-03 -1.505648138630e-02
2.360955817221e-02 8.446558692640e-02 1.268209914749e-02
2.125136807105e-03 -2.279409956736e-03 -1.828474833680e-04
-7.500219470708e-02 -1.155660070487e-01 7.389447091045e-02
5.338560179435e-02 -2.159657035673e-01 -6.449802455491e-02
-4.420833509276e-02 2.414037106751e-02 1.638227491043e-02
2.926716922269e-03 -5.592498577929e-02 -1.262784178565e-02
Mode 28
5.241518276886e-03 5.759882654238e-03 2.923883827372e-03
1.169235465625e-02 -1.734450427367e-02 1.274255418489e-02
1.630457820761e-02 3.569708934408e-02 -3.386467212035e-02
3.368052006605e-03 1.568048102474e-01 -2.300096312889e-02
-4.097996779291e-03 -2.682859913406e-02 2.308356886977e-03
-4.104513330361e-02 -3.043595667159e-01 2.605506275691e-02
-8.929415707390e-03 -2.741940127465e-01 1.729575420418e-02
2.187771647960e-03 3.220616676301e-01 2.182790550337e-02
1.709561895197e-02 -6.037914598159e-02 -4.463971483380e-02
-1.581106432895e-02 4.309911640531e-03 1.205407046933e-02
2.064828877279e-01 -1.830749060138e-01 -6.086867516494e-02
-4.000103712087e-02 6.556997820874e-02 5.415223170783e-02
-9.637135220962e-02 -2.444577820734e-02 -3.044948374736e-02
-4.600365119355e-03 -1.753256170465e-03 -2.347146037910e-03
-4.166591334684e-03 -4.108577543700e-04 -1.881612888151e-03
2.820732325214e-03 1.172229785704e-02 3.440830414616e-03
-5.911135125781e-04 4.674558068755e-04 1.268924826845e-03
-3.277130846554e-02 5.924027541274e-01 6.927549709506e-02
-9.752146709588e-03 4.775072074535e-01 4.464172881973e-02
-3.965862050486e-02 -1.623635326854e-02 -3.169088304262e-02
-7.951672874675e-03 -4.044305370755e-03 -1.088286608885e-02
Mode 29
1.861267231383e-01 2.475439718921e-01 1.242828834008e-01
1.289061176215e-01 -3.089559680791e-01 7.646507229500e-02
-2.017252694193e-01 6.113930504168e-02 -7.503925180491e-02
-1.303688626514e-01 -2.488617827699e-02 2.525962720931e-01
1.049639412854e-02 -3.802766670759e-04 -8.362375618318e-02
-2.760270005800e-03 -2.446207492185e-03 3.314964309355e-02
2.654834368263e-01 1.027866218607e-02 5.608209648292e-02
-1.353009059048e-01 2.218841368663e-02 -3.719677973837e-01
-3.294684053698e-01 -3.098062394346e-03 -2.684924605557e-01
5.267557634670e-02 2.438683909728e-03 -1.540395086047e-02
4.583319034826e-02 -1.019670187485e-01 6.169148789100e-02
-8.384260909057e-02 -7.844443876675e-02 5.670000175027e-02
1.167790847811e-01 1.203440284523e-01 1.800589616544e-01
-9.825729227215e-03 4.275072169169e-02 -5.732972299018e-03
-2.034424130378e-02 2.709039007831e-02 -9.161895494072e-03
7.537990185044e-02 1.735892747001e-01 4.794972692204e-02
-1.611478360831e-03 -5.250292240619e-05 8.192534649153e-04
-1.051051765740e-01 -2.307991025904e-03 -1.542620796428e-01
3.337208095394e-02 -1.473862642150e-02 1.028721118339e-01
-1.526205882358e-02 7.636266328672e-03 -3.176040492565e-02
1.228030455805e-01 1.289074022975e-01 4.637698142214e-02
Mode 30
-7.901209298825e-03 -1.940321608753e-02 -6.197954966484e-03
9.568538140557e-03 9.435390410978e-03 6.941267470363e-03
7.566233281377e-03 3.359484729840e-02 4.857094303574e-03
3.872093833455e-03 4.795510850704e-02 -2.712302883183e-03
3.437868514032e-04 -1.008588167376e-02 8.281009488396e-04
8.609947815195e-03 -3.442022277213e-01 -4.388072257664e-02
-2.743396909289e-03 3.721803170540e-01 3.931767126341e-02
-3.884683127702e-03 -8.125680642342e-02 4.803672529158e-03
-3.606773863135e-03 -2.424390122641e-02 -6.036414382153e-03
9.940923511096e-04 1.407362008201e-03 6.320132635629e-04
-3.878592900660e-02 2.566321883798e-02 2.601302519426e-03
-2.588402576460e-03 -1.871069475729e-02 -9.064628255582e-03
3.302264402585e-02 3.075195175188e-02 3.925759178455e-03
-5.360875629691e-03 -6.454296678426e-03 -3.705692775760e-03
-5.051178072496e-03 -4.246269795395e-03 -1.768376471854e-03
-1.066767744532e-03 3.863790626989e-03 8.970026723271e-04
-2.278044616217e-04 1.469126997935e-04 2.942199948533e-04
-3.253539503567e-02 5.646743596130e-01 2.328106292186e-02
9.442852529303e-03 -6.315739056891e-01 -4.238536626752e-02
1.030666967474e-02 2.390157703846e-02 2.853813430602e-02
-4.005008032714e-03 -1.687645933811e-02 1.477746155400e-03
Mode 31
2.312879356905e-01 4.747174158126e-01 1.494443229590e-01
-3.099598963477e-01 -4.719620449577e-01 -2.096414850101e-01
-1.965909377330e-01 3.521052714345e-02 -5.129178128639e-02
4.886405602023e-03 -1.709410331005e-02 1.991470401307e-02
-1.371736386262e-03 -1.466148512664e-03 1.384386751046e-03
1.899671117712e-01 5.750286929104e-04 -5.604446358722e-02
-1.746710989302e-01 8.677379724788e-03 -3.885165109107e-02
1.067660902608e-01 -2.643321862396e-02 2.540314687937e-01
2.274714150150e-01 -8.872577295030e-03 2.979929581198e-02
-3.291447953820e-02 -1.675193998856e-04 8.910511043999e-03
1.806190187289e-02 5.243725300282e-02 3.185560659557e-02
3.236373860599e-02 3.994466936910e-02 -4.371616048176e-02
-6.349499614601e-02 -5.900485746006e-02 -9.667838257304e-02
2.599189672748e-02 8.362287060783e-02 3.517214035828e-02
4.152575821866e-02 8.791545911655e-02 1.103192930173e-02
4.858972615661e-02 6.017856962385e-02 3.129504502293e-02
-1.791685371300e-04 1.414289626160e-04 5.109037398159e-04
1.310189774756e-01 1.605082801566e-02 1.017139994014e-01
-4.289034439839e-02 -1.572493296567e-02 -2.670333444866e-02
1.008077805100e-03 -6.887316456206e-03 5.877135571477e-03
-6.358643405168e-02 -6.849913751640e-02 -2.538643309906e-02
Mode 32
2.021948551062e-03 5.724715051400e-03 -1.276758687700e-03
-3.976412188179e-03 -3.485032914795e-03 -5.510967800587e-03
2.385148101847e-03 -3.010903190717e-03 1.197014488163e-03
-2.505683353259e-02 9.173910380581e-04 -1.944350990242e-02
2.338594598535e-03 -3.242790580015e-04 4.742532993999e-03
2.627284094044e-02 1.215881116149e-02 -4.313572293489e-02
4.077199292938e-02 -3.533106533878e-02 7.239949801980e-03
-3.015973499415e-02 8.343162757984e-02 6.658049129984e-02
2.769016375450e-02 -1.169985073100e-02 1.036328471549e-02
-6.136420582384e-04 1.150148627720e-03 2.187401216816e-03
-7.099525421158e-02 -1.448471018974e-01 -2.631586224183e-02
-2.283174852094e-01 -3.033455059522e-01 1.140190997336e-01
2.485186686392e-01 4.015055743241e-01 -2.168209935174e-01
-2.435915944407e-04 -1.707804980863e-03 1.207234528413e-03
2.577170878463e-03 4.191630857539e-03 1.971022975826e-03
-1.418662252491e-03 -3.109871785574e-03 7.640971404848e-04
6.615317341065e-05 3.784238731867e-05 1.165257523788e-04
-1.427544262741e-02 -5.254953509028e-03 -5.035884262469e-02
2.886932509940e-03 3.951096353179e-02 2.344319124889e-02
3.693855446677e-01 2.629651403113e-01 4.139798777213e-01
-2.769286763084e-01 -2.566130970072e-01 -3.977238377741e-02
Mode 33
3.317455222161e-02 1.338982673690e-01 2.253253501284e-02
-1.249853112736e-01 -1.143293141358e-01 -7.689577575190e-02
7.906562898096e-02 2.458741674277e-02 5.805222540261e-02
9.712295564928e-03 2.160411202943e-02 -6.202923460586e-01
-2.239365863695e-03 2.943931976137e-03 1.187005010324e-01
-1.420397234095e-02 1.255556366022e-03 -3.315428428456e-02
3.311824113754e-01 -4.117972758263e-03 1.664808633571e-01
-5.565444885580e-02 -8.082280273630e-03 4.398875559283e-02
-4.705599830624e-01 -3.986153179038e-02 3.641285527235e-01
1.031993349128e-01 3.962581239462e-03 -6.181638774422e-02
5.745126021144e-03 1.061922050552e-02 -1.745990382002e-02
7.770185254799e-03 6.922844307110e-03 -7.258393960360e-03
-1.063061678172e-02 -1.228770197732e-02 -3.215676089691e-03
6.502067174443e-03 3.967661755845e-03 2.581453411502e-02
2.556556180261e-02 1.531494358202e-02 -1.703214501406e-03
-1.106649906866e-02 -4.819293850296e-02 -3.924501025978e-03
1.978698500955e-03 -1.554373252143e-03 1.151395578531e-03
3.827648029631e-02 1.307501615008e-03 4.298408226185e-02
1.127112684192e-01 5.614467148971e-03 3.129918629634e-02
-8.436495842896e-03 -8.036469626815e-03 -1.229746933596e-02
1.455485369052e-03 2.768987312944e-03 -1.213813537024e-03
Mode 34
-4.505351537031e-02 3.400576229001e-02 8.099266507170e-02
-1.912473848002e-02 -2.894321017893e-02 -4.679603308401e-02
1.334436832864e-02 4.132523417090e-03 2.747552525405e-02
1.489772931018e-01 -5.558980113404e-03 1.163197768760e-01
-1.250947328907e-02 8.153356692004e-06 -2.662172913537e-02
-1.286027550092e-01 -3.322488899199e-02 2.795288646850e-01
-2.447490266873e-02 1.965067458862e-02 -2.645522597364e-01
8.707988514478e-02 3.322980519229e-02 -2.126717025492e-01
-1.578637079067e-01 -1.070881262291e-02 4.871714183332e-02
1.803251371730e-02 1.360757643939e-03 -1.538317648632e-02
-6.897571308779e-02 -1.084460050820e-02 -3.160737509403e-02
-3.401505867558e-02 -6.747954514991e-02 5.662346498267e-02
5.994910198427e-02 5.474391677798e-02 4.096479907993e-02
6.525805616876e-02 1.230401855337e-01 1.003013352445e-02
-9.840185389468e-03 -1.064333198406e-01 -5.582635703804e-02
2.014635526090e-02 -2.548076878786e-02 -5.707003849802e-02
-1.337528357479e-04 -1.544922619643e-06 -6.612618170713e-04
2.200169386028e-01 -1.038452714930e-02 4.996309807050e-01
2.236871542301e-01 3.359369304074e-02 -5.352199305817e-01
1.378856385177e-02 2.971187954750e-02 3.208228890973e-02
2.711273876168e-02 2.211379872909e-02 1.180081631811e-02
Mode 35
-1.924113502110e-01 -2.318176445699e-02 3.537555819541e-01
9.467383816745e-02 1.488317722375e-02 -1.855996583867e-01
2.977514438247e-02 3.574722278391e-03 -2.979387374321e-02
-1.338619553063e-02 -2.501015099901e-03 -6.521092218359e-03
2.195707774025e-03 -1.029756527152e-04 5.862703443433e-03
1.027947922870e-02 4.424092323742e-03 -6.216969673329e-02
1.246813294815e-02 -4.124292655489e-03 5.508588227578e-02
-2.481473357164e-02 -8.751209912000e-03 8.169237487467e-02
1.395540336776e-02 3.003344715128e-03 -1.060930896398e-03
-1.386236671551e-03 4.859145685219e-05 5.349408492878e-03
2.415224695340e-02 8.356321343161e-03 1.739212079379e-02
8.335284511538e-03 1.791355969333e-02 -1.831831472746e-02
-2.014881429443e-02 -1.672727751715e-02 -2.217547015514e-02
2.423633257077e-01 5.165169272645e-01 -1.848560807364e-02
-1.046623729567e-01 -5.103822986205e-01 -2.617549820488e-01
1.333316496545e-01 1.810587607662e-02 -2.357729271252e-01
-2.799108324289e-04 -3.166310965661e-04 4.831348670526e-04
-7.481611944994e-02 5.498351975690e-03 -1.420311929958e-01
-2.980608561881e-02 -4.542155857058e-03 8.409774748131e-02
-2.623396940418e-03 -6.120901657492e-03 -5.451208224302e-03
-1.631374890930e-02 -1.640896004075e-02 -6.026486356891e-03
Mode 36
2.696098830015e-01 -2.651394172932e-01 1.452047392534e-01
-7.706141396612e-02 1.996874179569e-01 -6.437724437606e-02
-1.994951966100e-01 -8.011910408683e-02 3.347079147952e-02
-1.361529999941e-01 1.414570944124e-02 -1.584617996099e-01
5.243255964577e-03 -1.736924144652e-03 2.141026254817e-02
1.003515544913e-01 6.114513075661e-03 -2.092924377148e-02
2.066621041571e-04 5.128161126934e-04 1.245834319964e-02
6.411291841368e-02 1.104381684070e-02 -4.321022277070e-02
4.943923495157e-02 7.284724887562e-03 2.029605533546e-02
-3.205716763691e-03 -5.085508725403e-04 -5.408051494134e-03
-1.926189872265e-02 -5.652767698709e-03 -1.625449106241e-02
-3.052293923964e-03 -1.025046944365e-02 1.208449814083e-02
9.862983040275e-03 7.774554299343e-03 1.000241537232e-02
-2.181381138820e-01 -9.192447444294e-02 -2.257098909284e-01
-3.059652118714e-01 -1.286607923000e-01 -8.881626119522e-02
1.995657044696e-01 5.383613143609e-01 1.313532935469e-01
4.500559646408e-04 -4.237860284134e-04 1.208287145056e-03
1.841234058762e-01 -1.094559614851e-02 2.284031245484e-01
-5.414326491523e-02 -9.569819241716e-03 1.090976094925e-01
5.473647122746e-03 1.748072379721e-03 2.982003407162e-03
1.006051887605e-02 1.197332028261e-02 2.739694359751e-03
Mode 37
1.265956055391e-01 -8.427478214205e-02 3.260962096648e-02
-9.254191145385e-02 6.277206204574e-02 1.618685752727e-02
7.887620803431e-02 -1.451408617808e-02 -2.068276732837e-01
1.686959623680e-01 -4.518581898843e-03 2.072541683719e-01
-6.533996772377e-03 8.600112165846e-05 -2.516370690615e-02
8.258259053017e-04 6.889045063145e-03 -2.260468574283e-02
8.656468146866e-02 -2.925433189383e-03 8.231162117379e-03
-1.527262978009e-01 -5.331670741926e-02 3.934678163155e-01
-2.487508275808e-01 8.542475462403e-03 -5.325029644215e-02
3.613916664187e-02 -6.765462759860e-04 -3.513014631878e-03
1.320145079313e-01 7.128261234590e-02 1.443890458992e-01
1.917773814478e-02 5.440776203094e-02 -8.351049741262e-02
-8.685747947888e-02 -6.550844258066e-02 -1.304006122288e-01
-1.066686120256e-01 -8.056411453802e-02 -8.258939231680e-02
-1.163887076189e-01 -7.756073701293e-03 -1.490394643318e-02
6.501577702446e-02 1.993667165294e-01 7.016122421222e-02
-7.084945160673e-04 2.434319504053e-04 -6.129724136016e-04
-1.896261120448e-01 9.569179380446e-03 -3.019117231677e-01
2.603911774970e-01 4.142151788391e-02 -4.374651972043e-01
-1.732325968594e-02 -1.064751247103e-02 -9.943477167425e-03
-1.083887659898e-01 -1.226024427960e-01 -3.467304352720e-02
Mode 38
1.524005961658e-01 7.824497629261e-02 7.884091366647e-02
-3.884186233356e-01 -3.018630897553e-02 -1.803650456560e-01
4.030509197789e-01 -1.684094134055e-02 1.290537086383e-01
3.515564379999e-01 -2.202761409041e-03 7.368163461997e-02
-1.385808687863e-02 1.604089651008e-03 -6.631522843930e-03
-2.578497392251e-01 -1.344912258116e-02 1.120689844712e-01
-1.318726593895e-01 -3.748873386326e-03 -4.850855727997e-02
1.352507177284e-01 3.956488302239e-02 -2.309313057241e-01
4.409461994310e-02 -1.650395207482e-02 1.455409724214e-01
-1.098697218115e-02 1.922073760793e-04 -1.354811340881e-04
-1.173170832531e-01 -4.927350904030e-02 -1.404569296329e-01
-7.620050349017e-03 -3.610614854663e-02 6.224188534413e-02
5.860996491997e-02 4.028952308939e-02 8.677957703954e-02
-1.263719452058e-01 -7.073020832987e-02 -7.565630560735e-02
-1.310186738349e-01 -5.181052311979e-02 -6.381659197743e-02
4.080961946167e-02 5.922884722613e-02 3.542455056015e-02
-2.852529741435e-04 6.671601731520e-04 -1.859741048640e-03
-2.617208372305e-01 5.866801719757e-03 -2.402735784823e-01
-1.085745470271e-01 -9.536120147508e-03 1.014025533484e-01
1.257681561978e-02 1.373213541553e-02 1.933247301726e-02
8.133628819011e-02 9.318409009674e-02 2.321993192678e-02
Mode 39
-2.141353282350e-02 -1.404095452111e-02 -9.761745678056e-03
5.744453516450e-02 4.303073894451e-03 2.334291773515e-02
-2.579334410646e-01 -2.557675235631e-02 3.541225484689e-01
3.984571332600e-01 5.190795887944e-03 -6.566326572088e-02
-2.310417574637e-03 4.838496818293e-03 6.451423956447e-03
-2.116215505083e-01 1.371202917153e-02 -2.379936226993e-01
-1.498116889692e-01 -2.003212364681e-02 2.502749870912e-01
4.175165653437e-01 1.111164737022e-02 -5.255482953567e-02
-2.390955547011e-01 2.731574044084e-02 -3.379919191219e-01
6.616323631613e-03 -6.210156559151e-04 -8.188170778997e-03
7.923213587385e-02 9.957014284785e-02 2.063838889757e-01
-1.524018371391e-02 -2.972180584241e-02 -1.082390079614e-02
-4.693511762190e-02 -3.742853719855e-02 -1.162537626342e-01
1.923217981492e-02 1.077331824683e-02 1.057905573213e-02
1.869731691291e-02 3.503026149423e-03 7.240005535520e-03
-5.247952246732e-03 1.180727930505e-03 -2.007512508729e-04
-1.892078627008e-04 -1.490886593500e-04 -9.302190573881e-04
7.031194765901e-03 -1.181842745242e-02 3.750740504924e-02
-1.797524217672e-02 8.674106912428e-05 2.407282178417e-02
2.122563968842e-03 -7.599581731718e-03 -9.618438844221e-03
-9.325600299074e-02 -1.124324344886e-01 -2.979905136213e-02
Mode 40
-1.348265080120e-02 -1.651886120729e-02 -6.127448279834e-03
3.896851419383e-02 -3.965180952114e-03 -7.707731884467e-04
-1.853542040811e-01 -1.872571081194e-02 1.681160163274e-01
9.317218558174e-02 4.970118803037e-03 -7.532805380702e-02
2.665722842175e-03 1.239942590450e-03 6.906616679656e-03
7.206712497762e-02 1.635261096034e-02 -1.734626426548e-01
-6.518946132829e-02 -3.084952349300e-02 2.460041930515e-01
-3.443343166631e-02 -3.272631842331e-03 2.666831739821e-01
6.094852020421e-02 1.282117477061e-02 -1.410496043798e-01
-6.418070639161e-03 1.246070217006e-04 4.858109040070e-03
-2.700047565782e-01 -2.172542584932e-01 -5.463804111571e-01
4.759891538551e-02 4.397298849335e-02 6.091640292103e-02
1.130049712130e-01 7.883502803011e-02 2.185192387803e-01
2.824089973471e-02 2.696092823266e-02 5.701780579041e-03
1.885341418196e-02 1.871901286445e-02 1.802847802334e-02
3.419130698972e-03 2.787993595495e-02 3.877619099004e-03
2.182670430860e-04 7.303055276424e-06 -1.103830374710e-04
-6.036121343777e-03 3.713557740570e-03 -1.050525005510e-01
1.553913597078e-01 3.420239213204e-02 -2.563055447142e-01
1.893251979674e-02 3.521558990675e-02 6.024438940173e-02
2.159121040727e-01 2.634509781076e-01 5.588341508757e-02
Mode 41
-9.683153264699e-02 -1.634849509759e-01 -5.872205484344e-02
1.110235756023e-01 -3.523979529243e-02 7.410281871265e-02
-3.092865235098e-01 1.689863218243e-02 -3.935497097158e-01
2.478581520069e-01 8.980573521636e-03 -2.172687700606e-02
-1.351196733882e-02 2.548579229413e-03 7.362286810506e-03
-4.246863100686e-02 -1.741187502160e-02 1.703056276390e-01
-1.026985443189e-01 6.842498101720e-03 -1.610247297652e-01
2.714332728570e-01 1.602023229100e-02 3.976413251002e-02
-1.122624105483e-01 -2.461899051479e-02 3.282338270034e-01
2.173308865370e-02 1.425736365173e-03 -2.232226542895e-02
-7.614885092200e-02 4.711454483062e-03 -9.021563966335e-02
-1.629690322563e-04 -2.502900131390e-02 3.073267557941e-02
1.069140534730e-02 -2.092643377384e-04 9.776923390819e-03
2.249597498401e-01 1.966622051712e-01 4.662958455177e-02
1.527406630189e-01 1.912709265534e-01 1.846431678537e-01
4.895540847216e-02 3.113184807906e-01 3.694336915088e-02
-7.945506739823e-05 -9.168829552480e-04 -1.195412917864e-04
-1.306763145733e-01 6.578140597937e-03 -1.214792891797e-01
-1.176229839889e-01 -8.320579924977e-03 1.051296080456e-01
1.363775635868e-02 1.242982672005e-02 2.823409109024e-02
3.623964327517e-02 4.571620494527e-02 2.547836775062e-03
Mode 42
7.792581617718e-02 -6.305690263538e-02 -1.510867096885e-01
-3.497437611805e-03 -2.474111676339e-02 -5.940727247813e-02
-7.637631083051e-03 -5.865762750191e-03 1.116342220128e-01
6.740626285369e-03 2.912865526053e-03 -7.302782420890e-02
-1.415753594350e-04 1.098337999675e-03 4.521472863576e-03
4.039075558889e-02 -2.704076328949e-03 4.757693689863e-02
-1.196399222590e-02 -1.785561511262e-03 3.421110074662e-02
-1.061867556175e-01 9.171114296791e-04 -1.004628800675e-01
9.729549247776e-02 2.633331053917e-03 -5.908705305337e-03
-6.358899693910e-03 8.528678827957e-05 2.034521130783e-03
3.303514912450e-02 1.000599962862e-02 5.507049123406e-02
-6.270549382772e-03 -1.220206674079e-03 -6.276004192834e-03
-1.287211950167e-03 2.677095119859e-03 -4.542270261259e-03
4.197801899371e-01 2.259508897363e-01 1.732986642469e-01
-4.625917541173e-01 9.574949312689e-02 -6.551856175980e-02
-3.039054754696e-01 -6.577513406017e-03 5.613442763704e-01
2.952424962379e-04 -2.569634788085e-04 -2.071800931549e-06
-3.040095831605e-02 3.201445778336e-03 -5.450421255641e-02
3.807192677035e-02 5.288908386636e-03 -7.110062855545e-02
-8.913024183765e-03 -6.568198412336e-03 -1.836390615237e-02
-2.140175449942e-02 -3.020627760157e-02 -1.048126143910e-03
Mode 43
-8.408648568003e-02 -1.361245858282e-01 2.450726490519e-02
-8.645251832953e-02 -5.536309206439e-02 -6.509538992132e-02
-3.632783229496e-02 -1.858011849488e-02 3.205187509634e-01
2.257274970571e-02 1.357596911956e-02 -2.073697275551e-01
8.450871459396e-04 1.744620641320e-03 1.040505985642e-02
1.309014051036e-01 -8.140571490307e-03 1.462552491839e-01
-5.400409442401e-02 -6.550374646861e-03 1.113839488438e-01
-2.903966621359e-01 5.394266858209e-03 -3.026381098262e-01
2.735791288885e-01 1.447584806974e-03 -5.494762437624e-03
-1.663268549518e-02 3.301597873193e-04 1.844992327668e-03
9.248079107510e-02 2.958164161582e-02 1.547232673972e-01
-1.886571399181e-02 -6.035652782076e-03 -1.479058729302e-02
-2.542348376312e-03 8.064505009419e-03 -1.181165213867e-02
2.760686660935e-02 2.259794145655e-01 -1.526079670038e-01
2.079467135289e-01 2.562917733602e-01 2.559057768817e-01
1.529294326394e-01 2.129821925030e-01 -1.955607649940e-01
6.942918071245e-04 -3.132708760378e-04 -1.720251457198e-04
-9.400662683700e-02 9.655592448323e-03 -1.714818070501e-01
1.141042448222e-01 1.656996109731e-02 -2.216815338187e-01
-2.530966000499e-02 -1.805924690668e-02 -5.140186091004e-02
-5.953366305583e-02 -8.427936263052e-02 -2.619691855818e-03
Mode 44
1.054440010889e-01 -1.037295940313e-01 8.500714091158e-02
2.553722669507e-02 -3.561390771856e-02 3.176402587813e-02
6.919593473854e-02 1.137230470053e-02 -7.094517011286e-02
-1.487750984761e-02 -6.084064752489e-03 8.816006179947e-02
2.289699697039e-03 4.882666875672e-04 -4.289518114747e-03
-7.727972180020e-02 4.358279449910e-03 -9.793624940786e-02
5.327805229444e-02 2.285752018255e-03 -2.536446271321e-02
5.645711527361e-02 -5.566463022708e-03 1.053892477528e-01
-9.284919230244e-02 6.263254235368e-04 -2.060085667799e-02
6.810917549991e-03 2.802402626484e-04 5.449624612993e-04
-2.372536484644e-02 -1.074187899567e-02 -4.493116859056e-02
6.792051382461e-03 4.935489655715e-03 1.290670951752e-03
2.360295170869e-04 -2.117584046212e-03 3.813140360843e-03
-1.426720221341e-01 4.146139068509e-01 -4.711710565538e-01
-3.566949073741e-01 4.022524354503e-01 2.184366014956e-01
1.074870662327e-02 -3.399926405308e-01 -1.285853681055e-01
-9.862290211898e-05 1.431593148832e-04 -2.463774321889e-04
5.455062469802e-02 -4.250412451002e-03 9.381917698820e-02
-3.115995477605e-02 -5.758005692268e-03 8.705759121556e-02
6.853771401326e-03 4.353456355830e-03 1.328206655938e-02
1.604637544966e-02 2.336044491461e-02 8.606464819135e-04
Mode 45
1.183069982053e-01 1.235693218510e-01 7.231049525769e-02
2.011964461616e-01 5.976005304796e-02 8.854072175921e-02
-4.032174542955e-01 -3.026844049645e-04 -7.311008247348e-02
8.317802721753e-02 1.615202164640e-02 -2.171194129376e-01
-6.821187439586e-03 1.116139416925e-03 1.306566127366e-02
2.030563307720e-01 -1.739217092509e-02 2.913084399453e-01
-1.817085896045e-01 -3.556445739670e-03 -1.116492773440e-03
6.598857767125e-02 1.691454291854e-02 -1.619221925898e-01
9.321355382672e-02 -1.040376451757e-02 1.517343707432e-01
-9.878364354845e-04 5.448678325222e-04 -1.170165456403e-02
1.046171047414e-02 2.574452167514e-02 4.146384384729e-02
-1.212076947867e-02 -2.131334596927e-02 1.160411929907e-02
1.700645774286e-03 3.697995793946e-04 -6.618453558350e-03
-2.565022162221e-01 -1.403209855780e-01 -1.184396089046e-01
-2.228039065714e-01 -1.401543857629e-01 -1.652498816666e-01
-4.808198824999e-02 -3.915903956039e-01 -5.003874160143e-02
2.218416815420e-04 -1.146022389731e-03 8.241970645439e-04
-1.541544185379e-01 1.464414862834e-02 -2.489892253525e-01
1.873381334607e-02 1.038873640956e-02 -1.557778891721e-01
-6.240958881284e-03 -8.855746916472e-04 -7.727754415860e-03
-1.239996943983e-02 -2.019603226568e-02 -1.558383151613e-03
Mode 46
1.424437693278e-02 1.921562735913e-02 8.901677635800e-03
1.991502249865e-02 3.844758125713e-03 7.996208033952e-03
-1.455375105333e-01 -3.881120055406e-03 -4.064018545203e-03
2.174737278099e-01 3.263568140827e-03 2.767589440008e-02
-4.543277354416e-03 4.763286266349e-04 2.877370649897e-04
-1.574505425858e-01 1.436548956856e-03 -8.372025406846e-02
1.399679914467e-01 7.227139828208e-03 -9.228288045688e-02
-1.860953179782e-01 -1.276565074436e-02 8.397257254824e-02
1.127857905784e-01 -2.043345071016e-03 5.843510402911e-02
-6.791092931114e-05 2.196571092319e-04 -1.707998532807e-03
-5.724287995475e-02 -1.072157317323e-02 -1.787944114666e-01
-3.431433034393e-02 -5.430988219571e-02 4.447042719715e-02
2.076856993385e-01 2.398928437742e-01 2.057997986468e-01
-2.487057745675e-02 -2.473894462683e-02 -4.138105959404e-04
-1.071217451456e-02 -2.381344495851e-02 -2.274733696243e-02
-6.129180475798e-04 -2.609121163632e-02 -2.476723968295e-03
-1.571375981296e-04 -7.957651970128e-05 -2.919189257770e-04
9.680816906550e-03 -5.286004117422e-03 6.930323305384e-02
-1.420732382321e-02 1.757918597173e-03 8.636305318365e-02
-1.935782535549e-01 -1.696103588803e-01 -5.271690946525e-01
-2.408638882502e-01 -4.542161760450e-01 5.420968386269e-02
Mode 47
2.042675055353e-02 2.706222262456e-02 1.291523199366e-02
3.556394050641e-02 6.408511399139e-03 6.772768174733e-03
-2.900485111280e-01 -1.211325708374e-02 1.089517119615e-01
4.144177087422e-01 9.614810021307e-03 -8.698310952928e-03
-8.566591596520e-03 1.402443320876e-03 8.883041680405e-04
-2.721526069219e-01 -4.141129645056e-03 -5.547318608421e-02
3.055604754570e-01 2.808057634077e-02 -2.597935462587e-01
-4.344711752000e-01 -2.903267266850e-02 9.173554121996e-02
2.160051855697e-01 3.559116198727e-04 3.401115546193e-02
2.311882365877e-03 3.373950512946e-04 -4.090623813565e-03
4.841758271277e-02 -4.220690703907e-02 1.108562481954e-01
3.470838333364e-02 7.429775595994e-02 -6.212716427441e-02
-1.049158281480e-01 -1.109080303631e-01 -8.929733348434e-02
-3.768303634463e-02 -3.636984033991e-02 -2.162138834322e-03
-1.472763477077e-02 -3.540193822989e-02 -3.349838476898e-02
-7.733414337778e-04 -3.856766084201e-02 -4.505057759124e-03
-1.661162657827e-04 -3.737080560602e-04 -4.770094145746e-04
-6.672843627599e-03 -8.504779491683e-03 1.117452117305e-01
-2.774273988741e-02 -1.473597384120e-02 1.597333119790e-01
9.692098188387e-02 7.776320896745e-02 2.520960848591e-01
1.106156341902e-01 2.202742558795e-01 -2.333331506602e-02
Mode 48
-1.524648445612e-02 -1.608016662286e-02 -7.563759157123e-03
-1.697102725101e-02 -4.115171496486e-03 -2.417971394379e-02
2.549721127162e-02 -2.185554711990e-02 3.427358399982e-01
-8.035610266914e-02 1.184622642474e-02 -1.774085086174e-01
-2.027358213140e-03 9.978447325938e-04 -6.693542898907e-03
1.492292050053e-01 -3.061983016042e-02 4.544425058052e-01
8.895049120717e-02 3.927130582113e-02 -4.857730373008e-01
9.649787189850e-02 -2.253672738052e-02 3.308003125139e-01
-1.827189005969e-01 2.631501821207e-02 -3.862761962207e-01
6.175789212251e-03 -4.379435838722e-04 8.223848370276e-03
-2.910924010903e-02 -9.775286736805e-04 -7.652457926856e-02
3.581449467677e-03 -2.679646442615e-03 5.689442078208e-03
1.388087130775e-02 1.588487246507e-02 1.770401632751e-02
1.957273938966e-02 2.275434258840e-02 -3.286549976644e-03
1.454017723668e-02 2.032535286101e-02 2.053922912206e-02
1.045589127050e-03 2.005300352129e-02 -2.456674169987e-03
8.240946801114e-04 -3.396760390045e-04 -9.351444863060e-05
-1.094594365706e-01 4.147645213702e-03 -9.168685151589e-02
-1.212953397671e-01 -1.252602146081e-02 1.285510709372e-01
-1.117444974073e-02 -1.394730320878e-02 -3.865002718195e-02
-1.010898437471e-02 -2.073307550148e-02 4.436493630068e-03
Mode 49
-1.444865607264e-03 -2.663324511375e-03 -5.202977279874e-04
2.975646873784e-03 1.097655284603e-03 2.559808627566e-03
8.937712490087e-03 -7.839799161870e-04 -5.699624120906e-03
-1.137493616906e-02 3.181917583637e-04 -4.653514684492e-03
3.645421544490e-04 1.559532905746e-04 5.474126348407e-04
1.123752826850e-02 -3.281302152197e-03 1.759067230833e-02
-1.424444278632e-02 6.993329504956e-04 -1.309086255630e-02
6.043406932037e-02 2.887215789085e-02 -3.360533337117e-02
-3.651710613333e-02 -4.277104217829e-03 1.188598972199e-02
3.719330468505e-03 7.777559932028e-04 -3.057818897611e-03
-4.081541708788e-01 -5.793542327764e-01 3.674753564899e-01
2.702575848093e-01 4.058705800433e-01 -2.857699175486e-01
7.503099738376e-02 1.061790453228e-01 -2.573023029476e-03
1.181304859992e-03 1.255659499710e-03 -4.544567188964e-04
4.240087364595e-04 1.132274632978e-03 2.156135408619e-03
2.141036033811e-05 1.538890908606e-03 -2.859589997953e-04
-3.741476347540e-05 -3.275995177495e-05 2.794417127443e-05
-2.629143017889e-03 -1.489977424776e-04 -3.741078572907e-03
-5.170058852363e-03 3.334327553235e-03 -4.513503722554e-03
3.167111340229e-02 1.434346426378e-02 -1.605863365780e-02
-6.749426402286e-02 -1.095503959847e-01 4.199045570327e-03
Mode 50
-2.291779299562e-02 -1.555672654845e-01 -1.338780159525e-02
-7.431817057495e-03 -6.734052468346e-03 -4.414070918600e-03
7.272484400206e-03 -3.734007588333e-04 3.692730547837e-03
-1.800233779219e-03 9.331072268600e-06 -2.644221268735e-04
2.999935650287e-04 3.466199176992e-04 -2.313368551221e-04
-2.208269064124e-04 -1.535710623235e-04 3.876425401161e-04
-1.617451049209e-04 -9.766854676484e-06 4.105415478819e-05
4.261735931563e-04 -3.961148762068e-06 -3.458289901316e-04
-1.685577877724e-03 -5.656583803914e-05 -1.088817945242e-03
1.993288252279e-04 3.017064381183e-04 2.993196871425e-04
-1.786531190985e-04 -2.035024815823e-04 5.006900508486e-04
1.062315939157e-04 1.883290720388e-04 -2.255193761638e-04
-1.542341628260e-05 5.714226277020e-06 -1.226546762592e-04
-3.773809657498e-01 2.979094499628e-01 3.975098438351e-01
1.257381691021e-01 3.597272154792e-01 -5.274535557534e-01
3.440105214676e-01 -9.629371517770e-02 1.862283598318e-01
4.085876264115e-05 3.298001373354e-05 -6.851795060589e-05
2.177851752815e-04 4.412382462141e-06 -5.828981098495e-04
-3.124775203251e-04 4.903119495009e-05 -1.693657417239e-04
3.007374399463e-05 3.526347034945e-05 1.790815139494e-04
-1.652997325048e-05 -3.098999747758e-05 -1.633432263426e-04
Mode 51
-1.452651044059e-01 -1.440799114016e-02 2.793630677248e-01
1.248869519899e-04 -1.457096905526e-04 1.809169805004e-05
5.584629083407e-04 1.419655874440e-04 -1.637058296803e-03
4.835329380640e-04 2.126035915105e-04 5.110154611006e-04
-1.956874858094e-04 -3.353071988021e-04 4.750724414671e-06
-9.790105661867e-05 7.478044128372e-05 7.752224965583e-05
4.938312703667e-05 -1.738229907042e-06 -3.877621413790e-05
3.709970553235e-05 -3.044826439659e-05 -2.069259469570e-04
-1.002065950735e-03 -2.603860400520e-04 1.623776128448e-04
2.439044233314e-04 2.667953606377e-04 6.378003209474e-06
-1.499535020542e-04 -1.193391363146e-04 1.189828354632e-04
9.773481376213e-05 6.980809279681e-05 -6.129758129675e-05
2.994634581805e-05 1.810067041609e-05 -2.106665169500e-05
4.151698220805e-01 -3.291468103868e-01 -4.204339024643e-01
1.181731098289e-01 3.719605523378e-01 -5.381976133753e-01
-3.390477524044e-02 6.732973047654e-03 -1.049280360382e-03
-3.703232831276e-06 3.876113230050e-05 -1.442118528201e-05
1.014690814239e-03 8.308924483490e-05 -3.600559234640e-04
-2.046498095233e-05 -4.758498452875e-06 -8.924379217206e-05
-7.009577024719e-06 4.564929510607e-05 1.028594824161e-05
-3.184502488532e-05 -4.191468664917e-06 2.492783190243e-05
Mode 52
-2.502981525693e-01 1.372749659632e-01 -1.219809306062e-01
1.982173676188e-05 -4.181237062973e-04 1.219322618424e-04
2.336495197271e-03 7.981292489492e-04 1.236656075558e-03
2.834408669222e-04 -1.145999560576e-05 -1.181183291700e-04
-6.010771291086e-05 -9.699075941833e-05 4.692711643442e-05
-4.398130544430e-04 -4.753855765404e-05 2.584389080085e-04
2.603651980760e-04 -2.719353648423e-05 1.282403727945e-04
-1.090140564532e-05 -4.067306833459e-07 6.071475979586e-05
1.184109182543e-04 -5.285670608932e-05 2.232564599808e-04
-2.490014320771e-06 -8.908449778984e-05 -9.604359896570e-05
5.303846915844e-05 5.833564813649e-05 9.633628503778e-05
-1.060037974281e-05 -1.423833298962e-05 -4.027514324554e-05
-1.858841453556e-05 -1.665533908901e-05 -2.328798086216e-05
1.672699020474e-01 -1.297628027663e-01 -1.881703681906e-01
-5.756956098299e-02 -1.317045830112e-01 2.019057817818e-01
7.453814384210e-01 -2.116184046810e-01 4.019778545579e-01
-2.993755873227e-05 -2.833866178270e-05 1.599761177860e-05
1.533429581873e-03 1.574187607888e-04 -9.103563042201e-04
-1.073497821361e-03 3.786801009267e-05 -5.388275232946e-04
-2.162985167583e-05 -3.755540291307e-05 7.986514245247e-05
-5.361765747565e-06 2.092318227543e-05 -1.001837263801e-04
Mode 53
-6.886025247703e-04 6.637230609464e-05 -1.138105021773e-04
3.485130734226e-04 -5.271203338711e-05 1.167854137387e-04
-5.432686694321e-04 -6.676607190765e-05 6.667825237062e-04
-2.802971180517e-03 2.686656830235e-04 -2.977212537927e-03
1.778920756956e-05 3.404440521683e-05 4.764487928236e-05
1.267318737186e-01 1.035620306952e-02 -7.106049441227e-02
-2.190055245175e-01 4.869334138735e-03 -1.076324798002e-01
5.302723085964e-03 5.021273825350e-04 -5.701702357704e-03
1.510780208171e-03 -2.973656218810e-05 1.395825328176e-03
-1.727687616413e-04 1.863535980918e-06 1.636389322233e-05
-1.804418694580e-03 -2.401791299882e-04 -1.315819628048e-03
1.966314413340e-04 -1.946251910225e-04 5.624049531157e-04
1.316570808433e-03 3.252923309004e-04 5.383536308108e-05
4.153201031946e-04 -1.796880373679e-04 -4.664193500171e-04
3.351664867933e-05 2.357709654884e-04 -1.404300847557e-04
1.688188029150e-03 -4.234793846581e-04 8.946981256562e-04
7.687400030719e-06 -1.328239831282e-05 5.215363249572e-07
-4.202649005363e-01 -3.670288046453e-02 2.652607972843e-01
7.275220547601e-01 -1.752974375528e-02 3.757400013667e-01
-1.196226608297e-03 -1.980867381528e-04 1.369990046088e-03
5.730132395366e-04 2.892413499520e-04 -1.570729440088e-03
Mode 54
4.239584219246e-04 1.743358182703e-05 -1.054469247047e-04
-2.054697741098e-04 3.567442258017e-05 -3.530831903478e-05
1.498405295866e-03 -1.564190508144e-05 -5.112792463720e-04
8.733632109521e-03 -1.677733146872e-04 6.052440255410e-03
-2.375577002168e-04 -6.160714801815e-05 -2.463165759923e-04
-2.084173521420e-01 -1.891069407967e-02 1.405238320696e-01
-1.335379646643e-01 4.290169588156e-03 -8.045665810108e-02
5.966627884307e-03 6.074931782122e-04 -4.089184793237e-03
1.092371253008e-03 -6.395009430877e-06 -3.722475841839e-05
-1.514466394471e-05 3.018587413268e-06 -3.023937785767e-05
-1.243269643380e-03 -2.125611636937e-04 -1.123986642441e-03
5.095846521611e-05 -2.037468075813e-04 5.545980175353e-04
7.419495654329e-04 1.261376947156e-04 1.648293435641e-04
-4.119200109177e-04 2.537785784465e-04 4.297686268929e-04
-1.131873720043e-04 -3.329707114891e-04 4.275915942320e-04
-8.028227656181e-04 2.046127664786e-04 -4.360199320060e-04
6.631591269763e-07 3.161866417202e-05 -2.452851810689e-05
6.856881076840e-01 6.015753722625e-02 -4.392737725251e-01
4.382235568088e-01 -1.084355206077e-02 2.303288106685e-01
-5.521676028508e-04 2.057949922414e-04 4.663979534992e-04
3.588642648570e-04 1.233999183015e-04 -6.264410519768e-04
Mode 55
5.195763124367e-05 5.159647951180e-05 4.720849334892e-05
-8.675703299688e-05 -4.116123129114e-05 -5.170279320747e-05
2.302687392737e-04 -6.864210113232e-05 -1.456954129918e-04
-1.055167786446e-04 1.102564681055e-05 -4.641330475375e-05
-2.346783096045e-05 -5.869202341427e-06 -1.164342604958e-05
-1.601884872798e-04 5.080307133514e-05 1.361008342161e-04
4.497628762191e-04 -3.952762873795e-04 -4.701613015964e-04
5.463335481693e-04 -6.194632570670e-05 -1.326855180189e-03
1.567231964267e-04 2.309628507810e-04 3.971939204898e-04
-1.594246422621e-05 -9.704720227407e-06 1.156575743492e-05
-6.224320137277e-03 -3.512870731020e-03 -2.535059392942e-03
-1.458715858917e-03 -2.506702271881e-03 9.703619784640e-04
8.129241955052e-02 1.338824465605e-01 1.204919283267e-01
4.362271500052e-05 -3.129757136292e-05 -4.139471192883e-05
7.085459477260e-06 -6.407864679126e-06 4.144892560069e-05
-1.292473834081e-04 3.370941193235e-05 -8.223579953330e-05
2.918078041675e-06 5.764339267135e-06 -6.029791033504e-06
3.189986396553e-04 3.719005159797e-05 -2.856007838505e-04
-2.086408940249e-03 -3.423748481191e-04 -7.510989504890e-04
-2.062037161906e-01 -5.204388161717e-01 3.027943299472e-01
-7.118384108752e-02 4.460714493249e-02 -7.407804676554e-01
Mode 56
-1.292955036799e-05 -2.233778206229e-05 -9.638262794024e-07
2.763318872241e-05 3.326452824860e-05 3.919129123202e-06
4.321804416496e-05 -8.257277252490e-06 -2.190846850576e-04
-1.770200467990e-04 -1.217157634223e-05 -3.744778776629e-05
-2.742388740139e-06 1.112825778504e-05 5.007174082287e-06
4.182432160694e-05 -1.889684334703e-05 1.221856825016e-04
-1.046048286206e-04 -1.018051305230e-04 -1.309710256503e-04
4.804986004549e-05 1.526586939542e-04 7.090642134741e-04
3.367353651528e-04 -2.124521095971e-04 1.738729017811e-04
-2.147326959177e-05 -5.866230471950e-06 3.176359097923e-05
-1.004717251732e-03 7.420176131316e-04 -4.146760920296e-03
-1.102381119621e-03 -1.541998119352e-03 8.910151111835e-04
4.901575440133e-02 1.693606890875e-01 -2.527060203624e-01
-9.253786393303e-06 1.680968302272e-05 1.549957443542e-05
4.003468260933e-06 1.030307348707e-05 -1.806901234795e-05
1.692652795935e-05 -3.700787688674e-07 1.139945753403e-05
-3.660974129871e-07 1.321011229743e-06 -3.130435915565e-06
1.144468358163e-04 -4.402780647523e-05 -1.478420343936e-04
-3.724895882452e-05 -6.696831672345e-05 1.090016159853e-04
-2.332524314705e-01 -5.980986951370e-01 3.390912877150e-01
5.774745753625e-02 -2.893727171756e-02 6.113478877310e-01
--
Dipole derivatives 
Mode 0
-1.545941151736e-02 -1.301272160662e-02 -1.351689688830e-02
Mode 1
3.018595893378e-02 -1.550284388960e-03 -2.033518666858e-03
Mode 2
-6.879243043099e-02 4.095302974107e-02 2.390824410088e-03
Mode 3
-1.344853333601e-02 -2.271158821025e-02 5.751924208766e-02
Mode 4
-2.966707597656e-02 -4.418045275488e-03 3.893095233174e-02
Mode 5
-2.578553955884e-02 3.743826130037e-02 4.632141947855e-02
Mode 6
7.310747615919e-03 2.099809846519e-02 -2.442048493711e-02
Mode 7
9.883194494555e-03 3.551092572297e-02 -2.965131660872e-02
Mode 8
3.916686417935e-03 2.236109540038e-02 -1.100632340874e-02
Mode 9
-3.310420457588e-02 2.918428013659e-02 -5.263685073574e-03
Mode 10
6.240069713773e-03 7.887389031626e-03 -4.401982687686e-02
Mode 11
2.738637650345e-02 -4.059066907828e-02 -4.024932253345e-02
Mode 12
1.124961968447e-03 -1.613770816889e-03 4.777100187513e-02
Mode 13
1.699923510577e-01 -1.895649939187e-01 7.213550704953e-02
Mode 14
-1.690347308750e-01 2.593785737295e-01 -1.322878961604e-02
Mode 15
-8.021101687967e-03 -5.818445453065e-02 1.851003823516e-02
Mode 16
-9.475642167360e-03 -6.833321510310e-03 3.234812335882e-02
Mode 17
3.840088787045e-03 -2.089470970046e-02 5.206459704536e-02
Mode 18
-2.648564750478e-02 -2.816830525835e-02 8.173271470986e-02
Mode 19
8.529646625810e-02 -3.000307015486e-03 -7.258031197733e-02
Mode 20
8.152625849702e-02 -1.637028665621e-02 -3.754771812869e-02
Mode 21
2.674924271371e-02 -6.220708634510e-03 -3.088498632342e-02
Mode 22
2.525088269791e-02 -9.969837012177e-02 8.167954523595e-02
Mode 23
-5.337042778913e-03 7.215034795154e-02 -3.585330362645e-02
Mode 24
3.876708014327e-02 7.463020069199e-02 -8.116141542233e-02
Mode 25
1.076248232979e-01 -4.561233450779e-02 3.949823316936e-02
Mode 26
-1.264921513655e-02 -6.747898057432e-02 -8.199777586318e-02
Mode 27
-1.304354608355e-01 3.458968415972e-02 1.361108491753e-01
Mode 28
6.096972235349e-02 4.690662310105e-02 8.078928560092e-02
Mode 29
7.077938771087e-02 -3.707251564564e-02 -1.835004487539e-02
Mode 30
-2.140163436759e-02 -1.891983048332e-02 1.616929134869e-02
Mode 31
1.684926396838e-01 3.175461341130e-01 2.154481058413e-02
Mode 32
-6.697321057161e-03 -1.060674635085e-02 1.617344271898e-02
Mode 33
9.180566600958e-02 -5.241943617103e-02 -1.342599427994e-02
Mode 34
7.368688144780e-03 1.509753471229e-02 -1.227228062852e-02
Mode 35
2.274791231922e-02 -3.625824503971e-03 -1.892340426982e-02
Mode 36
-5.085029751522e-02 -8.327083080329e-03 -2.131956989297e-02
Mode 37
7.007355279819e-02 4.869389900603e-02 -6.523870084078e-02
Mode 38
7.161459891982e-02 1.524367018209e-01 3.420387735197e-02
Mode 39
5.893014361863e-02 7.100281575870e-02 -8.456847169732e-02
Mode 40
-2.729464843289e-01 -2.183161672887e-01 3.673605115537e-01
Mode 41
-2.613818477994e-02 -3.400427921787e-01 6.909414588967e-02
Mode 42
5.818121049899e-02 -8.507263085079e-03 -4.404405313913e-02
Mode 43
8.165286232440e-03 1.557142379214e-01 -2.763660653258e-02
Mode 44
2.584718045573e-02 -4.745718507328e-02 4.699555423731e-02
Mode 45
-5.310704182637e-02 -1.502301450199e-01 4.276764449121e-02
Mode 46
-2.661797615345e-01 -2.594505353043e-01 2.040693052819e-01
Mode 47
5.227932991371e-02 8.981521980837e-02 -8.033244715654e-02
Mode 48
-6.008776839886e-02 -1.188047715093e-02 1.497132883455e-01
Mode 49
-1.804323497831e-01 -3.465980723617e-01 -3.872093601322e-01
Mode 50
-1.279432337386e-01 -1.642436548706e-01 -3.703673102906e-02
Mode 51
5.675328425759e-02 -4.953155973205e-02 -8.887043481539e-02
Mode 52
2.556849609748e-02 -9.257086624213e-02 5.590119695455e-02
Mode 53
-3.266752848580e-04 -3.098831189504e-02 3.108223141666e-02
Mode 54
9.853545472175e-03 -4.627920465667e-02 2.079383309902e-02
Mode 55
-1.665516361884e-01 -1.492195543718e-01 1.142770428286e-01
Mode 56
-4.079246158144e-03 -3.760078193923e-02 -1.994592965648e-01
--
Polarizability derivatives 
Mode 0
-8.134478042317e-01 -6.776652873013e-01 -3.560807548200e-01
-6.776652873013e-01 2.467626059401e-01 -6.576816151353e-01
-3.560807548200e-01 -6.576816151353e-01 8.873631601414e-02
Mode 1
-3.971841167100e-01 5.421750174678e-01 1.105090451899e-01
5.421750174678e-01 -3.346255724343e-02 -1.043535593818e-01
1.105090451899e-01 -1.043535593818e-01 2.116827500218e+00
Mode 2
-9.568899425731e-01 1.470506858867e-01 -5.054944571163e-01
1.470506858867e-01 1.072477819215e+00 -1.405683260739e-01
-5.054944571163e-01 -1.405683260739e-01 1.314539757949e+00
Mode 3
-4.699663355375e-01 -3.022910761612e-01 -3.092256639495e-02
-3.022910761612e-01 1.948330459994e-02 -2.051459595075e-03
-3.092256639495e-02 -2.051459595075e-03 1.947404247399e-01
Mode 4
5.424471270345e-01 -7.966186217680e-01 5.659539823343e-01
-7.966186217680e-01 -6.213346309169e-01 -2.420331897287e-01
5.659539823343e-01 -2.420331897287e-01 5.652440506840e-01
Mode 5
7.382296943225e-02 3.437788931280e-01 -8.419574130482e-02
3.437788931280e-01 -4.032926918752e-01 -2.215963036374e-01
-8.419574130482e-02 -2.215963036374e-01 4.399685935247e-01
Mode 6
3.490298562412e-01 -1.405054081591e-01 -6.181680262753e-02
-1.405054081591e-01 -4.315965843208e-02 -1.410624555098e-01
-6.181680262753e-02 -1.410624555098e-01 -1.532136265646e-01
Mode 7
5.301428581002e-01 1.681311418872e-01 -5.750802619293e-02
1.681311418872e-01 -1.441328512730e-02 -4.632601073998e-01
-5.750802619293e-02 -4.632601073998e-01 1.170144789702e+00
Mode 8
8.740515560774e-02 -2.909493638231e-01 5.409413865174e-01
-2.909493638231e-01 -6.798862320204e-01 -1.614785623434e-01
5.409413865174e-01 -1.614785623434e-01 -4.477463298359e-01
Mode 9
-5.134150448449e-01 -2.660297316892e-01 -3.510288845626e-01
-2.660297316892e-01 -1.261047162527e+00 1.255475837827e+00
-3.510288845626e-01 1.255475837827e+00 -2.370489306350e+00
Mode 10
9.700746538612e-01 -2.519230735912e-01 -5.214248104890e-01
-2.519230735912e-01 1.839139115284e-01 -4.047887163682e-01
-5.214248104890e-01 -4.047887163682e-01 -9.092073159114e-01
Mode 11
7.843924635701e-01 -2.950764841932e-01 -1.004423969437e-03
-2.950764841932e-01 -2.528041049081e-01 -4.166614379118e-01
-1.004423969438e-03 -4.166614379118e-01 2.059040084148e+00
Mode 12
5.545585489838e-01 4.724326942052e-03 -9.132721244892e-01
4.724326942052e-03 -5.885424029216e-01 1.106120514931e+00
-9.132721244892e-01 1.106120514931e+00 -2.573758853519e+00
Mode 13
8.501241328435e-01 -3.633445830229e-01 1.429358286645e-02
-3.633445830229e-01 -4.860138880238e-01 5.613997784665e-01
1.429358286645e-02 5.613997784665e-01 5.408791818727e-01
Mode 14
-3.662481608206e-01 -2.024489476402e-01 2.792424613634e-01
-2.024489476402e-01 9.903213789840e-01 -5.414641605643e-01
2.792424613634e-01 -5.414641605643e-01 1.184479120495e+00
Mode 15
3.492766787002e-01 -2.165897490512e-01 7.908606813466e-01
-2.165897490512e-01 2.221353027355e-01 -1.478699998815e+00
7.908606813466e-01 -1.478699998815e+00 2.836884535614e+00
Mode 16
-9.340801287555e-01 7.826555157950e-01 3.188244576973e-01
7.826555157950e-01 -1.368960875360e+00 6.219922299701e-02
3.188244576973e-01 6.219922299701e-02 -1.580096895174e+00
Mode 17
2.998141191667e-01 -3.248574487739e-01 3.474518687163e-02
-3.248574487739e-01 2.767198851735e-01 1.172823632274e+00
3.474518687163e-02 1.172823632274e+00 -3.995174551753e+00
Mode 18
4.767160047475e-01 -3.579748068347e-01 -3.835159173619e-01
-3.579748068347e-01 5.844951120128e-01 5.946458519781e-01
-3.835159173619e-01 5.946458519781e-01 -2.761369410190e-02
Mode 19
-4.592372140256e-01 4.931081608153e-01 4.194307797195e-01
4.931081608153e-01 -1.122646897436e+00 -2.407753965306e-01
4.194307797195e-01 -2.407753965306e-01 3.540946553459e-01
Mode 20
6.854179521654e-01 6.370531255801e-01 -7.223165708964e-01
6.370531255801e-01 1.370920212781e-01 4.045849769638e-01
-7.223165708964e-01 4.045849769638e-01 -5.454776301420e+00
Mode 21
1.095647031340e-01 5.385073787572e-02 3.053167143015e-02
5.385073787572e-02 -1.483058647299e+00 1.017907464176e-01
3.053167143015e-02 1.017907464176e-01 -5.126198001968e-02
Mode 22
4.317598340959e-02 -1.879785718082e-01 -3.216927204470e-01
-1.879785718082e-01 -1.699721240449e+00 6.157636071561e-01
-3.216927204470e-01 6.157636071561e-01 7.009512139273e-01
Mode 23
6.162471930665e-01 1.024000678023e-01 -7.800045244282e-01
1.024000678023e-01 2.062773021551e+00 -1.071058863494e+00
-7.800045244282e-01 -1.071058863494e+00 4.283585844126e+00
Mode 24
2.691053874444e-01 2.317199279089e-01 4.933852307181e-02
2.317199279089e-01 9.027483488865e-01 -6.815674454631e-01
4.933852307181e-02 -6.815674454631e-01 5.919969345720e+00
Mode 25
-3.088891582277e-01 -5.127473780431e-02 2.402588197444e-01
-5.127473780431e-02 2.443090270621e-01 3.229150088743e-01
2.402588197444e-01 3.229150088743e-01 2.245575660012e-01
Mode 26
7.044995319984e-01 -1.819914957632e-01 -7.609185899831e-01
-1.819914957632e-01 1.781576445438e-01 8.283271215926e-01
-7.609185899831e-01 8.283271215926e-01 -1.822622779641e+00
Mode 27
-4.343472299993e-01 -1.264864535529e-01 -8.154500900375e-02
-1.264864535529e-01 -8.635378560731e-01 -1.497366499705e+00
-8.154500900375e-02 -1.497366499705e+00 4.246783798766e+00
Mode 28
-3.411154811544e-01 4.804691669302e-01 -6.307529018032e-01
4.804691669302e-01 -2.785189745661e-02 3.798802919819e-01
-6.307529018032e-01 3.798802919819e-01 -7.824843704027e-01
Mode 29
2.562384785223e-01 -4.500986232762e-01 3.775753889847e-01
-4.500986232762e-01 -6.691595596205e-01 4.924589850614e-02
3.775753889847e-01 4.924589850614e-02 -3.708327916775e+00
Mode 30
-3.568024620421e-03 1.470308540459e-01 2.988993093854e-01
1.470308540459e-01 1.586710962718e-01 2.882684259915e-02
2.988993093854e-01 2.882684259915e-02 6.927610140343e-01
Mode 31
-8.227818828783e-01 -1.781231236118e+00 -6.602072122105e-01
-1.781231236118e+00 -1.757481275326e+00 3.574696503627e-01
-6.602072122105e-01 3.574696503627e-01 6.991223669309e-02
Mode 32
8.452549458586e-01 8.904781784217e-01 -4.539237950310e-01
8.904781784217e-01 1.564129671292e+00 3.824747821085e-01
-4.539237950310e-01 3.824747821085e-01 1.490089343388e+00
Mode 33
1.147429810672e-01 -3.667870162526e-01 -8.538485224167e-01
-3.667870162526e-01 2.072478839905e+00 -3.834374538547e+00
-8.538485224167e-01 -3.834374538547e+00 1.773898597630e+01
Mode 34
-5.565997830634e-01 1.634905373703e-01 8.081213945690e-01
1.634905373703e-01 4.620622783201e-01 8.008033534442e-01
8.081213945690e-01 8.008033534442e-01 -1.767647288250e+00
Mode 35
-1.156985682241e+00 3.800759079629e-02 7.703894710758e-01
3.800759079629e-02 6.470523512268e-01 1.248965727523e+00
7.703894710758e-01 1.248965727523e+00 5.443022858552e-01
Mode 36
8.942181522495e-01 -9.337067795097e-02 -2.030055358388e-02
-9.337067795097e-02 8.156656057884e-01 -1.356981224591e+00
-2.030055358388e-02 -1.356981224591e+00 6.773602705519e+00
Mode 37
5.032212657802e-01 -6.753166145071e-01 -2.886444037487e-01
-6.753166145071e-01 5.579952145740e-02 1.174477306346e+00
-2.886444037487e-01 1.174477306346e+00 -2.147446666536e+00
Mode 38
-4.334373563893e-01 4.505477170618e-01 5.986964345266e-01
4.505477170618e-01 -3.927038369436e+00 2.799464745663e+00
5.986964345266e-01 2.799464745663e+00 -1.179867918758e+01
Mode 39
4.484309679525e-01 -2.998180583259e-01 -2.848993671327e-01
-2.998180583259e-01 -5.867928854788e-01 -3.627337589604e+00
-2.848993671327e-01 -3.627337589604e+00 5.322683732633e+00
Mode 40
1.303990011903e+00 7.449340618404e-01 -2.633553701735e+00
7.449340618404e-01 1.668474832534e+00 -2.336356550024e+00
-2.633553701735e+00 -2.336356550024e+00 6.072838411963e+00
Mode 41
1.402864994533e-01 -1.749857135310e-01 4.532112220924e-01
-1.749857135310e-01 8.188508656099e-01 -1.314156651798e-01
4.532112220924e-01 -1.314156651798e-01 3.083205885327e+00
Mode 42
-1.785891916434e+00 -9.126395529912e-01 1.063576196746e+00
-9.126395529912e-01 2.304755258586e+00 1.511128038174e+00
1.063576196746e+00 1.511128038174e+00 1.222685457802e+00
Mode 43
-1.021893437565e+00 -3.575091640904e-02 3.149479324003e-01
-3.575091640904e-02 -1.617648112983e+00 -1.800176372713e+00
3.149479324003e-01 -1.800176372713e+00 5.843107916494e+00
Mode 44
-9.045523978177e-01 7.241657995506e-01 -1.952294959440e+00
7.241657995506e-01 2.441845181819e+00 -7.373796484767e-02
-1.952294959440e+00 -7.373796484767e-02 -2.880309724149e+00
Mode 45
2.503200878271e-01 6.052331935334e-01 -2.613808644032e-02
6.052331935334e-01 1.408668482377e+00 -1.641111136977e+00
-2.613808644032e-02 -1.641111136977e+00 9.935366809208e+00
Mode 46
-5.807125264134e-01 -1.290997497434e-01 -5.735210192935e-01
-1.290997497434e-01 -7.101031259327e-01 8.646069156521e-02
-5.735210192935e-01 8.646069156521e-02 1.783812352392e+00
Mode 47
1.447925401358e-01 1.537416019535e+00 2.181173877239e-01
1.537416019535e+00 1.996814727636e-02 -1.535422174560e+00
2.181173877239e-01 -1.535422174560e+00 3.327981169453e+00
Mode 48
3.324784886436e-01 1.168673279350e+00 -4.052189780099e+00
1.168673279350e+00 -2.076714168590e+00 -4.747189397567e+00
-4.052189780099e+00 -4.747189397567e+00 2.615555410041e+01
Mode 49
-8.424048916606e-01 -6.951601743456e-01 1.371155540546e+00
-6.951601743456e-01 -1.164103806045e+00 -1.538691892667e-01
1.371155540546e+00 -1.538691892667e-01 -8.102068522126e+00
Mode 50
-4.077290809128e+00 -5.287810167709e-01 2.173154528195e-01
-5.287810167709e-01 -5.636682005222e+00 -1.227422662417e+00
2.173154528195e-01 -1.227422662417e+00 -3.731570164724e+00
Mode 51
3.468454693500e+00 -7.957878407556e-01 -1.555038832145e+00
-7.957878407556e-01 -7.807781934712e-01 -1.781269369999e+00
-1.555038832145e+00 -1.781269369999e+00 -3.240328160385e+00
Mode 52
1.501360384474e+00 3.429660491499e-01 -2.562097764877e-01
3.429660491499e-01 -6.501599560069e+00 4.222186169252e+00
-2.562097764877e-01 4.222186169252e+00 4.148022785232e-01
Mode 53
-6.379302428352e-01 1.013318734660e+00 7.679141707474e-01
1.013318734660e+00 3.767821843631e+00 -5.297500861953e+00
7.679141707474e-01 -5.297500861953e+00 2.688940787780e+00
Mode 54
1.889758591557e+00 -3.206937010195e+00 -1.018058667348e+00
-3.206937010195e+00 1.078948844602e+01 -3.728724303551e-01
-1.018058667348e+00 -3.728724303551e-01 1.592779989662e+00
Mode 55
-4.624370306481e+00 -4.347392954647e+00 3.661765131220e+00
-4.347392954647e+00 -4.709920796792e+00 3.042797395404e+00
3.661765131220e+00 3.042797395404e+00 -1.089881084710e+01
Mode 56
3.091828936867e-01 -3.489791079747e-01 -4.913796241178e+00
-3.489791079747e-01 -1.016615562761e+00 -4.317124024915e+00
-4.913796241178e+00 -4.317124024915e+00 5.651061969195e+00
--
