Number of atoms 
18
--
Anisotropy 
95.218
--
Frequencies 
15.615911776820
25.109469953622
41.768429589243
51.334833852993
114.320705884317
126.335048359904
133.294178122097
199.328400182436
217.392522557782
292.622568761666
297.643533984790
345.278674789307
365.321120672263
370.592247433560
383.990132109494
414.913071302142
447.870694308255
480.515502719082
549.152217272352
563.882075978746
603.399386885128
648.296139844560
730.232039575698
805.762068840073
820.226068457725
923.482263313757
926.003465607095
929.694997612673
939.644968937148
960.377910176499
1090.652757874882
1189.182490936813
1209.045597062706
1241.172681439445
1249.171403524873
1333.802748544858
1345.584459831299
1408.787631948257
1417.658466170133
1476.482699537194
1580.558220060094
1639.109802906257
2368.709769744321
2388.394680637037
3069.977994165002
3128.037671870631
3223.714136942615
3226.939606710232
--
Displacements 
Mode 0
-1.708779094699e-01 1.901056100486e-01 -3.180129130237e-01
-1.584937346757e-01 1.582456150721e-01 -1.935116210269e-01
-1.563115262151e-01 1.352182303156e-01 -6.024607513640e-02
-1.216790842708e-01 6.742869292608e-02 -3.951610694589e-03
-1.497685962202e-01 -6.698061919574e-03 4.139745075049e-02
-3.738930175003e-01 -6.047940015200e-02 6.940946686104e-02
-1.194751064167e-01 -7.359753630728e-02 8.642767965001e-02
-6.093564504550e-02 -8.129719143204e-02 8.911825164426e-02
-3.291248339468e-02 -6.056814753266e-03 4.356335346415e-02
-6.208062963104e-02 6.983927726732e-02 -1.772280027067e-03
-4.456461025425e-02 2.668728800084e-01 -8.774296800379e-02
-2.918512962376e-02 -1.639021259761e-01 1.376133722206e-01
-3.072859844593e-03 -2.525459810651e-01 1.926701470204e-01
-5.842184747555e-02 6.161640767646e-02 -4.221825712521e-03
-3.823473404386e-02 2.649020640088e-02 -1.344169827828e-02
4.452405952446e-01 -9.950686284698e-02 6.059942515686e-03
-4.082842674893e-02 -3.583342239519e-02 3.481945589983e-02
3.839579841117e-03 -2.021033101450e-03 1.285849139501e-02
Mode 1
-2.792788391517e-01 3.724221153955e-02 -6.223833379015e-01
-9.944232119512e-02 5.065144807713e-02 -2.575610101393e-01
9.660216166124e-02 6.772653538985e-02 1.538900541646e-01
7.656522913939e-02 4.671045656267e-02 1.117627025419e-01
1.103839356237e-01 3.921149549612e-02 5.592473638285e-02
3.677176148355e-01 1.575402642804e-03 9.358449369652e-02
7.899128627430e-02 4.389781723970e-02 -4.301892168961e-03
1.409686369937e-02 5.122063101302e-02 -6.029337794968e-03
-1.963226088622e-02 3.177242931216e-02 4.788984405601e-02
1.392495294460e-02 2.281804860970e-02 1.061883307068e-01
-6.080732656690e-02 -4.993229879632e-02 3.130803670568e-01
-1.862575787604e-02 6.903868541743e-02 -6.504774670936e-02
-5.036453339477e-02 9.331943025368e-02 -1.247550045776e-01
5.034424879338e-02 1.123346396716e-01 8.888202893871e-02
5.228845931413e-02 -6.574912152674e-02 9.867493871971e-02
-1.051248174677e-01 -1.234193084187e-01 -1.900636518150e-02
3.090136804576e-02 1.140832408928e-02 -1.397217983056e-02
-2.063601843074e-02 6.194070225794e-03 1.334123773607e-02
Mode 2
1.793527286767e-01 2.449966587341e-01 3.267520968466e-02
6.953178923073e-02 1.758564201647e-01 7.253283083568e-02
-3.060328233686e-02 1.201270439622e-01 1.200058657593e-01
-2.501756624975e-02 2.755523760689e-02 1.155871514678e-01
-3.399837406218e-02 1.039030782533e-01 1.282432589674e-01
-7.620646131886e-02 1.096241588225e-01 2.120692678973e-01
-2.882698561787e-02 1.031686427381e-01 1.414133610594e-01
-1.153200780999e-02 -1.266416265111e-02 1.342958753325e-01
1.696445720349e-05 -1.443514678862e-01 1.137016656966e-01
-7.480238116043e-03 -1.237638283730e-01 1.043014057383e-01
1.336423948695e-02 -5.395853412795e-01 1.208177481013e-01
-6.211521085172e-04 -2.006069160414e-02 1.543965989230e-01
1.570389793422e-02 -2.962059223563e-02 1.966815916369e-01
-1.716002470632e-02 4.317704719402e-02 4.016524138654e-02
-2.081165360923e-02 4.187537378230e-02 4.193716964114e-02
-6.814384096943e-03 6.481676371430e-02 -4.764333849351e-01
-1.078794283198e-02 4.974378644008e-02 4.484732397729e-02
3.925058499753e-03 -7.564417120856e-02 3.035081157767e-02
Mode 3
-4.124991823196e-01 -3.546993958411e-01 1.821003124393e-01
-1.616418422933e-01 -2.183301439299e-01 1.064893004124e-01
5.461818582945e-02 -1.069447635012e-01 5.700881990698e-02
4.728529821864e-02 4.985419086982e-02 6.685666257356e-02
4.827506489508e-02 7.481974802991e-02 6.323825419388e-02
8.767053651413e-02 1.279621364485e-01 1.011539752877e-01
4.979017632881e-02 2.392942293069e-02 6.000717992209e-02
5.200130705023e-02 -5.267978562289e-02 5.522852239008e-02
4.891370036169e-02 -4.674097984848e-03 6.057203946697e-02
4.755337049552e-02 5.448616592787e-02 6.744288557969e-02
7.272500346310e-02 1.589138982597e-01 1.362747967776e-01
6.168193001254e-02 -2.346735798585e-01 4.881867258282e-02
8.178811991750e-02 -4.599482194926e-01 5.526517887862e-02
3.287741313323e-02 -3.555151752086e-02 1.213845959753e-02
4.096337688533e-02 -5.444908850072e-02 1.043947365110e-02
-4.643729229124e-02 2.080588292095e-01 -3.100525311414e-01
1.461944447766e-02 2.225925568186e-03 1.706458032405e-02
1.387729455227e-02 -1.176682497381e-02 1.671497495312e-02
Mode 4
2.926338087534e-01 -7.992155130984e-02 -1.943320216633e-01
9.806470711835e-02 -1.738520714811e-01 -4.545149439281e-02
5.981513523419e-03 -2.277955628863e-01 4.635426492274e-02
-1.138930267817e-02 -2.420654009430e-01 1.722553003468e-02
-7.368121599628e-03 -1.971790232733e-01 -4.952819553521e-03
3.791270633909e-02 2.605157234816e-02 -2.207371320683e-02
-2.506603229754e-02 -2.152074998349e-01 -2.421050403752e-02
-4.870072099905e-02 -2.009680432989e-01 -2.176182463874e-02
-6.113217832361e-02 -1.653056218513e-01 -6.757787765760e-03
-4.907040901505e-02 -1.510276364346e-01 2.539714134315e-02
-2.032949869915e-01 3.202378196683e-01 2.534354910407e-01
-2.885876945316e-03 -2.795983580059e-02 9.033977869070e-02
1.336346492512e-01 2.212474008596e-01 3.865776260201e-01
3.935460665051e-03 -5.146651432906e-02 2.026147460723e-02
-5.154749643830e-03 -6.938965777586e-02 2.450073361088e-02
-1.603533073268e-02 2.259380601519e-01 -1.702990367737e-01
-4.199662663501e-03 -5.029825064248e-02 -1.194618223140e-02
-2.490334899068e-02 -2.160562593416e-02 -4.913847161624e-05
Mode 5
-2.906148772248e-01 6.176886313319e-02 1.762462526195e-01
-7.909121250192e-02 1.603380487471e-01 5.395207298296e-02
3.811323894900e-03 2.003618015006e-01 1.278202283506e-02
-2.761480332642e-02 1.322669388187e-01 -6.740263209051e-02
8.701337972070e-03 2.312384806724e-02 -1.225263895356e-01
3.203899238767e-01 -3.252104299058e-02 -2.090992107680e-01
-2.545424907097e-02 -4.163767723634e-02 -1.773875668808e-01
-5.661269620927e-02 -9.417046009994e-03 -1.731379522815e-01
-7.866516106700e-02 5.713462176438e-03 -1.402478536308e-01
-6.399548998207e-02 4.705595568401e-02 -8.279367994853e-02
-1.952988470055e-01 -1.612188445639e-01 -4.857848590080e-02
4.585313243986e-02 2.709196793329e-03 1.868625072048e-02
3.312432867160e-01 2.881570834785e-02 5.524844386149e-01
2.131920268657e-02 6.688879366831e-02 6.180420251806e-03
-7.468211578673e-03 4.628485320175e-02 2.424258559707e-02
1.135751693904e-02 -7.698469486194e-02 8.310614452673e-02
-1.501584405484e-04 -3.007341639541e-02 -6.316396277725e-02
-3.582965318987e-02 -7.797388606887e-03 -4.176250364371e-02
Mode 6
-3.629550242530e-01 3.687385330579e-02 1.850447309627e-01
-9.031041419058e-02 1.638509751358e-01 5.264023172045e-02
-9.341101570319e-03 2.009704262198e-01 2.189693737063e-02
1.446670939248e-02 4.348772040694e-02 3.076700023616e-02
1.846728010194e-02 -9.849333939332e-02 2.895175339823e-02
-2.178611373796e-02 1.100186531282e-02 4.854311024701e-02
4.562412874550e-02 -3.043894040568e-01 3.870923900372e-02
7.202837606077e-02 -3.647403210897e-01 3.646819537443e-02
7.977425091243e-02 -3.565437820050e-01 2.716820275378e-02
6.054963149119e-02 -1.259044885807e-01 1.777178281495e-02
1.807345533061e-01 9.701365565633e-02 -5.485902711500e-02
2.511618292407e-02 -7.433275320153e-02 -1.464577661795e-02
-9.993775111645e-02 4.611845560583e-01 -1.868370512025e-01
-1.069813286943e-02 5.927365895352e-02 8.490921667943e-03
-5.565408181751e-03 5.827489256569e-02 8.542458910326e-03
1.066047167874e-03 5.494314648494e-02 -5.806440988149e-02
9.470026583265e-03 -9.476179029801e-02 1.715828868203e-02
2.880019995305e-02 -1.197226632354e-01 6.743060507845e-03
Mode 7
2.438773431612e-02 -1.431260558720e-02 -3.580992020054e-03
-3.045095600638e-03 -2.224383745408e-02 -1.545009439351e-02
-8.741433126744e-03 -2.062745881824e-02 -3.030101735694e-02
-1.033278204503e-02 3.235236527706e-03 -2.663823707160e-02
-1.689134855239e-02 2.791479280226e-01 7.870937587112e-04
7.852534428108e-02 1.211679271485e-01 2.723897233927e-02
-4.056465210423e-02 5.449390583480e-01 -3.667672899729e-03
-2.703439610628e-02 2.704980675829e-03 -4.577428893926e-02
-7.488885797753e-03 -5.178453619318e-01 -8.114822792234e-02
-1.397921472651e-02 -2.263779225273e-01 -4.856223768250e-02
-2.706817574358e-02 2.689288346327e-01 -6.765162608606e-02
-1.740330737382e-02 -1.262055439186e-03 -2.782612650456e-02
1.457533511894e-02 7.459116594179e-03 3.383450667259e-02
5.570815446450e-04 -8.679751051255e-03 -1.016097591264e-02
-2.968471855330e-03 -4.768226838317e-03 -9.138678875631e-03
6.522805978161e-03 -1.707016102213e-01 8.168642115468e-02
-1.456701694728e-02 2.801459016650e-01 3.634021905497e-03
-2.857392740124e-04 -2.651272551895e-01 -3.271561052651e-02
Mode 8
7.311990919112e-02 4.026042734982e-02 -5.202036621326e-02
-9.282552650381e-02 -5.350667900236e-02 6.003597752951e-02
-1.583468932659e-01 -9.089417458227e-02 8.475896833684e-02
-1.540088769306e-01 -8.265647766650e-02 7.814793919486e-02
-1.212336020185e-01 -6.070221146848e-02 7.526314688018e-02
5.744326997582e-01 3.723388985334e-02 1.485885741832e-01
-1.352377735186e-01 -6.792028628438e-02 7.376369506767e-02
-1.235269205075e-01 -2.388738844390e-03 9.835629021068e-02
-1.020047621665e-01 4.989964295144e-02 1.100660164867e-01
-1.145644952769e-01 -1.772188587938e-02 6.321477005379e-02
2.011812020869e-01 7.146095269871e-02 -5.439397671510e-01
-1.430827787925e-01 -3.804145010787e-03 1.011275424282e-01
-1.802070117177e-01 -2.340555730577e-02 6.643511565128e-02
-4.851283451747e-02 -3.113180796063e-02 2.370316355332e-02
-4.924110211165e-02 -2.024901587211e-02 2.064594594504e-02
6.780994654989e-03 3.509471898391e-02 -2.558100194697e-02
-4.076699983498e-02 -2.981037197029e-02 2.295803821840e-02
-2.719746979422e-02 3.474586915982e-02 3.391910789978e-02
Mode 9
2.064535607725e-01 -6.527914464929e-02 -1.325144413449e-01
-6.574687077729e-02 -2.095756380609e-01 1.012510429858e-01
9.540345168925e-02 -8.525840916680e-02 2.255068630656e-02
3.161006532094e-02 3.805628375779e-01 7.040679634311e-03
2.332020000705e-02 3.243350633920e-01 3.291219771093e-02
-8.254470101894e-02 3.741977974912e-01 1.306696187483e-01
1.759429350598e-02 -9.708135192454e-02 -4.340000683796e-02
-2.870512940576e-02 -2.710477997098e-01 -6.592457375771e-02
-4.242007876660e-02 5.902813698891e-02 -4.299468205488e-02
-3.999162558227e-02 3.307923088217e-01 -1.126169449121e-02
-7.386039911058e-02 -8.450906390773e-02 -1.267163790415e-01
-3.027632526402e-02 -2.979729779546e-01 -6.933120621185e-02
-1.059095698794e-03 2.257909073505e-01 5.395303427771e-02
7.378729658940e-02 -5.089312202811e-02 -1.338253232448e-02
6.997663754526e-02 -5.156497478708e-02 -1.491372916802e-02
8.584092135887e-03 -1.770905936408e-01 4.402344163540e-02
1.670231951727e-02 -8.364278282348e-02 -3.073583689836e-02
-1.078062411958e-02 -7.966686899280e-03 -1.450168373643e-02
Mode 10
1.353811509751e-01 3.037030089216e-02 2.384183834432e-01
-2.403894889020e-01 -2.365375682571e-02 -4.281850846978e-01
-2.375229943121e-01 -1.599941072290e-02 -4.843255742689e-01
-2.767970994367e-02 5.757949670936e-02 -6.402705576812e-02
-8.664350775851e-02 4.636817987315e-02 4.106543784964e-02
2.976038150702e-01 8.207175313603e-02 9.439198640263e-02
-6.266260301029e-02 -3.216224466116e-02 6.327772787320e-02
4.134291809647e-02 -4.844786923593e-02 7.223378535362e-02
8.983062765202e-02 2.187508960059e-02 -2.304071018539e-02
7.801516717831e-02 5.283485926031e-02 -5.085285245661e-02
-1.113888595080e-01 -5.986731487437e-02 2.951648117347e-01
6.284456381248e-02 -5.630083538378e-02 1.116911705045e-01
-4.189355327504e-02 4.090601583421e-02 -7.293171982532e-02
-1.559977445977e-01 -3.036723008430e-02 -1.397565650878e-01
-8.034835900678e-03 7.764792547499e-03 -2.162337783112e-01
6.966374536715e-03 -2.450677969298e-02 5.153488070017e-03
-2.759857377023e-02 -2.301215136658e-02 3.310233619650e-02
4.679916757311e-02 5.694320958068e-03 -6.374603708612e-03
Mode 11
-1.438854515500e-01 -5.006218833220e-02 6.681964797741e-02
2.185516693346e-01 1.404518239666e-01 -1.078324032528e-01
6.716975837987e-02 5.097524800023e-02 -4.578408110850e-02
6.167567789443e-02 -2.736130234693e-01 -5.224322135858e-02
2.982207207284e-02 -9.933615297415e-02 2.243954220925e-02
-4.934274249264e-02 7.419456048735e-01 1.518899732618e-01
1.195589187215e-02 -1.392181322892e-01 -2.081381337545e-02
-3.216144647694e-02 7.392037965269e-02 -1.691026082766e-02
-1.681157779161e-02 1.159729754018e-01 -4.301445519254e-02
5.485525145983e-03 -2.258601748069e-01 -6.055384086200e-02
-7.078942533087e-02 4.991535745177e-02 -5.558853273048e-02
-3.721302748618e-02 1.416197715728e-01 -8.230758049050e-03
-1.189807690491e-02 -8.968940428362e-02 1.563661419928e-02
-1.028733502037e-02 3.473648534397e-02 1.147377891551e-03
-1.950131114765e-02 4.055005707666e-02 5.369115318107e-03
1.654387806852e-02 -2.406800034730e-01 2.369677149255e-02
1.168987658591e-02 -3.760270136248e-02 -1.854528359567e-02
-2.029550988514e-03 1.171561267850e-01 -5.805560334814e-03
Mode 12
-6.518051130692e-02 -1.726345265063e-01 7.207332826772e-02
3.267285859896e-01 6.877386788530e-02 -2.104575214781e-01
3.066307092039e-01 8.323938628795e-02 -1.238364376437e-01
2.026212622202e-01 5.039130675225e-02 -1.133511492904e-01
1.006818244727e-01 4.999285150560e-03 9.964815679715e-02
3.233751984792e-02 -3.111052863103e-01 4.048775672224e-01
6.298890753327e-02 1.699023733388e-02 9.479530181633e-02
-8.628870865484e-02 -2.556650229972e-02 8.185298312339e-02
-3.415262774250e-03 -9.228247030168e-03 -8.251352836763e-02
-2.492563560978e-02 5.198151407507e-02 -1.560275940765e-01
-3.589469931382e-01 4.325646311688e-03 -2.425225698629e-01
-1.179885950949e-01 -4.688887212166e-02 1.115497458238e-01
-1.684495961400e-01 9.729583565686e-03 6.972960034907e-02
9.485096680750e-02 6.111672934102e-02 -1.804726980043e-02
7.970723735644e-02 6.950641457381e-03 -8.623713536351e-03
-7.778664312087e-03 1.146783049182e-01 -2.109041795250e-02
3.930648601287e-02 5.520971873299e-03 -5.320228222433e-03
5.121405999563e-02 -1.457079711659e-02 -2.414196429839e-02
Mode 13
1.684463119671e-01 1.826542371952e-02 3.211005581231e-01
-2.765150076148e-01 -3.665252578012e-02 -5.135209605832e-01
6.822590337119e-02 1.326039827019e-03 1.750542293677e-01
3.230965030919e-02 -1.993177236112e-02 9.398871792581e-02
8.383282483984e-02 -1.032055783959e-02 2.298728958379e-02
-1.489340712079e-01 -3.587855353832e-02 1.199347400080e-01
3.188197923163e-02 -6.577852003922e-03 -1.122753028277e-01
-8.022583383752e-02 1.601150154112e-02 -1.399421725058e-01
-1.169729068703e-01 3.381004088200e-03 -1.978610213536e-02
-2.565451948955e-02 -3.070411566495e-02 9.743748034938e-02
2.344236110032e-01 2.372239299617e-02 -6.034991769760e-02
-1.281199688883e-01 3.077454506287e-02 -2.234449940809e-01
4.544152427376e-02 -1.608979679655e-02 9.878000302609e-02
1.030685873170e-01 2.620257596136e-01 1.754584847971e-01
8.412869471594e-02 -2.426012648707e-01 2.127284196253e-01
-4.432777286892e-03 1.510139573644e-02 -4.779464788315e-03
2.886935232109e-02 -6.144102368645e-04 -6.309082786388e-02
-7.434232545891e-02 6.137466667194e-03 -5.751419006864e-03
Mode 14
-8.386782081947e-02 -4.048930528158e-03 -1.047408821324e-01
1.097939434023e-01 4.040770519125e-02 1.299051452506e-01
-1.093897025561e-01 -1.777815324922e-03 -2.424946618610e-01
7.031162794951e-02 -1.906287266931e-02 1.098007965607e-01
9.568152606560e-02 -8.260567459682e-03 8.889843275852e-02
-5.144473763895e-02 -1.202355338070e-01 3.789164362238e-01
-9.045359787620e-03 2.543331259387e-03 -1.830900514042e-01
-1.473539341653e-01 8.175432011802e-03 -2.395198017785e-01
-1.583162360673e-01 1.301868074240e-02 -1.129075684947e-01
2.368717377367e-02 -1.071514050821e-02 1.186817078902e-01
3.254915441311e-01 -9.634183862158e-03 1.209579356853e-01
-2.147358183979e-01 1.154423931325e-02 -3.482039114443e-01
4.880888622476e-02 -6.172940384262e-03 1.525178787044e-01
-1.779884088735e-01 -1.871831901582e-01 -1.477398194697e-01
-2.928317078913e-02 1.764675831924e-01 -2.428471004378e-01
-3.240071449041e-03 4.654992501629e-02 -1.091350045958e-02
3.155085873813e-02 3.051208457530e-03 -1.058677611530e-01
-1.048057159668e-01 5.182635135230e-03 -3.303281956575e-02
Mode 15
-4.519042449491e-02 -1.126903837819e-01 2.912679760942e-02
2.365082474112e-01 5.206759218261e-02 -1.198064660056e-01
1.430183176671e-01 3.197273736572e-02 -7.534397844084e-02
6.594266641470e-02 2.631882063863e-02 -3.899134073294e-02
-5.154003011453e-03 4.617576792665e-02 -4.150440228834e-02
1.731116068531e-02 5.642417518590e-02 -4.656662545401e-01
-4.225375022974e-02 6.945803100380e-02 5.501476913070e-02
-2.124643617513e-01 -5.423350762891e-02 1.103459870484e-01
-6.389837685779e-02 2.850811648625e-02 2.698474138667e-03
2.840083613085e-02 8.883722937090e-02 2.529755248685e-02
3.659667677358e-01 -2.693906857325e-02 2.123296243935e-01
-3.434880942431e-01 -1.458059688096e-01 1.789089271047e-01
-4.055817656950e-01 3.063248819958e-02 2.181113891083e-01
3.505163336385e-02 2.029102264477e-02 -1.588132343551e-02
2.993795998205e-02 1.745392518363e-02 -1.636801511066e-02
2.105149711653e-03 -2.958910124474e-02 1.061185158647e-02
-3.498400678100e-03 3.096276452221e-02 -6.993440011540e-04
3.439307361340e-03 -2.774265464398e-03 1.713308898165e-03
Mode 16
-1.143113611777e-01 -2.251256312143e-02 6.305626261163e-02
2.040706353604e-01 1.467431778830e-01 -1.180608625527e-01
-1.066124268149e-01 -5.449921990796e-02 6.631656807545e-02
-8.659973385368e-02 -3.530973630233e-01 2.828434147269e-02
-5.970291542876e-02 5.190091096979e-02 -6.415683068375e-03
1.050182173470e-02 -5.667253321504e-02 1.195621842627e-02
-4.974741945498e-02 3.030670421989e-01 2.890792364462e-03
7.330004445814e-02 -1.200798353199e-01 -4.060346249802e-02
-1.581034779517e-02 2.991448889784e-01 8.436547897190e-02
-3.527652695186e-02 2.263231558925e-02 6.410801751939e-02
-2.199959334713e-02 -1.766255296870e-02 -2.553158178825e-02
1.398521927446e-01 -5.782222023236e-01 -1.080814954367e-01
1.371807521196e-01 2.649991607884e-01 -5.824615151049e-02
-6.565060848220e-02 2.971751695978e-02 4.706152672213e-02
-8.487334924456e-02 1.215439575734e-02 5.255245339700e-02
-1.810424615627e-03 1.084317474302e-02 4.167996678179e-04
-2.904026425635e-02 1.479639382418e-01 2.455025234145e-02
-2.895853696812e-02 1.524407179689e-01 2.897379773818e-02
Mode 17
9.200355085801e-04 1.789306594730e-03 -3.415716272120e-02
1.753826183223e-02 -1.702508222324e-02 1.193735764859e-01
5.298930321277e-02 5.707579544914e-03 1.063050470673e-01
-1.073974408243e-01 -1.102022070711e-02 -2.181920674830e-01
-2.839815233856e-01 1.759503810844e-02 -3.504426524490e-02
4.053444452705e-02 -4.424762539934e-02 2.929825646816e-01
-3.726338264034e-01 -1.337324090301e-02 -1.514092840906e-01
-8.370262524395e-02 6.273327004606e-03 -1.489965168742e-01
8.328981072054e-02 6.229862633105e-02 -3.954413930273e-01
1.432953964050e-01 -1.946594629234e-02 -2.493774656624e-01
2.445447305769e-01 -5.334513669892e-03 2.180878801870e-01
1.183601458240e-01 -3.143949532837e-02 2.346015004261e-01
-5.662717382750e-02 1.182845162707e-02 -8.613681955010e-02
1.685506406009e-01 9.079474459313e-02 5.763567517268e-02
-4.220651049048e-02 -8.286956724524e-02 1.767133988918e-01
-9.981960186593e-04 1.429353426780e-02 -1.257328589305e-03
-1.101150981471e-01 -1.343048452638e-02 -4.223262200757e-02
2.809923111560e-02 3.711626774426e-02 -1.137819039814e-01
Mode 18
-4.456719800222e-02 -1.860926672464e-01 3.642356132069e-02
3.830125658455e-01 7.831332430118e-02 -2.038858632780e-01
-5.845198587878e-02 -7.043211114751e-02 3.930627407987e-02
-1.547198540200e-01 6.210776543311e-02 8.502511175857e-02
-1.595992030915e-01 -2.313589307024e-01 3.100630223884e-03
1.289844760648e-02 8.158655264846e-02 9.495604956206e-03
-1.840318896426e-01 -5.392715765848e-03 -3.658015114343e-02
3.039730271984e-02 -6.163057283064e-02 -5.046711366382e-02
-6.509917541848e-02 -2.328087099638e-01 7.095634632943e-02
-9.189928135357e-02 5.582527344257e-01 1.580151728023e-01
4.448589806028e-02 -5.995759764493e-02 8.284650436389e-04
1.423178611245e-01 2.217332335625e-01 -1.931724300466e-02
1.553987919766e-01 -6.568681383762e-02 -1.011016406516e-01
-3.139138770300e-02 1.868667989475e-02 3.281738039081e-02
-4.621186809200e-02 4.781165240266e-03 1.874406854157e-02
6.161610357162e-04 -9.361865426797e-03 -4.193887982104e-03
-7.516329131684e-02 6.837706702184e-02 2.350872474045e-02
-5.821103280745e-02 -2.288111520848e-01 7.027906497902e-03
Mode 19
-2.244545618999e-02 -1.658602942710e-01 1.946369754716e-02
3.095597755479e-01 4.439718095669e-02 -1.592598453592e-01
-3.303410907433e-02 -4.544104148993e-02 1.827493964911e-02
-1.320480382043e-01 1.445340482578e-01 7.365854072608e-02
-1.558326101262e-01 6.192724707807e-01 2.432663212248e-02
1.827516618853e-02 -1.460854403124e-01 -8.087179510819e-02
-1.148746370193e-01 -2.134455019626e-01 -2.621578013175e-02
3.090910881771e-02 -6.984082857901e-02 -1.282736916367e-02
-6.832116942472e-02 4.232111083873e-02 1.304541076734e-01
-7.135150166593e-02 -3.474504077759e-01 7.903718523107e-02
3.654129903570e-02 4.994918022138e-02 1.394013334466e-02
8.930030344331e-02 1.774286234955e-01 -2.825174223479e-02
1.118524583294e-01 -5.290391452084e-02 -6.489732156499e-02
-2.450347388238e-02 3.337100400164e-03 1.622786769342e-02
-2.173239083241e-02 1.342530137868e-02 -5.233590113367e-03
6.678712403040e-05 1.616534475777e-02 9.425658289863e-03
-4.623703129816e-02 -2.350633069047e-01 1.150198974050e-02
-5.717208997774e-02 1.224983096593e-01 4.618574771835e-02
Mode 20
5.072264415952e-03 1.302165175467e-02 2.020702805045e-02
-4.297571422645e-02 3.006971963426e-03 -6.269308594769e-02
5.030363659392e-03 -2.663460344087e-03 2.369251612336e-02
1.303590636848e-01 -5.556089101315e-03 2.428997653512e-01
2.336171441609e-01 3.106653040459e-03 5.374273049448e-02
-6.902109185516e-02 -1.357410241816e-03 -4.969763650149e-02
4.215265257275e-02 2.194726838365e-02 -2.625140908742e-01
-1.162181957765e-01 2.881557624335e-02 -2.128595838709e-01
-2.311785249588e-01 7.781340933320e-03 -1.197132858354e-01
-6.723477936521e-02 -4.709138754595e-02 2.030831278962e-01
-6.345053472576e-03 1.075888309342e-02 -9.448964452265e-02
3.171836007247e-01 -5.202768107934e-02 6.073299763382e-01
-9.315861227676e-02 1.433648732584e-02 -1.506294678914e-01
-1.237963624288e-01 -6.246326033311e-02 -9.578983044181e-03
5.676832483786e-02 5.367375168398e-02 -1.079607872775e-01
-1.066176265345e-03 -9.098214112296e-04 6.077230793073e-05
6.321665181686e-02 9.960376616868e-03 -1.561698378385e-01
-1.610192920681e-01 1.116941182599e-03 -3.652261293930e-02
Mode 21
-2.572880858922e-02 8.167994466392e-02 8.028944028021e-03
-7.785151352534e-02 3.070554913113e-02 3.961682611531e-02
-5.344278908837e-02 -4.448010391521e-02 2.580317991224e-02
4.354900506142e-02 -2.242849550979e-01 -3.641428385089e-02
7.780424399963e-02 1.681374817914e-01 -1.494951625348e-02
-1.159464496443e-03 -5.007108744064e-02 6.473730442893e-03
9.281689791676e-02 1.085242616618e-01 -2.828057742519e-03
2.327826364507e-02 -6.835955747285e-01 -5.146319157159e-02
3.939399840639e-02 1.036626759050e-01 -5.314201776582e-02
3.584875595123e-02 1.653067363577e-01 -3.383049985988e-02
-1.322671535851e-02 -3.083054001278e-02 -4.187830822322e-03
-5.273099587933e-02 4.143144979534e-01 7.131194025381e-02
-6.087286142765e-02 -1.466951497757e-01 1.995234875303e-02
-2.537708346954e-02 -5.034008864509e-03 1.290565377904e-02
-3.361168534589e-02 -9.748489682087e-03 2.442411109091e-02
-1.902135544379e-03 3.994212462509e-03 2.602172413725e-03
2.718827552322e-02 2.686921711847e-01 -1.236451069979e-04
2.166480460627e-02 2.640957565004e-01 3.195736756050e-03
Mode 22
7.287902290330e-02 -7.952925079862e-02 -3.086232569261e-02
-4.550751798868e-02 -1.097351855245e-01 2.247539193347e-02
3.068162457729e-01 2.347620102981e-01 -1.555078019927e-01
1.569109105786e-02 3.190674047022e-01 3.602191131249e-02
-1.528575126956e-01 -3.490771197744e-01 7.707646582220e-02
1.535450284647e-02 2.958399975235e-02 -4.807668219016e-02
-2.614548650293e-01 1.395839309069e-01 4.643664047345e-02
-3.324699325930e-02 -2.156979199199e-01 6.438829640534e-04
-1.542839373754e-01 1.148575853399e-01 1.655247144513e-01
-1.094571264939e-01 -2.886126850159e-01 8.132201028348e-02
3.519489486058e-02 8.671778856465e-03 9.906934275580e-04
9.889590134579e-02 2.596726017561e-02 -6.349681914122e-02
1.436033036339e-01 -4.431914357547e-04 -7.486044519827e-02
1.091057467056e-01 2.144996012181e-02 -7.233212569758e-02
1.472427055153e-01 4.204190693188e-02 -8.383600796366e-02
1.922960135781e-04 -1.873370170046e-03 -2.487963712208e-03
-1.059953516010e-01 2.547669666188e-01 5.965824877932e-02
-9.642148517294e-02 2.330527905266e-01 6.398075354387e-02
Mode 23
-2.340386723636e-04 -2.231981185288e-02 1.895425886963e-02
3.062566019481e-02 1.627447026632e-02 -8.606877710752e-02
-5.413667157811e-02 -5.396014632475e-02 2.155910104978e-01
1.102831906539e-01 1.090079191101e-01 3.137002132497e-01
-4.886877783784e-02 -6.803864073731e-02 3.838153036450e-01
-9.880501145553e-03 4.125724220272e-03 -2.010648415150e-01
-2.664518922446e-01 9.292474069699e-03 2.619183975695e-02
2.402842549703e-02 -2.089295362059e-02 -9.458540433054e-03
2.766478060454e-01 4.924973456415e-02 -3.237957338175e-01
4.406330830392e-01 -5.673216900388e-02 1.262803541223e-01
-1.972259524253e-01 9.915771154329e-03 -1.303907787977e-01
-1.019415912701e-01 4.808843273006e-03 -1.237206235489e-01
-2.691627911082e-02 -4.345559423361e-03 4.657851373839e-02
-1.582734304572e-01 -7.328427301072e-02 5.124796349864e-02
4.528492772122e-02 5.648147233297e-02 -7.496891265825e-02
-2.819412452739e-06 5.028197502863e-04 -1.443806830426e-03
-6.733993543380e-02 2.185215383304e-02 -9.561385767338e-03
8.138646720948e-02 4.359480031074e-02 -9.334571784644e-02
Mode 24
-1.797255072185e-03 -1.186649139112e-01 3.844901028488e-03
2.090896611083e-01 3.147790128354e-02 -9.321394768570e-02
-3.858347943232e-01 -1.272424662667e-01 1.634025352058e-01
-1.905417996389e-01 5.143981511638e-01 1.152291098264e-02
1.128429971464e-01 -2.517240820217e-01 -2.520848542390e-01
-9.571299718244e-03 2.512992423582e-02 1.216427449059e-01
2.709862257979e-01 7.921403207394e-02 -7.415250002771e-02
7.666812478325e-02 -5.681124184606e-02 -3.633608453495e-02
9.827329021705e-02 6.506509848324e-02 -3.220200885542e-02
2.329246970834e-02 -2.239781724729e-01 -1.022413410866e-01
9.739163193963e-03 1.026807820350e-02 2.871942768478e-02
-6.305314210077e-02 -2.512066962453e-02 7.481935119371e-02
-1.223231770658e-01 -4.935432986716e-03 5.795380467200e-02
-7.234594690228e-02 7.671835911867e-03 6.626350033059e-02
-1.315532668686e-01 -2.288706716901e-02 5.458442447865e-02
-3.338538800677e-06 -2.453343375666e-03 -5.716888549010e-04
8.101566872061e-02 1.541897031326e-01 -2.281818236887e-02
5.859235743498e-02 1.358054161676e-01 1.872700148232e-04
Mode 25
4.236209631135e-02 -2.212773888443e-02 3.829905035122e-02
-1.255083077827e-01 -4.147669901021e-02 -2.019183688640e-01
2.742819758334e-01 1.001413521521e-01 4.059034602676e-01
-5.665088060443e-02 -7.074238859327e-02 -3.226164863176e-02
-1.101161059523e-01 4.373654692787e-02 -3.593560932395e-01
-3.039158776758e-03 -4.483613259718e-03 1.189712810344e-01
-7.565137327839e-02 -4.421201350417e-02 -1.744336551684e-01
1.305279444805e-01 -1.693442308340e-02 -1.144064126493e-02
1.169197195151e-01 1.046326926324e-01 1.530473623667e-01
-1.666446242718e-02 -1.105453288463e-02 -8.168363607866e-02
4.671035779976e-03 1.237349106220e-03 2.346992478993e-02
-6.210484610024e-02 6.529899546540e-03 1.906298401988e-02
-9.091202261739e-02 -8.553607443465e-03 5.213379364786e-02
-2.559060338012e-01 -2.896905942865e-01 -9.441761692332e-03
1.581078675734e-01 3.125331886304e-01 -2.487753275447e-01
2.308561004879e-04 -1.728745143146e-03 1.771496264137e-03
-8.079394562530e-02 8.366485374400e-02 3.560599506489e-02
8.702527605654e-02 -1.936945388981e-01 2.921948976661e-02
Mode 26
-1.986622691291e-02 2.508520038025e-02 -1.748382888078e-03
2.531356216454e-02 2.585154852678e-02 3.286657513665e-02
-5.154803496814e-02 -5.888386948592e-02 -6.566859262944e-02
2.135591334452e-02 4.958888270845e-02 -2.229335206952e-03
2.670995302770e-02 -4.328146022676e-02 9.467964958902e-02
2.205705553718e-03 2.226974580383e-03 -3.288372502293e-02
2.448943399855e-02 3.659246569697e-02 7.747535767943e-02
-4.331099672786e-02 -2.289425775223e-01 -1.403430999955e-03
-6.674411426416e-02 5.016694197463e-01 -2.170044753451e-02
-2.163345097148e-02 -1.880387658061e-01 -2.660256965875e-02
1.310155953429e-02 2.164420485291e-02 4.775906937748e-03
2.297756228913e-02 8.810851533543e-02 -4.070895141797e-03
4.031782820726e-02 -1.607118297574e-02 -2.336879214082e-02
4.606685980675e-02 3.795013834039e-02 2.348734201032e-03
-2.772081875700e-02 -6.709243679088e-02 4.449580835291e-02
5.449991714785e-05 3.303038993421e-04 -5.019043200422e-04
2.137028219395e-02 -1.389809687771e-02 2.296785471339e-03
8.975984790773e-03 -7.655202058392e-01 -7.901544713998e-02
Mode 27
4.478614682879e-02 -8.960086195417e-02 -4.840743952865e-02
2.554312424728e-02 -8.127658558244e-02 1.289838303901e-01
-3.826986344790e-02 1.988306372274e-01 -2.730566432645e-01
-7.506695065289e-02 -8.729368909383e-02 7.817173851170e-02
-7.142666303339e-04 3.448083082039e-02 -1.770167270678e-01
-1.925462818881e-02 -3.616571362974e-03 6.850048372087e-02
-1.277670099054e-01 5.162331185259e-03 -3.729184127133e-01
2.194094471103e-01 6.099389039822e-03 -1.471123455227e-01
2.458128202644e-01 3.580865973726e-02 3.169396224865e-01
2.987865636877e-01 -9.513494454209e-03 3.074531854264e-01
-1.419265820505e-01 3.341685712913e-03 -7.473538660335e-02
-1.180870517096e-01 -2.766259914936e-03 6.671923376267e-02
-2.006040866112e-01 -1.471212919955e-02 1.053685800018e-01
1.571470862583e-01 2.179898061032e-01 -1.592780140910e-02
-4.731558279269e-02 -8.784138184167e-02 1.062532152268e-01
-3.995453694882e-04 -3.501466110168e-04 8.205478296453e-04
-4.818234513830e-02 2.052541281536e-02 -9.962956390891e-02
-1.334088656713e-02 -9.971212273583e-02 8.779383195682e-02
Mode 28
2.697918634675e-04 6.508892807818e-03 5.595038349036e-03
-1.447814898041e-02 1.647377507442e-03 -2.068639589703e-02
3.787947574340e-02 1.308704601577e-04 3.747100887292e-02
-9.811586327898e-03 1.004966514731e-02 -4.453612925158e-03
-6.947099963765e-03 -1.799455450724e-01 -6.531018192561e-02
-4.178959091534e-03 2.716946500264e-02 2.526237368183e-02
-3.410968820983e-02 5.125051639327e-01 -3.493247722533e-03
3.266836014395e-02 -2.042870094191e-01 -2.306301549358e-02
2.475678361360e-02 -2.245020726054e-02 3.629629873401e-02
5.501595566747e-03 -6.676151255796e-03 -1.476658396524e-03
-3.650142535892e-03 -2.196267691664e-03 8.378719162185e-04
-1.380388174932e-02 7.673617897041e-02 1.137020267228e-02
-1.879694634489e-02 -1.812417582527e-02 9.195861355418e-03
-2.050027389276e-02 -3.417289477768e-02 -3.603267462421e-03
2.093411998704e-02 2.797074106610e-02 -2.748203549231e-02
4.667402669160e-04 -1.366218796402e-03 -8.746964760648e-04
2.545453168311e-02 -7.923213242124e-01 -6.140110846858e-02
6.959213777136e-03 7.310868372944e-02 1.742154210154e-02
Mode 29
2.005367830762e-01 -3.837715494639e-01 -7.775917458657e-02
-1.249423662908e-02 -2.909708673133e-01 7.928145507802e-03
-1.933360409713e-01 6.235580529671e-01 8.018854152601e-02
-5.381981355830e-02 -1.320769010320e-01 1.608750014376e-02
2.323862197596e-02 3.570025123244e-02 6.874803566351e-02
5.560981748151e-03 -3.260503756328e-03 -2.599181514972e-02
1.262268178066e-01 1.326616251126e-02 1.262352601327e-01
-5.630897674884e-02 -1.414223123496e-02 2.661882365831e-02
-4.212334547157e-02 2.418737816876e-02 -1.665872429991e-01
-4.325456917424e-02 4.084917395869e-02 -4.931062615420e-02
2.538786791208e-02 -3.414549426836e-03 1.269448517327e-02
2.254317856505e-02 7.798710571637e-03 -9.158870814042e-03
3.826601944170e-02 1.342161680453e-03 -2.092347175244e-02
-1.806996524278e-01 2.127118613212e-01 5.714622442149e-02
-1.631651215471e-01 2.536611109551e-01 7.061596621090e-02
2.614707863483e-04 1.996024753459e-04 5.641282540120e-05
5.245320664349e-02 -3.966443751065e-02 1.689018514992e-02
8.075026210937e-03 -2.888981220972e-02 -5.362950883310e-02
Mode 30
8.997403487785e-03 -2.418293911488e-02 -1.922979078869e-03
1.527384803056e-03 -1.429588294640e-02 -5.143216384819e-03
-1.084672444232e-01 -5.977210662391e-03 5.972372587339e-02
1.839128298246e-01 3.861411538299e-02 -9.803814047084e-02
1.341002085170e-01 -1.967237819120e-02 3.877579697525e-01
-9.982362945301e-03 -1.965117217563e-03 -6.203273631350e-02
-2.338101359841e-01 8.973690124895e-03 -2.949172193313e-01
-2.660359357352e-02 1.422200339001e-03 1.145887332549e-02
1.210662647670e-01 -2.157773568127e-02 3.416513075931e-01
-2.627251656168e-01 1.322438401669e-02 -3.145324141256e-01
5.085646512179e-02 -2.558877602996e-03 4.693707741448e-02
1.073600021862e-02 7.808409152759e-05 -7.294331208397e-03
1.716783405896e-02 1.314530051388e-03 -8.702497553785e-03
-9.733866603391e-02 1.825226676528e-02 3.740374113559e-02
-9.520412941765e-02 3.101030083318e-02 5.400529294392e-02
-3.376113072237e-04 1.421026099975e-03 -1.079731254832e-03
9.577370249735e-02 3.375188856026e-02 -3.534730321365e-01
3.826369471212e-01 5.779810566455e-03 1.113272678797e-01
Mode 31
-1.141128675801e-02 -5.315397669826e-03 -2.798495187755e-02
8.150007606928e-02 5.671074256231e-03 1.659359742274e-01
-6.698509422000e-02 8.363544108231e-03 -1.154165829193e-01
1.640332008055e-01 -2.633450456271e-02 2.660671463463e-01
6.834459510094e-02 1.925621657669e-02 -2.574520231052e-01
-6.035697141370e-03 8.757905168481e-04 3.414720196659e-02
-9.857858174222e-02 2.765016101256e-03 -6.068707433860e-02
-2.900751170312e-02 -5.093683889534e-03 5.713861950641e-02
-2.467820599988e-02 7.283113359975e-03 -1.084714763190e-01
-1.929841808044e-01 -2.710087473594e-04 -4.842506146000e-02
2.839930301307e-02 5.854579038711e-04 7.033788994173e-03
2.220241172259e-03 1.531398698023e-03 -1.558797587081e-02
2.154995779770e-02 1.136382142842e-03 -7.627599358085e-03
-3.248140628968e-01 2.996518931011e-01 1.589775924553e-01
3.216614708541e-01 -3.010382341801e-01 -1.191479892379e-01
1.263269804521e-04 -1.285568919622e-03 8.297078155770e-04
-2.219592795050e-01 -3.237805288058e-02 2.780728085747e-01
3.839923163295e-01 1.348364673337e-02 -2.714495837071e-02
Mode 32
2.980048477042e-03 -8.113521696325e-03 -1.892873694265e-03
-1.165869276225e-02 -1.433151347582e-02 1.269054350026e-02
-1.253094041390e-01 -6.408717428844e-02 6.323704902134e-02
4.297057261777e-01 7.839105477001e-02 -2.037403236777e-01
1.332931170973e-01 -4.854334779792e-03 7.182063606357e-02
-8.798891334268e-04 3.106384637601e-04 -6.979978952195e-03
-1.642120566741e-01 -6.060379514447e-03 -1.834403272888e-02
2.668529226135e-01 1.782597871782e-02 -1.221651568624e-01
-7.176052219200e-02 -1.492415644632e-02 1.342626258643e-01
5.761144068817e-03 8.909014127820e-03 -1.742632416434e-01
5.012023105898e-03 7.813853978948e-05 4.274407655972e-03
-4.083995456010e-02 -3.052389343000e-03 1.775973821140e-02
-9.668374699443e-02 -6.565759723923e-03 5.234024302908e-02
-2.005152476169e-01 6.615293754328e-02 8.350707186186e-02
-1.697062722020e-01 4.673588000501e-02 1.014407182937e-01
9.966757158383e-05 6.958869367620e-05 -7.764130132035e-05
-2.849663423863e-01 -3.801114033796e-02 3.663295236679e-01
-4.770768958171e-01 -1.580739443282e-02 3.069838027997e-02
Mode 33
9.061957439934e-03 1.964299529259e-03 1.702024997201e-02
-6.416267448126e-02 -1.033737523536e-02 -1.077811767947e-01
-2.293519868985e-02 -3.017553085708e-02 3.357536610517e-03
1.267525926399e-01 3.472250699334e-02 -7.188112809266e-03
3.106247938118e-01 1.935535039062e-02 -1.755014790114e-01
-9.536245968123e-03 1.347131440286e-03 2.165289332657e-02
-1.693791263274e-01 -1.044596044161e-02 2.981202656779e-02
-2.523063849171e-01 -4.433389524840e-03 -4.903782482744e-02
2.086529604219e-02 2.571784645594e-03 -3.327013490993e-02
-4.562739807631e-02 -2.491301933533e-02 2.602745965377e-01
-1.117311144383e-02 1.144961730068e-03 -1.840075737811e-02
3.108459560735e-02 1.802433915379e-03 -4.417205996305e-03
6.765664826377e-02 4.771639065494e-03 -3.960624559959e-02
2.758784451474e-01 -1.765915979396e-01 -1.218878256259e-01
-3.765730440583e-01 2.365930735232e-01 1.757497929990e-01
-4.979415030851e-05 -4.864978316436e-04 3.541593091643e-04
-2.412171309980e-01 -3.397092432962e-02 3.006049680679e-01
4.007436512232e-01 1.673768143778e-02 1.987852996422e-04
Mode 34
-5.932229980145e-04 6.229156143278e-03 5.767531524078e-03
-4.430143029460e-03 7.538510277335e-03 -3.433036174257e-02
9.710535708824e-02 4.538753283901e-02 -5.916193131456e-02
-2.878528252035e-01 -4.987691340668e-02 1.720813115142e-01
2.321215108637e-02 -1.826786475206e-02 3.333125808099e-01
-3.905645361586e-03 -1.529651237165e-03 -4.225193946586e-02
1.401846225281e-01 8.093003516301e-03 -2.784186444813e-02
4.566966579979e-01 3.802401588295e-02 -3.252072769578e-01
1.124450784242e-01 1.722774076473e-02 -1.630681364789e-01
-4.097432463981e-01 -5.822034918040e-03 -5.570981458828e-02
5.089710851625e-02 -1.664256278673e-03 2.978237200929e-02
-6.677012443742e-02 -6.271614006474e-03 4.342105601410e-02
-1.898343790659e-01 -1.261071487072e-02 9.936182725514e-02
1.942666351674e-01 -9.738902843344e-02 -9.469321116780e-02
2.653169689130e-02 9.773995491697e-03 -1.293121435204e-02
-8.704888074906e-05 1.543700386495e-03 -1.182377271973e-03
-1.141814103128e-01 -2.413967168031e-02 2.539262096144e-01
1.166506408079e-01 8.045789864465e-03 -5.708187216410e-02
Mode 35
-1.427480753538e-02 6.660183490923e-02 6.380755831366e-03
-8.502484253339e-02 -2.491620618544e-02 2.553474795959e-02
3.963227447945e-01 -2.493454398605e-01 -2.187376817760e-01
5.405958270129e-03 7.066633984658e-02 2.578183289371e-01
-2.563583085940e-01 -1.579393060344e-02 -3.611904131019e-02
1.836341073858e-03 1.053089677240e-03 3.106303433577e-03
1.416614795975e-01 1.102176659715e-02 -1.167333865150e-01
1.285936327989e-01 -3.651331303404e-03 1.200180399134e-01
-1.310467764719e-01 -8.847169449868e-04 -7.869989454156e-02
8.753290548321e-03 -3.501066161675e-03 -5.241027464572e-02
3.224603195071e-03 1.482478865720e-03 -5.312968389257e-03
-1.033125502042e-02 -3.192662082393e-05 -6.199523255878e-03
-1.675263132955e-02 -1.447456017100e-03 1.353414235423e-02
-2.923404002799e-01 2.074793352505e-01 1.324850654900e-01
-4.488586522703e-01 2.682509841824e-01 2.356998886028e-01
-8.997838444516e-05 -2.308699139438e-04 1.699423749782e-04
4.983615532940e-02 9.273626365636e-03 -4.419105303186e-02
9.579749489835e-02 7.537679108999e-03 -2.266271441938e-02
Mode 36
-1.077297682027e-02 3.174166921929e-02 -3.656032186412e-03
-1.475014808666e-02 -8.412976562512e-03 5.758470789495e-02
2.251934454262e-01 -1.237842051809e-01 -5.489337622494e-02
-2.674198478077e-01 6.024551183227e-02 -3.554041697552e-01
2.558833217366e-01 2.651140288982e-03 3.602660477974e-02
2.553312931887e-03 7.312185574804e-04 -1.949061522027e-03
-1.280402739800e-01 -2.983658493262e-02 2.989758651959e-01
-1.389172306335e-01 1.805080414988e-02 -3.082261794709e-01
3.315071628983e-01 7.805438903202e-03 3.168619042027e-03
-1.380875761563e-01 -3.052596054875e-02 2.856649937390e-01
-5.848748582441e-03 1.198815584527e-04 2.978472084255e-03
7.573759737439e-03 -1.121766412258e-03 1.903755204918e-02
-1.112182717121e-02 -1.142474831603e-04 -3.409842517189e-03
-3.851744058102e-01 1.967060045519e-01 1.596175829145e-01
-5.049587080081e-03 3.054360173923e-02 -3.690253567005e-03
7.326396118167e-04 -3.323739178943e-05 -1.370169881816e-04
6.492959713007e-02 9.388314810448e-03 -7.006476822608e-02
-4.199959308201e-02 3.179939921302e-03 -1.838690190898e-03
Mode 37
-1.454635252660e-03 1.308082814370e-03 -1.855462645282e-03
4.681026233331e-03 -2.822492528124e-04 1.484650459614e-02
9.274509000359e-03 -2.169764923463e-02 5.969022892239e-02
-4.653057128966e-02 1.309353867230e-02 -2.153778314470e-01
-2.674475430944e-01 -2.656914440543e-02 2.556905186616e-01
8.533733235219e-03 -1.108815406037e-03 -2.031341319427e-02
3.463558770428e-01 1.851830538928e-02 -6.446637217732e-02
-2.268523731361e-01 2.012804628191e-02 -3.939911831374e-01
-2.404063274888e-01 -2.730554285404e-02 2.546091156552e-01
3.624390191605e-01 1.276729392858e-02 -1.985347027905e-02
-2.802487428787e-02 1.629266076321e-04 -9.083137935876e-03
3.554871201690e-02 -3.320300464283e-03 6.436146374906e-02
-2.708841938837e-03 8.426964331316e-04 -1.351580308760e-02
-7.833110708292e-02 5.509819174602e-02 5.905403811606e-02
7.150550363940e-02 3.342706042860e-03 -6.707360273035e-02
1.706852123662e-04 8.376159106351e-04 -5.301299115692e-04
-8.143270125293e-02 -2.400868545395e-02 2.965140758887e-01
2.975545662212e-01 1.739297592840e-03 9.765199607061e-02
Mode 38
-2.552812209808e-03 -7.341457247755e-03 2.496067904733e-03
3.033540740986e-02 1.682474312869e-02 -2.012974608439e-02
9.615444561864e-02 2.392232622986e-01 -5.978724666511e-02
1.686808623099e-02 2.768036745829e-02 -1.211317276483e-02
-6.253821105935e-02 -4.356194273725e-03 -8.210870059290e-03
6.265913728868e-05 1.019488589534e-03 8.883335398503e-04
3.589374429351e-02 7.814582555989e-05 7.234546440823e-03
-9.869003362285e-03 2.022004452289e-03 -3.329295479929e-02
-1.205699332645e-04 -3.486586083550e-04 -1.747196458312e-04
1.365315212498e-02 -5.993638713878e-03 4.814198232500e-02
-5.758198122782e-03 8.784368593015e-04 -5.918279543905e-03
1.918256960444e-03 -3.688349811257e-04 4.250322113914e-03
-3.690378588791e-03 -1.621982726102e-04 9.106776573953e-04
-3.929283164949e-01 -4.892593436722e-01 -2.476622895585e-01
-2.598444175184e-02 -4.390423855146e-01 5.177224939717e-01
4.528495677039e-04 -5.284126208444e-04 2.302444298396e-04
1.450853168816e-02 2.327765352670e-03 -1.793540884324e-03
3.291491737534e-02 2.316060672933e-03 1.302598803963e-03
Mode 39
1.037211975472e-03 -5.941559363509e-03 1.394623957326e-04
1.795117418015e-03 -1.080065399028e-03 -3.312723646838e-03
-1.515327460340e-01 -4.680405069726e-03 7.056058373044e-02
4.681802257187e-01 3.170318542752e-02 -2.021893138400e-01
-3.793712502560e-01 -6.961642360833e-03 -1.203695418895e-01
1.305506098664e-02 8.997583156234e-04 6.770077818886e-03
-1.839705224520e-02 -1.860370210203e-02 2.430895963255e-01
3.169476747783e-01 2.548392475154e-02 -2.061614539892e-01
-1.208672869577e-01 4.160891446192e-03 -1.127718968740e-01
-1.699452227345e-01 -3.466773897319e-02 3.711815277719e-01
2.004568296648e-03 1.486598575816e-03 -1.839114774646e-02
-1.432282515626e-02 -1.569621117479e-03 9.121046831800e-03
-8.728544282519e-02 -5.804817834006e-03 4.563872785743e-02
4.646285155935e-02 9.038703215970e-03 1.229828625361e-02
-3.920022338697e-03 1.207788824020e-02 -3.346265704675e-02
3.253462864112e-04 -3.667054197188e-04 2.963700163382e-04
1.862384471130e-01 2.431661076150e-02 -2.176026588685e-01
2.357862331089e-01 1.109979556389e-02 -3.540547274360e-02
Mode 40
1.037342870154e-03 -4.171970987940e-04 1.123116655617e-03
-4.635917631173e-03 -9.151599098296e-04 -7.763097151177e-03
-2.083557132652e-02 2.902355064827e-03 -4.595054467143e-02
1.980612475359e-01 -2.723723229059e-02 4.487922995799e-01
-1.901456370136e-01 6.844041733284e-03 -1.849060369729e-01
2.887072186767e-03 1.931790927836e-03 -4.946468762621e-03
1.101805424622e-02 -2.283037431339e-02 3.206842895167e-01
-2.802502511211e-01 2.203123856156e-02 -4.418054516513e-01
3.384264650272e-01 -3.604636026630e-03 1.970668688877e-01
-7.098362371945e-02 2.410378812615e-02 -3.167254862005e-01
-3.050376029172e-03 -7.361481682496e-04 5.412660556006e-03
1.756700447976e-02 -1.540738333410e-03 3.198752047688e-02
2.755764198007e-03 9.398239564805e-04 -1.273142805915e-02
9.635670589877e-02 -1.343801726822e-02 -3.287114104662e-02
-6.365055348461e-02 2.017270161289e-02 3.351780776932e-02
1.410511673421e-04 -8.700529874426e-04 3.553969703901e-04
9.173980398289e-02 6.319116672252e-03 -3.194543713797e-02
-1.327137293636e-01 -8.531687166590e-03 6.081483868902e-02
Mode 41
1.415209306108e-03 -2.445582689705e-03 -7.627200410248e-04
-4.116570414758e-04 1.446266846886e-03 5.800065934453e-04
3.356057219542e-02 6.956102161617e-03 -1.856473637818e-02
-1.949820550444e-01 -1.612950651684e-02 1.246914514016e-01
3.227735948309e-01 2.198120109919e-02 -1.203250123957e-01
-3.292757733116e-03 9.775841036162e-04 -1.975198957674e-03
-3.020712928028e-01 -3.777605922066e-02 3.697905724030e-01
3.039214169281e-01 2.524964648576e-02 -1.971158122373e-01
-4.768385542440e-01 -2.252185172338e-02 8.351395565232e-02
3.115955191273e-01 2.939655524830e-02 -2.477480270177e-01
-3.344436342567e-03 -3.426752305909e-04 4.227409907264e-03
-5.748919291460e-03 -9.001804786735e-04 6.765244882424e-03
-4.913113440142e-02 -3.269375316585e-03 2.542210402793e-02
-1.133844010719e-02 -9.522711091865e-03 -7.000975006631e-03
-3.715046284879e-03 -7.888218592272e-03 1.692166879246e-02
-1.158108222944e-04 -5.672969895463e-04 2.182339010793e-04
7.986034150570e-02 1.393282526234e-02 -1.597351128866e-01
1.812200881510e-01 2.646473403396e-03 3.559077205004e-02
Mode 42
-7.619825007716e-04 1.702206262159e-03 2.944000573425e-04
1.071703652563e-03 -2.117313523669e-03 -4.314328005556e-04
5.239384480588e-05 4.844131389628e-05 -1.015481530853e-05
-2.204313962555e-03 -1.742159555083e-04 1.498580229781e-03
5.954429303915e-03 3.184841029368e-04 -2.478071279274e-03
1.754924868080e-05 4.127382208482e-05 1.026488479384e-04
-5.802952947798e-03 -6.629609743061e-04 6.970547846266e-03
-1.026471155939e-01 -7.206072423128e-03 5.394279451854e-02
-8.883843785806e-03 -4.143175856103e-04 1.482570431828e-03
5.675210430371e-03 5.603307978891e-04 -4.490175251679e-03
1.968224159992e-05 1.669558132345e-06 7.803774880063e-05
6.896563138466e-01 4.646567469732e-02 -3.669095838404e-01
-5.388188867157e-01 -3.596815236377e-02 2.866976658588e-01
2.793871839426e-04 2.488001699957e-04 3.998923339795e-05
1.768605642228e-04 2.835805189151e-04 -2.567756303318e-04
-1.457345380803e-06 -2.084055340133e-06 -4.673510041724e-06
-8.990197941622e-04 2.277496309425e-05 -8.854232348171e-04
2.694315603769e-04 -8.694914248187e-05 1.523882561134e-03
Mode 43
-2.507456081360e-01 5.577814973004e-01 9.695548947711e-02
3.157631423079e-01 -7.012290967184e-01 -1.223125372760e-01
-3.844901487295e-02 8.932955638472e-02 1.411572144738e-02
-6.863782722336e-03 1.599014941483e-03 3.323355053765e-03
2.203362978632e-03 3.299017297698e-06 -6.220294522658e-04
2.732647025796e-04 8.152237576084e-05 1.495919341008e-06
-1.633738581934e-04 5.370055904394e-05 6.486271880485e-04
4.088169019408e-04 2.055352736411e-05 -1.870953726608e-04
-6.863500593320e-04 1.204619482649e-04 -2.296085126589e-04
1.818101074276e-03 -8.908181813789e-05 -1.301190457545e-03
2.687863627315e-06 1.409373851519e-04 4.918490005618e-05
-2.131987699595e-03 -1.914357485737e-04 1.127186208178e-03
1.684437459749e-03 1.288659427152e-04 -8.965903975681e-04
-3.665623958006e-03 1.191895700701e-02 8.553021149452e-03
-8.208851164825e-03 1.315749844325e-02 -2.927307318567e-03
-8.017193116743e-06 5.696813122392e-06 8.619945930286e-06
1.977941085624e-04 5.526628562956e-05 -2.515716867048e-04
3.906366066509e-04 8.570589621460e-05 -2.779236683192e-05
Mode 44
-3.793443647089e-03 7.146447499978e-03 1.559663770190e-03
3.943934379217e-03 -9.683554822353e-03 -1.997190405524e-03
-1.156758421506e-01 -1.957448696544e-01 3.928335041047e-02
-1.262561425527e-03 3.717318879334e-04 5.607891886686e-04
1.935508785924e-03 -3.668823455413e-04 1.322367858617e-03
8.280210843671e-04 2.624154072085e-04 1.224003229695e-05
-3.961000359389e-04 -3.941622996576e-04 -1.646000111242e-05
2.274017613090e-04 2.642498606258e-05 6.102680451090e-06
-3.628886465297e-04 -3.624347310193e-04 2.250486393374e-04
-1.605174109805e-05 1.955899854977e-04 -2.214720895646e-03
6.496564233901e-04 3.057759102253e-04 -7.237616192356e-04
-1.070675550729e-04 6.445570373718e-05 7.400499998154e-05
6.483746899018e-05 -1.142565093876e-05 -3.644348875239e-05
-7.439896970524e-02 2.810772471678e-01 -5.539954516596e-01
4.642330521976e-01 4.000369069362e-01 4.237580977780e-01
6.062547059465e-05 -4.980372385777e-05 3.220762008327e-06
3.117283145422e-04 9.344841732153e-05 2.049322372141e-04
-1.031998954965e-04 7.600393864415e-05 -8.810361265389e-06
Mode 45
1.314585124452e-04 -1.342681075387e-03 -1.225236418466e-03
-1.134857423283e-03 1.872095891552e-03 -2.700125795432e-04
-1.302109268885e-01 7.504729999921e-04 -2.811327701799e-01
-9.468121998255e-05 6.682581905722e-05 -1.374934526916e-03
5.027868430122e-04 -7.254441961972e-04 -1.400926375133e-03
-8.546159596049e-04 -1.139129477502e-04 5.598618102664e-05
9.336281020375e-04 9.265579011570e-05 5.423588197630e-04
2.975003005951e-05 3.063284179336e-05 2.690999636856e-06
-1.980059911475e-05 -1.239676091747e-04 7.908299804251e-04
-1.537990221130e-03 8.731131861557e-04 2.656689312964e-04
4.566143044248e-04 1.384337476880e-04 -3.673223433962e-04
-5.301623090977e-06 -6.964007899783e-06 2.103209030988e-05
5.242662186546e-06 3.251372130225e-06 -1.159278505089e-05
7.920839732369e-02 -3.354537217926e-01 6.442430451161e-01
3.804186702360e-01 3.298321760368e-01 3.414848428917e-01
-7.495459541863e-05 4.557564567847e-05 -1.186588465380e-05
-3.078044555672e-03 1.208907824755e-04 -1.721212308205e-03
-3.352412253987e-07 -8.085664896938e-05 -2.386480471313e-03
Mode 46
-1.150145902335e-06 -8.732641148139e-06 5.950072236116e-06
3.658374869336e-05 1.156756049022e-05 -3.359970910522e-06
3.494997537718e-04 -1.315503450535e-04 1.092157394777e-03
-1.343403624606e-03 -3.781930794946e-05 -8.201517616288e-04
-9.940217322438e-03 -8.463766148939e-04 6.802808317682e-03
-5.223519648023e-05 1.818460377195e-05 -3.547190085488e-04
2.475293869380e-01 -6.525293975931e-04 1.562314891494e-01
5.816991264311e-04 1.031234637974e-03 -1.319190088866e-02
-1.912982743322e-03 6.202994561280e-05 -8.905681069998e-04
-1.929208094999e-04 8.870222725148e-06 -4.107710920708e-04
-1.040755979071e-04 -1.709675360399e-06 -6.317053281540e-05
2.482269269474e-04 -1.469103146243e-04 1.306644374391e-03
-5.864318062270e-04 -7.827132879005e-06 1.616872746095e-05
-2.750543549532e-04 1.360508031336e-03 -2.615746157910e-03
-1.088819339204e-03 -9.210434038571e-04 -1.279411914522e-03
4.656808562804e-07 1.884030620203e-05 -1.956935228334e-05
-8.080361300387e-01 1.655145708220e-03 -5.109309567280e-01
3.655826287398e-04 3.193769403859e-05 -6.083004972659e-04
Mode 47
-4.730450093674e-06 1.552566563200e-05 -4.006872744297e-06
-8.936532962404e-06 -1.385718405937e-05 4.881609119185e-05
4.012886795480e-04 3.181665440126e-05 6.830708364589e-04
-9.878305688640e-05 2.071165149201e-04 -1.544971346549e-03
-1.038029858672e-04 -3.967828796865e-05 -4.741459079472e-04
-1.737719867975e-05 3.728868044186e-05 1.479931760119e-06
1.128790333799e-04 1.426330542371e-04 -2.157667197448e-03
-1.132123650610e-02 4.802509408970e-05 -6.767294962436e-03
-6.822892837356e-03 -2.311848986370e-02 2.923033257024e-01
1.278844865838e-02 7.280272788768e-04 -5.355857381511e-03
-6.559089585961e-04 -8.620637135046e-06 -2.421682158889e-04
9.513186179566e-04 1.103452044615e-05 8.162502640461e-04
2.964649128083e-04 3.145399227703e-05 -4.268353368608e-04
-4.397924971006e-04 7.208739685689e-04 -1.559690327391e-03
-1.072141723432e-03 -8.622891966301e-04 -7.724513156342e-04
1.896929752464e-06 6.925053458477e-08 -1.105393265475e-05
-1.112240804141e-04 -3.297240707395e-05 4.159346663664e-04
1.862416279003e-02 7.576449316350e-02 -9.526320122740e-01
--
Dipole derivatives 
Mode 0
3.702398574975e-03 5.091228657337e-03 1.677938109606e-02
Mode 1
-1.274691299064e-02 -1.018237150661e-02 5.193725138661e-02
Mode 2
-3.210092810246e-03 -1.028526404093e-02 -1.315569576717e-02
Mode 3
1.585768642884e-02 4.681502456181e-02 3.619013499471e-03
Mode 4
-8.500866804001e-03 -3.871126116191e-02 -3.297122577111e-02
Mode 5
1.787141750471e-02 1.454275509569e-02 -4.975147131456e-02
Mode 6
4.938531474157e-02 -3.096552738498e-02 2.460392844342e-02
Mode 7
5.957073799643e-04 -7.431724820326e-03 -1.285294986534e-02
Mode 8
-4.081270738400e-02 -1.710936204877e-02 -1.055080118169e-02
Mode 9
2.121724016377e-02 -6.051679174992e-02 2.931182555502e-03
Mode 10
7.659178119742e-03 -1.383210905423e-03 -6.830738176245e-02
Mode 11
7.642424825576e-03 1.825852403518e-02 1.785688988917e-02
Mode 12
3.706343101590e-02 -4.874021543905e-03 4.722325988678e-02
Mode 13
-1.271207329069e-04 -1.123975941927e-02 -1.785455211442e-02
Mode 14
-3.628829298386e-03 -1.297517806391e-02 -5.271078369138e-02
Mode 15
4.615721475829e-03 2.117906309343e-02 -4.123184318263e-02
Mode 16
-1.222955606657e-03 -8.646312766341e-03 -6.897651607266e-03
Mode 17
-7.150112850933e-03 -4.744634376444e-02 2.774918872553e-02
Mode 18
-2.243567989816e-02 -6.536815915114e-03 -5.446475920197e-03
Mode 19
-3.755046880722e-03 1.533164258172e-02 -2.806305939178e-02
Mode 20
-2.547734327950e-03 1.975889768417e-03 4.088801803921e-03
Mode 21
-2.786159809334e-02 5.772458531949e-02 9.074543979983e-04
Mode 22
-3.206663096228e-02 5.328253160745e-02 2.114319020105e-02
Mode 23
2.554600247794e-02 -2.028632538634e-04 1.457022698303e-01
Mode 24
-4.378855784795e-02 1.334419549754e-02 -1.259623249787e-02
Mode 25
3.342384081216e-03 1.510981629707e-02 -6.721382452616e-02
Mode 26
3.915722244604e-02 -8.916824654877e-02 -8.694167649104e-03
Mode 27
7.888140215563e-02 1.050561369182e-02 1.480580353878e-01
Mode 28
2.946484525638e-02 -5.757292898944e-02 -4.702179499369e-03
Mode 29
-3.532487290399e-02 1.098680513187e-02 -3.244473679527e-02
Mode 30
-4.479996181568e-03 5.254485146957e-03 -1.054387819546e-01
Mode 31
-3.462519900435e-02 -2.152353124040e-02 -7.906208100275e-02
Mode 32
-5.556703170729e-02 -7.956258765861e-02 -1.502826491091e-02
Mode 33
3.456515199612e-02 -2.299981221355e-02 5.965929896730e-02
Mode 34
-4.602461076427e-02 3.152600591667e-02 -1.183264981974e-01
Mode 35
1.288409917529e-02 -3.170441972673e-02 -8.700278935679e-03
Mode 36
3.915845624161e-02 1.964831514165e-02 -2.413413942650e-02
Mode 37
3.226258958747e-02 5.088767815715e-03 1.497125328157e-01
Mode 38
-6.064584246117e-02 -6.931458734347e-02 -2.993730835147e-02
Mode 39
1.162036580276e-01 5.283922657411e-02 3.807071020006e-02
Mode 40
-2.738544612467e-02 -4.148189322521e-03 -1.665690537908e-01
Mode 41
3.866220920838e-02 1.826908536161e-02 5.486678975095e-02
Mode 42
1.286806560071e-01 7.883393198351e-02 5.756258629849e-04
Mode 43
8.934340875992e-02 -4.214170100161e-02 1.828085628015e-02
Mode 44
-2.555173121590e-02 -1.951980352881e-03 -3.012236435623e-02
Mode 45
1.504358313378e-02 -1.361059617031e-02 5.720007633593e-02
Mode 46
-1.144598244529e-02 -9.094494050404e-04 -4.345363726694e-02
Mode 47
2.187450652802e-02 2.624183015631e-02 -4.177103260049e-02
--
Polarizability derivatives 
Mode 0
-5.168438682404e-01 1.127772572436e+00 -9.516965452865e-01
1.127772572436e+00 8.944499621739e-01 5.424695267725e-01
-9.516965452865e-01 5.424695267725e-01 -4.587048529117e-01
Mode 1
2.820316341113e-01 -2.050438657331e-01 -4.616127415144e-01
-2.050438657331e-01 -6.428590550845e-01 9.848739577323e-02
-4.616127415144e-01 9.848739577323e-02 3.346772543243e-01
Mode 2
1.318096239310e-01 6.828133483088e-01 1.057578984403e-01
6.828133483088e-01 4.930832471746e-01 -1.513393856691e+00
1.057578984403e-01 -1.513393856691e+00 8.109545518669e-01
Mode 3
-1.188267031994e+00 2.270660380405e-01 -2.113325098570e-01
2.270660380405e-01 1.468094101990e+00 -5.333046104894e-01
-2.113325098570e-01 -5.333046104894e-01 6.281515357973e-01
Mode 4
1.055767044137e+00 -1.740823102947e-01 -6.921539087200e-01
-1.740823102947e-01 3.614507235670e-01 -5.059445919541e-01
-6.921539087200e-01 -5.059445919541e-01 2.062813172171e-01
Mode 5
-4.827609855820e-01 -1.111833513362e-01 -1.047508993235e+00
-1.111833513362e-01 -8.167135015003e-02 -3.243370884440e-01
-1.047508993235e+00 -3.243370884440e-01 -5.990288501587e-01
Mode 6
-6.851961419643e-01 -2.014475482331e-01 4.633132038116e-01
-2.014475482331e-01 7.039926378859e-01 -2.419292283333e-02
4.633132038116e-01 -2.419292283333e-02 2.603705400726e-01
Mode 7
-2.074744236205e-01 3.972934338033e-01 4.100171309641e-01
3.972934338033e-01 -5.425053475600e-01 -7.257155192523e-01
4.100171309641e-01 -7.257155192523e-01 -5.643860293169e-01
Mode 8
1.383231247219e+00 2.471739822169e-01 3.792778740853e-01
2.471739822169e-01 -9.558970159974e-02 -6.623213388210e-02
3.792778740853e-01 -6.623213388210e-02 -7.459791099116e-01
Mode 9
1.385975394386e-01 5.643327542612e-01 5.884777344830e-02
5.643327542612e-01 -1.361106420375e+00 4.580872313254e-01
5.884777344830e-02 4.580872313254e-01 -6.931821683685e-01
Mode 10
-2.107191624480e-01 -8.846877284359e-02 9.983470676449e-01
-8.846877284359e-02 -2.890733765464e-01 -7.888014123979e-01
9.983470676449e-01 -7.888014123979e-01 7.362844613319e-01
Mode 11
-7.076972108700e-01 2.790969683692e-01 3.223119896084e-01
2.790969683692e-01 -1.144523845934e+00 8.135368077628e-01
3.223119896084e-01 8.135368077628e-01 -1.310337699805e+00
Mode 12
1.082444468904e-01 5.422266462591e-01 -4.630921337294e-01
5.422266462591e-01 3.755835599604e+00 -2.145552775638e+00
-4.630921337294e-01 -2.145552775638e+00 6.308832078187e-01
Mode 13
-1.397221357026e-01 2.065305911587e-01 7.320757041762e-01
2.065305911587e-01 7.351310277938e-01 -1.169425737455e+00
7.320757041762e-01 -1.169425737455e+00 6.884447511459e-01
Mode 14
1.964018698145e-01 1.110668028028e-01 5.997423170748e-02
1.110668028028e-01 2.071190939950e+00 -1.503587470775e+00
5.997423170748e-02 -1.503587470775e+00 1.900432753915e+00
Mode 15
1.815434937738e+00 5.805339967087e-01 1.851451357467e-01
5.805339967087e-01 -1.101347842375e+00 1.849826575075e+00
1.851451357467e-01 1.849826575075e+00 1.652860058850e-01
Mode 16
1.596006626901e-01 -9.513027083876e-01 -4.590681873738e-01
-9.513027083876e-01 -1.274360350391e+00 -1.718590447289e-01
-4.590681873738e-01 -1.718590447289e-01 -2.977377158900e-02
Mode 17
-6.386695440279e-02 1.600399678025e-01 6.357584753805e-01
1.600399678025e-01 2.252384522452e+00 -1.481589295554e+00
6.357584753805e-01 -1.481589295554e+00 2.307282744552e+00
Mode 18
-1.472852353109e+00 9.571337944765e-02 1.792263714753e-01
9.571337944765e-02 1.002855394694e+00 2.230171719498e-01
1.792263714753e-01 2.230171719498e-01 -7.612942167484e-02
Mode 19
-7.958756330102e-01 1.873773197986e-01 -1.168263182203e-01
1.873773197986e-01 -3.037541676276e-02 8.948343805261e-01
-1.168263182203e-01 8.948343805261e-01 3.202975444613e-01
Mode 20
-3.752941151831e-02 -1.753388571913e-01 9.769269943857e-01
-1.753388571913e-01 -5.463785010637e-01 1.041292552013e+00
9.769269943857e-01 1.041292552013e+00 -6.526282118665e-01
Mode 21
-1.062437195074e+00 6.994884495926e-01 -2.499654908155e-01
6.994884495926e-01 9.823283053823e-01 -1.433110384483e-01
-2.499654908155e-01 -1.433110384483e-01 1.081587335722e-01
Mode 22
1.744454868736e+00 6.774242384078e-01 2.499938793816e-01
6.774242384078e-01 5.270552535376e-01 1.083275108565e-01
2.499938793816e-01 1.083275108565e-01 1.040097421556e+00
Mode 23
-7.493806250321e-01 -1.069822906855e+00 1.084587211973e+00
-1.069822906855e+00 -2.491914294567e+00 2.772269979522e+00
1.084587211973e+00 2.772269979522e+00 -2.279290220102e+00
Mode 24
-1.951765730980e+00 -1.179336358260e-01 -8.336554457858e-01
-1.179336358260e-01 1.516069102537e+00 -2.139796398856e+00
-8.336554457858e-01 -2.139796398856e+00 1.016734659401e+00
Mode 25
6.609836743216e-01 1.061240799161e+00 -3.264755206916e-02
1.061240799161e+00 3.952032841320e+00 -3.909515189803e+00
-3.264755206916e-02 -3.909515189803e+00 4.751935606502e+00
Mode 26
-1.069783141226e+00 3.350850825341e-01 1.461451779037e-01
3.350850825341e-01 -7.617119471399e-01 7.813156974793e-01
1.461451779037e-01 7.813156974793e-01 -1.407646678892e+00
Mode 27
1.564669429253e+00 4.391022606797e-01 -3.438360354871e-01
4.391022606797e-01 2.430441360837e+00 -2.067637981912e+00
-3.438360354871e-01 -2.067637981912e+00 3.515388509212e+00
Mode 28
-6.322828709189e-01 5.328156071222e-01 -2.795399604503e-02
5.328156071222e-01 1.265386210205e+00 -2.451024765761e-01
-2.795399604503e-02 -2.451024765761e-01 7.556461663035e-01
Mode 29
1.008709443846e+00 -1.046885042209e+00 3.885429297030e-01
-1.046885042209e+00 -7.875965495234e-01 1.111593024780e+00
3.885429297030e-01 1.111593024780e+00 -1.711779768698e+00
Mode 30
1.190372838406e+00 5.260635306534e-02 4.112788648587e-01
5.260635306534e-02 -3.102044192542e+00 3.213470646830e+00
4.112788648587e-01 3.213470646830e+00 -9.901913150273e-01
Mode 31
4.911266323534e-01 1.271031253308e+00 2.459651387061e-01
1.271031253308e+00 3.674636325398e+00 -3.555718720835e+00
2.459651387061e-01 -3.555718720835e+00 4.005836351137e+00
Mode 32
-1.043640949846e+00 -4.863131405961e-01 -1.526266266708e-01
-4.863131405961e-01 7.649291417113e-01 -1.162278709604e+00
-1.526266266708e-01 -1.162278709604e+00 2.317767821862e+00
Mode 33
1.786710158098e+00 6.844982904362e-01 -3.569421890981e-01
6.844982904362e-01 3.471325236288e+00 -3.303651367912e+00
-3.569421890981e-01 -3.303651367912e+00 3.801220133862e+00
Mode 34
-5.344707410852e+00 -4.345168948955e+00 1.213074580311e+00
-4.345168948955e+00 -7.857398442837e+00 5.880981863199e+00
1.213074580311e+00 5.880981863199e+00 -7.818703184902e+00
Mode 35
-9.556342858096e-01 -6.527538702403e-01 -1.113900070871e+00
-6.527538702403e-01 3.517326372895e-01 2.961341580946e-01
-1.113900070871e+00 2.961341580946e-01 -1.678690805492e+00
Mode 36
-4.435253882898e-01 -2.726031865803e+00 2.555659540075e+00
-2.726031865803e+00 -2.371429607332e+00 -2.123005988736e-01
2.555659540075e+00 -2.123005988736e-01 1.205253602715e+00
Mode 37
2.609998255647e-01 -4.508899601546e-01 8.902646506862e-01
-4.508899601546e-01 -2.657718342925e+00 2.931079338225e+00
8.902646506862e-01 2.931079338225e+00 -1.561668868343e+00
Mode 38
2.274781755220e+00 1.522994898481e-01 5.663575138127e-01
1.522994898481e-01 -2.628651329190e+00 -6.064897791799e-01
5.663575138127e-01 -6.064897791799e-01 1.224431893631e+00
Mode 39
-9.676577671643e-01 -1.319202161845e+00 8.116037126693e-01
-1.319202161845e+00 2.418409993677e-01 -1.559904268460e+00
8.116037126693e-01 -1.559904268460e+00 1.796926268322e+00
Mode 40
2.242458328619e-01 1.612744396244e+00 -2.840608072876e+00
1.612744396244e+00 6.290707974415e+00 -7.913224120495e+00
-2.840608072876e+00 -7.913224120495e+00 6.631724234278e+00
Mode 41
-9.138749346871e+00 -2.945888657603e+00 -2.714461614891e+00
-2.945888657603e+00 2.486562018255e+00 -5.391035332388e+00
-2.714461614891e+00 -5.391035332388e+00 6.495323148974e+00
Mode 42
1.746820600330e+01 1.015161483970e+01 6.918135649759e-01
1.015161483970e+01 6.308963332015e+00 6.703275862416e-01
6.918135649759e-01 6.703275862416e-01 3.875137991977e-01
Mode 43
-7.697697444346e+00 3.718512178742e+00 -1.437367533853e+00
3.718512178742e+00 -2.464794923025e+00 6.303650700862e-01
-1.437367533853e+00 6.303650700862e-01 -8.524255891868e-01
Mode 44
3.663468024469e+00 5.758242610793e-01 1.235053662751e+00
5.758242610793e-01 4.864360680335e+00 8.945101718130e-01
1.235053662751e+00 8.945101718130e-01 6.349191224113e+00
Mode 45
-6.078983739439e-01 1.106214437132e-01 3.877805162851e-02
1.106214437132e-01 2.449239872177e-01 4.334667148099e+00
3.877805162851e-02 4.334667148099e+00 1.272885216689e-01
Mode 46
1.334732346355e+00 6.733323476609e-01 2.390532100200e+00
6.733323476609e-01 3.016720358758e-01 2.098032023579e+00
2.390532100200e+00 2.098032023579e+00 4.389738789085e+00
Mode 47
-2.411953014845e+00 -1.532518113802e+00 3.642732209324e+00
-1.532518113802e+00 -1.643860351535e+00 2.819624606245e+00
3.642732209324e+00 2.819624606245e+00 -6.210684975238e+00
--
