Number of atoms 
20
--
Anisotropy 
80.355
--
Frequencies 
18.006513653041
36.019035739175
43.217366598755
58.231741720637
71.096815670700
89.900618535740
162.087333232638
169.049293896155
179.481124549672
187.521934269648
223.911422958491
244.445960743847
301.615236936533
326.574165105296
336.695334582499
367.196156875911
413.640719668108
457.276280043848
478.676729407572
544.084571122155
558.178590334662
585.090731682098
635.198560635167
673.735741421426
727.608970913129
767.825443800146
788.673187908343
831.609863051489
853.390424003140
915.609411930773
981.606844832874
1003.146902591149
1033.239892592657
1101.443039763695
1118.508773052069
1171.367505341411
1203.338499161314
1276.850376551457
1336.086800410004
1370.613788586839
1389.478468349391
1424.366549098024
1448.132909438947
1457.836888940819
1470.328825325691
1591.367300352784
1624.721254843095
1696.873790967844
1792.997974044845
3050.845152724408
3138.829020707230
3157.370867932921
3211.021485064131
3222.525961167750
--
Displacements 
Mode 0
-1.325305193502e-01 1.679695873029e-01 3.982853570972e-02
-1.375779059648e-01 1.343446580761e-01 -7.255790232605e-02
-1.893144181502e-01 1.744452546726e-01 -2.483573366838e-01
-1.005465508994e-01 6.487070322792e-02 -2.807583820979e-02
-4.933264822612e-02 3.440886615892e-02 -3.118616267435e-02
-3.232860808568e-02 1.466293088657e-01 -1.546904237538e-01
-1.965462608574e-02 -5.213485507199e-02 1.510670552930e-02
-4.221625087270e-02 -1.023249340590e-01 5.948462179506e-02
-9.594873311988e-02 -5.733952741047e-02 6.186804541090e-02
-1.262251581292e-01 3.210523307852e-02 1.305483758924e-02
-3.527399814842e-01 1.501923295041e-01 2.342435999593e-02
-1.200644087507e-01 -1.307168824718e-01 1.268372642295e-01
-1.513579003093e-01 -2.958739740488e-01 2.392717211699e-01
-1.249826071257e-01 -5.568526347239e-02 8.708986760340e-02
5.994757526710e-03 -2.386244131878e-02 3.794911068133e-03
-6.829029806359e-03 -5.096021021961e-02 2.696534589434e-02
5.028040049712e-01 -9.779375158587e-02 -1.585244655882e-02
-5.378084200550e-02 3.637635214450e-03 3.804840480497e-02
-3.138962341087e-02 -3.341380938015e-02 2.909994428287e-02
-2.510165213317e-02 -3.403958852107e-03 1.350504427870e-03
Mode 1
-7.580188445819e-02 1.958429991907e-01 1.271660826774e-01
2.972499509512e-02 1.400291347820e-01 1.087734809573e-01
1.529135213181e-01 1.999675730022e-01 1.361082041264e-01
1.434444930074e-02 2.505619169836e-02 7.608040188555e-02
1.557526962693e-03 -9.350183237017e-02 7.736649962658e-02
-1.607579325030e-02 -2.444684617502e-01 1.677307490012e-01
-7.030239326005e-03 -1.817383262170e-01 6.440071465870e-02
4.281237370474e-03 -1.317194860941e-01 4.872947289067e-02
8.831823198192e-03 -1.125204040457e-02 4.270361902505e-02
2.224622527176e-02 3.571094647136e-02 5.618268235084e-02
1.374389722502e-01 -2.386862105854e-02 9.209111466839e-02
-8.792074893278e-03 7.211232046120e-02 6.924796007269e-02
-6.052000344269e-03 -1.809752682990e-01 2.868738273049e-01
-4.607913872659e-02 4.743151280937e-01 -1.373650599962e-01
-6.152552833059e-03 -8.170798896945e-02 1.921645867379e-02
-9.308062352336e-04 -5.357319128042e-02 1.090834574866e-02
-7.081207702150e-02 -5.847328452899e-02 -3.576269835788e-01
4.414225450503e-02 1.900378184538e-01 1.204055773805e-02
-2.878807232774e-02 1.884967169476e-01 -8.077824236322e-02
-5.491546171335e-02 1.187278201994e-01 -9.166985020221e-02
Mode 2
1.095992661629e-01 -2.555012150495e-01 -1.515919669728e-01
3.924907291631e-03 -1.774814915054e-01 -5.521599402072e-02
-8.679878848220e-02 -2.633932510412e-01 4.914750483560e-02
-2.494593805134e-03 -1.943552664163e-02 -5.124292779259e-02
2.846049965046e-03 1.074438926627e-01 -5.414325160682e-02
4.968959915478e-03 3.573547000726e-01 -9.954616214832e-02
2.339901753296e-03 1.604806929744e-01 -5.558575983451e-02
5.658455202328e-03 8.529198219196e-02 -5.618723973441e-02
-9.601918088573e-03 8.522881213402e-03 -5.657870722026e-02
-2.511847330946e-03 -3.316376019173e-02 -5.390470488776e-02
1.181958352870e-01 -7.921100468696e-02 -9.273826463752e-02
-3.232075060058e-02 -4.240677099794e-02 -1.272511005642e-02
-9.253177920749e-02 -4.332791616028e-01 2.085891407045e-01
-1.099092668374e-02 3.482173572828e-01 -2.296402222470e-01
-7.259973373028e-06 7.240996876084e-02 -1.634268634478e-02
5.396168858021e-04 2.880801496593e-02 -1.854197647010e-02
-1.952155641280e-02 1.354360455455e-02 2.243216636026e-01
4.505703063327e-02 1.576111162848e-01 -1.292512493299e-02
-1.352617425014e-02 1.322852034245e-01 -1.112796818076e-01
-2.854132476787e-02 9.359188598854e-02 -1.183491469526e-01
Mode 3
-1.562407996918e-02 2.320247460028e-01 1.902463907391e-01
1.181110055336e-02 1.441126103729e-01 -7.559388143951e-02
2.112136339130e-02 2.456289037356e-01 -3.773395463324e-01
1.698366724765e-02 -2.637548410258e-02 -6.747537233045e-02
1.168519307615e-02 2.153383520979e-03 -6.931805321936e-02
1.878873528092e-02 2.112062137949e-01 -1.199055922599e-01
8.118788895427e-03 -5.588596294193e-02 -7.324333041592e-02
1.005048511390e-02 -5.415315002073e-02 -7.673012116406e-02
1.425427184835e-02 -3.869808877789e-02 -7.793149675144e-02
1.731668813943e-02 -8.114138646694e-02 -7.000822670038e-02
5.580716032558e-02 -1.908480860889e-01 -1.120858918320e-01
1.846338627582e-02 1.520718805118e-01 -9.573101288855e-02
1.031469958035e-01 3.164228096136e-01 -1.117290440005e-01
-7.541513119118e-02 2.485000022786e-01 -1.214673245288e-01
1.208376274072e-03 -1.775643917765e-02 -2.115090817840e-02
3.219702095041e-03 -1.059057035654e-02 -2.205207965766e-02
-6.410302661433e-02 -3.280920481068e-01 3.729775188927e-01
9.010245296452e-03 7.500874655469e-02 -2.763151005085e-02
-3.412683177922e-02 1.172856619735e-01 -4.030807312698e-02
-5.904605204369e-02 4.752798801442e-02 -4.372332129495e-02
Mode 4
-3.536882478374e-01 8.033513199788e-02 -5.546148238751e-01
-1.759944895636e-02 5.430062539109e-02 -4.647927756470e-02
3.543488819863e-01 7.444347076116e-02 4.940592117064e-01
-2.680655576621e-02 1.097473830555e-03 -5.722715082135e-02
-1.149527172859e-02 -3.935692042200e-02 -5.832245849091e-02
4.640692753837e-03 7.029039476726e-02 -1.470469448309e-01
-4.091743646998e-04 -1.004815862445e-01 -4.086518155669e-02
-7.642862828064e-03 -9.981050019308e-02 -2.633315290275e-02
-2.296862874176e-02 -4.659942823213e-02 -2.661672206490e-02
-3.508983321679e-02 -1.582118133335e-02 -4.459926268991e-02
-1.302521092804e-01 -1.272949409914e-02 -7.101769174399e-02
-2.942715165153e-02 3.739999934862e-02 -1.248259175231e-02
2.166087611672e-02 1.374543393590e-01 -1.477775142957e-02
-9.573983844844e-02 4.280056109255e-02 3.471862155106e-03
4.080146376406e-03 -3.766261766728e-02 -1.201881834002e-02
1.961325881809e-04 -3.588741235402e-02 -3.431020727463e-03
1.121753889629e-01 -6.536941976085e-02 1.900190588873e-01
-2.560704585797e-02 9.450902428887e-03 -1.067760767081e-03
-3.114249494377e-02 2.674660202898e-02 9.435558449359e-03
-4.056058408571e-02 4.059811975560e-03 -2.399033514339e-03
Mode 5
1.015776778749e-01 -1.853613297572e-01 5.510698193743e-02
1.624949161105e-03 -1.340958669960e-01 3.954022102621e-02
-1.029151503826e-01 -1.900323568190e-01 2.486883654499e-02
5.600273221424e-03 -7.673186383832e-02 4.193731824167e-02
5.333310161239e-04 -1.080093828519e-01 4.282909663967e-02
-1.415768772641e-02 4.996646849184e-01 9.944229582364e-02
-1.707811649311e-03 -3.781158951231e-01 4.310750944290e-02
-1.109578031863e-03 -4.397170632695e-01 4.373266172760e-02
8.351309287745e-03 -2.085449041385e-01 3.827576654253e-02
5.318603513768e-03 -8.338822106924e-02 4.004040765852e-02
-5.556151279553e-02 8.722681910707e-02 6.970020453066e-02
1.699153949689e-02 1.984476712908e-02 1.610493477285e-02
1.270623358572e-01 2.454416539661e-01 -1.397600668050e-02
-8.860583026158e-02 4.756082875854e-02 3.040495931562e-02
-8.361296334989e-04 -1.363549455809e-01 1.279852214391e-02
7.669771760943e-04 -1.694352512585e-01 1.619318098972e-02
1.284436166068e-02 1.480978573588e-01 -1.765917421078e-01
-2.551800118832e-02 1.500412898297e-02 9.633151972930e-03
-3.091440954905e-02 3.524622949713e-02 2.082566360070e-02
-4.514138064488e-02 2.423942086680e-03 -2.251423935001e-03
Mode 6
-1.354476412225e-01 9.235766789107e-03 -5.014628464091e-01
-9.235151534340e-02 6.727937581876e-02 -1.533492108243e-01
-3.108876479572e-01 1.911576691545e-03 -2.621791216855e-01
5.427616304485e-02 1.584912870693e-01 8.630668181156e-02
5.091567094177e-02 5.033133785931e-02 8.893911397801e-02
6.824307270055e-03 -4.815383880608e-02 3.390168179263e-01
2.383996828727e-02 -6.642103730716e-02 6.863582583868e-02
1.804525584257e-02 -6.884101733889e-02 7.386916140066e-02
4.445633238646e-02 2.588308661786e-02 7.016154257632e-02
4.471519660501e-02 1.190334315712e-01 1.047774456058e-01
-3.894999607642e-03 6.841665878172e-02 1.928982326740e-01
1.122982901768e-01 1.782639637138e-02 -8.175103525419e-02
2.731025907919e-02 -1.586685907945e-02 -2.002910626343e-01
2.519609196946e-01 8.646316739822e-02 -1.704463174185e-01
5.799696893580e-03 -4.843059710073e-02 2.038579610806e-02
4.160829409717e-03 -4.663156207680e-02 2.147888086405e-02
-2.167461872042e-02 -1.042626801473e-01 4.465681462633e-02
-4.930947071410e-02 9.395794905594e-02 -1.491802922634e-02
1.054116661675e-01 -9.489039599080e-02 -2.271803253930e-02
1.601141982664e-01 1.061428898320e-01 -1.300787259037e-01
Mode 7
3.585077757059e-01 -5.374399630161e-03 2.052803751633e-01
9.850384843360e-02 7.583348634223e-02 1.117118206348e-01
1.590392852665e-02 -1.416440565020e-02 2.991345494800e-01
4.655806373453e-03 1.909287648315e-01 -2.914243504182e-02
9.793685532785e-03 6.775095864207e-02 -3.050388347037e-02
1.261394789570e-01 -4.317974653407e-02 -2.555713054073e-01
2.304747304375e-02 -5.960002020418e-02 -7.460168648209e-03
8.158602881323e-03 -6.543307710085e-02 5.274288976269e-03
9.287167745007e-03 4.506546327614e-02 3.802893139373e-03
-4.343412758796e-03 1.540342986002e-01 -2.533774617405e-03
-3.681170038865e-01 2.266696811847e-01 2.161714591891e-02
4.837825494594e-02 2.138031564273e-02 -9.253580959721e-02
-2.082441402554e-02 -2.507932177014e-02 -1.702087550681e-01
9.902408520707e-02 7.792047808718e-02 -1.575934213683e-01
1.100596470476e-02 -4.911927603501e-02 -2.055168903277e-03
3.398558169893e-03 -4.910346373298e-02 5.104399897174e-03
-8.445935208916e-02 -1.879395482131e-01 6.131409194640e-02
-2.358667901731e-01 1.367643084136e-01 7.542649502323e-05
9.138458911958e-02 -1.985795100268e-01 5.566934844015e-02
1.821432084402e-01 1.693134424746e-01 -2.080227307458e-01
Mode 8
2.505710206400e-01 1.927849230115e-02 -1.109224792496e-01
-5.042840640816e-02 1.665242689416e-01 2.035135804972e-02
-3.404227874714e-01 -8.086985010787e-04 1.811203406969e-01
-5.448489597812e-02 3.803427147030e-01 6.534791511773e-03
-3.137370984811e-02 1.345494183196e-01 -5.803810311148e-03
6.182401738947e-02 -9.612618501509e-02 -2.456506118539e-01
-2.750647125997e-02 -1.589650653957e-01 5.918031111739e-03
-2.844287849512e-02 -1.586387316793e-01 -2.130907023597e-03
-4.341375834723e-02 6.314335273700e-02 -1.203908061070e-02
-3.904429537498e-02 2.297446751792e-01 -3.155973325319e-03
2.728621478354e-01 -6.827658475198e-02 -4.856293675993e-03
-5.635991120418e-02 1.586459635241e-02 4.246506719786e-03
-6.725976071804e-02 2.621994190208e-02 -4.917884765208e-03
1.108469996201e-02 -6.463753992611e-02 4.234015414696e-02
-9.558861334433e-03 -1.187448570285e-01 2.625418468117e-03
-7.131015321132e-03 -1.066828745976e-01 4.037247622174e-03
-1.602845131420e-02 -7.433783227003e-02 6.855619638589e-02
2.960679357707e-01 -1.424220923929e-01 -3.569071558065e-02
-6.235791069540e-02 2.074246217938e-01 -1.169554753040e-01
-1.500205482482e-01 -1.714288533817e-01 2.020856035508e-01
Mode 9
3.663037098146e-01 5.669877179944e-03 -1.622415280582e-01
1.842914223611e-01 7.957795097282e-02 -1.049582434416e-01
8.441365163276e-02 1.090401818869e-02 -4.485898526657e-02
1.165892458191e-01 1.729371985010e-01 -1.209350755751e-01
3.271946298299e-02 9.207282495528e-02 -9.928257463076e-02
-2.833227373038e-01 -6.892886306531e-02 4.829351483643e-01
1.100498150209e-02 9.184618583692e-04 -1.410953943368e-01
4.071828660847e-02 -3.808486878980e-02 -1.404033791921e-01
7.656914051758e-02 1.127686046082e-02 -1.359879009240e-01
8.360266309133e-02 8.828354334855e-02 -1.259920286425e-01
-2.062826613365e-01 7.374687334401e-02 -2.174026527878e-01
8.189218761987e-03 -1.371123586386e-02 2.725913505495e-02
1.452354054748e-01 -3.256837893920e-02 2.193600569598e-01
-2.337187502535e-01 -4.481179916471e-02 1.196766422866e-01
7.056402359441e-04 -2.003739614108e-02 -4.080262871711e-02
9.732475058122e-03 -3.159484408420e-02 -4.502889864155e-02
-3.300231478976e-02 -7.631050627308e-02 5.792401806363e-02
-6.814591728822e-02 -3.786049941225e-02 1.436107985361e-02
-7.551627565117e-02 2.602757427151e-02 7.680990175610e-02
-1.039167691772e-01 -3.978886570984e-02 3.528728255563e-02
Mode 10
3.569698338105e-03 -1.831233245971e-02 4.586070971345e-02
6.746884252699e-02 -5.562860304695e-02 -6.404026541800e-03
1.638979430100e-01 -8.363515617331e-03 -4.129506670472e-02
5.486233702021e-02 -1.029231643942e-01 2.276775609197e-03
5.763435456781e-02 -3.020470563638e-02 9.360125736115e-03
8.394343714117e-02 1.807703747389e-02 1.000081916973e-01
5.137928047628e-02 7.657529838712e-02 8.943458636625e-03
2.802324663671e-02 3.772748645571e-02 3.772150650233e-02
2.066436095065e-02 -3.131626280606e-02 4.313526931057e-02
1.721022648842e-02 -2.116597303814e-02 5.130720006416e-02
-4.628149010110e-01 2.876585003435e-01 1.219252048888e-01
5.246070254983e-02 -2.118487662475e-02 -9.551049300843e-02
-1.407717950228e-02 -6.289952914359e-02 -1.819871114681e-01
1.663006367002e-01 5.364000687134e-02 -1.720275757233e-01
1.949476921741e-02 5.158075350225e-02 2.106368570657e-03
1.084305756285e-02 2.447111812442e-02 1.566160030255e-02
-3.962789015807e-02 -8.062195484671e-02 -1.288701787811e-03
4.414690697644e-01 -1.149614076958e-01 -8.298991580576e-02
-4.330335425277e-02 3.293778354590e-01 -2.321058163340e-01
-1.725162375650e-01 -1.917975060612e-01 1.663149739639e-01
Mode 11
2.020918465927e-02 2.493517668740e-02 -2.367744943778e-02
-4.340216718919e-02 6.437788610223e-02 4.890225264423e-02
-1.545723012797e-01 1.187088299085e-02 7.987812490636e-02
-5.226249332075e-03 1.062683780165e-01 6.647534344589e-02
1.756330722289e-02 2.937240454658e-01 5.818848973035e-02
1.224360759755e-01 -1.953388085829e-01 -1.787504259379e-02
3.106559091919e-03 3.829296736648e-01 4.486424224816e-02
8.331809881310e-03 -1.356363869054e-01 2.518878070003e-02
7.008068558143e-03 -4.689514062831e-01 2.286159448099e-02
6.116997311800e-03 -2.196207951950e-01 4.569689768405e-02
-6.751434221756e-02 -1.147889849407e-01 9.437764333488e-02
2.350398175007e-02 -2.320328093392e-01 -5.384937150054e-02
2.213967647965e-01 1.043484454112e-01 -9.662330653175e-02
-2.720389609241e-01 3.225752320442e-02 -1.311914110053e-01
-6.728271205068e-03 1.924250850857e-01 1.262744077557e-02
2.172196603323e-03 -4.906262465327e-02 7.017892336883e-03
3.757492027997e-02 1.118534481527e-01 -4.308247930155e-02
-8.016046288857e-02 5.999428827247e-02 1.147898180420e-03
-9.511135636307e-02 7.541587878922e-02 -9.967668622197e-03
-1.410726206027e-01 -1.578991558852e-02 -1.260232850499e-01
Mode 12
-1.239248578814e-01 1.513771125583e-02 7.648498146586e-02
-1.130237766111e-01 1.084739262904e-02 6.335932930049e-02
-1.587876399666e-01 -1.445608419962e-02 1.010143781214e-01
-8.172290143367e-02 1.491598073612e-02 -4.038074965175e-02
-1.239382768753e-01 7.443747002803e-02 -4.242184177845e-02
-3.300036912899e-01 -3.636856302955e-02 -1.191233452669e-01
-2.909457802671e-02 7.718001750863e-02 6.595932917306e-02
2.864868395588e-02 -5.918795897399e-02 4.970249903357e-02
1.378602427520e-01 -1.068783121657e-01 4.893505561922e-02
-2.175819328295e-03 -8.388879486717e-02 -1.117952203003e-01
-1.164063762450e-01 -2.682009402376e-03 -3.230810739557e-01
2.679336600738e-01 1.877076464072e-03 1.310459988845e-01
3.855299838138e-01 5.365407946846e-02 2.124127425680e-01
4.532465730750e-01 6.730634913442e-02 8.799467021790e-02
1.111556550222e-02 3.934321741790e-02 1.729690666615e-02
-7.393562827746e-03 -2.156259656084e-02 -1.359655892142e-02
-6.496732537002e-03 -3.983317833215e-03 1.376708960955e-03
1.689425368363e-01 2.749720389443e-02 3.984867054666e-02
1.324645206846e-01 3.449721082143e-03 -3.507170281536e-02
1.513800542439e-01 2.852574753342e-02 5.187166947619e-02
Mode 13
3.238422308494e-01 -2.576876238829e-02 -1.498186994310e-01
2.027658672584e-01 7.572701685057e-03 -1.701241129245e-01
3.151840391571e-01 4.466170818753e-02 -1.572700224236e-01
3.073712306507e-02 6.350854965769e-03 -1.015660315463e-01
-1.114370252993e-01 8.791180717508e-02 -1.137735418649e-01
-4.094196352369e-01 -3.869204123448e-02 -2.114588940628e-01
-4.412217228157e-02 6.194882893733e-02 7.496251466511e-03
-1.110054653902e-01 -8.739820278256e-02 1.738022227339e-01
-9.146742261428e-02 -1.156895651309e-01 1.831121313931e-01
-8.017974421621e-02 -8.813633966910e-02 1.249716595945e-01
2.696813363431e-02 -1.906813656037e-01 3.492336663064e-01
-6.447029151719e-02 -1.109899910021e-02 1.189420999033e-01
-1.484698105783e-01 8.536985806289e-02 -2.239568977785e-02
1.635582414012e-01 4.906907287867e-02 4.293090324197e-02
3.982868702251e-02 3.042293192960e-02 -1.025019580803e-03
-2.403622449861e-02 -3.818678870261e-02 6.510171062190e-02
2.856136274974e-02 8.125153403336e-02 -2.499069965346e-02
6.272851710050e-02 4.438778580271e-02 3.916090142120e-02
5.314714728496e-02 -1.990022395470e-02 -4.513934834797e-02
8.284873721482e-02 4.056161649869e-02 1.239515835476e-02
Mode 14
-9.705808528501e-02 -3.007651055420e-02 -3.715131372422e-02
4.058302363036e-02 -6.720746474421e-02 1.072457674235e-02
9.230439532367e-02 -1.691105124848e-02 -1.117484056711e-01
3.918375745180e-02 -6.576513889343e-02 4.855366613789e-02
-1.040870202475e-01 2.406537189279e-02 2.854973013491e-02
-1.798182205812e-01 -5.940471856336e-03 -2.285960152506e-01
-1.296779667336e-01 1.189043001228e-01 -4.004625761130e-03
-7.954254642487e-02 -6.437773212609e-02 -6.934536862073e-02
4.966485971983e-02 -4.035346395043e-02 -7.152097023318e-02
8.842726952828e-02 1.289128692999e-01 3.582625694080e-02
3.532740043237e-01 6.598742126650e-01 2.175911001989e-01
7.020906538066e-02 -3.648078332016e-02 -4.270774840061e-02
2.161810363168e-01 -1.573323055413e-02 1.013341989825e-01
-1.255420014836e-01 -4.280132234287e-02 1.483687348081e-02
-5.063496892454e-02 6.910580128393e-02 -9.269084096029e-04
-3.619778005221e-02 -4.021843585855e-02 -4.264779516363e-02
-7.346980020550e-02 -2.323676279761e-01 3.523578433849e-02
-5.974224686692e-02 -1.932675709129e-02 -6.290877360690e-03
-3.780991783122e-02 2.059894513635e-03 4.750131178586e-02
-5.231531503145e-02 -2.071337636785e-02 -1.334854701105e-02
Mode 15
-4.946903638561e-02 -1.881452262196e-02 9.082743227413e-02
-5.898904370122e-02 -5.005383671898e-02 -8.571428801169e-02
9.012406566361e-02 -1.688707592272e-02 2.581894371092e-02
-7.922540604664e-02 -1.952129878684e-02 -1.146653114963e-01
1.147736767583e-01 1.983940454330e-01 -1.030822094298e-01
1.275738908217e-01 -5.523823635802e-02 2.314061160911e-01
1.615039250227e-01 1.696167340203e-01 -5.923023815575e-02
8.267846166347e-02 -2.467079694218e-01 6.774497337349e-02
-1.391912115566e-01 -1.588250762171e-01 7.649211999423e-02
-1.523006383710e-01 -2.142909760469e-02 -5.922566491046e-02
2.248378443048e-01 3.126603704372e-01 -3.142803780937e-01
-2.310868614541e-01 -3.685255780635e-03 1.628451859472e-01
-3.623464079059e-01 1.565876299798e-01 -4.366381711088e-02
1.360391673595e-01 4.068996012324e-02 6.976430554673e-02
7.006779747583e-02 8.546723714600e-02 -1.887015134094e-02
4.817477438834e-02 -1.312727129785e-01 6.456652326051e-02
-3.543797869339e-02 -1.147945631362e-01 1.721317343952e-02
6.234194356141e-02 5.852963843058e-02 5.995246700165e-02
5.290955009695e-02 -5.958977645347e-02 -8.005577424831e-02
1.140799343795e-01 6.411317358728e-02 2.934191118215e-02
Mode 16
-2.684022164246e-01 -9.082549596919e-02 1.457172156070e-01
6.254672082129e-03 -2.131700543489e-01 2.853204307987e-02
2.172760294193e-01 -8.583680037143e-02 -1.380668899686e-01
2.848816269470e-02 2.934279721865e-02 3.169713927931e-02
-8.573641356977e-03 4.451510189998e-01 2.637439305505e-02
5.871187116740e-02 -7.381810907038e-02 -1.025416637843e-02
-5.918242226952e-02 1.179825035072e-01 -3.718599313748e-02
-3.129363592347e-02 -3.611152588535e-01 -9.006567279240e-02
3.182630385686e-02 2.418263082605e-01 -9.658061563395e-02
5.044909653107e-02 3.005813781347e-01 -8.697470551962e-03
-1.321078711668e-01 -2.503764613312e-01 9.750853933019e-02
4.615614337461e-02 1.682895513367e-01 -9.487465751024e-02
3.127477504713e-02 -6.864975688275e-02 5.840249404192e-02
1.989902621051e-02 -1.428865847706e-02 7.244109016697e-03
-3.997950402529e-02 -2.758201192267e-02 -8.844264834767e-03
-1.393029078549e-02 -2.958126811800e-01 -2.691055757984e-02
1.646123312464e-02 6.003319852193e-02 2.120566239840e-03
-2.080694039450e-02 -6.744361402992e-02 -5.164207527732e-02
1.323474424297e-02 -2.411159545477e-02 4.529530301518e-02
1.701780417412e-02 -8.784904415895e-03 5.852702876310e-02
Mode 17
-1.600360273505e-01 3.966607542366e-02 2.193577054428e-01
-2.163382902475e-01 -1.411668488904e-02 -1.394320428025e-01
-1.197169427598e-01 -6.193427948349e-02 1.931183420765e-01
-4.324832705343e-02 2.167934781335e-02 -2.564475230389e-01
1.953784437598e-01 -3.542215940194e-02 -3.507466925633e-01
-2.343966919566e-01 1.126619625724e-02 6.206931031155e-02
3.219865961336e-01 -2.382313604535e-02 -2.870940298608e-01
2.195034523518e-01 4.988370508318e-02 -2.868683431133e-02
-5.602688789568e-03 3.207052080040e-02 4.444128221192e-03
-9.874602841951e-02 1.159461311163e-01 -1.483614724915e-02
6.662748655617e-02 -3.703739937828e-02 4.026917240233e-01
6.420250475920e-02 -6.410433092369e-02 -3.514237990232e-02
1.275620100887e-01 -1.111350102204e-02 -3.275303029974e-02
-3.662312621340e-02 -2.525633006340e-02 -6.159984716482e-02
1.544775649813e-01 -1.924683231762e-02 -8.787043358535e-02
1.009950677313e-01 6.218896322840e-03 5.127924740348e-02
7.523010631962e-03 6.749346460327e-03 1.329378379144e-03
-1.795828520826e-02 3.063170651163e-03 -1.105680308827e-02
-1.635887817854e-02 1.828431178809e-02 4.203904568211e-03
-3.671654083792e-02 -1.972598400777e-02 -4.735924508941e-02
Mode 18
7.405040808676e-02 5.348329522017e-02 -3.688708948874e-02
-2.436404902032e-02 9.217746448886e-02 -7.509633439600e-03
-1.238376967329e-01 2.942495432145e-02 8.753525769426e-02
1.804464939860e-02 -6.741032905446e-02 -1.103452365131e-02
2.016911675312e-02 -7.011605778332e-03 -2.433588854122e-02
2.274989507390e-01 -1.215905799223e-02 6.678978509404e-02
-1.652950785769e-01 3.735696200265e-02 -2.910968265688e-01
-1.329186940803e-01 -4.938368116213e-02 -3.575834569338e-01
-9.895117975404e-02 -1.115940158630e-01 -2.665546709679e-01
2.310083979111e-02 -2.815430136806e-01 -3.151471414837e-02
-5.899276842403e-02 2.180558172568e-02 3.372745965546e-01
-1.530369336139e-01 1.776876694787e-01 -3.087143199289e-02
-1.048936431753e-03 7.712546491767e-02 3.039238217669e-01
2.135705712213e-01 -8.652822512229e-03 2.430260410528e-02
-1.153238646645e-01 5.024931388680e-02 -8.142441923248e-02
-3.911040353854e-02 2.828495616461e-02 -1.091636195083e-01
1.689864789603e-03 6.452991250483e-03 -7.071332010410e-03
8.506610797136e-02 -5.388709745571e-02 -2.902734521009e-02
9.192422502889e-02 -1.357922808857e-01 -8.688299182151e-02
1.893744663149e-01 6.019666210188e-02 1.393132005462e-01
Mode 19
3.284243560576e-02 -5.437477749504e-02 2.956020011373e-02
-2.697221167092e-02 -4.973285444671e-02 -8.371375309958e-02
1.312911093936e-01 9.783418528522e-03 -5.351743210440e-02
-1.037224398362e-01 7.989433922948e-02 -3.019480843818e-02
-5.340984886452e-02 -3.867975881395e-01 -2.816868157199e-03
1.976883103313e-01 5.345721248546e-02 8.792293750460e-02
-1.401285777476e-01 1.377582010972e-01 -5.711990435310e-02
-1.626203114610e-01 -1.040103227434e-02 -1.500643124939e-02
-1.328347165042e-01 -8.010383551284e-02 -1.077561643494e-02
-1.588699292356e-01 5.458208015101e-01 -1.575119488573e-03
-1.482427007390e-02 -1.360724111269e-01 -1.664358466440e-02
-8.083585102388e-02 -2.989092610244e-01 8.975655397248e-02
2.297917082045e-01 1.666247181938e-01 1.235507243177e-01
5.881212762194e-02 -6.845971506641e-02 -9.271608949253e-02
-5.394155958509e-02 1.502148507470e-01 -1.676257109165e-02
-4.408050418605e-02 -5.141034718630e-03 -6.846993016144e-04
5.209162179890e-03 1.379241007424e-02 7.867941008828e-03
8.737252548503e-02 1.024365252020e-01 8.022260393900e-02
1.169895727626e-02 -2.767901768803e-02 -1.620197132653e-01
4.580593278654e-02 1.828531536349e-02 -1.040057624605e-01
Mode 20
-8.057034107784e-02 -8.375706759480e-02 8.343874769141e-02
-4.370362243142e-02 -1.253825537146e-01 -1.034216531286e-01
1.944571972488e-01 -4.187220701462e-02 -6.870677118344e-02
-7.804153911782e-02 2.029250901832e-01 -3.976139205260e-02
-3.973399821877e-02 4.503096497718e-01 -2.158756558278e-02
1.441771018607e-01 -2.916533238477e-02 6.846045821397e-02
-9.802033550615e-02 -3.587843326257e-01 -4.282276673382e-02
-1.435827773204e-01 3.385036301954e-01 1.876405489844e-02
-1.042866721590e-01 -4.200376285289e-03 2.601903078706e-02
-1.172539952926e-01 -1.707751757907e-01 1.712599737554e-02
3.248527742031e-02 8.465647015324e-02 4.697851300698e-03
-2.283455313719e-02 -2.325526713773e-01 5.965680011905e-02
1.910804390577e-01 9.259131604352e-02 6.844274258878e-02
1.491582187403e-02 -5.757236516312e-02 -7.250513640228e-02
-2.776365748047e-02 -3.461410638404e-01 -9.416001389583e-03
-3.745722375205e-02 1.280871896322e-01 9.934586717577e-03
-2.619940539089e-03 -1.047686946316e-02 -3.357732489352e-03
5.150510368009e-02 7.893854722564e-02 6.134875395689e-02
-4.557885057699e-03 7.937340554538e-04 -1.013163286901e-01
2.498329474806e-03 -4.522513017313e-04 -9.901212809322e-02
Mode 21
-1.669525540927e-01 9.836560592062e-03 -5.676295558419e-04
1.302416915352e-01 -5.282476253961e-02 2.331463134573e-01
-5.919058855754e-02 -6.722450373911e-02 -6.227086085451e-02
1.775936821539e-01 9.693770508940e-02 1.085077331632e-01
4.750147496513e-02 2.533169662352e-02 7.614049797280e-02
-1.666760228933e-01 2.301484388631e-03 -1.130123496759e-01
4.156855507583e-02 -5.993559690353e-02 -4.889349214850e-02
2.023425332199e-01 5.312285924210e-02 -2.806029105034e-01
1.583214308753e-01 -5.610377826336e-02 -1.869384428773e-01
2.658201656040e-01 1.010112424271e-01 -7.785745727841e-02
-8.610496364959e-02 -3.531615603345e-02 9.281816256932e-02
-1.411956814030e-01 -3.110997187046e-01 2.694709569859e-01
-2.397572230174e-01 1.385230651409e-01 -1.374422770459e-01
3.794672990983e-02 4.199063903650e-02 1.860232347522e-01
-4.873163682263e-02 -3.870464177901e-02 -1.178483911980e-02
4.405575206734e-02 3.564674308025e-02 -1.071464181678e-01
-6.188432509762e-04 8.169375016372e-03 2.115314094504e-03
1.165544648013e-01 2.160122265439e-01 2.298115795033e-01
-8.026133121197e-03 5.431560036733e-02 -1.211233327875e-01
1.650511923932e-02 5.279729479590e-02 -1.058113921113e-01
Mode 22
5.838972791680e-02 3.313536424267e-02 2.547553541228e-02
-8.746253001292e-02 4.380619270330e-02 -1.594079209338e-01
-2.955476147584e-02 1.044823621440e-02 7.734602883717e-02
-4.188251506884e-02 -1.112646190791e-01 -1.215565624249e-01
-9.239031098992e-02 -5.604865687941e-03 -9.370823240640e-02
2.028742080175e-01 -2.017710459140e-03 9.007127542087e-02
-2.113127500606e-01 4.391286318752e-02 -1.744370717794e-01
-2.617501804372e-01 -6.677836070194e-02 -4.293951055181e-02
4.233666904314e-02 1.134852189446e-01 2.080077137982e-02
-3.013125735221e-02 -5.747964343512e-02 -4.891218688744e-02
2.543312025492e-02 1.366927781336e-02 6.349318248085e-02
3.179624553986e-01 -1.070215140471e-01 1.425044757775e-01
-3.205337297563e-02 -1.495628214875e-01 -3.329592408114e-01
7.377177945182e-02 1.732638273914e-01 4.209953610095e-01
-5.993560897432e-02 1.150981852106e-02 -5.088552424721e-02
-9.533037016760e-02 -6.800805776767e-02 -4.308047309487e-02
5.130168653240e-04 -2.996400475033e-03 2.151782932147e-05
-1.725104293104e-02 1.434711109478e-01 1.885769290290e-01
-1.373833655031e-02 2.166822466370e-01 2.359247210720e-01
-1.185018939583e-01 -7.617116355343e-03 -6.253726184506e-02
Mode 23
-1.675751923370e-01 -6.758119331648e-02 1.098738240074e-01
-2.365164887440e-03 -1.459614939249e-01 -3.234073340710e-02
1.461738685742e-01 -8.891008503472e-02 -8.194004666966e-02
1.310679057996e-02 5.299211649103e-01 -1.833351361463e-02
-7.659125126922e-03 -1.330393635482e-01 -1.578812060153e-02
1.999459189927e-02 1.636415214457e-02 7.155408505388e-03
-3.375259537360e-02 -7.507554823689e-02 -2.968458794241e-02
-2.149734129761e-02 7.258192330586e-02 -2.861636449306e-02
3.916144792083e-02 -4.944090123535e-01 9.353431530298e-03
1.801948022769e-02 1.061875785997e-01 -6.846864337924e-03
1.897265545039e-03 -1.097189558202e-02 8.360436511176e-03
9.412289468679e-02 2.399838636669e-01 -7.323472756284e-02
-1.234316743155e-01 -1.259465072985e-01 -7.037678479137e-02
4.500891458844e-02 1.488162869686e-01 1.513345396063e-01
-1.088849834598e-02 9.427640166972e-02 -1.000781985041e-02
-2.064313733205e-02 2.578773790065e-01 -4.069625727605e-02
6.803034183781e-04 7.038019180387e-04 1.791868165102e-03
-7.054565389969e-02 -1.139123683493e-01 -9.184512320600e-02
2.988561305092e-02 8.483423163950e-03 1.830752176685e-01
1.446793639721e-02 1.520961695444e-02 1.755946790713e-01
Mode 24
-1.998911651331e-01 1.782541608639e-01 -9.363261929628e-03
3.360204771854e-01 -1.315397073637e-03 2.991265285505e-01
-1.825753571725e-01 -1.908665975235e-01 -1.618639083370e-02
3.194883709774e-01 2.269737141226e-02 -7.668092567664e-02
6.179788242470e-02 -2.118209063359e-02 -2.156125649490e-01
3.052137011121e-02 1.762887400470e-03 -6.266049395210e-03
-5.273823301287e-02 1.190374117883e-02 -3.674356842810e-01
-3.647938278158e-01 1.295129089084e-02 2.396606237767e-01
-4.020930527522e-02 6.848091029487e-03 1.954101802543e-01
1.247915556334e-01 5.241385671064e-03 1.899992814165e-01
1.841332824805e-03 -2.867455029643e-03 -1.424647251111e-01
-2.697899989160e-02 -1.287075182469e-03 -2.870819206462e-03
1.160609233289e-02 1.949776502889e-02 4.728170667666e-02
-2.132390780782e-02 -2.590102899494e-02 -5.840437084388e-02
9.611696954824e-02 -1.384173861361e-02 -1.133041946098e-01
-6.810634875579e-02 -2.242076562228e-02 1.333374284542e-01
6.085029877060e-04 1.371499104352e-03 5.697517343350e-05
-1.554989433038e-03 -1.451443719541e-02 -2.149405137006e-02
-3.920558804541e-03 -2.031274235699e-02 -2.729689571552e-02
3.602999605639e-03 -3.738336129739e-03 -3.252682302885e-03
Mode 25
-8.918095780207e-02 -1.870607347919e-02 9.360978633858e-02
-4.776176630527e-02 -8.316590211393e-02 -1.416750237596e-01
9.739079604015e-02 -6.948997045525e-02 -1.847786761038e-02
3.113127782618e-02 5.580087972961e-01 1.340850600066e-02
1.486774571857e-02 -3.286903204398e-01 3.988681758105e-02
-1.825091358294e-02 1.803331929078e-02 -1.297863135630e-02
-7.451100229277e-03 1.988363595680e-01 2.362321425778e-02
-1.633745128271e-02 -1.452938022307e-01 1.690613217256e-02
1.455285934683e-02 3.941190508606e-01 -8.545811994953e-03
6.303522713875e-02 -4.672485890722e-01 3.628286647302e-02
1.455934403655e-04 4.945835043982e-02 -1.724850221510e-03
-2.252968532745e-02 -5.043927143382e-02 2.607821298175e-02
2.204945323434e-02 3.741544261516e-02 2.626245376881e-02
-2.571203331171e-02 -7.767623109331e-02 -5.288512489582e-02
-5.034632639316e-03 3.247896420261e-02 7.708778059081e-03
-1.553943899852e-03 -1.885201748781e-01 1.571826937341e-02
-3.898422057650e-05 -3.128353877174e-03 -1.988170754621e-03
2.694200585851e-02 5.261030054551e-02 4.812321725613e-02
-1.781091375667e-02 5.097101770695e-03 -7.090962847153e-02
-1.572960977617e-02 -1.204946827545e-02 -8.948508506213e-02
Mode 26
-3.331382612499e-03 2.008486069189e-01 1.850289525192e-01
-1.904446481087e-01 2.968794670008e-02 -6.321567382649e-01
-3.480202170249e-02 -1.866802184451e-01 1.996246044763e-01
2.911249162403e-01 -1.108399125986e-01 1.159035839496e-02
2.689962946395e-02 6.170647589614e-02 1.227119556846e-01
-4.473448377531e-02 -4.608879177539e-03 -4.662561816595e-02
-1.026849611106e-01 -4.306741318190e-02 8.629646970166e-02
-1.126451233672e-01 4.028501753903e-03 3.801320274724e-02
1.739291492238e-01 -7.085117441054e-02 3.191071605517e-02
3.366709443126e-01 1.076860974163e-01 1.809072616023e-01
-2.837224544980e-02 -2.043999107502e-02 -9.520795921256e-02
-8.647801699363e-02 8.666551824368e-03 2.699295380368e-02
-8.608735659311e-02 4.612646363806e-02 4.851900574492e-02
-5.172814113725e-02 -3.414487254873e-02 -6.221024640296e-02
-3.526828625772e-02 2.471332080364e-02 2.668519791921e-02
-6.419778591635e-02 6.716458876030e-02 -4.067271121430e-02
2.947776971040e-03 3.880361529984e-04 2.639043871315e-03
2.411032983148e-02 -4.295747005331e-03 -7.448733692468e-03
-8.064317972791e-03 -5.257142272639e-02 -8.926808477098e-02
3.092356998164e-02 1.603613608826e-02 1.019349978839e-02
Mode 27
-9.126112752408e-02 2.059510817835e-01 1.471135687895e-02
2.385934323004e-01 2.366807323618e-03 1.151904594767e-02
-8.102198103160e-02 -2.116203193586e-01 6.485238994656e-03
-3.806168234653e-02 1.286499969398e-02 -3.336797043765e-01
-3.510025062816e-01 3.114120372424e-02 -2.279539335894e-01
1.722418107391e-01 -4.100072655951e-03 1.111856754699e-01
-7.655963816822e-02 -6.003526933074e-02 3.678688543110e-01
3.131177496929e-02 -6.815429078911e-02 1.055415079375e-01
1.959906117215e-01 5.262857636782e-02 -1.518082993926e-02
6.774848730355e-03 -2.136678544886e-02 -4.150935206488e-01
2.144335587265e-02 5.512320582755e-03 1.963695627592e-01
-3.232117463566e-02 1.674713286903e-02 5.426990273367e-02
-6.633306675267e-02 4.086689962694e-02 3.716340700298e-02
-4.222268520221e-02 -5.866200108415e-02 -1.001220142822e-01
6.936928011702e-02 1.344942049175e-01 1.021025869361e-01
-6.566100516893e-02 1.171405465719e-01 -9.253267219980e-02
-1.071815592237e-03 -1.938059142038e-03 1.603437420444e-03
4.300960707827e-03 -9.148086085498e-03 -2.113292299273e-02
-1.062982624245e-02 -3.463599812836e-02 -6.970770411020e-02
-3.088170655845e-04 -9.450950738736e-03 -3.018033644055e-02
Mode 28
-1.907614381679e-02 8.609506695590e-02 1.270903754018e-02
6.695912965479e-02 6.284512659074e-03 -4.510604636814e-02
-2.554274107273e-02 -8.369712003955e-02 1.377829531581e-02
5.853932855458e-03 -2.905448915014e-02 -6.325081872963e-02
-7.804833028758e-02 -1.683990102170e-01 -1.706138323606e-02
2.922771524288e-02 2.432109551243e-02 1.738535933609e-02
-2.386916479658e-02 3.365336043554e-01 1.000650668945e-01
3.153263090175e-02 2.583538185687e-01 -1.612394138621e-02
2.788912279365e-02 -2.315786395196e-01 -2.037766894599e-02
1.530043148927e-02 4.545920574169e-02 -9.165030258173e-02
-6.337919245634e-05 -1.662647425996e-03 4.032643485833e-02
-1.597325218007e-02 1.603648191585e-02 -8.855704605074e-03
-3.690659952611e-02 -1.572857533684e-03 -8.152087247117e-03
4.057924982798e-03 7.152581709729e-02 1.461453008694e-02
-7.643682657825e-03 -6.611598311649e-01 3.793346699915e-02
4.928752388036e-03 -4.616206580847e-01 8.958646639011e-03
1.547130893193e-04 -3.645457389282e-04 3.623526201900e-04
-2.013202567949e-02 -5.535576301269e-02 -5.799351898477e-02
1.505861692687e-02 -2.639967410633e-02 3.493867232219e-02
2.376554557464e-02 1.770983478896e-02 9.081772882762e-02
Mode 29
-5.167762959831e-02 4.239225092143e-01 2.038656020205e-02
3.767275715054e-01 9.221526381029e-03 -1.647892466651e-01
-3.888533786259e-02 -4.210672224699e-01 6.396571994011e-03
-9.651672750739e-02 -1.182707624844e-02 9.621169442218e-02
9.594007702863e-02 1.834618168042e-02 1.640775023503e-01
-5.868016897819e-02 -2.707165678879e-03 -3.180438108086e-02
3.832811402039e-02 -4.626931324247e-02 8.689041548227e-02
1.733503650318e-01 -5.291043496132e-06 -1.515279280532e-01
-3.422274618782e-01 3.916151499588e-02 -8.875232695882e-02
-3.088753080396e-01 -1.340300789903e-02 1.405674425275e-01
6.028925716471e-03 1.541670723960e-03 -4.032720722834e-02
1.924248698320e-02 -4.534692267979e-02 -9.843642576899e-02
1.275611093261e-01 -4.902397422467e-02 -4.292207655760e-02
6.860020869647e-02 5.713584733412e-02 1.126557350620e-01
-1.317667700008e-01 8.353430370853e-02 3.242428456371e-02
9.196839822247e-02 -4.372104094061e-03 2.111943206992e-02
1.254550734808e-03 4.384035778381e-04 -5.927192922082e-04
-8.959904842840e-03 2.174540822395e-02 3.297653952433e-02
1.434641478667e-02 5.503749932992e-02 9.486328320524e-02
-7.914982689226e-03 2.362213893230e-03 1.695040471815e-02
Mode 30
-2.052359887198e-03 -3.714434489206e-02 1.158406690641e-03
-2.910281256879e-02 -8.933809285824e-04 2.030712318876e-02
-2.764538871097e-03 3.633684513592e-02 1.992819334300e-03
3.399965795746e-02 5.551042152595e-03 -3.409178032121e-02
-1.728323782638e-02 2.761349124729e-03 -6.645864104811e-02
3.516939227979e-03 -7.763222887811e-04 8.427921145722e-03
5.854009438479e-02 -2.613926097449e-02 1.186244697793e-01
-5.115332797284e-02 2.294763562999e-02 1.182813378015e-01
-2.060377531457e-02 3.194174809994e-02 -8.072478021270e-02
1.907196840290e-02 -1.565279730300e-02 2.150185197326e-02
-4.746106055636e-03 -5.913061678463e-04 7.016226662144e-04
-1.187729927800e-01 -4.269981707215e-02 -3.591431004538e-01
2.146309638016e-01 -1.496119195652e-01 -1.632338456990e-01
-2.842180687414e-01 1.463077879916e-01 3.523419061928e-01
1.225561074219e-01 4.734546065257e-02 3.043581894349e-02
-1.561391262211e-02 -3.778629477263e-02 3.968375951526e-02
-3.003465399359e-05 7.190217992387e-05 -9.317383994970e-06
2.370738848252e-01 9.878670131511e-02 1.990236869878e-01
-3.284695494502e-02 -1.968956516378e-01 -2.857749182117e-01
2.805750468865e-01 2.666306723439e-01 2.825222597177e-01
Mode 31
2.977556540065e-03 2.335426440809e-02 -5.814807828871e-03
2.398467162794e-02 2.872128537194e-03 7.221623379825e-03
-3.005806409061e-03 -1.868781430209e-02 -2.458997219938e-03
-2.439363831170e-02 -2.706718129246e-02 1.233947801655e-02
3.598106873057e-02 -3.004808728532e-02 -1.045389390366e-03
-9.874371577712e-03 6.149231278309e-03 -2.845594209618e-03
3.027489303085e-02 3.100045689634e-01 7.156714609212e-03
-3.922001044018e-03 -3.742709706731e-01 9.743523240198e-03
-2.014900053329e-02 3.908081885139e-02 3.984883907439e-03
-5.439317892842e-02 2.845536666007e-02 4.744241624186e-02
1.617780697717e-03 -4.016628849702e-03 -1.229538120867e-02
1.521763639707e-02 1.214442157124e-01 -8.399050473056e-02
1.745192671594e-02 -3.396815759221e-02 1.483574941972e-02
-1.491412917596e-02 -1.213654909230e-01 5.609640051714e-02
2.818634554234e-02 -4.966114417051e-01 8.042732547532e-03
-3.512763371193e-02 6.318856187641e-01 -7.777834706205e-02
4.474873188574e-05 3.186360975194e-04 -5.162877062207e-05
5.186749358483e-02 9.946412083687e-02 1.284258173409e-01
-2.801122139347e-02 4.008695878100e-02 -7.773901620493e-02
-2.051766654120e-03 -1.322712000109e-03 -1.257678226864e-01
Mode 32
-1.866223781547e-03 -1.984456425573e-03 1.201204719354e-03
-6.283712772322e-04 -1.269007611146e-03 9.530868249432e-04
1.059887082375e-03 -7.725200464021e-05 -5.729040008496e-04
1.874664739089e-03 7.649430434015e-03 -2.054400621826e-03
-1.239749648110e-03 1.728817376177e-03 -1.365432323688e-02
1.232894271241e-04 -4.126901664121e-04 1.829201870090e-03
1.601349544770e-02 -6.829516052603e-02 3.980517003081e-02
-1.563438731582e-02 1.536369144524e-01 3.504194030383e-02
-2.132003441987e-02 -1.963456213900e-01 -5.083484249937e-02
-5.204132692695e-03 2.549355759013e-02 5.628273688771e-03
-1.878107111406e-03 -3.757062518732e-03 -3.889077237076e-04
5.135773770139e-02 4.560348939532e-01 -2.165925381441e-01
-6.275150682730e-02 -5.560384498936e-02 1.113951894403e-01
5.185145038788e-02 -3.799966435811e-01 1.211864021988e-01
3.340395568466e-02 9.837297370476e-02 9.575572690283e-03
1.455804809554e-02 -2.188788843846e-01 5.139846465177e-02
-7.911609130907e-06 2.197411583062e-04 1.192293276338e-04
8.226777999794e-02 2.591916704915e-01 3.271821749569e-01
-6.945265192148e-02 1.801632115460e-01 -1.451393491513e-01
-6.338046467679e-02 -6.354631232448e-02 -4.219632138804e-01
Mode 33
-3.345391066946e-02 -1.317132202993e-01 1.222787383613e-02
-4.687359062105e-02 5.315103604936e-03 5.366400745858e-02
-3.495955022398e-02 1.246481614212e-01 1.749920436533e-02
2.612065325269e-01 5.505346704093e-03 -2.066112554607e-01
-3.859048686331e-01 -4.619928222672e-03 -2.907975989843e-01
8.583794686104e-02 6.042050069769e-04 4.721551607547e-02
-1.796815159860e-02 4.333092430442e-03 2.135812939078e-01
2.148863360031e-01 -9.615842440996e-03 -1.935148988051e-01
-1.921889347540e-01 2.215882382397e-02 -6.273559591128e-02
4.730724593644e-02 -6.075733606169e-03 5.403806895623e-01
-8.811331652028e-04 -3.218585907570e-03 -9.381522330632e-02
-1.392396962645e-01 -7.870899050993e-02 -1.164673780145e-01
3.894580287355e-02 1.650142935572e-02 3.092771310051e-02
1.412590146331e-01 2.426029561394e-02 3.476038237149e-02
7.314978456339e-02 -1.187244227778e-04 5.647519926048e-02
3.700519188153e-02 5.717104497227e-04 -1.015082748019e-01
1.212017980036e-03 2.004151964761e-03 -1.124337295138e-03
-6.253570178442e-02 2.076325652569e-02 5.857542340832e-03
2.280551808050e-02 1.051703246985e-01 1.604812261707e-01
-5.215310163284e-02 -4.968093748843e-02 -1.607814108678e-02
Mode 34
-5.748968614333e-03 -3.240197095377e-02 1.340885395539e-02
-4.866184342201e-02 -2.935507345319e-04 -1.470913390665e-02
-7.047637424560e-03 3.051230049970e-02 1.454390824210e-02
1.449144089501e-01 -3.584121369857e-04 3.264662761836e-02
2.220406681305e-01 1.664211058743e-03 8.214326484925e-02
-5.725586478506e-02 -2.588703273768e-04 -2.537760256794e-02
1.306511912725e-01 4.488566695209e-03 2.029027342551e-01
-2.877981107148e-01 -8.345185258430e-03 1.593716493500e-01
-2.386479277225e-01 1.074698279502e-02 -2.996585471766e-01
1.236810859861e-01 7.083623099798e-03 -2.951569261409e-01
-1.174841419762e-02 4.110678890613e-04 5.472179846945e-02
-2.460631166905e-01 -1.651581290091e-01 -2.058789095900e-01
4.430761556157e-02 4.633066163470e-02 7.374386403392e-02
2.640265737639e-01 5.940656802552e-02 6.763514232777e-02
3.450946516713e-01 -3.994852334572e-03 5.180816780444e-02
-1.015667676441e-01 3.105255074034e-02 3.432238433154e-02
-6.588666226421e-04 -9.044492658465e-04 1.192224968489e-03
-1.206106089023e-01 3.322485960202e-02 2.307143300770e-03
4.733339407676e-02 1.774328403063e-01 2.762904833013e-01
-9.099899283884e-02 -8.962751773045e-02 -7.092698002767e-03
Mode 35
-2.018765403048e-02 -7.186697178535e-02 1.954089807857e-02
-4.996741190984e-02 2.539201217935e-03 -1.143236506818e-02
-2.252688157176e-02 6.755626951966e-02 2.260727652995e-02
2.176574429142e-01 -7.417557190934e-06 -1.232844347343e-01
-6.615563508150e-02 1.060473191843e-03 8.317126611855e-03
1.057787826436e-02 -7.470299344435e-05 -1.644465316577e-03
-1.418120486304e-01 1.678982522162e-02 -2.741882100517e-02
1.320583829364e-01 -4.063339956436e-02 1.587369724432e-01
-1.111983055700e-01 1.102004289322e-02 -1.667373004381e-02
1.067227729312e-01 4.736622637826e-03 -2.252452786606e-01
3.943019444185e-04 8.791120698071e-04 3.640469269204e-02
-9.311880048203e-02 -3.094400937743e-02 -1.098405307098e-01
3.685234902700e-02 -9.227929290736e-03 5.301585303123e-03
5.582000554988e-02 1.280149396196e-02 3.946485501496e-02
-5.345779865195e-01 -2.557365005006e-02 1.561318804381e-02
3.610864065157e-01 1.015359900717e-01 5.604442490938e-01
-4.154551766829e-04 -8.008394039472e-04 7.775401351557e-04
-2.040477183096e-02 2.620051394927e-02 2.374318916961e-02
7.755331522999e-03 4.637884731816e-02 5.828428328434e-02
-7.944628096631e-03 -1.051285811357e-02 1.046178480093e-02
Mode 36
-4.717658663175e-02 -1.064554496051e-01 1.104761225275e-02
-2.708859264290e-03 4.964010621751e-03 9.021355330384e-02
-4.943357463733e-02 9.937886152567e-02 1.593561258860e-02
2.815387972122e-01 3.925933199298e-03 -3.122714263964e-01
5.010633248162e-01 -2.245584879129e-03 -6.470820217720e-02
-7.674721591381e-02 -3.208385894933e-04 -2.918989967705e-02
-4.655024032287e-02 -4.204352167521e-03 2.705855863977e-01
-7.172016063034e-02 1.819184704870e-02 1.068464262747e-02
-5.027849398586e-02 1.848149952100e-03 7.017756518692e-02
-2.219923200966e-01 -6.357597402920e-03 -8.640418006665e-05
1.310761029969e-02 1.619777288086e-03 4.170627103109e-03
4.966145263371e-02 1.923539467140e-02 2.845430056623e-02
2.567116054137e-03 -3.128217477627e-03 -5.300332133861e-03
-2.859468652465e-02 -9.399460093223e-03 -5.456558351751e-03
-4.453720572249e-01 1.225017567709e-02 1.118595881110e-01
-2.369008603427e-01 -4.982225694280e-02 -3.358521788595e-01
1.395821774039e-04 -2.537100491323e-04 -7.814035910153e-05
1.454940775129e-02 -7.656106112858e-03 -2.335412733513e-03
-5.434970387691e-03 -1.878320571719e-02 -2.965068449046e-02
8.652327476480e-03 1.003185533885e-02 -8.088298050863e-03
Mode 37
2.697295730856e-02 6.735398753142e-02 -2.048812448053e-02
4.877052653291e-03 -5.852350410693e-03 2.074521593676e-02
2.761289059558e-02 -6.109019611955e-02 -2.325359708212e-02
-2.831260313386e-01 -1.704869520714e-03 1.279130591179e-02
1.156187547621e-02 4.297620998870e-04 -2.357498626113e-02
3.055418143944e-03 -3.517807589963e-05 6.353238856644e-03
3.044502171633e-02 -7.206071373373e-03 -1.541649762352e-01
7.368969627136e-02 1.052734702055e-02 6.727235213701e-02
3.929594057613e-01 3.017116415845e-02 3.120804746306e-01
4.731460987204e-02 -7.536452459225e-03 3.354700580268e-02
3.597228570560e-03 3.396797982274e-04 -4.061472133740e-03
-4.303755302211e-01 -1.163454859875e-01 -3.811223080868e-01
4.356881500364e-02 2.591276005500e-02 6.922107196271e-02
1.508604660921e-01 -1.416765598473e-02 2.100443394644e-02
-2.489943582040e-01 6.412176421423e-03 -3.599503115488e-02
-1.086099673791e-01 -2.998236611640e-02 -1.949870802388e-01
1.229460038678e-04 1.327851517480e-04 -1.927347551468e-04
-8.395626550129e-02 1.408646352386e-01 1.044316661384e-01
7.087015043179e-03 1.766497136069e-01 2.122600278649e-01
8.304796594906e-03 -3.868927618930e-02 1.106497989750e-01
Mode 38
-2.027760905468e-02 -2.722538328733e-02 -3.817459779081e-03
3.392402798888e-02 2.497128471938e-03 2.840891621366e-02
-1.939391683920e-02 2.218004093050e-02 -3.402914507330e-03
-1.492967494285e-01 2.472796805256e-03 -3.764800406549e-01
-1.250262947841e-01 2.428121076202e-03 3.511504040369e-01
-8.579824206678e-03 1.197386726664e-04 -1.092406609021e-03
3.456848327048e-01 -2.876745759577e-03 -4.587943126837e-03
-1.563164206513e-01 -5.527085603219e-03 -2.853929092839e-01
-3.515988357195e-01 4.414310492081e-03 3.971991644045e-01
4.014105557065e-01 1.645370543230e-02 -9.131881499408e-02
-3.463577812338e-04 -3.787243451417e-03 9.952360393625e-03
3.900149776156e-02 2.968324251989e-02 -8.096190180537e-03
5.773358133985e-02 -2.546466338462e-02 -1.147210704599e-02
-3.147226867938e-02 -1.033302648875e-02 1.217841040615e-02
-5.758417102020e-02 6.584592160013e-03 7.105556253160e-03
-2.408265820671e-02 2.044604299825e-04 -4.509711628208e-02
-5.051877956542e-05 -4.270694137575e-04 9.969396721698e-04
2.341132305324e-02 -9.897543459787e-03 3.348858432458e-03
-9.564649275299e-03 -4.717443354313e-03 -2.367312414978e-02
1.789273528058e-02 1.996928498807e-02 -1.821576990678e-02
Mode 39
-1.062924523444e-02 -2.351219311098e-02 9.205022548736e-03
2.461868879119e-03 2.426303922778e-03 -1.559013308610e-02
-1.080160037705e-02 2.082339147595e-02 9.989814549824e-03
1.200227733152e-01 1.407895952738e-03 4.093989005996e-04
-2.272604068784e-02 -3.070261273297e-04 6.341108903609e-02
-6.824556910978e-05 -1.897018843704e-05 -5.186317696476e-03
-4.326292208441e-02 1.124916600735e-03 -1.428339111229e-02
2.887322968152e-02 1.129931988927e-03 -3.683815922292e-02
-6.900463289547e-02 -1.249935326604e-02 2.756402289349e-02
-6.969193309126e-02 9.755200777297e-04 -6.241600068254e-02
2.636610419736e-03 -1.823189824278e-04 5.366119583925e-03
1.114665637483e-01 6.392301234550e-02 8.949358083343e-02
-2.524818502027e-02 1.436625629664e-03 7.285527445728e-04
-1.525363795807e-01 -1.571815923692e-01 -4.067049525019e-01
8.494117193707e-02 -7.997381068534e-04 -1.015677397259e-02
1.493700320959e-02 -3.873251770280e-03 -2.924287085860e-03
-1.476973336228e-04 -3.277322996388e-04 1.105082939841e-04
2.638522893393e-01 3.980363517154e-01 3.003203579929e-01
-9.629239881591e-03 -2.778931745273e-02 4.719880075461e-01
1.445242702742e-01 -1.392368093608e-02 3.893149921134e-01
Mode 40
2.424972293310e-02 6.123004794934e-02 -3.179463811645e-02
2.429001440306e-02 -6.133862854503e-03 6.842197492293e-02
2.538175533313e-02 -5.428128201742e-02 -3.414733584992e-02
-4.823697984911e-01 -2.816165592624e-03 -9.246860653534e-02
1.823096599004e-01 4.130782244246e-04 -2.575195187256e-01
-9.304877526524e-03 1.504017032744e-04 1.976538284750e-02
1.668980694935e-01 3.641881626198e-03 2.078093090159e-01
-2.650737098998e-01 -1.041230165456e-03 2.711615886498e-02
8.937616835725e-02 -2.453305611669e-02 -3.631934518790e-01
3.057967342077e-01 5.249273456805e-03 3.207323646605e-01
-1.202590872934e-02 -3.334600695061e-03 -2.270353691013e-02
8.661007693357e-02 -3.864574892957e-03 9.841710594487e-02
-6.548683984104e-02 2.625135742604e-02 1.514110266904e-02
-3.076070124852e-02 2.741426876538e-03 -8.692797054653e-02
-2.226226495838e-01 -3.247848911092e-03 8.602609688067e-02
3.248892949587e-02 1.861037325444e-02 2.029123602830e-01
4.022283251595e-04 1.127134278487e-03 -3.399179536926e-04
9.584810073018e-02 4.967467516590e-02 3.432849750288e-02
2.076204783207e-02 -7.910037187610e-02 1.066345470657e-01
-1.907819813418e-02 -2.346207088569e-02 3.754696259339e-02
Mode 41
1.212257173258e-02 1.913028028405e-02 -3.752251314581e-03
-2.821436735934e-02 -6.328957718490e-03 5.501465803363e-03
1.012121014353e-02 -1.372212108754e-02 -3.752985311020e-03
1.889401334926e-02 -3.945000500819e-04 3.596839064785e-02
-2.585943815206e-02 -3.903888975473e-05 -9.950618026580e-03
3.043188919825e-03 4.100723484979e-05 5.527273528249e-04
8.901394764844e-04 -6.757101154929e-04 -3.164521627084e-02
3.688922368186e-02 1.394070019416e-03 4.217019424700e-02
5.088922509906e-03 9.185332879789e-04 2.795241551207e-02
3.093443645704e-03 5.024504384773e-04 -3.289514397176e-02
-2.942153142132e-03 1.397720537794e-03 1.925963578675e-03
-6.291801816552e-02 -5.658791947962e-02 -8.230669979306e-02
-3.410414566680e-02 4.395899408339e-02 5.146920321612e-02
-1.301541638117e-01 4.576717659888e-02 5.809312958226e-02
-2.370006961638e-02 2.273309264002e-04 -9.686403382860e-03
-2.339629881826e-02 -3.543655458723e-03 -4.384554873269e-02
5.347057974843e-05 -2.479382721702e-04 1.257672369299e-04
5.792378836749e-01 -3.036276868845e-01 -1.404510200125e-01
1.760200951154e-02 -6.336479299726e-02 4.390497096947e-01
1.322318270341e-01 2.240351614008e-01 -4.820672172719e-01
Mode 42
2.952940833659e-03 3.816147544111e-03 -7.356029675689e-05
-1.254075036115e-02 -1.498736105447e-04 -1.788064306523e-03
3.337413015644e-03 -3.837132297045e-03 -1.528158136691e-04
3.167489370432e-02 8.246046165706e-04 1.591592150720e-02
-3.430613247803e-02 -4.496316101893e-04 1.816449358974e-02
2.276543794797e-03 3.990902316307e-06 -6.426264381464e-04
1.259390963168e-02 1.491931737091e-04 -3.349975592064e-02
3.260849994823e-02 2.108136277949e-03 2.477624943298e-02
-5.359700356686e-03 -7.380647997523e-03 4.686533484331e-02
-1.202557327762e-02 7.252133759499e-04 -3.007421124114e-02
2.726883257725e-03 1.145900458159e-04 1.957631043754e-03
-6.303178090365e-02 5.205582941434e-02 -8.704560317187e-02
2.795005698134e-02 -1.845924718552e-02 -3.892962609258e-03
6.278357232740e-02 2.154693221367e-01 4.425785847694e-02
-1.443960258747e-02 6.136020205775e-04 -1.071806092934e-02
-2.191527351372e-02 -6.159704807954e-03 -4.455544636722e-02
-2.540381585163e-04 -6.729844046697e-05 -2.488141178999e-05
1.803399326626e-01 1.401638713461e-01 1.149803832875e-01
1.991834519916e-01 -6.354439641744e-01 1.730618819027e-02
-5.440978959734e-01 -3.339688085611e-01 -5.862291761452e-02
Mode 43
2.482941182322e-01 4.237447623570e-01 -1.400529024072e-01
-6.107338429339e-01 -9.605837844878e-02 3.607101663761e-01
2.334246334830e-01 -3.401936247370e-01 -1.422678725841e-01
1.449703522278e-01 7.283970628301e-03 -5.558901483618e-02
-1.936533824355e-02 -2.367635945700e-03 -2.595693250821e-02
5.765497419610e-03 1.810470338451e-04 9.644721474506e-04
-3.807523444474e-03 6.626006208135e-05 1.705330875172e-02
1.447542486845e-02 -4.824140592688e-04 -6.811291662059e-03
-7.552347153915e-02 1.054828691218e-03 2.281639116669e-02
1.874750105827e-02 -1.059149762018e-03 -1.417019925047e-02
3.127655645043e-03 1.428810974276e-03 -8.849873929789e-04
2.399777473973e-02 9.650621118567e-03 2.051803448696e-02
4.619515485763e-03 -5.225134004297e-03 -7.291482712499e-03
-3.404988851700e-03 -8.800786635352e-03 -9.164484731427e-03
-1.516860230330e-02 1.217651353410e-03 5.237126718900e-03
-6.796874877486e-03 -2.000280483614e-03 -1.903358151080e-02
-1.078570407198e-03 3.950385107758e-05 -6.622636448273e-04
-2.190906413253e-02 1.178922584615e-02 5.468706746339e-03
-5.277354743515e-03 9.001527425358e-03 -2.006542307081e-02
6.320161596926e-03 -2.097390383533e-03 2.319451670316e-02
Mode 44
4.039811813815e-03 -5.978302763566e-03 1.442974270921e-02
6.568580804478e-03 1.707882391520e-03 -8.582114089060e-02
4.188082856485e-03 5.201353442034e-03 1.418895666148e-02
1.272073757539e-02 -4.353973979290e-04 4.101194796903e-01
-2.136402589849e-01 -2.924236923704e-03 -3.009182782278e-01
2.542798221696e-02 2.084225124881e-04 1.731402055682e-02
2.486184728088e-01 -2.453273929702e-03 -1.093763013147e-01
1.263395046557e-01 1.019331802863e-02 3.128782206145e-01
-3.803730921560e-01 -5.603626577668e-03 -6.218852720614e-02
2.357321874255e-01 6.030798093597e-03 -1.563970378544e-01
-1.278170958795e-02 -5.220220260007e-04 3.842909857827e-03
1.098652066426e-01 1.273460571580e-02 4.353626341573e-02
5.909889394790e-04 -2.242321241417e-03 -5.199943310398e-03
-1.593688429443e-02 -2.195188753392e-02 -1.996671390485e-02
-3.187657847666e-01 8.098772532903e-05 -1.970101608520e-02
-2.198587386422e-01 -1.970314115638e-02 -3.124303715914e-01
-5.090312778892e-04 -3.025508114314e-04 5.181856113541e-04
-3.077554548353e-02 2.159131740727e-02 1.175484753095e-02
-1.293782082616e-02 1.934104516268e-02 -3.681865349583e-02
2.649471469613e-02 5.510222246547e-03 4.682817759363e-02
Mode 45
5.431421873840e-03 8.747644138988e-03 -2.239711845434e-04
1.139040988039e-02 -8.154385378603e-03 -1.394814360731e-02
1.951074568960e-03 -5.405143220107e-04 1.099347606105e-03
-1.551362103248e-01 -2.734251178593e-03 2.197541014645e-01
3.300009597806e-01 -1.271793461090e-03 -3.949566817022e-01
-7.069812903691e-03 1.409007546399e-05 6.427568973915e-03
-4.591563837011e-01 4.058018022301e-04 1.837075420162e-01
1.154106016214e-01 -6.576325965152e-03 -2.388949642601e-01
-2.244761961534e-01 1.217545719562e-02 3.781269025771e-01
2.935122050134e-01 5.604958970077e-03 -1.290835052984e-01
-5.494010919347e-03 1.494952887830e-04 -4.477064289138e-03
-3.172625435533e-02 2.526252988020e-02 -1.637062575979e-02
5.077294101726e-02 -2.482014297990e-02 -1.928956660150e-02
-7.074530296689e-03 -1.501268373639e-03 7.869760631288e-03
1.729848660906e-01 1.403137841137e-03 4.599630317154e-02
1.076974029360e-01 2.957970804892e-03 3.226312446845e-02
-4.735947618032e-04 -4.298797473624e-04 3.995953523179e-04
9.996262848597e-03 2.065383626729e-03 6.826561643199e-03
4.742375677863e-04 -1.167930193574e-02 -3.959644166601e-03
-7.666183285908e-03 -1.313204316207e-03 -9.039427560619e-03
Mode 46
-7.874867392039e-03 -3.620792147165e-03 -9.399740891714e-03
2.017883634853e-02 8.899743417424e-03 4.797595747423e-02
-4.308055997261e-03 -4.444215484165e-03 -1.151537621181e-02
-2.120510623551e-01 -3.327660830871e-03 -3.644386473071e-01
1.163226259173e-01 3.777206394105e-03 2.651244349523e-01
2.434331963368e-03 3.911401289672e-05 -5.982873185899e-03
-4.026772908272e-01 -1.312236758268e-03 -1.828199636920e-01
3.877761674065e-01 6.370776774625e-03 4.208273268131e-01
-1.779016137094e-01 -5.666496243596e-03 -2.082977641943e-01
2.450450542512e-01 1.745687089296e-03 1.100215293769e-01
-4.646670031798e-03 -1.698422162869e-03 4.812817952582e-03
6.665886452386e-02 -2.427391451115e-02 -2.035968770611e-02
-3.677554377455e-02 2.125587310052e-02 2.074800098312e-02
-1.624667568012e-03 1.403539886777e-03 3.468767246831e-03
1.234477900624e-01 -3.004215717993e-03 -7.562105896458e-02
-6.546073665216e-02 -8.231304584749e-03 -1.775329302682e-01
1.974429719439e-04 5.398965087866e-04 7.892121483998e-05
-5.479197668039e-03 3.107907552267e-03 2.168947765629e-03
5.370755682746e-05 -2.608544902824e-03 -1.212568481692e-02
1.980649604696e-03 2.405030327220e-04 1.079685787800e-02
Mode 47
1.296601578978e-01 3.342938961869e-01 -7.303487528195e-02
7.223701140040e-02 -8.021961009062e-01 -4.756087299869e-02
-1.911888178973e-01 4.048664769797e-01 1.190104930842e-01
-3.408535383963e-03 1.094451318616e-02 -7.323812941240e-03
-1.423274285832e-03 2.122194412757e-04 9.136447121179e-03
-4.722729855520e-04 7.807431417888e-04 -3.557674359979e-04
-3.334310957954e-04 -2.810301784799e-03 -3.471958785578e-03
2.517400473121e-03 8.077906154482e-04 5.686316548307e-03
1.550881311703e-03 -3.208630731325e-03 -6.394387672601e-03
-1.828922091055e-03 1.534172041203e-03 5.235569606489e-03
1.035118024691e-03 2.558542418064e-03 2.380513001221e-04
1.971834989920e-03 -2.095914040046e-03 -1.960771914880e-03
-1.996617519280e-03 1.502991967645e-03 1.602976198353e-03
9.988143400788e-04 3.918936165483e-04 1.648698869538e-04
3.375440815202e-04 -1.292549740919e-03 -1.210175866065e-03
-1.274869208243e-03 5.790758553024e-04 -1.544060377423e-03
-1.115623792777e-03 1.511393495818e-04 -9.407223086940e-04
-1.932564692111e-03 9.251313439209e-04 3.941900775376e-04
3.030939700462e-04 -6.875831743329e-04 -1.310295961893e-03
-1.231543792500e-03 -1.041064567138e-03 1.616128671559e-03
Mode 48
5.058758118077e-04 -6.945987860022e-04 5.450640531373e-04
-2.270092602694e-03 2.507273337917e-03 -1.152171979986e-03
1.304126511477e-03 -1.602825935059e-03 -1.611774873743e-04
1.518393644250e-02 -1.293673026934e-03 2.276090402389e-02
-9.402600092450e-04 -3.187927363637e-05 -1.811802358501e-02
3.213138673902e-04 8.019251397364e-05 6.143643127930e-04
5.248570290526e-03 -1.281522634749e-03 2.098295585092e-02
-1.153110039656e-02 -5.428536890256e-03 -6.097660488473e-02
2.410978752075e-03 1.704816711525e-02 7.583683024931e-02
-2.979441816660e-02 5.626386714156e-04 -1.141116448157e-02
7.397338496026e-04 7.217007658634e-04 -2.071000139136e-03
5.225121051656e-01 -3.332222546278e-01 -4.763781580871e-01
-4.262448389807e-01 2.537588422700e-01 3.402828559324e-01
-2.048909381994e-02 3.020738230099e-02 4.372245618948e-02
1.054344844969e-02 5.638616589912e-04 6.260568907760e-03
2.822894445678e-02 7.214611143158e-03 2.296203306879e-02
-2.291709755434e-05 -1.596909517936e-04 -6.442694679281e-05
-1.760243767174e-02 2.246238821648e-02 1.914594158786e-02
6.875523650885e-03 -3.375893159538e-02 -6.095862133822e-02
2.692102423950e-04 2.644339124671e-03 6.128736410685e-02
Mode 49
1.309954880871e-05 6.488205609436e-05 -5.620075032143e-05
-5.480718470575e-05 -5.708701101272e-05 3.253934397406e-05
4.881235117368e-06 1.843869839546e-05 -7.100972219236e-06
5.369211749823e-05 -1.223062832483e-04 -1.078163403278e-05
3.083074092956e-05 2.629789931837e-06 -4.061803630302e-05
-4.688850337048e-06 5.000644528460e-06 -3.392770158957e-06
-1.279345799863e-04 -2.055474006677e-05 1.885230802629e-04
1.605210449912e-04 3.046189708522e-05 2.583866493788e-04
-5.373449489965e-04 2.808465263393e-04 8.067007704304e-04
-6.926403316651e-05 -2.941925155621e-04 2.332582828038e-04
-8.083984704381e-04 -3.194266571358e-04 -1.682916515163e-05
-1.726576854103e-03 -2.541728579976e-03 -4.927587926257e-03
9.126611388643e-04 -7.520712126850e-04 -9.614943863176e-04
4.056126725719e-02 7.503144362687e-02 1.463318288522e-01
1.047007660793e-04 -3.007985458030e-05 -2.646106745148e-04
6.356859214283e-04 5.843255476525e-05 -5.923041676571e-04
-6.830082123951e-05 1.300058308356e-05 -1.215015557518e-05
7.428752530412e-02 3.592045097905e-01 -4.357760327298e-01
-5.393547500369e-01 -1.400129784377e-01 3.585372454093e-02
3.340443459375e-01 -4.644651482314e-01 -8.786144457476e-02
Mode 50
-2.735712472000e-06 -1.988200801918e-05 1.090440707872e-05
2.631564570432e-05 4.820792124618e-05 2.159280470341e-06
-1.339490454676e-05 -2.359308696027e-05 -1.731851666651e-05
-2.488668726395e-04 -2.475538840173e-04 -2.368226693994e-04
-9.838062566652e-05 -3.269142358787e-05 2.607408243665e-04
-4.074887805118e-06 2.475822286090e-05 -7.461947003215e-06
2.270791826456e-04 -2.732642546628e-05 -1.064052187551e-04
-3.085631357408e-04 6.314316944848e-05 -2.508199321716e-04
-2.630640169103e-05 -5.214786944805e-05 3.687303694412e-04
2.292981930832e-04 1.193974961958e-04 5.111406696747e-04
-1.246766763745e-03 1.858985582229e-04 6.231007849224e-06
7.428390116421e-04 6.418989102286e-04 4.108666348916e-03
8.470551712226e-04 -1.240827050776e-03 -6.181743948537e-04
6.053746015068e-03 -2.702155385458e-01 1.389642425923e-01
1.133582148942e-05 6.652164708283e-06 3.738380854674e-04
4.105748825090e-04 -7.633179322219e-06 -4.206603759885e-07
-1.107435581541e-05 1.482541227413e-05 2.338827398631e-06
1.021011519209e-01 4.605711664801e-01 -5.875303569711e-01
1.985356701165e-01 4.232306086669e-02 -6.499535271434e-03
-3.199395071249e-01 4.314528548236e-01 1.005355587068e-01
Mode 51
5.163931096521e-06 -9.682987424782e-05 6.605131179624e-05
-5.911868517731e-06 1.430630041202e-04 -5.646295810579e-06
1.927238774520e-05 -5.690689029663e-05 -1.632988067119e-05
-3.563548714336e-05 -6.537217855912e-05 1.455073895369e-05
-1.501180182360e-04 1.551763457309e-05 6.728238651700e-05
3.497322173933e-05 5.377540884162e-06 2.429332875012e-05
2.190647469219e-04 -4.298164085337e-05 -2.751359953226e-04
-8.986762264613e-04 1.010831657616e-04 4.776805941357e-05
-7.011243998507e-04 5.827475238232e-05 -1.152369178112e-03
-9.096332122885e-05 1.962724301084e-04 -2.211311585564e-04
3.625164559479e-04 3.837043323880e-04 -1.080057469981e-04
5.381183404004e-03 -6.311881555740e-04 -1.030630886736e-03
-2.838509635890e-03 2.833313219129e-04 1.258665045208e-03
3.013836787706e-01 -3.538200427589e-02 -7.817990305668e-02
4.057598430070e-05 -1.870270004867e-06 1.039327259633e-03
2.130463890813e-03 2.861283613826e-05 -1.001824022467e-03
4.580973786613e-05 -2.194058524987e-05 1.402263635143e-05
-9.895780561887e-03 -1.220620935993e-01 1.449681843314e-01
-7.302570995078e-01 -1.949594032834e-01 4.296198947587e-02
-3.064856027902e-01 4.374203823294e-01 8.567785943481e-02
Mode 52
-1.654999945844e-04 -1.066545449952e-04 9.892325289585e-05
4.070636473642e-04 7.535824229402e-05 -1.682359899516e-04
-1.607641845302e-04 3.496676488519e-05 7.850538412132e-05
-8.300546208658e-04 2.385866903995e-06 -9.307724200715e-04
7.277919679204e-03 -1.390422513969e-04 -2.819734595523e-03
-4.804163249699e-04 9.278334587933e-06 -1.239100362872e-04
1.204554476537e-03 1.926384340381e-03 1.959707899948e-01
1.722444748183e-01 -3.474922730214e-03 -1.153157399296e-01
9.728593724226e-04 1.942022810973e-04 4.605508383906e-03
-8.062109894688e-04 -1.663657723696e-04 4.095361077884e-04
5.360533900641e-05 1.212579610335e-05 -1.249171333822e-05
2.010869378684e-03 -9.119431010294e-04 -1.775924453546e-03
7.175864096362e-05 6.278474834851e-04 1.950921784213e-03
4.619492381971e-04 -3.640485066791e-04 2.940400660003e-05
-3.176810753468e-02 -6.910293683565e-03 -6.542840825745e-01
-5.931545656265e-01 1.370183831191e-02 3.705971588627e-01
-1.343372946930e-05 3.009264912620e-06 -8.730481620089e-06
1.494321644204e-04 1.817285188474e-04 5.258992801800e-05
-2.016191457870e-03 -6.768172629252e-04 -1.223101203879e-04
-8.632066000032e-04 1.163888878861e-03 1.797293085298e-04
Mode 53
-9.983841242700e-06 -2.411270916760e-06 1.323303626854e-07
5.055668045364e-05 -1.249214752890e-05 5.415321470000e-06
-1.179132538581e-05 1.087967173227e-05 -2.718019337079e-06
1.782259887625e-04 -1.080854483624e-04 -1.489679947721e-03
1.018806382501e-02 1.301495619760e-04 -4.481249115316e-03
-5.917805664723e-04 -1.559770716703e-05 -1.200842323180e-04
1.914920500286e-02 2.530024719315e-03 2.165645361871e-01
-1.770612957719e-01 3.180278197622e-03 9.852558324019e-02
-6.792915191137e-04 -2.000307521801e-04 -6.803322713480e-03
7.639266983872e-04 7.118847981903e-05 -8.568994982125e-04
3.548307932516e-06 2.249660252111e-05 -5.749698155097e-05
-2.129905820603e-03 9.136600496023e-04 1.827340013901e-03
1.186034799715e-04 -6.644375571894e-04 -1.717744297723e-03
4.455359458383e-05 1.026660587673e-04 -1.435911769116e-04
-3.772009748081e-02 -7.922614077809e-03 -6.953379084258e-01
5.555028624213e-01 -1.255240625556e-02 -3.431453559211e-01
-5.001957608996e-06 1.202467695874e-06 -5.615541560222e-06
-5.630490273226e-05 -2.203993024669e-04 6.484955198759e-05
1.152256643253e-03 4.764175488179e-04 2.786381523235e-04
1.121743984144e-04 -1.545845303886e-05 5.022768946413e-05
--
Dipole derivatives 
Mode 0
2.280900485048e-02 2.362368294219e-02 6.029808801097e-03
Mode 1
6.840415262459e-03 -1.056842640944e-02 3.186336257735e-02
Mode 2
4.751911473196e-02 -4.281463012482e-02 1.716665110856e-02
Mode 3
-2.723672186981e-02 1.251937410760e-02 -1.374210270091e-02
Mode 4
9.081443995973e-03 1.744406066083e-02 -9.358661340792e-03
Mode 5
-3.330665299532e-02 5.392417917766e-03 6.056613416140e-03
Mode 6
3.074672758037e-02 1.818141178748e-02 -3.420584493098e-02
Mode 7
-1.750843857434e-02 -1.098001212082e-02 1.949229134224e-02
Mode 8
-4.280820906205e-03 1.284666396330e-02 3.649893779266e-04
Mode 9
-2.879596191598e-02 -1.530304567632e-02 2.178678476710e-02
Mode 10
2.752949432675e-02 2.206597899771e-02 -2.494325711311e-03
Mode 11
-2.410707674209e-02 -2.443148399834e-02 9.138949458454e-03
Mode 12
3.589108931823e-02 1.147062579971e-02 2.207744828141e-02
Mode 13
-3.134168178495e-05 1.074561888628e-02 -2.405433230160e-02
Mode 14
-3.330778341907e-02 -3.803563375404e-03 -8.239037539586e-03
Mode 15
2.825988115312e-03 1.421019281086e-02 9.224143709950e-03
Mode 16
-2.380695975949e-02 2.101144730552e-02 1.209769128157e-02
Mode 17
1.494207994905e-02 4.660330170436e-02 2.901689864211e-02
Mode 18
-4.676048472030e-02 -1.509349005375e-02 4.121539152763e-02
Mode 19
-1.042599105814e-01 -4.902645933375e-02 7.126679879993e-02
Mode 20
-7.685965755893e-02 -7.671792782019e-03 3.595222703694e-02
Mode 21
5.683134128584e-02 6.532483357652e-02 -3.044798535277e-02
Mode 22
7.080950157257e-02 2.967844411421e-02 -7.506999713969e-03
Mode 23
8.213139802988e-02 -2.497320458554e-02 2.955595764283e-02
Mode 24
3.984146808480e-02 6.534008816417e-02 5.483852927811e-03
Mode 25
-6.642905396267e-03 3.986940847279e-02 -2.895826085289e-02
Mode 26
3.538503624193e-02 3.640830025444e-02 5.921564968572e-02
Mode 27
-1.586524975858e-02 -5.053314641158e-02 1.601344570142e-01
Mode 28
-6.471300966993e-02 1.155018923663e-01 2.089531943664e-02
Mode 29
1.019999752159e-01 1.015465512431e-01 -6.001528160163e-03
Mode 30
-1.044022885878e-01 -6.941476689823e-02 7.435414063519e-02
Mode 31
1.196741025351e-03 -1.741796156876e-02 3.978738927380e-02
Mode 32
6.032889757981e-02 -5.885513712831e-03 3.604247888695e-02
Mode 33
-1.780497563013e-01 -1.002466851257e-01 1.028564114858e-01
Mode 34
-6.670348393565e-02 2.387701940402e-02 2.947597790431e-02
Mode 35
-3.785645176141e-02 -3.194415081799e-02 -1.597006632334e-02
Mode 36
7.384417713924e-02 7.665350806269e-02 -8.510180118142e-02
Mode 37
-3.359942144324e-01 -1.766614567996e-01 1.493945141169e-01
Mode 38
4.805704762781e-02 3.662040539078e-02 -3.010620675415e-02
Mode 39
1.513519124835e-01 4.295798264703e-02 -1.426899403243e-01
Mode 40
8.638938765835e-02 3.620880551957e-02 -1.664829993890e-01
Mode 41
6.956825494792e-02 6.769955258457e-02 6.407221403121e-02
Mode 42
-1.352813787650e-01 3.941376261678e-02 -1.312007428177e-02
Mode 43
-2.094864050507e-01 -1.567273031748e-01 -1.233177068719e-01
Mode 44
-2.277291559177e-02 -3.823019263261e-02 1.096442334903e-01
Mode 45
3.643162504297e-02 3.884487883424e-02 1.560816529223e-02
Mode 46
1.837140571804e-01 1.471987264172e-01 -1.069918763136e-01
Mode 47
-2.047715869014e-01 4.327950877287e-01 -1.132799742998e-02
Mode 48
1.766973386489e-01 3.241568632733e-01 2.021671427919e-01
Mode 49
1.632187940617e-02 -1.532066588410e-02 3.488092091110e-03
Mode 50
-2.398580753600e-02 3.747482032475e-02 2.223976738292e-02
Mode 51
9.573518320443e-02 5.495126288032e-02 -8.947859288778e-03
Mode 52
-1.457038180570e-02 -2.443056087374e-02 1.180100921610e-02
Mode 53
2.796501260411e-02 2.654216297324e-02 4.527013796893e-04
--
Polarizability derivatives 
Mode 0
1.273323939987e+00 2.920248448922e-01 4.777047980912e-01
2.920248448922e-01 -1.240692754639e+00 4.983099713566e-01
4.777047980912e-01 4.983099713566e-01 2.140229404360e-02
Mode 1
-2.989462670117e-01 5.633582878481e-01 7.204643870187e-01
5.633582878481e-01 4.026547102473e-02 -8.252565370992e-01
7.204643870187e-01 -8.252565370992e-01 1.256962307435e+00
Mode 2
4.131140185380e-01 3.142729277254e-01 -4.129692737539e-01
3.142729277254e-01 -1.291084271632e-01 4.500495442030e-01
-4.129692737539e-01 4.500495442030e-01 -2.462121479143e-01
Mode 3
-4.436169349030e-01 1.969446587865e-01 -7.886625413147e-01
1.969446587865e-01 -1.702688437983e-01 5.671199794431e-01
-7.886625413147e-01 5.671199794431e-01 -8.273533155609e-01
Mode 4
-5.206718974060e-01 3.284064425486e-01 1.558565816422e-01
3.284064425486e-01 4.816168942783e-01 -6.377359455511e-01
1.558565816422e-01 -6.377359455511e-01 -4.594302890410e-01
Mode 5
8.464162440492e-01 -6.513925946880e-01 6.593636000061e-01
-6.513925946880e-01 -6.480816228357e-01 -6.515012235485e-01
6.593636000061e-01 -6.515012235485e-01 5.356515914442e-01
Mode 6
-5.085112665993e-01 -3.784137148022e-02 2.116149782510e-01
-3.784137148022e-02 -7.843543610044e-01 -4.498771503620e-01
2.116149782510e-01 -4.498771503620e-01 8.560682725901e-01
Mode 7
7.447452422560e-01 5.368933839869e-01 -3.378803552616e-02
5.368933839869e-01 -1.076916438817e+00 -2.240231516772e-01
-3.378803552616e-02 -2.240231516772e-01 -7.939306460922e-01
Mode 8
-2.006110826014e-01 -2.151611173890e-01 4.590146910477e-01
-2.151611173890e-01 -8.126112168043e-01 -1.599134366310e-01
4.590146910477e-01 -1.599134366310e-01 -4.269366966771e-01
Mode 9
8.065670279042e-02 -7.238642849297e-02 -4.297000615592e-01
-7.238642849297e-02 -6.929036463300e-01 2.348414238015e-02
-4.297000615592e-01 2.348414238015e-02 -6.561380552433e-02
Mode 10
-1.317114086046e-01 4.555407070219e-01 -5.978018894377e-01
4.555407070219e-01 2.484033036374e-01 1.369892881326e-01
-5.978018894377e-01 1.369892881326e-01 -1.526456357842e-01
Mode 11
8.241267548842e-01 -6.182145421197e-01 -5.849964080220e-01
-6.182145421197e-01 -3.083157199321e-01 7.849332763412e-05
-5.849964080220e-01 7.849332763411e-05 4.433740170862e-01
Mode 12
-1.167103329817e+00 -5.914914412444e-01 -5.021659298590e-01
-5.914914412444e-01 -1.287857086600e+00 1.011409434219e+00
-5.021659298590e-01 1.011409434219e+00 -1.664217698157e+00
Mode 13
1.374492774651e+00 -9.089980391577e-02 1.928419207546e+00
-9.089980391577e-02 4.810775903649e-01 2.643029993737e-01
1.928419207546e+00 2.643029993737e-01 9.948082416171e-01
Mode 14
-1.762691109546e+00 2.126929819720e-01 1.533541062097e-01
2.126929819720e-01 -4.476981273198e-01 4.347821133489e-01
1.533541062097e-01 4.347821133489e-01 -1.201751614243e+00
Mode 15
-6.551874544258e-01 7.606494343582e-01 -1.336331464960e+00
7.606494343582e-01 7.257388496130e-02 4.956463658719e-01
-1.336331464960e+00 4.956463658719e-01 -1.126337009902e+00
Mode 16
3.003565838196e-01 -2.839553613019e-01 8.335269995284e-01
-2.839553613019e-01 -9.425920823723e-02 -2.999303506507e-01
8.335269995284e-01 -2.999303506507e-01 1.105503617505e+00
Mode 17
-4.066664445098e-01 -1.287787387685e+00 9.698571936277e-01
-1.287787387685e+00 -4.207613293463e-01 -1.428477393783e+00
9.698571936277e-01 -1.428477393783e+00 6.401792226232e-01
Mode 18
1.274096883599e+00 -3.859550803013e-01 1.209705964930e+00
-3.859550803013e-01 9.075426622455e-02 -1.193663390656e+00
1.209705964930e+00 -1.193663390656e+00 1.069889935448e+00
Mode 19
1.439142012015e-01 3.718041594526e-02 5.655019132495e-02
3.718041594526e-02 1.192964417298e-01 6.002911386320e-01
5.655019132495e-02 6.002911386320e-01 4.868183527642e-01
Mode 20
4.943342603822e-01 4.109059924612e-01 -1.464790023855e-01
4.109059924612e-01 7.975573431227e-01 -1.863837099217e-01
-1.464790023855e-01 -1.863837099217e-01 -2.707177354820e-01
Mode 21
-8.203291726575e-01 -6.512897718857e-01 7.183951145897e-01
-6.512897718857e-01 1.416882932673e-01 -5.581084702795e-01
7.183951145897e-01 -5.581084702795e-01 1.279113188066e-01
Mode 22
-1.541776002790e-01 4.371104610317e-01 1.080827978434e+00
4.371104610317e-01 2.836829717623e-01 -3.426576938937e-01
1.080827978434e+00 -3.426576938937e-01 -8.463848131693e-01
Mode 23
-4.895738917833e-01 2.875735403810e-01 -2.299235345249e-01
2.875735403810e-01 -1.000599630135e-01 2.193500961435e-01
-2.299235345249e-01 2.193500961435e-01 -5.450593033351e-01
Mode 24
8.784564889934e-01 6.925815171032e-03 4.509759256431e-01
6.925815171032e-03 2.034621301010e-01 1.063925138416e+00
4.509759256431e-01 1.063925138416e+00 -1.207195760934e+00
Mode 25
-3.723149620716e-01 -3.759070978737e-02 -2.801014562042e-01
-3.759070978737e-02 3.169486444847e-01 -1.825930466608e-01
-2.801014562042e-01 -1.825930466608e-01 -2.351023404190e-01
Mode 26
3.888235976412e-01 1.521563065909e-01 -1.385538005789e+00
1.521563065909e-01 3.397052015448e-01 5.194289947920e-01
-1.385538005789e+00 5.194289947920e-01 -1.842179927618e+00
Mode 27
1.536710156437e+00 -6.827294902385e-01 1.873157929905e+00
-6.827294902385e-01 7.688521721466e-01 -1.374605078407e+00
1.873157929905e+00 -1.374605078407e+00 6.395398623475e+00
Mode 28
8.748386556383e-01 3.239844522562e-01 9.012956884214e-01
3.239844522562e-01 -2.715967326296e-02 -9.356294409057e-01
9.012956884214e-01 -9.356294409057e-01 1.387911665069e+00
Mode 29
2.414584314899e-01 -3.510278705710e-01 -4.039253423403e-01
-3.510278705710e-01 7.291836055317e-01 4.843946339205e-02
-4.039253423403e-01 4.843946339205e-02 -6.329934334542e-01
Mode 30
-1.344225028562e+00 -6.288881737915e-01 6.761943465473e-01
-6.288881737915e-01 -1.487150790234e+00 -1.436844373076e-01
6.761943465473e-01 -1.436844373076e-01 -6.307873955633e-01
Mode 31
-7.337898181912e-01 4.339546755031e-02 -6.688777830291e-01
4.339546755031e-02 -9.272576200818e-03 3.250730357840e-01
-6.688777830291e-01 3.250730357840e-01 -6.429116176289e-01
Mode 32
6.827886343528e-01 -1.225004374141e-01 -3.604272113979e-01
-1.225004374141e-01 -2.191057850734e-01 4.080181314993e-01
-3.604272113979e-01 4.080181314993e-01 1.668324690976e-01
Mode 33
-2.292105071991e+00 5.884063558473e-01 -3.138920373685e+00
5.884063558473e-01 -1.144594203244e+00 1.853483809388e+00
-3.138920373685e+00 1.853483809388e+00 -6.698942096236e+00
Mode 34
2.863748566981e+00 7.768686283472e-01 2.767249683769e+00
7.768686283472e-01 1.979732806948e+00 -1.941349557563e+00
2.767249683769e+00 -1.941349557563e+00 8.037010679656e+00
Mode 35
1.815227123611e+00 4.447721159745e-01 2.831457276708e+00
4.447721159745e-01 4.397070782346e-01 9.168473555130e-03
2.831457276708e+00 9.168473555131e-03 3.866600190038e+00
Mode 36
2.749830460552e+00 8.850107674474e-01 1.345281583564e+00
8.850107674474e-01 9.291039826869e-01 -7.619705223277e-01
1.345281583564e+00 -7.619705223277e-01 5.164292091201e+00
Mode 37
-3.956146974247e+00 -2.021466660612e+00 1.449594999509e-01
-2.021466660612e+00 -1.329944329203e+00 5.514875794090e-01
1.449594999509e-01 5.514875794090e-01 -4.173902909878e+00
Mode 38
-1.108299329042e+00 7.440570575658e-01 -2.670469629357e+00
7.440570575658e-01 2.493424562784e+00 -3.126954179850e+00
-2.670469629357e+00 -3.126954179850e+00 1.006256546106e+00
Mode 39
1.452233696114e+00 1.070049294235e-01 1.704739392082e+00
1.070049294235e-01 4.279409681443e-01 -6.455861977543e-01
1.704739392082e+00 -6.455861977543e-01 1.633266787697e-01
Mode 40
5.460859813459e-01 1.758898493813e+00 -3.561057730805e+00
1.758898493813e+00 9.419683697333e-02 2.242621068079e+00
-3.561057730805e+00 2.242621068079e+00 -6.180267929881e+00
Mode 41
-4.409787856880e-02 -1.439866893256e-01 1.569779272580e+00
-1.439866893256e-01 -6.536981175045e-01 1.918928454305e+00
1.569779272580e+00 1.918928454305e+00 9.068310926992e-01
Mode 42
1.598179831571e+00 -2.473104540435e+00 7.790331678843e-01
-2.473104540435e+00 -6.984078258430e-01 5.074790275325e-01
7.790331678843e-01 5.074790275325e-01 -1.063852471958e+00
Mode 43
1.044026718393e+00 6.051341915385e-01 -2.397768416615e-01
6.051341915385e-01 2.873183868156e+00 -2.621417272596e-01
-2.397768416615e-01 -2.621417272596e-01 6.865080776011e-01
Mode 44
2.776808283825e+00 6.238945403591e-01 2.738950040587e+00
6.238945403591e-01 -9.320058045230e-02 -5.111622857807e-01
2.738950040587e+00 -5.111622857807e-01 3.647225139574e+00
Mode 45
2.062218399984e+00 -1.038568691781e+00 3.123221395336e+00
-1.038568691781e+00 -9.173683214622e-01 -2.247468086133e+00
3.123221395336e+00 -2.247468086133e+00 9.506296867439e+00
Mode 46
5.056559779102e+00 4.554406500342e+00 -5.535571727284e+00
4.554406500342e+00 1.725361863750e+00 3.819425487637e-01
-5.535571727284e+00 3.819425487637e-01 -8.768972219020e+00
Mode 47
-1.878072880319e-01 2.177521026110e-01 -3.655023579163e-01
2.177521026110e-01 -1.896679008121e+00 -5.589810885191e-01
-3.655023579163e-01 -5.589810885191e-01 -4.197414327252e-01
Mode 48
3.076120208552e+00 3.012672863391e+00 2.965578160103e-01
3.012672863391e+00 3.174220155671e+00 3.186235196575e-01
2.965578160103e-01 3.186235196575e-01 1.684444489854e+00
Mode 49
9.893565472355e+00 1.593987314350e+00 -8.719681532860e-01
1.593987314350e+00 4.732120550716e+00 -2.537061733558e-01
-8.719681532860e-01 -2.537061733558e-01 4.257410554988e+00
Mode 50
-2.857656220898e+00 -5.393203131087e-01 1.095600821466e+00
-5.393203131087e-01 -2.632626119140e+00 -2.166127667943e+00
1.095600821466e+00 -2.166127667943e+00 4.057569840957e+00
Mode 51
9.189086351347e+00 4.490076799668e+00 -9.016497788564e-01
4.490076799668e+00 -1.818892391475e+00 -7.635535944591e-01
-9.016497788564e-01 -7.635535944591e-01 -1.401748358833e+00
Mode 52
2.782295586796e+00 2.112610523461e+00 2.467168968434e+00
2.112610523461e+00 1.521946326604e+00 1.587420129406e+00
2.467168968434e+00 1.587420129406e+00 -4.919316421045e+00
Mode 53
-3.321422419106e+00 -2.121233494145e+00 -2.364438767377e+00
-2.121233494145e+00 -2.109343976435e+00 -2.170477504795e+00
-2.364438767377e+00 -2.170477504795e+00 -1.193336514551e+01
--
