Number of atoms 
16
--
Anisotropy 
124.901
--
Frequencies 
22.011119747239
40.203854508362
53.947397122913
76.032154870913
138.921870334220
151.535692127119
168.165910806257
195.471785349942
254.135228088478
285.197824971914
315.400448344704
331.462748826144
356.771431620204
394.254698025113
429.169344113038
472.469120882402
493.591357483896
546.924763126105
556.100046219384
613.566502949905
682.743958878568
696.102860984345
727.053351193656
737.271882184719
760.055098396881
905.815209788317
925.975343904704
959.464094300843
1098.486216895797
1126.839403770922
1203.306911216832
1209.285949465145
1239.046926743267
1254.914215291358
1310.362896013140
1351.861880384118
1437.596219801837
1501.867732261862
1605.248118827233
1656.878354102003
3217.636301258470
3233.151910903712
--
Displacements 
Mode 0
3.393316308202e-01 3.358108453862e-01 7.533914724413e-02
1.244479567586e-01 1.645920436624e-01 4.414970394818e-02
1.074061236698e-01 5.954554969547e-02 7.800131344468e-02
6.586219000152e-02 -1.063416938747e-02 7.365266655368e-02
8.203486995826e-02 -2.855457005943e-01 1.878232425760e-01
4.243763090057e-02 4.048289426439e-02 4.278023697430e-02
6.119321731360e-02 1.578696328220e-01 1.169046406239e-02
1.008593272152e-01 2.128160805358e-01 1.479179821760e-02
1.401440706405e-01 3.834332128535e-01 -1.224364154099e-02
-2.871445166433e-03 -4.266957302918e-02 3.625549917373e-02
-2.784453620164e-02 5.904309155145e-02 3.588164869982e-03
-1.454513674199e-01 -1.613387541387e-01 -1.199241591144e-02
1.053750016944e-01 -1.649856597497e-01 1.401683941512e-01
-3.205139587131e-01 -1.992867314875e-01 -2.228911455614e-01
3.754790947919e-02 6.633530395916e-03 3.119180301828e-02
1.213259114804e-02 5.736280532140e-02 -4.580279121170e-03
Mode 1
2.691280679385e-01 1.161742364851e-01 -1.842476175876e-01
1.171068122547e-01 -7.772109231069e-02 -1.129070928169e-01
9.218098503512e-02 -1.061634050547e-01 -6.844369182959e-02
3.656378074368e-02 -9.158119372915e-02 -6.499784633871e-02
1.328537344355e-02 -2.439670615506e-01 -1.043273820330e-02
5.230451369539e-03 -2.472057598838e-02 -1.054755133635e-01
3.286203120181e-02 -4.449700906885e-02 -1.545440748723e-01
8.948675458979e-02 -9.175205530301e-02 -1.577692037416e-01
1.376682375033e-01 -1.382296642184e-01 -2.549028329675e-01
-6.503608522175e-02 1.279026214741e-01 -9.456609506613e-02
-1.146780168698e-01 2.941957480411e-01 -1.790463654404e-01
-1.593938465466e-01 1.885878965175e-01 7.566584295326e-02
-6.349982563621e-02 2.161536040885e-01 -2.371143671022e-01
-1.306664700777e-01 -3.944203596929e-02 4.553923976795e-01
3.357464269303e-02 -3.396878321285e-02 -9.264790333193e-03
2.814832869599e-03 -1.728294956579e-03 -5.478448532427e-02
Mode 2
-2.645752827841e-02 -5.748835501643e-02 -2.816714144339e-02
-6.719292468480e-03 -8.468696919949e-03 -1.687360507819e-02
-9.957593652545e-03 8.400291445366e-02 -1.262627765665e-02
-9.446535971752e-03 1.129548098525e-01 -1.022459591360e-02
-1.934171904414e-02 3.094468593768e-01 -1.097856563080e-02
-8.412983845836e-03 7.451401784962e-02 -1.337148527820e-02
-6.680188600851e-03 -1.923858573614e-02 -1.878276715960e-02
-4.816109301481e-03 -6.626678719965e-02 -2.192363459163e-02
-9.795837917456e-04 -2.137522439303e-01 -3.924340567750e-02
-5.591637371292e-03 -1.007562691274e-02 -1.992690970313e-02
-2.229804980454e-02 4.423460257028e-01 9.586879442127e-03
-4.313905789838e-01 -3.257020403836e-01 -1.622497801619e-01
4.373786921377e-01 -3.133548885163e-01 6.380027529730e-02
3.730221423063e-02 -2.240419721407e-02 8.450688704055e-02
-3.956314759379e-03 3.629626648304e-02 -3.374819586428e-03
-1.371928884847e-03 -1.764858605773e-02 -6.061436327259e-03
Mode 3
3.411098817551e-02 2.098583896016e-01 1.299546095733e-01
-2.591904347668e-03 -1.048480506119e-02 8.312390611533e-02
-2.714483038772e-04 2.458877988364e-02 8.442722698100e-02
1.463385205697e-02 -7.742393714423e-02 7.631926872629e-02
3.651833767767e-02 -2.603216291367e-01 1.110364148331e-01
2.218132825228e-02 -1.392591037993e-01 8.155659677017e-02
2.149641761578e-02 -2.487248444019e-01 7.794445907641e-02
1.089204314016e-02 -2.223599091017e-01 7.585897624661e-02
1.794902815456e-02 -4.919033911248e-01 8.821389674477e-02
3.873604736168e-02 1.688126178185e-02 9.733597241973e-02
5.467357647908e-02 1.813526312118e-01 1.611939009856e-01
-9.425461812315e-03 5.159002373482e-02 2.935926791856e-01
1.255741262929e-01 8.160934058776e-02 -6.346803936446e-02
-1.141032056698e-01 2.467040046814e-01 -3.938288032177e-01
-2.127019566160e-03 3.555505896075e-02 2.574278269677e-02
7.862196253226e-03 -9.671438188309e-02 2.240002914238e-02
Mode 4
-4.032690762497e-02 -2.184680652295e-02 2.529686615996e-02
-1.944756332741e-02 1.759265327956e-01 1.078280622968e-02
-2.402253097586e-02 3.182215083750e-01 1.013021774890e-02
-1.950813057636e-02 2.571854588516e-01 3.558631038192e-03
5.315500081069e-03 -4.241294453449e-01 -8.636578895159e-02
-2.206190844333e-02 3.291453098899e-01 6.867935387473e-03
-2.506493133217e-02 2.591129212869e-01 8.773070768782e-03
-1.845838400568e-02 5.714116967583e-02 -3.870514129892e-03
-2.729412143222e-03 -4.515296542138e-01 -5.559488643590e-02
-9.180003848387e-03 1.060518465442e-01 -1.279601826759e-02
-1.203024294234e-03 -7.222444556397e-02 -2.414255239960e-02
6.419456460974e-02 6.550696667595e-02 -3.203752518690e-01
-7.342703310108e-02 1.845732024090e-02 2.585899929006e-01
5.307717609909e-02 -5.738011686191e-02 6.409645211803e-02
-8.004333587451e-03 8.954285270240e-02 8.218452776770e-04
-5.722466309848e-03 5.789828148110e-02 2.921900093599e-03
Mode 5
-3.019711685744e-01 -3.020478868093e-01 -3.481376163002e-02
1.450531674198e-01 -9.299719656967e-02 -9.787492281387e-03
1.687447426150e-01 -1.049595051777e-01 -2.292750595936e-02
1.890121108338e-01 -1.051021736438e-02 5.758623450070e-03
3.370594902825e-01 2.431451759866e-02 4.771465518070e-02
1.850524987365e-01 6.329783613806e-02 2.566801855702e-02
1.930759662872e-01 6.626365629663e-02 2.035255103983e-02
1.763322524316e-01 -1.724371001680e-02 3.072356217488e-02
2.089710271517e-01 -6.137947282613e-02 8.195229300479e-02
-4.889179186651e-02 1.558753343879e-02 3.666262312123e-02
-2.126624864223e-01 -2.855112360686e-03 -3.060493265094e-01
-2.051494669798e-01 -1.745638267816e-02 1.632073538698e-01
-2.295774038572e-01 -3.518881924823e-02 3.044457073005e-01
-1.405112436781e-01 1.692123395051e-01 -1.025190961991e-01
4.831012655773e-02 -5.295518380848e-02 -1.189116312561e-02
5.537892489360e-02 3.086611674021e-02 4.350620961674e-03
Mode 6
-1.319312103914e-01 -2.199820325252e-01 -8.748187633389e-02
1.093048948401e-01 -1.511190516934e-01 -3.529506420778e-02
1.046853839894e-01 -2.024780873952e-01 6.051147875218e-03
-8.836798399027e-04 -4.981607000810e-02 3.154866473102e-02
-2.728755705163e-01 -1.421816716062e-02 6.311510109802e-01
-3.935790764268e-02 9.888337419945e-02 -2.335052448414e-02
-1.748418351867e-02 1.112867060633e-01 -4.928513682680e-02
7.879781555335e-02 -2.436360226593e-02 -6.621766360987e-02
1.635301812399e-01 -4.057412261183e-02 -2.075030932942e-01
7.728294141622e-02 4.575253344935e-02 -3.313625083508e-02
1.803266109681e-01 -2.156575403595e-02 1.262752677654e-01
1.955352114713e-01 2.588404358225e-02 -2.681050359504e-01
1.596761543888e-01 1.283859017272e-02 -1.772341942563e-02
-1.280721201963e-01 1.467785132080e-01 -7.406591707721e-02
4.063880918714e-02 -9.148755442498e-02 1.265877303566e-02
-1.273232326886e-02 5.699322791089e-02 -2.306390793940e-02
Mode 7
3.257657796900e-01 2.038506418319e-01 -5.337698175863e-02
-4.409865778068e-02 -3.066270535482e-01 -1.921999506366e-02
-5.898004108002e-02 -4.962050568886e-01 -4.605761694762e-03
-4.596480028362e-02 -1.782972368385e-01 1.313552256124e-02
4.173839852290e-02 1.369032207882e-01 -2.427974647219e-01
-4.082454933264e-02 1.769470440136e-01 7.743980432447e-02
-3.152487666654e-02 1.890021580328e-01 4.760594301167e-02
-4.726354848822e-02 -9.961693379470e-02 1.318489450024e-02
-9.055406475027e-02 -1.461145924458e-01 6.311471473375e-02
-2.320420039888e-02 9.315930262365e-02 8.750920523799e-02
-1.190794196742e-02 -1.325286274004e-02 1.386837619461e-01
2.173244668760e-02 4.019287944287e-02 -1.645008588449e-01
-4.714616879492e-02 -1.532526861271e-02 3.722865141793e-01
-3.527228866883e-02 6.141803587527e-02 -5.744439195950e-02
-1.265105798417e-02 -1.954249232334e-01 -2.467165903999e-03
-1.263594819625e-02 1.112265801446e-01 1.598584282879e-02
Mode 8
3.388526292238e-02 2.121958016168e-01 1.019710829078e-01
-1.013397127217e-01 -2.883675639106e-02 4.129345593742e-02
-6.956436213568e-03 -8.756696544138e-02 -6.713015020347e-02
1.092093520957e-01 -5.102973175636e-02 -7.935521364136e-02
-1.817624779710e-02 -1.487397825050e-03 3.332881521114e-01
1.176899791041e-01 2.761867414218e-02 -1.059678009737e-01
7.453609802382e-02 1.664512111363e-02 5.728239989351e-02
-7.935888328467e-02 -2.764151880175e-02 9.264484356633e-02
-2.967537190380e-01 -8.177163616409e-02 5.035237644837e-01
5.292640159484e-02 3.451158816770e-02 -1.909852174078e-01
-2.579208545383e-02 4.624325045098e-02 -4.854759993195e-01
1.726732658514e-03 6.822885736127e-03 -2.551931883861e-01
-1.154088334205e-02 3.801058223693e-02 -1.653380104616e-01
5.488910284462e-02 -5.811531033225e-02 6.438276383030e-03
-2.288478466284e-02 -2.589015080019e-02 -5.398140281350e-02
3.953709700852e-02 1.283343779362e-02 4.421467033942e-02
Mode 9
1.240645388640e-01 -2.911133645746e-02 -5.652973533703e-01
-3.714182437958e-02 1.263024668524e-04 -2.272237822149e-01
-5.663508221614e-02 1.367917779958e-01 -1.509192017226e-01
-4.319405375437e-02 1.176363795829e-01 -1.221819311859e-01
-3.156610933971e-01 -6.904371373571e-02 1.063122656596e-01
7.382635338614e-02 1.315565696499e-02 1.962768467590e-02
1.075097176782e-01 -5.725575877956e-02 -4.457946348251e-02
3.325289651170e-02 -2.881324312745e-02 -6.806461984594e-02
-1.437199808820e-01 4.538263844907e-02 2.564623994740e-01
1.083128324239e-01 -2.869621825129e-03 1.144705013826e-01
6.224654123396e-02 7.736740493433e-03 -4.612385787560e-02
7.747948284647e-02 3.110932552952e-02 3.538215206666e-01
8.203034153561e-02 -7.387763524386e-02 3.466882725496e-01
1.203400342896e-02 -8.493894581053e-03 2.263647668849e-02
-1.027390520060e-02 5.403297805975e-02 -3.225735276695e-02
2.225080016574e-02 -2.644031184884e-02 -2.873045379193e-02
Mode 10
-6.285864604018e-02 8.404056250549e-02 -2.054431939882e-02
-1.231418829001e-02 1.408826497074e-01 -1.387083349595e-02
-1.259569245086e-03 -8.758454136259e-02 -4.493877418315e-02
-8.240088821531e-03 -1.890990447697e-01 -5.148838733801e-02
-9.672744171285e-02 1.231943857692e-01 2.823045596389e-03
1.551891813642e-02 -5.538005949897e-02 -1.017289612505e-02
-8.815425173976e-03 5.673658617249e-01 3.225475631315e-02
-9.765567575349e-03 3.104503940848e-01 1.038032433816e-02
1.289887069069e-02 -3.398380193402e-01 -6.181305689774e-02
4.163310545842e-02 -1.384901060758e-01 4.318062257924e-03
2.134658341708e-02 -1.495729299560e-01 -7.537412212257e-02
-2.572131995969e-02 -8.166127673573e-02 4.095553323780e-01
9.904641641342e-02 -7.030034589032e-02 -2.423348609135e-01
2.876733768621e-02 -3.449690003165e-02 1.594237567308e-02
1.647395237087e-03 -4.769882007712e-02 -1.350591556090e-02
-4.867872822036e-03 2.241847444001e-01 1.300288219998e-02
Mode 11
3.811924966472e-01 -3.991851532183e-01 -2.198774037296e-01
3.483307049250e-02 -7.922091499110e-02 -5.050349865289e-02
1.896799583636e-03 1.151215974557e-01 8.018477922055e-02
3.460235892711e-02 1.012641033148e-01 9.013704410792e-02
2.338309038438e-01 -1.498394389692e-02 5.605624344872e-02
-2.706307145536e-02 7.405772552839e-03 2.907188794294e-02
3.793210543469e-02 1.534508851558e-01 -1.897223304826e-03
2.617626892435e-02 2.397830387740e-02 -7.990635546607e-03
-1.405648211740e-01 -4.672100799468e-02 3.314900503998e-01
-1.257554982989e-01 -5.773118605549e-02 -8.224270965134e-03
-3.365857118189e-02 -1.013727557396e-01 3.334225481298e-01
-1.601145670169e-01 -1.004476550618e-01 -1.002314219080e-01
-1.021853507393e-01 7.359672639512e-02 -3.650377022304e-01
-1.129098774690e-01 1.482580051542e-01 -3.104235517974e-02
4.629206553379e-03 4.559350342975e-02 3.113137571528e-02
4.689959547728e-03 6.608099120673e-02 -6.994174501645e-03
Mode 12
-4.492539363713e-01 4.416831671223e-01 -3.359408659446e-01
4.011219022136e-02 1.270746460519e-01 -1.106348455267e-01
5.353389396976e-02 -7.064581946921e-02 -6.117247320191e-02
6.085418525591e-02 -8.168673056599e-02 -1.832703440050e-02
1.711858993055e-01 2.015096691997e-02 1.075064987354e-01
1.914292596444e-02 -1.679795920075e-02 6.131856935372e-03
8.901313315967e-02 -3.475769744652e-02 -4.850271358147e-02
9.520554676230e-02 5.072603462256e-02 -4.321087732301e-02
2.949610735189e-02 -4.645724393103e-02 1.468036810888e-01
-1.087074957393e-01 1.026259720819e-02 4.141587280851e-02
-5.599082438653e-03 3.324368856984e-04 4.338500757457e-01
-1.356610933919e-01 -5.934659790167e-02 -1.731278230380e-01
-1.710520739910e-01 8.460429757415e-02 -6.048856161408e-02
1.322535018411e-01 -1.715428860936e-01 4.273994285562e-02
2.302826067639e-02 -3.929788732909e-02 -1.032578249716e-02
1.827664775185e-02 -2.377626005362e-02 -2.655547079507e-02
Mode 13
-2.327713017665e-02 4.303315945727e-02 -1.251106124956e-01
-2.010532972933e-01 -6.519654511931e-02 -1.419112081407e-02
-1.593042854366e-01 1.913777490736e-02 4.279845491229e-02
9.965923587628e-02 4.610821570750e-02 7.039693097536e-02
5.603460326164e-01 -1.612917833679e-02 3.119477031286e-01
-9.727887398279e-03 2.238427218903e-02 -4.246643932589e-02
-9.044365898021e-02 2.959416365986e-02 -9.630605719268e-02
-3.065979771596e-01 -2.875733574109e-02 -1.422166023872e-01
-3.851597033516e-01 3.620606369827e-02 -3.679779268793e-01
1.946506524883e-02 -6.435812928295e-03 1.590850640874e-02
1.004895688360e-02 -2.013309177823e-02 -3.216907034826e-02
5.714865238123e-02 5.342075158775e-02 1.529261324825e-01
8.404236928965e-02 -7.383933642881e-02 9.303940956492e-02
1.128727768913e-02 -1.600196410800e-02 8.907429434810e-03
-7.133278598234e-02 2.140162801099e-02 -2.744860827913e-02
-4.403948923019e-03 1.570974389864e-02 1.257145400937e-02
Mode 14
1.481553928088e-01 -2.528150427184e-01 -1.999153394190e-02
-2.092545282698e-02 4.642618331867e-01 -2.734534267866e-03
-1.001150199911e-02 -1.183550724839e-02 -7.667709099417e-03
2.313138838245e-02 -4.519864654051e-01 -3.667441934692e-02
4.328933563592e-02 7.618056558897e-02 3.493108115492e-02
8.676472596429e-03 -2.813546287091e-01 -3.721583142951e-02
7.799494035452e-03 -1.206998751684e-01 -6.023417818764e-02
-4.464730080498e-02 3.346501454010e-01 -2.918455196788e-02
-1.066707894010e-01 -1.409178840487e-01 6.810262960669e-04
-3.227780321353e-03 1.087040175273e-02 4.501451753995e-03
-4.805952259387e-03 2.784015179642e-01 4.795534101975e-02
1.614559545696e-01 3.742229777679e-02 -1.917734065281e-01
-1.516841978562e-01 -2.938196386149e-02 2.389664201716e-01
-3.685286707574e-02 4.604957017538e-02 7.019060811306e-03
-1.447627321851e-03 -1.774533565371e-02 -2.836404556370e-03
4.043549920009e-03 -8.907730683803e-02 -2.063724074585e-02
Mode 15
-4.903558732800e-02 6.946944117924e-02 1.855491579462e-02
-8.171350424905e-03 -3.182189948061e-01 -1.507099419635e-02
-1.466907696144e-02 3.775544152831e-01 -1.171275686054e-03
2.786863548122e-02 -2.972991130312e-01 -5.751267515208e-02
-1.960034106626e-02 2.601268936016e-02 6.468621713435e-03
3.593455334979e-02 -2.920666336603e-01 -3.229106623663e-02
4.907427382196e-03 3.003942974763e-01 4.625085793456e-02
1.232799764005e-02 -3.243803762395e-01 1.469946303577e-03
4.483619499349e-02 8.962791582877e-02 -1.914402466303e-02
1.210229962029e-02 -5.371856304409e-02 -2.474842979888e-03
1.648196391239e-02 2.333751795720e-01 4.124018691556e-02
1.327857467186e-01 -5.360988349788e-02 -9.736882946537e-02
-1.903950313385e-01 -2.759603589816e-02 9.200029447673e-02
1.117476527764e-02 -1.153173519890e-02 -3.876225194452e-03
-2.234879932360e-02 3.548474098526e-01 1.118176789711e-02
-9.146307780450e-04 3.091007127150e-01 3.756675543238e-02
Mode 16
1.001019478865e-01 -5.423964719979e-02 3.425464520858e-01
-9.231625581327e-02 -5.322766768973e-03 -2.551537844970e-02
6.414538226858e-02 -8.128134512210e-03 -3.197990710354e-01
1.767641627273e-01 5.473451485809e-02 -3.228799833867e-01
-1.243892082798e-01 -1.174157356063e-02 5.384628080227e-02
2.341119601512e-01 6.677156735185e-02 -1.725578091447e-01
1.561600422152e-01 -1.353010064462e-02 -6.104264584027e-02
-9.656148961068e-02 -9.734831196023e-03 -5.765371672109e-02
-1.373261235553e-01 1.272521299904e-02 -1.462044201729e-01
1.045828961225e-01 1.934289458594e-02 -1.398169924186e-02
2.874067661506e-01 -5.922783027858e-02 2.555895232095e-01
-2.839235739572e-01 -2.036017636058e-01 8.884968771983e-02
-2.282637896585e-01 1.944972232559e-01 9.472162326033e-02
-1.455773136334e-02 2.003217381140e-02 -2.818521386049e-03
-2.183053309299e-02 -4.998646981557e-03 -1.595433017346e-01
7.931941310940e-02 -1.827855714290e-02 3.940994513599e-02
Mode 17
5.095041487685e-02 5.446427755934e-03 -3.287175023587e-01
-1.716376027519e-01 -6.351588445102e-03 9.793099638664e-02
-2.001629400060e-01 -4.864355014103e-02 7.689304747385e-02
-5.443574522356e-02 8.713380212577e-02 8.552359165538e-02
2.672645150650e-02 -9.855043991843e-03 2.120477556724e-02
6.001720566554e-02 -3.094599271415e-02 1.426813635516e-01
-7.780783884819e-02 -3.570614518901e-02 3.353350524419e-01
-7.695136498949e-02 8.713662098671e-02 2.843495375882e-01
2.181996028480e-01 -8.704311149875e-03 -1.792561557658e-01
1.829999937038e-01 -4.988383765248e-02 2.894638715021e-02
2.443094829327e-01 1.329291893955e-01 -1.963574613652e-01
-4.308395058722e-02 -3.731374629793e-01 -6.482665497295e-02
-2.422580221215e-01 2.814094593622e-01 -4.163941492347e-02
9.336581464060e-04 -1.665723846791e-03 3.454211363958e-03
-6.180936707590e-02 -5.103021126209e-02 1.098008790995e-02
1.373292978250e-03 -4.885497872907e-02 1.314789455678e-01
Mode 18
1.713896434851e-02 -4.536749930255e-02 -1.032983764755e-01
-4.211568477484e-02 1.190691908516e-01 1.897928702971e-02
-6.251491987396e-02 1.510884861924e-01 4.120666943831e-02
-8.245644793964e-03 -4.490058358104e-01 -3.018211819479e-03
1.709013169838e-02 4.218291307674e-02 1.155487994698e-02
8.101466259606e-04 3.929043292796e-02 4.480039064153e-02
-2.588510061329e-02 -6.298603451747e-02 7.312405407459e-02
-7.479243735850e-03 -1.201859671426e-01 5.580368364248e-02
5.818249816266e-02 4.530334725757e-02 -2.780823305415e-02
2.990297222729e-02 2.385370683827e-01 2.986972627458e-02
6.159171731093e-02 -4.449762987316e-01 -8.851326846989e-02
-4.089985689053e-01 1.305004742224e-01 -9.243479697816e-02
3.476008949931e-01 2.845865325157e-01 9.681140324023e-02
-1.697500750814e-03 2.314816232273e-03 3.213484595774e-03
-2.221364307607e-02 1.577800939487e-01 2.425492386083e-02
-6.072099068000e-03 4.050373002540e-02 3.080756637276e-02
Mode 19
-1.051411053470e-01 1.926012723246e-02 7.840716658868e-02
2.399425375092e-01 1.262771290581e-02 -4.637393866563e-02
8.967247592315e-02 -1.720023783697e-02 3.143128601785e-01
-9.169699251414e-02 -2.232471472616e-02 2.842431087360e-01
-4.751868908598e-02 7.001009533488e-03 -1.032511441179e-01
-1.163235810119e-01 -8.740863775505e-03 6.569066413255e-02
3.270772976692e-02 3.963847564997e-02 -3.174051381587e-01
5.451680268390e-02 -3.441667696871e-02 -3.093392586064e-01
-2.847515353862e-01 -2.453195773137e-03 7.680398997669e-02
1.507004713918e-01 -2.616036091533e-04 3.362382861065e-02
3.256173351962e-01 2.775140389719e-02 -1.800379424008e-01
-6.057280781169e-02 -2.917835034329e-01 4.471239055978e-02
-8.715469901596e-02 2.711007042969e-01 8.286531912521e-02
3.945083643144e-03 -6.148772319325e-03 -2.392196623221e-03
7.443597848669e-02 -1.210433585387e-02 1.697890045359e-01
-3.408527161779e-02 3.416286980828e-02 -1.608761550126e-01
Mode 20
-2.110517948887e-02 7.609815468791e-03 1.301213106582e-02
-1.108840270461e-01 -6.367472971630e-02 -1.567318998616e-02
-2.184421088425e-01 -1.167168953518e-02 1.931644089010e-01
1.779243181077e-01 1.122027000803e-02 1.685036051892e-01
-2.340774039357e-01 -5.571144374510e-03 -7.259470863086e-02
3.466414836578e-01 -5.120989253941e-02 2.048031597714e-01
5.595147596540e-01 1.109919587585e-02 -5.919837682944e-02
-4.458839874000e-02 7.728192659295e-02 -7.190733101614e-02
-1.111256278362e-01 -2.615529936940e-03 -1.904959783846e-01
-6.009945173654e-02 -3.878857421502e-03 1.524328018451e-01
-3.081000200533e-01 -2.447347827833e-02 2.757463713363e-02
9.440404927619e-02 -4.299986132379e-02 -1.353663345734e-01
1.216668986489e-01 9.686167239931e-02 -9.430736163689e-02
8.083044627160e-04 -1.114728491106e-03 1.828615445790e-04
-7.397368262929e-02 8.443561434469e-03 4.264314377581e-02
1.992782643017e-01 -1.274997309189e-02 3.948988998633e-02
Mode 21
-2.444182775107e-02 6.886759357507e-02 1.049988382767e-03
6.739144025140e-02 -5.057621118369e-01 1.873261768883e-02
8.915709554459e-02 7.116480594751e-02 9.099598493537e-03
3.252473120878e-03 1.832433412465e-01 1.007495987956e-02
-3.749621029765e-03 -2.444689103800e-02 -1.641806866683e-02
-1.922533105257e-02 -4.344018386533e-01 -7.500364152603e-02
-5.917183172571e-02 -5.477731385384e-02 -5.900900640589e-03
-2.343891972580e-02 5.796222335952e-01 4.443730324940e-02
-2.777868884478e-02 -1.160213419425e-01 6.150846132135e-03
1.994182661891e-03 7.596753989535e-02 -3.065758169147e-02
5.835103212430e-02 -8.871290709855e-02 -2.643873347160e-03
-1.526202799389e-01 1.464863314363e-01 -9.682666168753e-02
9.987309637485e-02 8.180081178532e-02 1.499440401825e-01
3.092256323849e-03 -3.458823520322e-03 -3.776459796741e-03
2.141740387735e-02 9.798922424455e-02 8.148368256033e-03
-1.551259590001e-02 -1.026746482118e-01 -9.588324260840e-03
Mode 22
1.752948837760e-02 -2.630767191157e-02 2.348671390184e-02
-4.555975674327e-02 3.187098149721e-01 -2.519914951098e-02
-5.763969963246e-02 -1.639598288538e-01 -4.032932461943e-02
-4.384880742661e-02 4.052998450937e-01 1.123950461848e-02
2.824682513004e-02 -1.698553989182e-02 1.916524623589e-02
7.618079181883e-03 -5.951036773151e-01 -3.183402393641e-02
2.922965112356e-03 1.363931919015e-01 2.224923387332e-03
2.351471110707e-02 -2.894935144135e-01 -2.733264628752e-02
3.988097394555e-02 1.657391466577e-02 1.296522533179e-02
-3.569582242513e-04 5.498396455828e-02 2.252044092732e-02
-1.625286977415e-02 -7.281207078406e-02 -1.199446949305e-02
-9.418306844941e-02 8.250560108767e-02 -1.121367300347e-01
1.097430817591e-01 1.133869745530e-01 1.235035571101e-01
-1.714752166639e-03 1.752080099678e-03 1.621437692766e-03
-7.479667741230e-03 -2.370566633813e-01 -2.797181170943e-02
-1.268629833726e-02 3.139648028910e-01 1.266534326559e-02
Mode 23
-2.292759824377e-02 -6.461848767302e-04 -2.597096640209e-01
2.198922953271e-01 8.663807044245e-02 3.502105906853e-01
4.532722811524e-01 -7.473343798943e-03 1.324405557554e-01
2.440424797499e-01 1.986877614051e-02 1.107554515182e-01
-1.981423984984e-01 4.926515647881e-03 -1.318112219997e-01
1.323658489341e-01 -1.716242073041e-02 -6.948170961850e-02
-4.907755843664e-02 8.203103403585e-04 2.104723739600e-01
-1.654768241992e-01 -1.156749218441e-01 1.365593386692e-01
-3.340701718100e-01 1.889217260602e-02 -1.692474604038e-01
-1.475421842122e-02 9.246848123818e-03 -1.060258104279e-01
6.504471236921e-02 -3.596376690727e-03 4.826827217305e-02
-7.148781921765e-02 1.456118933998e-01 -5.455189884564e-04
-5.799121495557e-02 -1.459524540627e-01 -1.796618007921e-02
4.055347793043e-05 -1.138190879113e-03 -1.638436677017e-03
1.390449175672e-01 -3.771480243664e-02 4.078986351309e-02
5.645744410620e-02 4.522114707103e-02 1.874736634456e-01
Mode 24
-5.575033109751e-03 -1.877461582290e-03 -7.099388421740e-03
-1.296171200395e-01 1.146239353714e-02 -1.021676102826e-02
-3.228370626279e-01 -3.306296157253e-02 2.369475527991e-01
3.622665453193e-02 -8.396601805716e-03 1.618330573963e-01
-4.516958293612e-02 -5.732347173270e-05 -1.709317715692e-02
7.213480281495e-02 6.460147017534e-03 -7.172842421992e-02
1.831042499408e-01 1.404672366670e-02 -9.104733891164e-02
2.987511820041e-02 -4.302122724721e-03 -2.274854289744e-02
1.768398996922e-01 2.471239433057e-03 4.904737695412e-02
-1.536852610671e-02 2.183119914553e-02 -2.869926691529e-01
4.567584012258e-01 1.374976154519e-02 1.739742485653e-02
-2.336435070264e-01 3.749005158184e-01 3.786461526567e-02
-2.077140860626e-01 -3.909581069401e-01 -2.032161668955e-02
-2.224453842478e-05 -3.942172593953e-04 5.769875510555e-04
-9.936946472644e-02 -1.763928467290e-02 6.290441169483e-02
6.794121366129e-02 5.614344771330e-03 -5.261743294557e-03
Mode 25
-4.772085182837e-04 2.159895566875e-02 9.342941861160e-03
-1.551463905362e-03 -1.434847117911e-01 -9.496172671413e-03
-1.935701335046e-02 3.949242781827e-01 3.251185090317e-02
4.861167329618e-03 -1.223672639645e-01 -1.876212195965e-02
1.019712018411e-03 1.616952555865e-02 2.634207091022e-03
-5.076440561746e-03 1.034367263111e-01 2.614034734886e-03
1.089264777292e-02 -3.085976595934e-01 -2.609412512598e-02
-4.449643179847e-03 1.313609860151e-01 6.153343680280e-03
4.481366955055e-03 -3.098387240225e-02 -8.462724738723e-04
-3.935083223987e-04 1.203837152777e-02 1.797113602460e-03
-2.434894669224e-03 2.058336071251e-03 9.813503168253e-04
1.816548580555e-02 -2.494440043448e-02 1.898052810073e-02
-1.394543797308e-02 -1.829898862662e-02 -1.960774177544e-02
3.537630934748e-04 -6.453483695021e-04 -6.030418118818e-04
3.230133165085e-02 -6.398673431246e-01 -5.500764242929e-02
-1.575772607012e-02 5.130658063565e-01 3.634461441638e-02
Mode 26
9.193558206679e-04 -1.679324855235e-02 -8.047757863157e-03
-1.963945213585e-03 8.051956845240e-02 2.014083121234e-02
9.834784696701e-03 -3.051885458124e-01 -2.598898272819e-02
-1.375187207494e-03 1.089846032595e-01 1.666855044026e-02
-8.185829169110e-04 -1.475689070603e-02 -2.268427854464e-03
-4.738396537171e-03 1.294756460306e-01 6.785203206017e-03
9.810768728743e-03 -3.722334738979e-01 -4.083690443719e-02
-6.353827263318e-03 1.810056748462e-01 1.346306058975e-02
7.747736548250e-03 -4.531160151998e-02 1.762007274825e-03
-1.988813405528e-03 1.719250557656e-02 2.186822719979e-04
-5.731685983552e-04 1.820995174937e-03 7.375570258540e-04
2.333924054932e-02 -3.228134618517e-02 2.424550429064e-02
-1.884670516833e-02 -2.528740757544e-02 -2.641657695895e-02
-5.752037276633e-04 5.603382015258e-04 8.132406226794e-04
-3.181054026707e-02 5.263578419373e-01 3.901754388785e-02
-2.228989207121e-02 6.390375326940e-01 3.982934572027e-02
Mode 27
1.600457803997e-03 -1.061610584165e-03 -1.043369659246e-01
-1.136039970782e-01 -6.989042894625e-03 3.082707690120e-01
-1.263386498832e-01 -2.048017498143e-02 2.037477731275e-01
4.007854569819e-01 4.937151137424e-03 9.121130559160e-02
-9.970586528753e-02 9.320512325216e-04 -5.081756436407e-02
-6.242793727758e-03 3.217750832398e-02 -4.541178359923e-01
-1.827141917381e-01 2.346396263405e-02 -2.531303845190e-01
-9.968252104631e-02 -7.133389487259e-03 -4.978662865177e-02
2.577753730546e-01 -1.906331449175e-03 1.620329453528e-01
-3.001022136863e-02 1.133167169390e-02 -1.714321677879e-01
-1.676477994430e-01 -1.331149991019e-02 1.016255508287e-01
1.138060232395e-01 -1.931501982516e-01 1.049779032306e-01
1.015583277717e-01 1.827388533815e-01 1.341030447124e-01
-1.249073984907e-03 7.907275644953e-05 -1.036116747267e-04
-1.449432464797e-01 -8.542271026495e-03 -1.141949338533e-01
-4.113757381394e-02 -9.533090906010e-03 -5.785448407452e-02
Mode 28
1.256880067865e-02 -3.280405887656e-03 -1.131832982225e-01
-1.150758709350e-01 -2.741819682437e-02 5.510021759760e-01
1.386735851746e-01 2.384217559701e-02 -1.669261171836e-01
-8.597183842587e-02 -5.244756926303e-03 -3.639936793556e-02
1.364237976759e-02 4.867479485542e-04 5.471977190636e-03
-8.902720722895e-02 -2.460460693024e-02 2.710777686655e-01
1.797979608541e-01 3.092354791966e-02 -2.502621554142e-01
-8.703394934044e-02 -1.309412794991e-02 5.422293880698e-03
6.682543209498e-02 3.351523132068e-03 2.493477827965e-02
-1.153293020643e-01 -2.221794425210e-02 2.661482696272e-01
1.607453549855e-01 1.281922883767e-02 -1.002308405965e-01
-3.134949354417e-02 6.804271901907e-02 -5.951228377991e-02
-2.756842451815e-02 -6.156300259687e-02 -7.007290866284e-02
-1.659708036454e-03 1.524088749441e-03 -6.662582117224e-04
-1.397313870777e-01 1.066533294334e-02 -3.420223103909e-01
-1.201747624298e-01 1.577621433706e-02 -3.624760431596e-01
Mode 29
-1.542379169261e-03 1.941919216148e-03 6.916239645604e-02
1.691362562155e-02 1.945733686820e-02 -3.418821738781e-01
-4.358240768320e-02 1.211961576428e-03 -4.770001210235e-02
5.576288576996e-01 1.721948420608e-03 2.211185798204e-01
-1.142998319673e-01 -3.281449971096e-04 -4.807561327690e-02
7.024105326205e-02 -1.518602436594e-02 2.045126396968e-01
-3.023974417498e-01 -2.329635234418e-02 1.774392791581e-01
1.594499892443e-01 8.030680342585e-03 -9.859343246789e-04
-9.214520335369e-02 -1.182949521929e-03 -3.860823693287e-02
-9.065738989556e-02 -1.480952630772e-02 1.626666270059e-01
1.007362458866e-01 8.231206158821e-03 -6.434334125645e-02
-2.477271165206e-02 5.401267446995e-02 -4.854267116497e-02
-2.148813865659e-02 -4.787247779907e-02 -5.629856584119e-02
8.087732848928e-04 -8.386397113829e-04 5.672171157340e-04
-1.525857548664e-01 1.122797499806e-02 -2.524928563500e-01
-2.816410741264e-01 1.314602645142e-02 -2.541812169939e-01
Mode 30
5.756926933573e-03 -7.421316908195e-04 1.875544040444e-02
-9.736020094994e-02 4.799325547269e-03 -1.160649352834e-01
1.071671559434e-01 8.787932593779e-03 -7.005811380242e-02
5.211118112330e-02 -3.331880052239e-03 5.559710974323e-02
-2.716334634956e-03 4.934682648410e-04 -6.443469378360e-03
-1.523298078090e-01 2.504377524655e-03 2.166757538514e-03
1.037158961803e-01 -2.653975140330e-03 3.815403281886e-02
-6.697671811603e-02 -7.482209331468e-04 2.543759552817e-03
4.876515637949e-02 1.343431284823e-04 9.575996114804e-03
-8.005871534851e-01 -7.841465956242e-02 -5.526056872971e-02
3.082834600917e-01 2.439094458912e-02 -1.216259470717e-01
1.316128711709e-01 -1.076966351356e-01 6.190878906593e-02
1.386291923979e-01 1.404228291260e-01 9.546015645983e-02
2.363342857452e-04 -2.349688108574e-04 7.137554163986e-04
5.340896316678e-02 3.366960431452e-03 7.273815586229e-03
1.510472868503e-01 -9.090866649462e-03 2.114710216065e-01
Mode 31
-2.503699965263e-04 6.289416296667e-05 -1.585544604966e-03
6.580240860060e-03 3.141380280839e-03 1.035055343830e-02
-8.099548737033e-03 -6.517548643592e-03 4.625827766145e-03
-4.576165598559e-03 -8.122289246436e-03 -7.235875540294e-03
4.508451763774e-04 2.278510411273e-03 8.889743439241e-04
8.822412054245e-03 1.009950469734e-01 8.814741514626e-03
-4.057808502514e-03 -2.177692263075e-02 -2.192795612068e-03
7.620903689648e-03 -7.614777743780e-03 2.746130155402e-03
-5.880364757865e-03 5.725864565866e-04 -2.441203143011e-03
7.674196778110e-02 -8.691870203047e-01 -6.909896933592e-02
-2.174822428106e-02 7.113920907619e-02 1.409677359111e-02
-1.394398755275e-01 2.919125850000e-01 -9.757534320593e-02
1.052096627107e-01 2.683992590784e-01 1.327300300687e-01
-2.373296006322e-05 1.454043615068e-05 -1.052844186315e-04
-3.468430625384e-03 5.462147145383e-05 7.324325382862e-04
-1.538159446263e-02 3.371129235629e-02 -1.940614637047e-02
Mode 32
6.054383819378e-03 -1.900853611416e-03 -1.452866657510e-02
-1.699156457494e-01 -7.016535097073e-03 4.431331835386e-02
-2.829383900516e-02 -2.945745147702e-03 2.323477141260e-02
3.755708162778e-02 1.905850305336e-02 -1.963945874606e-01
6.334198413499e-03 -8.448685724146e-04 1.184888778384e-02
1.886221496957e-01 5.321500805385e-03 -1.769479425732e-02
7.274762227171e-02 -6.149379991143e-04 4.878614423745e-02
1.905083951314e-02 -1.990181151677e-02 2.416412010336e-01
-6.377309730497e-02 3.551025392159e-03 -6.952502817145e-02
-1.707363562526e-01 1.796944143165e-02 -1.814697728737e-01
1.003903296229e-02 -3.172498423258e-03 3.493484298942e-02
4.465267826071e-02 -5.147162580709e-02 3.799535414313e-02
3.893522879937e-02 4.200934059603e-02 4.274394884032e-02
3.185424516662e-04 5.921840913142e-04 4.800891658719e-05
2.910398910610e-01 -2.528860988179e-02 4.945130954373e-01
-3.206511751535e-01 3.117207981954e-02 -5.538294051036e-01
Mode 33
1.007435755720e-02 -1.512513858801e-03 1.683181435177e-02
-3.062120500311e-01 1.401308664361e-05 -1.238052622189e-01
2.008421773789e-01 6.904601120649e-03 -3.105650130855e-02
2.110441324408e-01 7.946416515688e-03 2.196866097772e-02
-3.900294809689e-02 2.542031348079e-04 -2.125238498026e-02
2.982261846313e-04 -7.178874357214e-04 1.513716321553e-02
-1.226153285804e-01 6.267725604323e-03 -1.403071349821e-01
-4.130381587736e-01 3.504050233933e-03 -1.683310439960e-01
2.844598506071e-01 -3.000191892480e-03 1.398665995419e-01
1.255033081708e-01 -3.746010744181e-02 4.423588921920e-01
4.498084778967e-02 7.644270622518e-03 -7.194276817785e-02
-6.592052374668e-02 9.698044048782e-02 -8.517885830699e-02
-5.769886294023e-02 -8.214361918580e-02 -9.673995711232e-02
-1.307804471736e-05 -8.062603417565e-04 1.857899685212e-03
2.816589037298e-01 -1.323974306515e-02 3.375825633532e-01
4.750269916540e-02 -6.322957362032e-03 1.066774126438e-01
Mode 34
-1.169445972952e-02 -1.610618777231e-04 -2.575785380211e-02
1.976937335550e-01 -5.331845676697e-03 2.057806358044e-01
-2.788521578000e-01 -3.435217599772e-02 2.588669557722e-01
5.759432963589e-02 3.720527847570e-02 -4.523257980644e-01
1.474817651746e-02 -1.237476237211e-03 2.259822877817e-02
5.305001740783e-02 2.166964416017e-02 -2.511431616554e-01
-1.046292772254e-01 -1.137292554165e-02 1.075914390368e-01
2.757548369426e-01 1.854768159457e-02 -1.285994186343e-01
-1.143259954885e-01 -1.067618982479e-03 -2.146720186705e-02
-1.716053657998e-01 -4.501015807854e-02 5.146150080646e-01
1.245142743274e-01 1.134308533759e-02 -9.418217773774e-02
-1.325184486164e-02 5.309817674890e-02 -6.341639490373e-02
-9.837099865403e-03 -4.342953975859e-02 -7.066144591769e-02
-5.427614406907e-04 2.053129295836e-04 -9.945295615636e-04
-5.899438362842e-02 -1.020191261810e-02 1.399389984792e-01
1.498894355316e-03 -6.729208119766e-03 9.101481671574e-02
Mode 35
4.031633437688e-03 -4.826042252360e-03 -6.397039562867e-03
-4.421599503777e-01 -6.573984838068e-03 2.535133180930e-02
2.470242366376e-01 -1.628959361942e-02 2.864722217368e-01
1.897554594132e-01 2.709695377668e-02 -2.734845446775e-01
-7.276142086232e-03 2.750294645940e-04 -9.223477482874e-03
-4.502347257776e-01 -2.239302457921e-02 1.259437505448e-01
1.946778370600e-01 -1.712569960790e-02 2.846674147203e-01
2.519234577391e-01 2.955014014411e-02 -3.018932107159e-01
-3.305228431987e-02 9.351133446527e-04 -2.466424146307e-02
1.426185761567e-01 1.794157699592e-02 -1.617315231683e-01
-5.007332064239e-02 -2.949979875156e-03 1.532306867972e-02
-8.879400174449e-03 -1.287222376388e-02 2.414553705519e-02
-9.765612711803e-03 8.067673414375e-03 2.557758116060e-02
1.598884270326e-04 8.178915363511e-05 1.019010091454e-03
-4.917218569125e-03 9.715800012245e-03 -4.285838998041e-02
3.677059533676e-03 2.191564006505e-03 -5.718585187282e-03
Mode 36
-1.146581041734e-02 4.368010636839e-04 -4.932901498796e-03
2.275434424860e-01 -1.658582603478e-03 1.285857600460e-01
-1.089305223749e-01 -8.447906536923e-03 5.207816322002e-02
9.369595273603e-03 2.125959688987e-02 -2.783219359563e-01
1.117302983821e-04 -1.305466935428e-03 1.745869048725e-02
2.866829308901e-01 -2.705591415526e-02 4.683946722811e-01
-2.105467837476e-01 -1.438328505168e-02 1.275561924324e-01
-2.862055542707e-01 2.657063883889e-02 -4.888402439565e-01
1.506128557859e-01 -3.978300828403e-03 1.166535502751e-01
-9.859667440980e-02 2.148941826260e-02 -3.046228841330e-01
-1.058399803019e-02 -2.928799112228e-03 3.202623016165e-02
2.335622645593e-02 -2.591325521192e-02 2.380976295033e-02
2.146460445288e-02 2.279088385433e-02 2.736505565841e-02
-5.373483084642e-04 -3.676842763602e-04 -1.671935582659e-04
-3.435351254557e-02 -2.850871029914e-03 2.701867865107e-02
-7.331427461883e-02 -4.565154720297e-03 5.106481397025e-02
Mode 37
-7.078517468454e-03 1.772686268670e-03 1.804048666828e-02
2.489658132675e-02 2.396295833990e-02 -3.053412352978e-01
2.778371459536e-01 -2.714990578280e-02 4.402770510607e-01
-2.968755832819e-01 -8.178020343470e-04 -9.344864560607e-02
2.110858408562e-02 7.281437092568e-04 3.413184905552e-04
1.937074906307e-01 2.730806176281e-02 -2.766322983711e-01
1.274354835055e-01 -1.390160054292e-02 2.222814444549e-01
-3.628118885152e-01 -1.042747632855e-02 4.289251683292e-03
1.111159638652e-01 3.775053557500e-05 2.845577704121e-02
-6.329081765767e-02 -9.501420707128e-03 1.101729647167e-01
1.053313313604e-02 2.984653273546e-04 -3.645348532729e-04
5.599043769601e-03 3.203880879759e-03 -7.099427473143e-03
5.751951703374e-03 -1.939510354692e-03 -7.398929831667e-03
3.850053487736e-04 -1.199008093493e-03 7.718891412260e-04
-1.835411090544e-01 1.806011512147e-02 -2.967697331610e-01
-1.418032601250e-01 1.380435966988e-02 -2.272385252489e-01
Mode 38
-8.856716378058e-03 2.070811142899e-03 5.352366148200e-03
4.408409778877e-01 2.330517286284e-02 -1.251747142148e-01
-1.934832169659e-01 -1.130102066850e-02 3.970881122537e-02
3.011685151675e-01 2.891848281660e-02 -2.526187788945e-01
-6.176062971495e-03 -5.985360909727e-04 4.664398926372e-03
-5.027006774852e-01 -2.279568417218e-02 1.034728021015e-01
2.606193295479e-01 8.317354939418e-03 -3.104912832942e-02
-3.954801327456e-01 -3.146846912025e-02 2.850682333777e-01
5.090673849120e-02 8.420311734951e-04 -2.637906363115e-03
8.207419101090e-02 4.103206010825e-03 -1.779022209466e-02
-6.019361892989e-03 6.340108709094e-04 -1.076763070873e-02
-9.299212344560e-03 -5.474951565979e-04 4.980167166467e-03
-9.303960835508e-03 -8.556714218376e-04 4.893597907856e-03
7.631721819920e-05 -5.492596493590e-04 -3.542468802243e-04
-4.459819450349e-02 -4.191382813367e-03 4.427199322250e-02
3.969565710243e-02 6.593469395936e-03 -8.718723055628e-02
Mode 39
1.295648764882e-03 7.850906144367e-04 -6.886011660701e-03
-1.420738588419e-01 7.810984595703e-03 -1.578859064429e-01
1.682968241904e-01 -2.267656177776e-02 3.587941574030e-01
2.275209478774e-02 2.855282563442e-02 -3.326840495074e-01
-3.750952677220e-03 -6.851437260443e-04 6.017354195781e-03
1.425629923087e-01 -2.039308638299e-02 3.182843970914e-01
-2.542885626765e-01 2.956928919232e-02 -5.107250223945e-01
1.167371995940e-01 -2.590924905871e-02 4.048869055105e-01
-4.281925509889e-02 5.684695030086e-04 -3.268998460050e-02
-2.195129711414e-02 4.362782696120e-03 -6.580592608691e-02
4.044456781850e-03 -3.049967997751e-04 5.444311116755e-03
2.008103519038e-03 -6.317549679835e-04 -7.825946548186e-04
1.931731891247e-03 7.348427723770e-04 -8.374121659508e-04
7.713051485288e-04 -1.482744286396e-04 5.029122751629e-05
-7.140550748053e-02 3.915374966873e-03 -8.226620291909e-02
1.161228355906e-01 -8.364592671589e-03 1.589388150068e-01
Mode 40
-2.032491907352e-04 -5.680566490696e-05 -1.491961092249e-04
9.563842781915e-03 -2.448634706023e-04 5.705825723463e-03
-2.460754817232e-01 -2.536375133716e-02 1.528063307595e-01
-2.314734735764e-03 1.144169336449e-03 -1.308818699667e-02
5.592312465237e-04 -4.741766787264e-06 4.069048975412e-04
2.403534016143e-03 9.917350370406e-05 -1.550297210665e-05
-1.360392388261e-02 -9.525351380812e-04 7.445496945954e-03
1.210456917360e-03 1.652126222126e-04 -1.121409822304e-03
-8.661601725564e-05 4.697244753622e-05 1.084535365068e-05
-2.730910580542e-04 -7.121421014702e-05 -2.051697869365e-04
7.032421715747e-05 1.588993409914e-06 1.121304147502e-04
5.173955784767e-05 -2.062006561848e-05 4.202146576011e-05
3.768854294028e-05 1.614892105966e-05 2.676617745413e-05
-9.421151011033e-07 2.898169931399e-05 -2.043216558732e-05
8.109812140232e-01 8.333901449611e-02 -4.973607698876e-01
4.607974363296e-02 3.450240137705e-03 -2.760722546479e-02
Mode 41
-4.688773124226e-05 -6.129356052238e-06 -2.256862308536e-05
-4.834006979706e-04 -1.349362827689e-04 5.727201358419e-04
-1.458714151147e-02 -1.395065315079e-03 8.787972900093e-03
-1.838812793452e-03 -9.763504447910e-05 5.232210152595e-04
5.778995365213e-05 -1.970166557935e-06 -1.367444810173e-05
-9.586937650255e-03 2.462504905073e-04 -5.619453093889e-03
2.478189362589e-01 1.845521165895e-02 -1.489890384794e-01
2.879595453076e-03 -7.731244082338e-04 1.417773730660e-02
-9.985867094612e-04 3.596966912471e-05 -1.186208155994e-03
2.643912240629e-03 1.451659832017e-04 -1.192666728592e-03
-1.630921177383e-03 8.086394541842e-05 -1.567319952179e-03
1.508400453713e-05 -1.948245186509e-04 3.782006152779e-04
-1.122711642464e-07 1.378482361045e-04 3.961461532838e-04
5.929570364748e-06 9.562213742078e-06 -9.181566960956e-06
4.524635524277e-02 4.672227303322e-03 -2.796206649013e-02
-8.168153936622e-01 -6.176822240618e-02 4.914751572924e-01
--
Dipole derivatives 
Mode 0
-2.024248545743e-02 1.921467334528e-02 -4.424325488482e-03
Mode 1
-1.183582600163e-02 -5.284641603930e-03 6.006132366735e-03
Mode 2
1.018166018184e-02 -1.164631735943e-03 6.917899032809e-03
Mode 3
-8.468868517696e-03 2.000302337490e-03 -9.513829292711e-03
Mode 4
2.129175198808e-02 7.573328839912e-04 1.219484864946e-02
Mode 5
2.629463595880e-02 -3.872147986708e-03 -1.228338914613e-02
Mode 6
1.265676556369e-03 7.741513760638e-03 1.242870656658e-02
Mode 7
-6.131610769146e-03 4.027753048292e-02 -7.325680651305e-03
Mode 8
1.587800259762e-02 -1.471622246270e-02 -1.435328033437e-02
Mode 9
9.996605140651e-03 3.616345327424e-02 -3.188378723428e-02
Mode 10
1.982761739949e-02 3.133888660441e-02 -7.185826355519e-03
Mode 11
8.574193246052e-03 9.250725058314e-03 1.456117994246e-02
Mode 12
-3.859154796083e-03 1.306259377854e-02 -1.057300526554e-02
Mode 13
-1.609900472653e-02 2.899935283901e-02 2.931784688592e-03
Mode 14
-7.044354437383e-03 1.050021304842e-02 -2.103131068401e-02
Mode 15
3.634600926643e-02 -1.306088461934e-02 2.849295748429e-02
Mode 16
3.200990282764e-02 -1.451058177799e-02 -6.274223973104e-02
Mode 17
-8.605175421383e-03 -2.704259356617e-02 5.359641729385e-02
Mode 18
3.219605353343e-02 8.401063095097e-03 3.883775082933e-02
Mode 19
2.807095146029e-02 -1.929337562130e-02 -2.163041681567e-02
Mode 20
8.858584684974e-02 -1.368607684351e-01 5.446186392051e-02
Mode 21
2.097940913027e-02 3.678501068361e-02 -1.023265007393e-03
Mode 22
-8.918150224887e-03 1.560489916778e-02 5.637666247700e-03
Mode 23
1.237061044850e-01 -1.373490746520e-01 -1.961659716786e-02
Mode 24
-2.385635577471e-02 8.428985016928e-02 -6.481607218957e-02
Mode 25
1.673131291326e-02 -7.991307157493e-05 1.905798357039e-02
Mode 26
1.184936017891e-01 1.061897151434e-01 6.442996263913e-02
Mode 27
-1.602701693456e-02 6.472094811871e-02 -1.036186195911e-01
Mode 28
-6.136667099146e-02 -9.766489209449e-02 2.082577151388e-01
Mode 29
1.221677286992e-01 -1.765203974394e-01 1.926944548078e-02
Mode 30
-3.271969837192e-01 1.681337118853e-01 2.105316194569e-01
Mode 31
-3.398427575344e-01 -3.038550978144e-01 -2.344667085576e-01
Mode 32
-3.897875082431e-02 1.395421257079e-01 -8.483223985884e-02
Mode 33
-9.450305381086e-03 -3.104840066973e-01 2.548479705208e-01
Mode 34
7.256760612493e-03 -3.036793346884e-01 3.768510702689e-01
Mode 35
4.270471604914e-02 5.187429679394e-02 -1.156718629666e-01
Mode 36
-2.552138427530e-01 3.819659011424e-01 -1.129847457873e-01
Mode 37
-2.725448690607e-01 1.823359284085e-01 1.262712194442e-01
Mode 38
-1.211599975767e-02 -3.094878249194e-03 -3.021997441851e-02
Mode 39
1.197649587168e-02 1.345359017015e-01 -1.142850143068e-01
Mode 40
1.612289073815e-02 1.319912863129e-02 -3.981573107623e-02
Mode 41
-1.360356423856e-02 -1.625931168509e-02 5.187880804229e-02
--
Polarizability derivatives 
Mode 0
-8.245307103000e-01 -8.160301185469e-01 -1.626801214715e-01
-8.160301185469e-01 5.975087057563e-01 4.538064844993e-02
-1.626801214715e-01 4.538064844993e-02 1.380687713177e-01
Mode 1
-3.261786033788e-01 -3.764491083504e-02 2.281432787003e-02
-3.764491083504e-02 -9.479293408471e-01 8.926364250685e-01
2.281432787003e-02 8.926364250685e-01 5.582301033050e-02
Mode 2
5.496934228223e-01 2.257557634081e-03 8.133711952660e-02
2.257557634081e-03 -5.521175262327e-01 -1.140384643773e-01
8.133711952660e-02 -1.140384643773e-01 -1.205876276359e-01
Mode 3
3.483063679722e-01 5.868879005045e-02 -3.986034068133e-01
5.868879005045e-02 1.919056988591e+00 -4.898815673059e-01
-3.986034068133e-01 -4.898815673059e-01 -3.544468727289e-01
Mode 4
-8.298009389273e-02 -3.541322636876e-01 1.562989287759e-01
-3.541322636876e-01 -4.981058725316e-01 1.204141243710e-01
1.562989287759e-01 1.204141243710e-01 2.047874889432e-01
Mode 5
2.173361649408e-01 -3.578558315366e-01 5.301812262252e-01
-3.578558315366e-01 1.615009156368e+00 2.237438209338e-01
5.301812262252e-01 2.237438209338e-01 2.070655024309e-01
Mode 6
-2.165538963787e-01 -1.625005950357e-01 8.642384189247e-01
-1.625005950357e-01 1.032029254528e+00 4.011024950216e-02
8.642384189247e-01 4.011024950216e-02 3.384565598947e-01
Mode 7
-4.745212693652e-01 -1.544923503332e-01 2.086565805677e-01
-1.544923503332e-01 -1.422232170519e+00 7.252299996719e-01
2.086565805677e-01 7.252299996719e-01 1.283104320789e+00
Mode 8
-9.693257294248e-02 -1.483140705515e-01 -1.542167440238e-02
-1.483140705515e-01 -3.788572640524e-01 2.765081973758e-01
-1.542167440238e-02 2.765081973758e-01 -7.179223997847e-01
Mode 9
-1.446460146319e-02 8.231011781682e-02 4.281933321945e-01
8.231011781682e-02 -2.379343464171e+00 -1.207314563876e-01
4.281933321945e-01 -1.207314563876e-01 3.931801775424e-01
Mode 10
-8.865587028354e-01 -1.584332067967e-01 8.174171595201e-02
-1.584332067967e-01 -7.294007969728e-01 3.236423660913e-01
8.174171595201e-02 3.236423660913e-01 1.967632269986e-01
Mode 11
3.227307883782e-01 -2.970872431125e-02 -6.224688587293e-02
-2.970872431125e-02 8.296783037952e-01 6.307442796302e-01
-6.224688587293e-02 6.307442796302e-01 9.611885034642e-01
Mode 12
1.729934211370e-01 1.329136306913e-01 -2.662564196571e-01
1.329136306913e-01 -4.132998015906e+00 4.573444386521e-01
-2.662564196571e-01 4.573444386521e-01 -3.860021405166e-01
Mode 13
1.225499626474e+00 -1.360455182222e+00 -1.234659189902e-02
-1.360455182222e+00 5.518392214347e-01 7.049022619281e-02
-1.234659189902e-02 7.049022619281e-02 1.094490138485e-01
Mode 14
-3.259981347241e-01 -2.768892639372e-01 -9.148709646302e-02
-2.768892639372e-01 1.151413417191e+00 7.051041398004e-02
-9.148709646302e-02 7.051041398004e-02 3.479946597692e-01
Mode 15
9.168503235601e-02 -1.096554592203e-01 -1.030534853280e-02
-1.096554592203e-01 1.739813876793e+00 -3.077813209806e-01
-1.030534853280e-02 -3.077813209806e-01 -1.377896147525e-01
Mode 16
-1.900473406782e-01 -2.737316459358e-02 4.436855834589e-01
-2.737316459358e-02 4.122675698749e+00 -1.372879669048e+00
4.436855834589e-01 -1.372879669048e+00 2.262820101349e-01
Mode 17
-2.889045640997e-01 7.219532236586e-01 4.170819856484e-01
7.219532236586e-01 -5.052161401928e+00 1.447706211222e+00
4.170819856484e-01 1.447706211222e+00 -1.920247177694e-01
Mode 18
6.476007605131e-01 -6.595688545325e-02 4.425461942114e-02
-6.595688545325e-02 -7.612064127784e-01 -8.811159965755e-02
4.425461942114e-02 -8.811159965755e-02 -2.627144594616e-01
Mode 19
3.294782958024e-01 -2.385793908441e-01 2.527640230088e-01
-2.385793908441e-01 1.580158914726e+00 1.916271644504e-01
2.527640230088e-01 1.916271644504e-01 -7.299202377524e-01
Mode 20
-6.415700714089e-01 9.831064278282e-02 8.644784231534e-01
9.831064278282e-02 -1.017803351870e+00 4.104599479015e-01
8.644784231534e-01 4.104599479015e-01 -1.579080471009e+00
Mode 21
-1.997916864825e-01 3.016923356714e-01 -3.619969649228e-01
3.016923356714e-01 1.003386567207e-01 -1.395488266286e-01
-3.619969649228e-01 -1.395488266286e-01 5.696572717969e-02
Mode 22
1.235000062961e-01 3.338497483988e-01 8.116268756701e-03
3.338497483988e-01 -1.015817438148e-02 1.967947656634e-01
8.116268756701e-03 1.967947656634e-01 -2.175619351689e-01
Mode 23
6.713596364849e-01 5.699323042098e-02 -4.814581274344e-01
5.699323042098e-02 -4.669088885071e+00 1.479860690309e+00
-4.814581274344e-01 1.479860690309e+00 7.282520933544e-01
Mode 24
-1.631587143593e+00 3.889356280569e-01 6.554838728793e-01
3.889356280569e-01 -3.173592481193e+00 8.065032107564e-01
6.554838728793e-01 8.065032107564e-01 -2.338572958526e+00
Mode 25
-1.097568216519e+00 -4.227794431372e-01 2.968039255015e-01
-4.227794431372e-01 7.831687780232e-01 4.336169793299e-01
2.968039255015e-01 4.336169793299e-01 7.254801029002e-01
Mode 26
-2.237188281832e-01 -8.204557630480e-02 8.426475931409e-03
-8.204557630480e-02 -9.442243177290e-01 3.342209993626e-01
8.426475931409e-03 3.342209993626e-01 2.795546123991e-02
Mode 27
8.934883387398e-02 7.950657918999e-01 2.552673117386e-01
7.950657918999e-01 -4.758274750265e+00 2.011975587307e+00
2.552673117386e-01 2.011975587307e+00 -5.763605011400e-01
Mode 28
1.013684991020e-01 3.419313562737e-01 -1.526157470773e-01
3.419313562737e-01 -1.050164369937e+01 4.278196467682e+00
-1.526157470773e-01 4.278196467682e+00 -1.763717257280e+00
Mode 29
1.058006132015e+00 -1.020293680272e+00 -5.681000087158e-01
-1.020293680272e+00 8.942144497344e+00 -2.687373146828e+00
-5.681000087158e-01 -2.687373146828e+00 1.896395014592e+00
Mode 30
5.759315189424e-01 -7.253936695522e-01 6.604123710574e-01
-7.253936695522e-01 4.984944090625e+00 -2.031752823822e+00
6.604123710574e-01 -2.031752823822e+00 8.911771999007e-01
Mode 31
4.951982687997e-01 -4.361866622390e-01 4.712906574688e-01
-4.361866622390e-01 -1.850563736462e+00 4.333094052925e-02
4.712906574688e-01 4.333094052924e-02 2.973666401377e-01
Mode 32
2.428732682825e-01 -5.171118942828e-01 1.632129576828e-01
-5.171118942828e-01 5.262902386992e-01 -7.330739198783e-01
1.632129576828e-01 -7.330739198783e-01 3.997631927765e-01
Mode 33
4.436493697749e-01 -4.726505637967e-01 -2.587931349406e-01
-4.726505637967e-01 9.485294060776e+00 -2.342165117341e+00
-2.587931349406e-01 -2.342165117341e+00 1.557982803639e+00
Mode 34
-1.284638641500e+00 2.570748702095e+00 9.833900431516e-02
2.570748702095e+00 -8.206472615774e+00 2.608561386833e+00
9.833900431516e-02 2.608561386833e+00 -2.755678429304e+00
Mode 35
-2.816403680011e-01 1.657764094368e+00 2.650483101404e-01
1.657764094368e+00 -1.080408796038e+00 -2.388326777652e+00
2.650483101404e-01 -2.388326777652e+00 7.458533343151e-01
Mode 36
8.605112653048e-01 -8.891303029085e-02 -1.738381284688e-01
-8.891303029085e-02 1.147197060087e+00 -1.556950873934e+00
-1.738381284688e-01 -1.556950873934e+00 2.443740947923e+00
Mode 37
-6.239854836739e-01 2.546378885051e-01 3.478162919636e-01
2.546378885051e-01 1.198853085263e+01 -4.399609580293e+00
3.478162919636e-01 -4.399609580293e+00 1.365000027576e+00
Mode 38
7.729476535883e-01 -9.241174801976e-01 3.690451036904e-01
-9.241174801976e-01 1.115290904694e+01 -4.347529143247e+00
3.690451036904e-01 -4.347529143247e+00 1.531298355825e+00
Mode 39
-1.860526718046e+00 -1.159915360236e+00 1.994212173761e+00
-1.159915360236e+00 1.523259791774e+01 -9.329466909444e+00
1.994212173761e+00 -9.329466909444e+00 3.982220308585e+00
Mode 40
2.186961182538e+00 -4.042685837570e-01 -2.877071953681e+00
-4.042685837570e-01 -6.830422913958e-01 1.027573540367e+00
-2.877071953681e+00 1.027573540367e+00 4.669332230114e+00
Mode 41
3.228843683372e+00 3.021571108446e-01 -4.443806019761e+00
3.021571108446e-01 7.194256375217e-01 -1.068853977833e+00
-4.443806019761e+00 -1.068853977833e+00 7.753205551669e+00
--
