Number of atoms 
18
--
Anisotropy 
121.130
--
Frequencies 
29.048323778992
47.768272662214
73.390872519245
88.706953333134
114.942783732184
127.812795345966
151.390252787404
180.753974622311
203.458627403508
208.618379087914
270.151948934531
327.515733243727
360.010964402642
392.550745762177
399.712788853474
425.906656269616
514.370274153901
519.191077542287
541.287203005716
635.212877927246
650.380776428446
738.172797867346
794.330398535186
820.788493808485
913.632809992854
927.301477672012
930.738916951854
1043.260470660243
1105.829946994449
1164.173467356833
1199.883406074153
1212.173568782226
1233.052627764928
1302.809484015798
1327.106991705209
1411.280624498902
1440.641810574941
1463.952387245757
1472.140227849560
1502.574807788447
1579.527260004829
1631.252309709993
2365.027149927186
3027.615322114424
3116.874524632734
3159.908156601100
3215.348911095498
3225.172673382484
--
Displacements 
Mode 0
1.873171589091e-02 -3.422486976030e-01 1.784405947815e-01
-1.398370776471e-02 -2.011380774812e-01 1.220293869624e-01
-4.825129264612e-02 -7.140850720145e-02 7.426883824077e-02
-1.129377685115e-01 2.417076895408e-02 7.949724582659e-02
-1.439913700626e-01 1.174323997557e-01 2.878537314646e-02
-4.046774641704e-01 3.440349546761e-01 5.003072764513e-02
-1.150236781989e-01 1.214221848635e-01 -1.740145462351e-02
-5.242846927121e-02 5.138530835674e-02 -1.936749701384e-02
-1.842912776179e-02 -5.067186407724e-02 2.749246838448e-02
-2.085727515204e-02 1.357799168051e-01 -1.417989282027e-01
-1.603703396981e-01 2.053139060260e-01 -6.703382556160e-02
-1.329389209573e-01 2.027946189526e-01 -1.202661395200e-01
-4.083925834356e-02 4.812590220211e-03 3.559777146960e-02
3.805491863158e-01 -2.219057304892e-01 -2.666290019273e-02
8.777464603858e-03 -3.388047661826e-02 6.983291554597e-03
-4.728953603844e-02 5.677016922523e-02 -2.553385607282e-02
-1.773963730828e-02 5.687918129787e-02 -4.230723182548e-02
-5.027666900585e-02 6.852459072429e-02 -5.061162800261e-02
Mode 1
3.398402427569e-02 9.318444747441e-02 -4.972427344753e-02
2.396056276212e-02 4.906371854277e-02 -6.575637398414e-02
1.256968380104e-02 1.144469332813e-02 -9.267071815623e-02
-1.428554162602e-02 -1.102795343559e-01 -1.032516208936e-01
-2.808577891750e-02 -1.242004518464e-01 -1.283672187656e-01
-4.940870295970e-02 -1.252368952424e-01 -2.103973043745e-01
-1.675410486894e-02 -6.045937217512e-02 -1.467154949120e-01
1.042095699497e-02 9.009458463794e-02 -1.369486600674e-01
2.363728158575e-02 1.240483802900e-01 -1.079527533941e-01
5.479176817329e-02 4.437592404246e-01 -2.993685637093e-01
-2.125544140708e-02 -1.181731258207e-01 -1.900159913154e-01
-1.083921457342e-01 -1.230801773105e-01 -2.432009116517e-01
-7.348501188993e-03 -4.789334976355e-02 -2.557248810033e-02
2.553386184971e-02 -8.583177892391e-02 5.513833462250e-01
1.178194357357e-02 6.914669877786e-02 -2.882961519347e-02
-4.874448304579e-02 -1.685270652869e-02 -6.930826683652e-02
-3.287231131903e-02 -4.906135178098e-02 -7.986694091168e-02
-3.176718923710e-02 -4.583297196908e-02 -7.748803631139e-02
Mode 2
3.403680110466e-02 -3.729503289862e-01 3.923340905855e-02
1.384345429315e-02 -1.383087483316e-01 3.263594974610e-02
3.358527403039e-03 3.147745055255e-02 3.676069650962e-02
3.699692290066e-03 5.800250413388e-02 3.792874100167e-02
6.530987165340e-03 3.519883851231e-02 3.926032405337e-02
2.168446780846e-02 9.651203693080e-02 6.068611015347e-02
7.422379805249e-03 -4.966441854603e-02 3.590077674417e-02
2.614474909144e-03 7.039621302645e-02 4.441388917029e-02
-3.773614383015e-04 9.620862923379e-02 4.272677441821e-02
-9.087765520749e-03 2.661219312339e-01 9.512052751964e-02
3.383644242601e-02 -3.690649965912e-01 1.325468851382e-02
-2.592695538161e-01 -5.266494218796e-01 1.410621585979e-01
1.244544768415e-03 1.699826698073e-02 1.065966292156e-02
5.183843028132e-02 1.906187827510e-01 -1.926585077397e-01
-1.304257035719e-03 3.717115799403e-02 1.301635040129e-02
-1.102705434505e-01 -1.249316261368e-01 5.064190924659e-02
-1.305676712966e-01 -1.481133622194e-01 6.038915349721e-02
-4.741971051705e-02 -2.358786245489e-01 4.034431876979e-02
Mode 3
7.237680835734e-02 3.327362234131e-02 1.429476256504e-01
1.696594892998e-02 6.334729999232e-03 3.288216297198e-02
-1.808836998918e-02 -1.366256724217e-02 -3.778849848013e-02
-6.500651983113e-02 3.400544442287e-02 -3.769393539305e-02
-8.112771138834e-02 2.410709520572e-02 -7.211365156946e-02
-1.165234039548e-01 5.553186861067e-02 -1.161106371065e-01
-6.352579375235e-02 -1.238349069084e-02 -1.055787911607e-01
-1.757026203939e-02 -4.741044283853e-02 -1.101302337474e-01
5.400172087991e-03 -6.294223255250e-02 -7.397220614866e-02
2.885934833455e-02 2.287801037983e-03 -2.706234315143e-01
-1.197242009349e-01 -1.362053705684e-02 -2.176138580245e-01
2.846433688705e-01 -8.910350958257e-02 6.092096279078e-01
-2.419709143671e-02 1.895966998755e-02 -2.111760990088e-03
1.195036115123e-02 1.870067084089e-02 8.638916660548e-02
1.040746928191e-02 -2.382764966721e-02 -2.158508166203e-02
1.415432724326e-01 -2.042773024500e-01 2.594928035031e-01
1.193550339899e-01 1.446933835787e-01 2.921801494202e-01
6.643849982014e-02 -3.726142968908e-02 1.397408629564e-01
Mode 4
-2.191914887886e-01 -2.638240523291e-01 -6.101329063805e-01
2.236981740318e-03 2.325069919146e-02 -1.316220229900e-01
8.384365744108e-02 2.160013465333e-01 5.709815634455e-02
6.575777127282e-02 2.542123117296e-01 6.354175647844e-02
4.227873268444e-02 1.834790226709e-01 3.639797857379e-02
-1.118853764181e-01 7.259687191281e-02 7.686806651992e-02
6.084421630511e-02 1.349238654658e-01 3.669444280420e-03
8.897780024437e-02 1.181919606404e-01 4.407550520058e-03
9.493348088352e-02 1.704770128677e-01 4.198668871207e-02
2.578027383615e-01 -1.600785278611e-01 -1.382800329810e-01
5.929063232736e-02 5.750257082732e-02 -4.683903688129e-02
1.624581538353e-02 -1.316101265021e-02 7.522031665906e-02
1.540759992849e-02 7.617552697710e-02 2.448763870473e-02
-1.383309409828e-01 -1.821648515514e-01 1.572431560320e-01
3.544878488184e-02 3.227881938230e-02 1.126287312827e-02
-6.233902961142e-03 -2.372344959994e-02 4.675952936741e-02
1.027267689167e-02 2.356505744195e-02 4.028354042730e-02
9.584660742784e-04 -2.541033179457e-02 1.410464577336e-03
Mode 5
2.335981175475e-01 -3.745689953553e-01 3.673831636026e-01
1.830195886661e-02 5.035557158361e-02 1.871841512569e-02
-6.435895996195e-02 3.024782708050e-01 -1.024114315802e-01
-3.920340011793e-02 2.204015821061e-01 -1.112918015582e-01
-9.251750552219e-03 1.170736620486e-01 -7.736288516493e-02
2.605395423697e-01 -2.600353999642e-01 -1.332924776480e-01
-2.512151352665e-02 1.399674237904e-01 -4.791449373244e-02
-5.858700489767e-02 1.781150488637e-01 -5.286499182817e-02
-7.867553627827e-02 3.106145048691e-01 -8.413135312625e-02
-1.522969556578e-01 -2.959973175187e-01 -2.760490719581e-02
-3.684264236259e-03 8.673329156050e-02 -2.057034481582e-02
-3.603555223384e-02 6.057817740848e-02 -3.158644194732e-02
-5.316077784385e-03 4.359084492308e-02 -4.273441692929e-02
-2.440515674831e-02 -4.893553143680e-02 1.007443219636e-01
-3.158805936908e-02 8.644339875659e-02 -2.494869056546e-02
-6.044706166353e-03 3.573710847832e-02 -2.639964134721e-02
-3.362458623482e-02 4.989283678379e-03 -1.219455206928e-02
2.126860102310e-03 1.178070146675e-02 1.058806213827e-02
Mode 6
-2.840412861748e-02 -1.357089021315e-02 -1.447354294032e-02
-1.367549875726e-02 1.789546641747e-03 1.252744701465e-02
-9.336520217116e-03 9.169827650838e-03 1.999125000300e-02
-1.262244193576e-02 -3.353569080852e-03 1.690216198254e-02
-1.005817374117e-02 -1.045775788792e-02 2.648824570069e-02
1.069839642172e-01 -8.192058273700e-02 4.670244932394e-02
-6.881742930391e-03 -9.961830834593e-03 2.518981908347e-02
5.432624413966e-04 -3.756208803935e-03 2.277759883762e-02
-7.484503069384e-03 1.278925743613e-02 1.803370717276e-02
-1.742031281366e-02 -1.744623376160e-02 7.496026557740e-02
-6.890081495127e-02 -7.855436707268e-03 -8.465540161519e-02
-7.502330205375e-02 -3.078132411622e-03 -1.087199341798e-01
-3.492619560050e-03 -3.016880181038e-03 4.608191959689e-03
3.114302310601e-02 4.758633094338e-02 -2.121612003778e-02
-2.594286060249e-03 5.596079241005e-03 5.405462521726e-03
-2.496313404317e-01 -2.708650149765e-01 3.798380009237e-01
4.673332542266e-01 2.447712630290e-01 1.197525607386e-02
-3.023451821816e-01 2.798515105749e-02 -5.331495580336e-01
Mode 7
-1.846088675571e-01 6.774019506952e-02 -4.426428722076e-02
-8.368405942984e-02 -4.596626197226e-02 1.065317447230e-01
-5.546585115482e-02 -8.365949618029e-02 1.343169429474e-01
-1.074125803399e-01 -2.034110364537e-01 1.072352824083e-01
-1.255188362876e-01 -6.514633347884e-02 8.001668179619e-02
3.072161712473e-01 -3.186453950281e-01 1.298678216642e-01
-1.540595256340e-01 1.056290844861e-01 8.048325845394e-02
-6.386388389158e-02 8.112360064814e-02 6.731928764620e-02
-3.325147350747e-02 4.956569333722e-02 1.296727748438e-01
2.453608850828e-01 -9.428881393175e-02 -4.572908287431e-01
-2.088461544671e-01 1.285681921246e-01 5.172013812622e-02
-2.758947001004e-01 3.393809629060e-02 1.148206217558e-01
-3.797467085906e-02 -1.098308065660e-01 3.929398390513e-02
1.250793665359e-01 1.503400375531e-01 -7.924464525461e-02
-1.399841402957e-03 2.300267180395e-02 3.866477307943e-02
-7.386556894904e-02 4.015230391744e-02 5.239905772836e-03
-1.419049568639e-01 -2.915579787326e-03 4.092214649938e-02
-4.632770847442e-02 -2.527312953149e-02 7.396048150164e-02
Mode 8
1.426516880165e-01 1.956870276234e-01 2.006745280976e-02
8.424530342116e-02 -1.116302921337e-01 -1.115235892721e-01
6.661110695673e-02 -1.934154745637e-01 -1.352526583212e-01
6.692171605863e-02 1.332944041246e-01 -1.038887777409e-01
7.507928207650e-02 2.686739120849e-01 -4.938360970561e-02
1.348502208187e-01 1.278732964085e-02 -7.350409964918e-02
4.918886801883e-02 3.459926328813e-01 -9.387119616126e-03
4.802762490370e-02 2.692071498441e-02 -3.830539888469e-02
4.454887907141e-02 -3.604975951760e-01 -1.122018611395e-01
-2.882047711351e-03 2.255556622001e-02 7.797864867716e-02
8.157069391832e-02 2.689584944265e-01 -8.861599870498e-03
-3.811656105715e-01 -7.784567118175e-02 1.314908945684e-01
2.265529698455e-02 5.561086135037e-02 -3.427551316703e-02
-9.785812370353e-02 -1.308153123376e-01 9.429663706626e-02
4.420645448474e-03 -1.957401690996e-01 -3.931382756895e-02
-1.910648817139e-01 1.100887534715e-02 8.479626285335e-02
-1.627504283096e-01 -3.975214743252e-03 6.674534260797e-02
-8.892617319513e-02 -1.525805667909e-01 -2.604278719163e-03
Mode 9
7.798962538817e-02 9.389158649046e-02 -3.228863545299e-02
7.506679528439e-02 -5.647117304298e-02 -4.202985968776e-02
7.267921300324e-02 -9.974446659494e-02 -3.700097835619e-02
8.323021700664e-02 -5.104099274673e-01 -6.063504616650e-02
6.075229050945e-02 -1.468588037605e-01 -5.203368066644e-02
-2.480994671773e-01 1.697669341767e-01 -1.174239201018e-01
5.244113489708e-02 1.608369160634e-01 -1.877839776955e-02
3.885267099474e-02 2.751195245342e-01 -3.027870951916e-03
3.905229732470e-02 3.913139653648e-01 1.529130520579e-03
-2.739669150179e-02 -2.733775459477e-01 1.777261793678e-01
8.752632428207e-02 1.292409941242e-01 -3.293083478488e-03
-1.130696229836e-01 -4.517622117402e-02 1.282511432842e-01
2.406107342987e-02 -2.607272228371e-01 -2.249856272431e-02
-2.327390976169e-03 3.507383013768e-03 -6.294599328527e-03
7.286160783990e-03 1.901885646424e-01 5.506515533171e-03
-7.203629790691e-02 -2.093015610045e-02 7.769658089836e-02
-4.327515914571e-02 1.746727455998e-02 6.261122295533e-02
-3.038344691381e-02 -7.744727315578e-02 1.554170725881e-03
Mode 10
5.107259454394e-02 -2.283811015159e-03 1.498579602785e-01
-1.095490180017e-01 -1.658561527728e-03 -1.635183835251e-01
-8.881219657250e-02 -8.369603680006e-03 -1.319106393654e-01
7.346016314039e-02 -2.329367827638e-02 -1.182468252639e-01
1.329327028863e-01 1.112793294424e-02 -1.771730560431e-02
1.763805965561e-02 2.891612235654e-01 -7.991120889057e-03
3.642062230931e-02 -3.997730531788e-02 1.181520569520e-01
-1.260605121862e-01 -1.020439538828e-02 9.354087299156e-02
-1.633724825490e-01 3.188724163843e-02 1.982833660616e-02
1.048178735439e-01 3.274219758319e-02 -4.401095428498e-01
2.716679618759e-01 -7.217531398680e-02 5.970120409171e-01
4.651624722147e-02 2.659941058256e-03 6.708190185356e-02
4.033765696199e-02 -1.355629635827e-03 -6.415394484083e-02
-9.014504126796e-02 -1.022486385206e-01 1.897521943469e-02
-8.311026830482e-02 2.005262191354e-02 5.529820142943e-03
-7.159063994246e-02 2.824138713226e-02 7.502311820369e-02
1.208284877480e-01 -3.382923450169e-02 -3.607421609575e-02
-5.083576882576e-02 2.135750081901e-02 -8.691594111663e-02
Mode 11
9.175762426868e-02 -1.367395481159e-01 -7.017413696665e-02
9.247646633662e-02 2.276902001626e-01 9.488660799850e-03
8.722708781142e-02 1.802368892800e-01 3.695347510123e-02
4.237025352923e-02 6.676351329586e-02 1.966841677991e-02
-5.548071153181e-03 -2.161822267521e-01 -1.070738162415e-01
-4.193596582862e-01 -3.657388086944e-01 -3.882640014458e-01
-6.134422968028e-02 -9.059028748090e-02 4.310867183281e-02
1.296092711071e-02 -1.882028470490e-01 5.991169273381e-02
4.814133740189e-02 -1.292850297869e-01 8.627942457842e-02
1.066478084661e-01 4.117013762712e-02 8.732950046348e-02
1.704274878497e-02 1.334292414837e-01 3.148760702081e-01
-1.820973380821e-01 7.703058728987e-02 1.397442662154e-01
-3.700854349252e-03 5.331398160662e-02 3.229529429606e-02
1.014809276734e-01 1.433616249493e-01 -3.321735114009e-02
2.316970685268e-03 -5.380233694250e-02 2.344089623272e-02
-1.071860939964e-01 4.764082036393e-02 6.980723540429e-02
-3.999240965363e-02 9.025043508053e-03 2.773059856130e-02
-6.422242436514e-02 -1.443581090213e-02 -3.344269906497e-03
Mode 12
-1.229151055326e-01 1.378059829767e-01 2.975863257560e-02
-3.488126162656e-02 -2.588175468959e-01 1.114243527285e-01
-1.896075552972e-02 -1.530463698425e-01 1.005243114785e-01
5.350125263463e-02 1.149565140344e-01 1.178223985365e-01
3.737552204331e-02 1.693130646263e-01 2.665977113506e-02
-3.448027196853e-01 -4.358317096822e-01 7.043931037896e-02
1.177431660455e-01 2.013913967507e-01 -7.539027377021e-02
-4.764278841340e-02 2.764357457485e-01 -9.072465934374e-02
2.132112573554e-02 -1.537367861443e-02 -3.130829155238e-03
-2.678511428475e-01 -4.805565304496e-02 -1.694970346858e-01
3.149900903470e-01 -9.287138252441e-02 1.062651957062e-01
1.930208288472e-01 -1.043990068820e-01 -6.708539147054e-02
1.947449989885e-02 2.760585885841e-02 2.746466519935e-02
9.946065946780e-02 1.368137102558e-01 -1.980157724498e-02
5.233389347049e-02 -6.146186793685e-02 -3.790929201003e-03
2.763923175199e-02 -1.335424095404e-02 -6.015845665750e-03
8.659441761132e-02 -4.446933289478e-02 -3.876212806627e-02
3.734520389333e-02 -2.204074367785e-02 -4.908568948057e-02
Mode 13
7.491380005980e-03 5.201899053146e-02 1.661967076439e-01
-2.318173611301e-01 -1.091127508968e-01 -3.353061813796e-01
-1.665926331822e-01 -5.126289511331e-02 -2.465412584509e-01
-8.301008969113e-02 6.601653566844e-02 -1.929978724750e-01
9.349067293737e-03 3.274387779918e-02 4.718458010994e-02
-2.821157049960e-01 -2.270201211070e-01 2.103559129877e-01
8.230861402608e-03 1.131808794589e-02 9.236950825807e-02
4.098555768611e-02 9.289428606716e-02 1.331237833533e-01
-1.587957875177e-01 3.275927181293e-02 -1.245088135663e-01
5.304591084910e-01 -1.191219144302e-02 2.148046292357e-01
-1.039138708915e-01 -5.303906304295e-02 -1.168749711055e-01
3.116550942672e-02 -4.822443950514e-03 -3.155799028301e-02
3.133789727234e-03 3.153390295072e-02 -9.814750610421e-02
5.715539541618e-02 7.733286916343e-02 -1.319425411536e-02
-1.117244290199e-01 -1.241229722802e-03 -3.787265165181e-02
4.086036024700e-02 -1.782292202380e-02 -2.536380554297e-02
4.354937716315e-03 6.536482888074e-03 -2.367215257133e-03
1.426178348807e-02 2.273266106519e-02 1.553181981486e-02
Mode 14
-8.867973053341e-02 1.580322094999e-01 -2.772487655011e-03
2.625434423858e-02 -3.263446608497e-01 1.258652893534e-01
1.694839431867e-02 -1.385475046287e-01 8.649972393959e-02
-8.904072949139e-02 1.404115031196e-01 4.596871957579e-02
-1.423486945142e-01 1.901120680166e-01 -1.064936424776e-01
1.399977378989e-01 9.119338358698e-02 -5.999486325961e-01
-1.608631268779e-01 5.720812661102e-03 4.168165966032e-02
-1.377604517215e-02 1.930645625338e-01 1.143464765712e-01
7.446090825746e-03 7.961519307604e-02 1.344917587670e-01
2.546294399323e-01 -3.408304794201e-02 1.880590277332e-01
-1.398786816073e-01 -2.073230310813e-01 1.516145520535e-01
8.361000298988e-02 1.295020532225e-02 -3.196846081936e-02
-5.229794932100e-02 3.582417891016e-02 5.273587745422e-02
-3.885567148113e-02 -5.167382024025e-02 1.756091033998e-02
-5.394409121012e-03 4.237041243395e-03 3.811974247787e-02
6.040366673806e-02 -8.835258081766e-03 -3.200426177149e-02
7.888758859510e-02 -1.783114268396e-02 -4.033542182230e-02
-1.222937429769e-03 9.130804440411e-02 -2.398415910735e-03
Mode 15
4.508043884120e-01 1.381533497165e-01 -2.275861189969e-01
3.967055407460e-01 -1.925924510800e-01 -2.250043685072e-01
2.342121886835e-01 -5.955126228419e-02 -1.299315229744e-01
-4.453189998032e-02 1.004507838183e-01 -6.530626379901e-02
-9.609721136465e-02 6.316791885042e-02 5.797265190789e-03
-7.260373120363e-02 -8.499653981478e-02 2.649964068389e-01
-1.923320547831e-01 -1.211190983507e-01 9.227931366665e-02
-5.370691568507e-02 5.085798728903e-02 7.953696612378e-02
3.160434686274e-02 1.085407138253e-01 7.860357836145e-02
-2.036217760165e-01 -1.707101030322e-02 -1.034965361980e-01
-2.842074835889e-01 -1.463817311516e-01 1.352958752226e-01
-3.272219626491e-02 7.255774578047e-02 2.324929233592e-02
-3.659352463769e-02 3.742128074382e-02 2.101471329664e-02
1.858443999634e-02 2.692623988616e-02 -8.597043488231e-03
-3.953684927265e-02 4.963480383162e-02 2.141689660622e-02
3.371064993393e-02 2.857705190391e-03 -1.820216202847e-02
3.025695342029e-02 5.679143897585e-03 -1.542681156306e-02
-2.639815266491e-02 9.846759087111e-02 2.356211150330e-02
Mode 16
8.843166007371e-02 -1.893711662007e-01 -9.686989011543e-02
1.101095407594e-01 5.161737908885e-01 8.768402915743e-02
1.173721524370e-02 -4.675234095710e-02 -6.338053168916e-02
-1.606958469803e-01 -2.516657150655e-01 -7.656052333262e-02
-1.491135532820e-01 1.371967021171e-01 -2.544371929688e-03
2.239375492597e-03 3.038003635867e-03 3.630863401905e-02
-1.186257392345e-01 2.914676387807e-01 2.691691597023e-02
-2.902112126070e-02 3.371719861507e-01 3.812639514616e-02
-1.765382946903e-03 -3.083698544887e-01 -5.940572242416e-02
6.594489047716e-02 -1.893836964945e-02 4.260063455548e-02
-4.514049967037e-02 -2.354598889609e-01 1.116357984510e-01
1.423238049644e-01 -7.519695534469e-02 -6.359816999256e-02
-5.759306326030e-02 -1.379064304872e-01 -8.244032894398e-03
5.243593385368e-04 1.180469410100e-03 -8.783779524963e-04
-1.966416749503e-02 -2.097643267710e-01 -2.651066199788e-02
7.927392123111e-02 -3.175537004439e-02 -4.413890452478e-02
9.813294526443e-02 -4.186989075784e-02 -4.947523832261e-02
1.471162907220e-02 7.268426464832e-02 -9.344963115435e-03
Mode 17
-9.903460388593e-02 4.005212697879e-02 -1.239239688369e-01
2.073481998025e-01 -1.157227476358e-01 4.308059019699e-01
-9.072335236900e-02 1.530591716324e-02 -1.542214076412e-01
-3.310230769842e-01 8.043381636600e-03 -1.848548638599e-01
-1.941942909837e-01 5.733365016520e-02 -2.799572064828e-02
9.796168979673e-03 -2.013422719203e-02 1.840378283696e-01
-3.250664508266e-02 -7.775816719826e-02 -1.288360669799e-01
1.236962016011e-01 -1.798295332782e-01 -2.155965678283e-01
4.688910225143e-02 1.338717128055e-01 -3.984367222192e-01
1.402619971301e-01 1.787009837097e-02 1.160329643377e-01
1.554673733483e-01 4.193853509578e-02 2.735057641351e-01
-2.692638419441e-02 2.424411671558e-02 5.840198514204e-02
-8.974538174273e-02 -9.475779226259e-03 -6.562678828228e-02
3.314623914019e-03 3.756556467707e-03 -2.779201192138e-03
8.220767824469e-03 1.048945534706e-01 -1.120257363697e-01
-5.537420903137e-02 4.242876348038e-02 3.349748111311e-02
4.591570822519e-03 -1.927754922210e-02 -5.011169049776e-03
-1.925628930671e-02 -1.516545768138e-02 -1.778618359166e-02
Mode 18
-3.130231741844e-02 3.048996142576e-02 -2.262483809478e-02
4.618064386574e-02 -8.766287699746e-02 1.029356160395e-01
-2.625908248950e-02 2.140851665475e-02 -3.787494137094e-02
-4.429333292562e-02 2.228952416522e-01 -2.108819976162e-02
2.910701415190e-02 -6.514844786743e-01 -2.333636094341e-02
5.451017104662e-02 1.396243970346e-01 7.206915969313e-02
1.385424620424e-02 -1.179571240402e-01 -1.887234836064e-02
3.053467441934e-03 5.458950357731e-01 8.236844109163e-04
1.776577256478e-02 -1.314953775656e-01 -1.053021977205e-01
6.548926468246e-03 -7.105753600968e-02 -2.615856990577e-03
-1.521038314466e-03 5.158606292809e-02 1.326242037894e-02
-4.277151540911e-02 3.022931617874e-02 3.487742241663e-02
-6.746512567841e-03 2.658890102283e-01 -6.329837425893e-03
-1.164078486122e-02 -1.307866126763e-02 -8.267424256710e-03
1.172321376521e-02 -2.018413831257e-01 -4.204996093659e-02
-2.194112940476e-02 8.053038896611e-03 1.870109955866e-02
-2.181611785472e-02 1.534862879489e-02 1.734726616580e-02
-9.738251279250e-03 -1.133242143647e-02 2.976724002905e-03
Mode 19
6.065121478530e-02 4.349442329329e-03 1.252938153729e-01
-2.654279565279e-01 -5.127503300245e-03 -5.028651512498e-01
9.154743023343e-02 4.010769755508e-02 1.835301974353e-01
-1.767118589409e-01 -2.039733978758e-02 2.193823476304e-01
-3.040316256761e-01 -4.564289900790e-02 -6.712175372716e-02
8.791317478971e-02 2.946689965674e-02 8.668564263079e-02
-1.284904152620e-01 -1.746622480343e-02 -2.626357759881e-01
1.254169399397e-01 4.022192874590e-02 -2.923663773978e-01
2.904019716808e-01 -9.380642353812e-05 -3.895720151582e-02
2.115294235567e-02 -6.146986895896e-03 1.032127329250e-01
1.009446553300e-01 -7.792699838365e-03 2.151506322154e-01
7.703434094080e-04 9.549484172021e-03 3.495746772180e-02
-1.050728116848e-01 -2.807804345530e-02 1.463274631381e-01
-3.598796299532e-03 -5.618532862890e-03 -3.169181920235e-03
1.958159472298e-01 -2.050144349064e-02 -1.025907351359e-02
-2.839232355174e-02 2.759638173584e-02 1.803120304877e-02
1.707141996412e-02 -1.989693138571e-02 -1.038879820952e-02
-1.235362825603e-02 5.250701528278e-04 -1.435695453950e-02
Mode 20
-3.153695180248e-02 -1.399421112972e-01 1.833930607069e-02
-6.092677717915e-02 3.903658244626e-01 1.717126176055e-02
3.878021302134e-02 -7.027279096260e-01 -2.954421028604e-02
4.972824827440e-02 1.461840618492e-01 2.526516138335e-02
2.293942672726e-02 1.044234933205e-01 -2.490709590385e-02
1.319295550542e-03 -3.841502990888e-02 -3.766807247717e-03
1.364559985112e-02 -2.183007304596e-01 -3.951986953665e-02
2.867645993042e-02 1.004730146520e-01 -4.181402873723e-02
4.033075380880e-02 1.423248095821e-01 -1.903822164150e-02
-8.047629705220e-03 -2.947799256834e-02 3.201695480468e-03
-1.391829858012e-02 4.416051132411e-02 2.115430506702e-02
-6.184145628895e-02 5.950895906441e-02 3.741190200063e-02
9.297112161977e-03 3.037717263280e-01 2.689737299583e-02
6.848294266816e-04 1.238394114011e-03 2.221255335105e-03
1.968872437904e-02 3.082433821839e-01 1.344574089488e-02
-2.952541417358e-02 2.036512446464e-02 1.842397176658e-02
-2.902844627765e-02 1.637594806314e-02 1.379850141258e-02
-1.317204548755e-02 -7.134536032495e-03 4.814683017072e-03
Mode 21
-2.046172689515e-01 -9.198246017085e-03 1.021875632225e-01
-1.369035351869e-01 -2.435653779232e-02 9.470369995637e-02
5.166949377019e-02 1.248692316937e-01 -2.254131439537e-02
3.828475970532e-01 -7.211638452479e-02 -6.240179164233e-02
2.404770540684e-01 2.165013762028e-01 -1.134082441897e-01
-4.240227600822e-02 -2.601727732282e-02 7.281943304824e-02
-3.050494887028e-02 -2.188059733127e-01 -1.454322179797e-02
1.700405750126e-01 1.674869256949e-01 -1.253908764245e-01
2.215600374624e-01 -4.695574506070e-02 -2.389357357525e-01
-5.984732503294e-02 -8.286780916660e-03 -3.707076652804e-03
-3.467958555102e-01 -2.318181608641e-01 1.494978781185e-01
-1.790213796186e-01 1.882682041894e-01 1.067572146341e-01
1.471209877675e-01 -1.261823524044e-01 -7.688971356366e-02
1.891681627928e-03 2.088909661307e-03 2.552896527256e-03
1.337918415107e-01 -1.073411875040e-01 -7.515592358073e-02
1.108467456465e-02 2.186075232943e-02 -2.979601727162e-03
5.558165024236e-03 3.060647739532e-02 -4.618909727413e-04
-7.338669588677e-02 1.494271580687e-01 5.161910399883e-02
Mode 22
-6.444184954286e-02 -5.660212957184e-03 3.651210881739e-02
-5.159101858468e-02 -9.753991504666e-03 1.082832054175e-02
3.535669484224e-02 -1.147836545702e-01 -2.293149694098e-02
1.015396106806e-01 1.091048559170e-01 -9.974153924120e-03
7.987538407862e-02 -3.566013151561e-01 -2.142150562766e-02
-6.219958494377e-03 2.887125609523e-02 1.384925711926e-02
-7.105737439529e-02 6.759712813564e-01 7.776685677048e-02
1.126954422556e-01 -3.115147481635e-01 -5.340014682674e-02
1.089670965165e-01 1.104128671270e-01 -1.082419805859e-01
-3.802377931413e-02 1.708889898848e-02 -9.389751286434e-03
-2.050586317443e-01 -2.299808607881e-01 9.715468666883e-02
5.130229497771e-03 -2.165937539464e-02 -3.438383316357e-03
4.113134359971e-02 1.676119935440e-01 -1.407101666598e-02
-4.833398886653e-04 -1.009228082107e-03 -1.532191728098e-04
5.076532316654e-02 1.552634830049e-01 -2.301535269490e-02
7.592366516899e-02 -3.107107613596e-02 -4.831971644160e-02
7.954657480472e-02 -2.446152736433e-02 -3.614070126502e-02
-3.183936949504e-02 1.406808341832e-01 2.923434764843e-02
Mode 23
-9.600580286104e-03 2.011799561767e-03 -2.031631832207e-02
6.032800718846e-02 -1.002033556643e-02 1.127291748827e-01
1.002449205648e-02 -1.315437555566e-03 1.799599160920e-02
2.847001366875e-01 1.689429693083e-02 -3.135876940889e-02
2.487448675044e-02 -2.006110268401e-02 -4.959330681540e-01
1.946420517228e-02 4.772516095656e-03 2.577485148412e-01
-1.789147881604e-01 6.919002196039e-02 -3.479260496993e-01
-4.191157408779e-01 -3.264013959449e-02 -2.379171673536e-01
-1.997985915295e-01 -1.731023985904e-02 2.690318652058e-01
2.128494924491e-01 1.590888149266e-03 1.537322599052e-01
1.440503698489e-02 4.719544188527e-03 2.735977734783e-02
1.247893148117e-02 -2.020536801222e-02 -1.248438283413e-02
6.093790252659e-02 1.918095860342e-02 2.701899582720e-02
-2.041277681815e-03 -1.485927875181e-03 1.027405521909e-03
-2.577637907717e-02 8.727886694339e-04 8.044319024868e-02
3.304275408675e-03 -6.791636961670e-03 -2.145545240044e-03
3.024661477887e-03 9.318323458168e-04 6.001568832797e-04
1.001363682011e-03 -2.597961897934e-03 -6.157895808096e-03
Mode 24
-8.033169836123e-03 1.702984923936e-02 4.987554468565e-03
-1.105800787697e-03 -8.042417873593e-02 -2.858352700831e-03
-8.529929626999e-05 1.994651593156e-01 1.056911942274e-02
-1.102242123182e-03 2.512960191050e-02 -1.069576693522e-02
1.537535829249e-05 -6.150856619205e-03 -1.144667408538e-02
-3.060682051466e-04 2.819131880799e-03 4.773822925389e-03
-7.387591008901e-03 9.546250498634e-03 3.504507158715e-03
-2.735439613917e-03 1.696563591886e-01 1.641279634871e-02
3.107241377618e-02 -5.078183210092e-01 -2.626373818386e-02
-2.310749398000e-03 -2.177172402332e-02 -3.236373408826e-03
-3.696478891942e-03 2.663487463586e-03 4.052921770718e-03
6.709048283459e-03 -1.143784998268e-02 -3.400630007559e-03
4.337722883310e-04 -6.834348616742e-02 -8.315296184907e-03
-8.732392758267e-05 1.606146798918e-05 -6.491541811662e-05
-3.262443507804e-02 8.084060869840e-01 5.844342043028e-02
2.156802312467e-03 -1.578844297641e-03 -2.393994678962e-03
4.402359011970e-03 -5.739614627973e-03 -3.675258065389e-03
-7.212003999349e-04 2.451678099742e-03 -2.281131142768e-03
Mode 25
-2.134615581452e-01 -9.085191680926e-03 1.129123407864e-01
-1.293295851534e-01 -4.247747624552e-02 5.883337923953e-02
2.441396417843e-01 1.001787275483e-01 -1.158475301852e-01
-1.468408691985e-01 -1.812325265996e-01 -4.229647028235e-01
-4.312246277753e-02 7.432477300991e-02 -2.985438091929e-01
-1.641112499619e-02 -1.210453734812e-02 1.085001118798e-01
-9.412597054342e-02 -8.073840085178e-03 6.507010154522e-02
2.404000685052e-01 -4.491503961167e-03 2.130943611055e-01
2.709107754025e-01 -8.230199769506e-03 3.434744273741e-01
-1.186899097411e-01 -1.347270228941e-03 -5.216205945799e-02
4.408961301956e-02 1.102504090613e-01 -1.614128393020e-02
7.438538837419e-02 -8.918333395809e-02 -4.614182710397e-02
-8.058474239932e-02 3.355154514929e-01 -5.558010812068e-02
-8.133617444800e-04 4.795862640388e-04 9.907678071890e-04
3.411396653562e-02 -2.344917210687e-02 1.026148927565e-01
2.827810514554e-03 -2.098348573313e-02 5.847115746378e-04
-7.522058261558e-04 -1.898519332281e-02 -2.749837060886e-03
3.047243932625e-02 -5.875051780755e-02 -1.859052127814e-02
Mode 26
-9.546277919894e-02 -2.410010237321e-02 4.845902155232e-02
-5.971217361670e-02 7.323767960375e-02 3.656397816750e-02
1.149882521976e-01 -1.898821575749e-01 -7.969755886967e-02
-8.198098434126e-02 4.750094743378e-01 -1.405039988681e-01
-4.271667088126e-03 -1.555521403017e-01 -1.505692896051e-01
-7.988239954402e-03 2.330602623534e-02 5.781080986279e-02
-3.735273119241e-02 -1.531775970513e-02 2.490391569936e-02
1.044049471016e-01 -1.476985311559e-02 1.009706432173e-01
1.165000938312e-01 2.061896770433e-02 1.499502041202e-01
-5.234584935485e-02 -1.176149657868e-03 -2.366986861032e-02
2.542577518605e-02 5.277119350377e-02 -1.130150493452e-02
3.058244656270e-02 -3.196690681663e-02 -1.771337717410e-02
-2.292046613618e-02 -7.335738066394e-01 -8.681463795031e-02
-1.073872721502e-03 -5.704980163158e-04 -6.282900840126e-04
9.532911081134e-03 -1.814764510743e-02 4.364438896732e-02
-4.766318568790e-03 -3.849614056462e-03 3.223893843720e-03
-4.523675674168e-03 -6.114221777962e-03 6.547223331745e-04
1.356009843898e-02 -3.192961244116e-02 -1.114341273016e-02
Mode 27
9.107857433483e-03 6.262884131088e-04 -4.386187378440e-03
5.166773955482e-03 3.263186561327e-05 -3.903148912966e-03
2.324012779655e-03 1.095679675938e-03 2.613508600153e-03
-2.363625270216e-01 1.441809363902e-03 -1.555543345517e-01
3.785781039404e-02 -1.939817553133e-02 7.968399735768e-02
-3.604087622447e-03 -1.803226813179e-03 -9.517293695102e-03
2.440149117924e-01 5.937258907729e-02 -1.180286789299e-01
-5.379821395739e-02 -8.368548368361e-03 -8.033728298192e-02
-6.627258638788e-03 -2.774149931729e-02 2.794294618449e-01
6.169420393152e-03 3.638803390158e-04 6.461149474597e-03
2.731063833750e-01 -4.889911112980e-01 -1.856289765022e-01
-2.852731991621e-01 4.756170712825e-01 1.900665879968e-01
-5.107247947022e-02 9.599398857197e-03 -8.100059500030e-02
5.489192686724e-04 1.584781919046e-04 7.900160026137e-04
4.476314117662e-02 5.605185061408e-03 8.799356017006e-02
-2.479828298362e-02 8.854199167911e-02 3.141741098894e-02
-3.097313957863e-02 8.012919004661e-02 7.474748479508e-03
-7.359646201620e-02 1.042536999961e-01 4.515781091420e-02
Mode 28
3.179100062934e-02 2.134541879626e-03 -1.660931419063e-02
1.838306925673e-02 2.799387448817e-03 -8.966259464007e-03
-6.779891322018e-02 -1.117551771148e-02 2.541960927679e-02
-1.215152824825e-01 2.118971061294e-02 -2.456316182326e-01
1.088177675615e-01 -3.150923558345e-03 3.853724040775e-01
-1.507182381570e-02 -3.282208017375e-03 -7.182430814320e-02
3.943337372572e-02 -2.431473248353e-02 -1.919071602338e-02
-2.717868148118e-01 1.638656452776e-02 -2.862798493583e-01
1.335936006839e-01 -8.126876236511e-03 2.259934045654e-01
5.649721039627e-02 -6.185376272326e-04 4.722540405090e-02
-1.810254020313e-01 1.605210314650e-01 1.084289285226e-01
6.358440419319e-02 -1.861220776448e-01 -5.004215215343e-02
1.627641407807e-01 1.822481688390e-02 -3.889413321173e-01
1.247688883437e-03 1.215436728883e-03 -2.792321964178e-04
4.655315087720e-01 8.892721143848e-03 8.160143878064e-02
1.901449683302e-02 -2.665179724884e-02 -3.107625903724e-02
3.195850905356e-02 -2.219066739408e-02 -1.054826238296e-04
-6.238071693642e-03 4.371757346156e-02 6.695750650972e-03
Mode 29
-3.027556786812e-03 -1.807808697043e-04 9.121795076430e-04
1.166709876842e-04 -2.307849038350e-04 3.257201571674e-03
3.444960788888e-03 4.884906615073e-04 -7.324388653288e-03
2.424528095784e-02 -1.954679772818e-03 1.985064083012e-03
-1.169556247181e-02 -5.395083140242e-03 2.180363334050e-02
5.482053141291e-04 -2.613135088693e-04 -2.897264518157e-04
-3.310167280594e-02 3.027973358355e-03 -2.445925699946e-02
1.289834439791e-02 2.997176448585e-03 -2.998769969704e-04
-1.770058076179e-03 1.943153154013e-03 1.267749505192e-02
-3.919151736883e-04 1.238144165048e-04 2.734978220552e-03
-9.536608482699e-02 1.595507167174e-02 -1.855561705667e-01
1.985911027746e-01 -2.600201307586e-02 3.605978824527e-01
2.704547531360e-02 5.405091628624e-03 -2.943805328509e-02
3.217676126807e-04 -2.651937637685e-04 2.900317437930e-04
-2.917453807005e-02 -4.847545699766e-03 2.854128737423e-03
-2.727189769197e-01 5.185364330033e-01 -1.026937087452e-03
1.333747356010e-01 -5.104813178039e-01 -2.853691901150e-01
-1.376348816491e-01 1.964880233723e-02 -2.403842055724e-01
Mode 30
-3.121548837620e-02 -2.439429400143e-03 1.699342665921e-02
-1.431827115994e-02 -5.812765271262e-04 4.474793865769e-03
8.860558410427e-02 6.082458191207e-03 -3.541440807019e-02
-7.344944397446e-02 1.851391603025e-03 -1.146040334188e-02
6.386125768736e-02 1.211737079229e-02 -1.931022593412e-03
-2.081707496944e-03 -1.983210702999e-03 -7.009255773671e-04
1.764983070120e-01 -6.888986863808e-02 -4.765893802356e-02
-1.136447967754e-02 1.350591537319e-02 -6.190770611023e-02
-3.112050292864e-02 -3.868959719776e-04 3.818395234185e-02
2.382677913190e-03 -8.090846770723e-04 7.272919036002e-04
7.745711011166e-02 2.107836212923e-01 -3.467112593695e-02
-2.772449443580e-01 -2.947439606528e-01 1.328128139806e-01
-1.289640603979e-01 -1.943251232478e-02 1.632672782565e-01
1.925809296451e-05 -6.387615477194e-05 6.421679249807e-04
-1.312651311258e-01 -1.151666123570e-02 6.797039526082e-03
2.417237711820e-01 -9.551397435296e-02 -2.409313989388e-01
3.270435059251e-01 -1.004148113367e-01 -8.917788380095e-02
-2.323491071628e-01 5.553910153192e-01 1.665086763346e-01
Mode 31
5.459824212291e-02 4.100373268488e-03 -2.726826674932e-02
2.050253898785e-02 1.350893839173e-03 -1.312756895038e-02
-1.555004298325e-01 -5.211502910732e-03 2.958885579762e-02
-1.088580729544e-01 -2.355058864899e-03 -5.341373276789e-02
1.877864520613e-01 2.229896741401e-02 -3.048178975074e-01
-9.979621735623e-03 -1.401287979857e-03 3.785733358840e-02
1.336512018275e-01 -7.030301170029e-03 2.963970940409e-01
-1.975089484850e-01 -1.974159509963e-02 1.296171163144e-01
-3.607803243615e-02 9.161608382048e-03 -1.504758667998e-01
1.880839326827e-02 1.498798227225e-03 -6.728732479745e-03
-1.537545870159e-02 -1.061875415371e-02 -6.291092417886e-02
1.338688439551e-02 1.510302401256e-02 1.885626148555e-02
-2.941152617644e-01 -3.107557980650e-02 3.857152387728e-01
-1.008517768776e-03 -4.357706156978e-04 1.035566686165e-03
6.272123339590e-01 2.871262980153e-02 -2.691495152072e-02
-1.824467415607e-02 3.119214114022e-02 3.622924809583e-03
-3.696292172203e-03 -2.955658326537e-02 -1.754421120909e-02
-1.777609288737e-03 -1.394352199166e-02 -1.720433813358e-02
Mode 32
-1.866111326977e-01 -1.414820209357e-02 9.777676617616e-02
-7.199845161768e-02 -5.409661002277e-03 3.622760768746e-02
4.810727889743e-01 3.922896100464e-02 -2.632880357351e-01
-2.925532996174e-02 2.539761171530e-03 -6.859125063274e-02
1.274303191667e-01 -1.006424675013e-02 2.920961954190e-01
-7.181697188303e-03 -2.824750889769e-03 -4.381058090787e-02
1.492365862511e-01 1.988118627349e-02 2.862504344014e-03
-2.951231409289e-01 5.428636069921e-03 -2.385531058998e-01
3.194574164552e-02 8.414624946549e-04 -4.257224388880e-03
4.680995442422e-02 5.112220036412e-04 2.990990924643e-02
-1.730763880521e-01 -2.699086992166e-02 7.479729705037e-02
1.135764576001e-01 1.547853707503e-02 -5.527116102592e-02
-2.658271983029e-01 -3.167512715535e-02 3.913204368301e-01
5.594151254459e-04 8.351509958372e-04 -3.317162635239e-05
-1.978467810938e-01 -7.931383603055e-03 -1.455829866945e-02
-9.525760198577e-02 5.066744959428e-02 6.710016389482e-02
-1.049539341860e-01 3.569396537646e-02 4.190288476830e-02
5.681093018970e-02 -1.196500021954e-01 -4.620864846482e-02
Mode 33
-1.123605086375e-01 -8.416802452970e-03 5.754135542328e-02
-3.472814595342e-02 -3.495569813277e-03 2.581002416475e-02
3.027770267203e-01 2.331979848955e-02 -1.855486084841e-01
2.296371112857e-01 9.064061376155e-03 1.645631975405e-02
-2.574239176018e-01 -2.690060660891e-02 1.798132905154e-01
6.634465355775e-03 1.914078447139e-04 -2.048215536220e-02
-4.450030990212e-01 -3.911312702824e-02 2.341805985115e-01
-2.541221006355e-01 -2.062050645928e-02 7.735181550267e-02
2.444501233261e-02 1.411426106936e-02 -1.717252277762e-01
3.302108933339e-02 6.472012714748e-04 1.423620915250e-02
3.914406550137e-01 -1.458794496355e-02 -1.950977053987e-01
-1.332421460906e-01 9.979168555829e-02 6.883887321369e-02
1.161425894363e-01 8.064694033455e-03 -5.313125219631e-02
2.599698196045e-04 1.171824212573e-03 -1.694667929026e-03
2.287843152205e-01 1.441614566963e-02 -5.231459400990e-02
1.298528698556e-01 -6.985473381171e-02 -6.505513670083e-02
1.212185207106e-01 -5.043917279282e-02 -7.454309883770e-02
-1.332466481369e-02 -2.775720083726e-02 1.697217367714e-02
Mode 34
-5.010856304495e-03 7.685397846813e-04 -1.098373024375e-02
1.759322998622e-02 -2.712697191121e-03 3.309218666524e-02
-2.189176556745e-01 2.015154363812e-02 -4.157347377225e-01
-1.420832104668e-01 -2.958329519448e-02 2.934487155529e-01
3.739026431619e-01 1.778236754517e-02 1.239961692501e-01
1.076210318109e-03 -4.476771900084e-03 -1.266754433994e-02
-2.676696010016e-01 1.446900926778e-02 -4.428520736080e-01
-9.657601398392e-02 -3.020282998777e-02 3.496692030112e-01
3.153077588057e-01 1.156184480787e-02 5.184086772082e-02
-1.051696162153e-02 -6.447030242567e-04 9.439463987881e-04
3.650172385311e-02 2.928011660392e-03 4.612996498874e-03
-1.546194986841e-02 3.729320284730e-03 5.615029637389e-03
-3.034556481702e-02 2.394552001584e-03 7.361062309310e-02
-2.386603905162e-05 1.663033846139e-05 8.663510573579e-04
5.150370455223e-02 3.916191116657e-03 1.641390894592e-02
1.585300366435e-02 -1.084790230813e-02 -7.502784069093e-03
1.416014305111e-02 -1.959549104022e-04 -3.333955327038e-03
-4.694695452574e-03 1.056848685281e-03 2.443045393363e-04
Mode 35
5.861529125426e-04 -9.336789723723e-04 1.351660109959e-02
-3.430211807048e-02 3.038347072419e-03 -6.149552572993e-02
2.088987762571e-01 -1.632225199346e-02 3.521630082872e-01
-3.627385480850e-01 -1.899899002532e-02 9.831324652506e-02
3.185460624005e-01 2.922875383337e-02 -2.398285154385e-01
-8.359707637434e-03 -1.587747526801e-03 1.752636088671e-02
-1.819009691243e-02 -9.627349695957e-03 1.650013297374e-01
-3.923714283880e-01 -2.234144625159e-02 5.249557764619e-02
2.765931258164e-01 3.010168329945e-02 -2.561463669359e-01
3.197255478753e-02 8.494464338248e-04 1.233111999144e-02
1.549045517385e-02 5.220651763692e-03 -5.127268131486e-02
-1.868561726200e-02 3.109201816235e-02 1.377644034908e-02
8.388677625720e-02 2.438247955649e-02 -2.939502998215e-01
-6.765074939691e-04 -3.095889516802e-04 9.398849968582e-04
-2.790134016818e-01 -5.324999741260e-03 -1.023844893681e-01
4.362295795132e-02 -2.946638051454e-02 -1.378054203797e-02
2.434391821843e-02 -3.372129402437e-02 -3.500572139183e-02
8.249840342931e-03 -5.522591638478e-02 -1.433350657612e-02
Mode 36
5.506544411612e-02 4.248861783267e-03 -2.899110387026e-02
1.196284158303e-02 3.567733518603e-04 -1.740585855829e-03
-1.894352922231e-01 -1.403487134517e-02 9.616768966442e-02
-1.012982662860e-02 1.194915686137e-02 -1.353832715225e-01
2.475061554473e-01 3.603062657292e-03 8.929231707845e-02
-8.974164611844e-03 -3.301436061018e-03 -9.669512761281e-03
-2.129316594889e-01 -1.015460371175e-02 8.504240139304e-02
1.659340898412e-01 2.588580039198e-02 -2.736469906940e-01
-9.868295701675e-03 -8.624820426610e-03 1.165840037719e-01
-4.496230074238e-04 -1.123799487145e-03 1.225651325688e-02
-1.664265689953e-02 7.088939165964e-02 2.329324327405e-02
-1.186852830173e-01 2.042026414632e-01 8.037890468296e-02
-1.342364300334e-01 -1.697784266471e-02 1.588671729823e-01
1.740921372379e-04 6.434101332594e-04 3.803024087250e-04
-1.268790840894e-01 -9.107854809398e-03 3.671012840934e-02
3.312601747294e-01 -3.011898879682e-01 -4.077632648246e-02
1.676437160728e-01 -2.823593037890e-01 -2.736386366509e-01
7.307195674815e-02 -4.080082172697e-01 -8.457534265136e-02
Mode 37
5.745188769499e-03 4.301701375274e-04 -3.059707700147e-03
1.228773035361e-03 6.383101478325e-05 -3.379279968000e-04
-2.272769834871e-02 -1.536379628975e-03 9.674029324153e-03
-1.869835108841e-04 7.204040682848e-04 -1.134320441736e-02
2.335623366036e-02 -9.179119986449e-04 4.505789580596e-04
-5.513417674309e-04 4.426861591604e-04 5.709280758213e-04
-2.148511664785e-02 5.825683179684e-04 1.145509233753e-02
7.706860782802e-03 3.464189043438e-03 -2.448931700496e-02
1.052670351409e-02 -7.558152557892e-04 9.049804724621e-03
3.352876227375e-04 -7.899247665744e-05 2.048026955526e-03
-3.013327592098e-02 -8.324636094899e-03 -2.994340693144e-02
-1.234705331466e-01 -2.500226995033e-02 -1.305167520023e-01
-1.079022689876e-02 -9.648338810108e-04 1.270324569168e-02
-6.100835869593e-05 -1.396174982772e-04 7.463152329768e-05
-1.695070853336e-02 -4.512037783300e-04 2.617054459183e-03
-3.484960619122e-01 1.777613490305e-01 1.289105386454e-01
5.664170738141e-01 9.646285967968e-02 -1.138707719764e-01
3.419401301307e-01 -1.606436833910e-01 5.534953889046e-01
Mode 38
-9.132636836163e-03 -6.509339982423e-04 4.593051677536e-03
-1.647256433239e-03 -1.775317144955e-04 1.259985381249e-03
3.313866348929e-02 3.006154469202e-03 -2.517762829241e-02
-7.711314968904e-03 -1.443706507141e-03 2.919573158817e-02
-2.570830567740e-02 -5.620266792437e-04 -7.798314101579e-03
2.606437540839e-03 -5.311340698230e-04 2.828643770803e-04
2.961962086251e-02 -4.103138234783e-03 -1.426106834530e-02
-1.925134805712e-02 -1.480510847551e-03 2.366299135609e-02
-1.205830092002e-02 7.831556763822e-04 -7.580662319762e-03
1.980990679088e-03 -2.549923389542e-04 -6.034124709221e-04
2.049828663693e-02 3.709719163271e-02 -2.531467493536e-02
8.460730746064e-02 1.129296247143e-01 -1.106608838050e-01
1.812557212083e-02 9.852510568451e-04 -2.204813343477e-02
7.330093149476e-05 7.241482932902e-05 1.122647224617e-04
2.021711021409e-02 1.725528702787e-04 -2.311533702602e-03
-1.926010022121e-01 -4.286012076370e-01 5.096148476566e-01
-2.564804156643e-01 -4.167225043086e-01 -2.621097771279e-01
5.628230880137e-02 3.263325888982e-01 2.452357894816e-01
Mode 39
-6.101710862687e-02 -4.557445224892e-03 3.013632702413e-02
-6.122972683746e-03 -6.740769055905e-04 8.799323024053e-03
2.105589877809e-01 2.177320081826e-02 -1.860602200407e-01
-4.478787663941e-02 -1.829662675243e-02 2.128024295250e-01
-2.611985763919e-01 -2.146590586350e-03 -1.148359628100e-01
1.109996844765e-02 1.917600469270e-03 8.707248439476e-03
4.856146719842e-01 3.008030987962e-02 -2.024759370753e-01
-7.601968281171e-02 -1.832229914296e-02 2.383252267273e-01
-1.088967353404e-01 -1.227807445005e-03 -3.914897769287e-02
-4.957864918688e-03 4.393954998570e-04 -1.614340584693e-02
-2.232489873429e-01 4.797692965473e-02 1.115975624105e-01
-1.045550787520e-01 1.130260784561e-01 6.295086555394e-02
1.329373879301e-01 1.634689740128e-02 -1.572670931015e-01
2.341316230041e-04 -9.920202224459e-04 4.255247466920e-04
1.624563785300e-01 8.562467867685e-03 -8.700804493258e-03
2.258668664793e-01 -1.562034526284e-01 -6.482247294423e-02
1.752830966860e-01 -1.550152964559e-01 -1.779106870491e-01
5.728664578143e-02 -3.159640992943e-01 -4.033376037020e-02
Mode 40
-6.387264075675e-03 -1.317257635604e-03 1.438627579787e-02
-1.695280373705e-02 1.884070214230e-03 -3.072418708100e-02
2.887012745589e-01 -1.993774115437e-02 4.280527843666e-01
-1.078428056039e-02 2.449203704477e-02 -3.138317290198e-01
1.787380950400e-01 -6.324732528899e-03 1.989582236064e-01
-5.089132824311e-03 -1.935977138778e-03 1.640342698417e-03
-1.633259492231e-01 1.961667339142e-02 -4.603681520894e-01
9.149115125882e-02 -1.576167034665e-02 3.288401187368e-01
-3.604007109748e-01 -2.208730750051e-03 -1.950443946018e-01
-3.960517457720e-04 9.089714475992e-05 -7.730102483674e-03
-9.839668174430e-03 4.128763627133e-03 3.683411766271e-02
-5.059851792918e-03 -9.652536306354e-05 9.016804115185e-04
-9.119856598761e-02 -6.795160686782e-03 3.312305749533e-02
6.308276330472e-04 4.958952052024e-04 3.305094125805e-04
1.497894230457e-01 1.003640550209e-02 -5.594782817391e-02
2.480421788310e-03 -6.631341977487e-03 3.453875730007e-03
1.276335736934e-02 -4.286897705352e-03 -5.736320013585e-03
3.045928837643e-03 -6.164620717367e-03 5.537469176136e-03
Mode 41
4.826646442646e-02 3.604906533391e-03 -2.424089351037e-02
6.858427158144e-03 7.645036037487e-04 -8.038462126512e-03
-2.986230597772e-01 -2.822235259417e-02 1.996446659910e-01
3.037732624973e-01 3.793302153034e-02 -3.749194967452e-01
-3.155164929511e-01 -2.171372541843e-02 1.253869847806e-01
3.315798906275e-03 2.952417404473e-04 3.923228761287e-03
1.836325115579e-01 1.207605557311e-02 -1.274682516800e-01
-3.139775236566e-01 -3.065349176614e-02 2.443044006204e-01
4.737002301126e-01 2.655344148448e-02 -8.260860391958e-02
3.627307982475e-03 3.946725035501e-04 -4.022374994624e-03
-1.747577490047e-02 3.533404247132e-03 8.481809449114e-03
-2.363527298119e-02 2.698156998215e-02 1.419783693628e-02
-8.611592630537e-02 -1.496267877201e-02 1.649365579068e-01
6.219171550448e-04 1.101353047428e-04 -2.674359141016e-04
-1.790791779957e-01 -4.904402545856e-03 -3.836093483214e-02
3.346163869462e-02 -3.361414541985e-02 2.289771690613e-03
1.574922262540e-02 -3.193423016347e-02 -3.351478650823e-02
1.011998416246e-03 -2.947118038739e-02 -6.629712557366e-04
Mode 42
-5.408640282155e-01 -4.128610896756e-02 2.820708621268e-01
6.923631934824e-01 5.280562332188e-02 -3.609547112650e-01
-1.028206325042e-01 -7.696803355108e-03 5.284794646799e-02
-6.357709157767e-03 -7.947318883236e-04 7.457329511160e-03
6.600259946859e-03 3.261355164465e-04 -2.251063726515e-03
-1.709739608136e-05 3.421985669713e-05 6.506762037372e-05
-3.479679502263e-03 -4.813924482317e-04 2.277947522563e-03
5.923884463628e-03 5.534078206274e-04 -5.196635399081e-03
-9.588249522032e-03 -5.243367486476e-04 1.522625250899e-03
4.172628656730e-05 -1.602884550198e-06 1.183652947151e-04
1.861313681244e-03 -5.867927337158e-05 -1.056353478275e-03
-4.116820893939e-04 5.827793333469e-04 3.073966378000e-04
-8.439764066595e-04 -2.589087873570e-05 -9.632077382205e-04
2.882385245401e-06 -7.595794094308e-06 8.963323411496e-06
3.287716444695e-04 -6.016198259828e-05 1.538741875066e-03
3.482929411355e-04 -6.153055955655e-05 2.803682496675e-04
-7.623777867001e-05 -2.283752768252e-05 -4.668900430361e-04
-3.408664264024e-04 -2.653656375649e-04 1.608919011865e-04
Mode 43
3.034801407776e-04 3.075529119291e-05 -1.594131196422e-04
-4.236658574914e-04 -3.092800221772e-05 2.165651558948e-04
3.801467705964e-04 4.056020154376e-05 -6.855556346648e-05
5.280813320879e-05 -1.278343641942e-04 4.053214513176e-04
1.890263015438e-03 9.599337230696e-05 -1.906479298728e-04
-3.693047730429e-04 3.401954046270e-04 -2.439795303509e-04
-7.318479407247e-03 -7.669655931007e-04 3.546386043195e-03
1.871227426667e-03 -2.144638675888e-05 -1.145784168065e-03
-6.058533373245e-04 -3.290813368947e-05 -3.730714907627e-04
-2.026573743697e-04 2.555137735010e-04 2.462329534483e-04
7.604533110729e-03 -5.918841129781e-03 -4.713188056007e-03
3.334140971202e-02 -1.551552972731e-01 -7.463085630838e-03
2.076656630195e-05 -2.315471981281e-05 -4.175222666574e-04
-3.850328837368e-05 2.798584929485e-05 -5.936721317174e-05
3.549780738699e-04 -3.962569068250e-05 4.326802169172e-04
3.516011923369e-01 2.907656149321e-01 3.923437793930e-01
-1.482517392583e-01 3.833195278811e-01 -5.357653268789e-01
-3.320557536103e-01 -1.160761150235e-01 1.810353433330e-01
Mode 44
7.802796714083e-06 -1.254444626231e-06 -2.760704032811e-06
-1.834691461010e-06 3.423937945993e-06 2.221552471498e-05
3.953258111730e-05 9.454909260752e-06 5.560569880746e-05
-1.272346093976e-04 -8.098706309937e-05 -7.522621177860e-05
5.614352590504e-04 -1.807081703131e-04 -4.976970422642e-04
-2.786195817059e-04 3.621027870366e-04 -2.187803799221e-05
2.665762498051e-04 -2.656774550516e-04 1.705774531250e-03
-9.871831816173e-04 2.842863251394e-04 -1.196263458783e-04
6.800910551632e-05 1.469916249906e-05 5.284072133244e-05
2.153615669971e-04 -2.007081478291e-04 -4.425577715144e-06
3.464410786668e-04 1.381617581169e-04 7.409748299014e-05
-1.369495974278e-01 1.552000023817e-02 -2.833466526759e-01
1.060408420857e-03 -3.289112627438e-05 3.678814403072e-04
6.349005394038e-07 -3.898571758139e-05 1.253768891178e-05
-2.093251474363e-04 -4.326013076068e-05 3.977005056772e-04
4.080648836812e-01 3.400534079353e-01 4.368635839625e-01
1.336409089416e-01 -3.724863929458e-01 5.150276810347e-01
-7.048873076936e-02 -2.115892310379e-02 2.080883254451e-02
Mode 45
-7.115930736499e-05 -3.793633447860e-06 3.794608951684e-05
1.010676859482e-04 1.106754025965e-05 -5.657167508503e-05
-8.969318314733e-05 -5.224852286742e-06 5.931424372609e-05
-2.730692946368e-04 2.782943755296e-05 -2.354454319018e-04
2.330842519257e-04 8.495570224564e-06 1.194448962596e-04
-9.035271546740e-05 1.173069494474e-04 -5.506033015853e-05
2.459744194764e-03 -7.306482781848e-04 -1.315274845647e-03
7.927268300487e-05 6.822629800710e-05 -1.449488165546e-04
1.935745894004e-05 -3.640322170466e-06 8.131833211032e-05
4.909648378199e-06 6.049650294160e-05 8.087325065534e-05
9.880057890093e-06 5.465677238674e-04 -1.283463400461e-04
-2.488013189596e-01 -1.509756200737e-01 1.085289619375e-01
1.121317523027e-03 -6.751342921690e-05 6.374214090552e-04
-2.937490326293e-05 2.061771810737e-05 -1.278942343448e-05
5.051835915504e-05 -1.925378618352e-05 -5.418697064641e-04
1.736337690136e-01 1.409052594574e-01 2.039867882496e-01
-5.793140646169e-02 1.198286854243e-01 -1.767237343455e-01
7.340336722333e-01 2.589976587567e-01 -3.963203029198e-01
Mode 46
-6.243416418633e-04 -1.442934652953e-05 2.811494305193e-05
2.523222058223e-04 -1.284289098077e-04 1.232874307366e-03
1.131796290945e-03 1.251582157265e-03 -1.281315068690e-02
2.462545270736e-01 -7.160841187312e-03 1.566718193740e-01
-9.727816188337e-03 -8.136824132673e-04 5.877661672343e-03
2.056701103945e-04 -5.493452176608e-05 -1.937348385221e-04
-1.593280600978e-03 -8.671560169710e-05 -4.543846702338e-04
-1.781537179926e-05 4.835995056903e-05 -7.069985491228e-04
-2.181844700173e-03 3.403633512159e-05 -1.303431911385e-03
-9.274468274457e-05 -8.080180129346e-07 -5.396363152574e-05
2.835822394456e-04 8.530569346098e-05 -1.168591596799e-04
-5.650921106697e-04 -5.968644495145e-05 -1.435041085854e-04
-8.074902457685e-01 2.344584449244e-02 -5.117202061696e-01
3.035224664884e-06 3.135284219254e-05 -1.732888343274e-05
3.618384104057e-04 -3.094118468186e-04 1.219594358026e-03
6.262533914446e-04 3.869867447617e-04 6.886155119125e-04
1.336510438270e-04 -3.914747218672e-04 4.228052114419e-04
1.007817664896e-03 3.202475897920e-04 -5.368649073234e-04
Mode 47
-3.240049040545e-04 -4.271522333793e-05 4.483405882186e-04
-9.110805887049e-04 1.659075280067e-05 -8.384774939772e-04
1.124738368556e-02 7.339346571601e-05 6.526827569595e-03
-8.754743551589e-04 -2.587616062533e-04 2.017007108919e-03
3.711084261641e-04 -2.022173372511e-05 1.802867712792e-04
-5.510704695733e-05 2.200063368027e-05 1.198637835928e-04
-3.397417945787e-04 -9.955582081681e-05 2.011626949315e-03
-1.276476073211e-02 -9.647313503016e-04 4.937486690939e-03
9.999461640742e-03 2.061890764718e-02 -2.919879005534e-01
6.661400124176e-04 2.618803186176e-05 2.093640500829e-04
3.983564549531e-04 2.439090062346e-05 -2.687058741761e-04
-1.730232651846e-04 1.118532944519e-04 2.052441557273e-04
1.604454536853e-03 -4.358960272488e-05 5.087912382480e-04
1.558527195763e-05 -1.201489896281e-05 9.707161748331e-06
-2.882952582733e-02 -6.700813096969e-02 9.531652236199e-01
-1.661988289104e-04 -2.864756453201e-04 -2.432640007312e-04
-2.792227235536e-05 -5.424621291803e-05 -1.017583547604e-04
5.936185062977e-04 1.347817710691e-04 -3.298145089293e-04
--
Dipole derivatives 
Mode 0
1.710282049438e-02 2.191986450537e-02 7.288337367401e-03
Mode 1
-1.531925087007e-03 -7.071557196563e-03 2.463253643111e-03
Mode 2
-1.330742817052e-02 1.798217475027e-03 -2.474187965832e-02
Mode 3
-2.971138200441e-02 -2.619597337925e-02 5.758376650218e-02
Mode 4
-5.124999732237e-02 -7.705085643537e-05 4.056487342955e-02
Mode 5
-2.412591293888e-02 3.226926764955e-02 -4.479718426284e-02
Mode 6
-1.981905573201e-03 -1.569623323975e-03 -8.968235461732e-03
Mode 7
-2.250999982308e-02 -9.360771281527e-03 -2.211823170189e-03
Mode 8
7.008131434446e-03 -4.936244373906e-02 -3.022136420206e-02
Mode 9
1.873200631621e-02 4.358945580316e-03 -9.611769565098e-03
Mode 10
3.954909129562e-02 2.029671935332e-02 -6.744903018925e-02
Mode 11
-2.292530498864e-02 4.404976090759e-02 -3.252873008617e-02
Mode 12
3.520983865627e-02 -2.044830609432e-02 8.271761832571e-03
Mode 13
1.880423087503e-02 -1.770825976568e-02 -2.537273922425e-02
Mode 14
2.998548737872e-02 1.587270987804e-02 3.972325808326e-03
Mode 15
8.214164535768e-03 5.355743725705e-03 3.014452418300e-02
Mode 16
3.845028948325e-02 3.371068706396e-02 -7.374821135868e-04
Mode 17
3.752498135806e-03 -2.296112387748e-02 -4.671930949572e-02
Mode 18
-1.352820935593e-02 -1.473127731601e-02 2.117509981678e-03
Mode 19
3.298613704922e-02 4.054279774582e-03 -4.872227828907e-02
Mode 20
-6.437772842952e-02 4.241143105877e-02 -2.481052397156e-02
Mode 21
3.282073225564e-02 5.446674496048e-02 3.938220453054e-02
Mode 22
7.994871908919e-03 9.528531764263e-02 5.630018753203e-02
Mode 23
1.024964461869e-01 5.216038351320e-02 -1.874457723543e-01
Mode 24
-5.601574911733e-02 6.748892334997e-02 -1.836161349878e-02
Mode 25
1.010489324371e-02 3.830112586825e-02 9.444005712257e-02
Mode 26
5.188053017681e-02 -5.898117237599e-02 6.328559132052e-02
Mode 27
-2.229751690826e-01 4.637953828153e-02 -1.881322915178e-01
Mode 28
1.491467442449e-01 1.426360158721e-02 1.748512845297e-02
Mode 29
-2.291282342958e-02 -6.003500509937e-03 1.307643130295e-02
Mode 30
1.865219067076e-02 -5.327058879472e-02 -5.630897416031e-03
Mode 31
7.206395099861e-03 -8.293226137433e-04 -2.216182151452e-02
Mode 32
4.902621798716e-02 -3.404406461284e-02 -6.855046106126e-02
Mode 33
-2.457064515540e-01 -6.360333276373e-02 -2.429320534566e-01
Mode 34
-2.435124704373e-02 -9.137380012954e-03 8.617722691785e-03
Mode 35
1.258369187376e-02 -4.641590299672e-03 -1.621735012971e-01
Mode 36
-1.183232797383e-01 -1.055361822058e-01 -1.283412601262e-01
Mode 37
-3.581236450319e-02 2.312459742861e-02 6.924847722498e-02
Mode 38
-9.814483311714e-03 -4.666908413957e-02 9.175034029254e-03
Mode 39
2.158788420739e-01 1.027002913812e-01 1.895220831996e-01
Mode 40
-4.502562567785e-02 -1.214796061589e-02 1.633674511990e-01
Mode 41
4.524159091532e-02 -1.259253824419e-02 2.872124222694e-03
Mode 42
1.167734306120e-01 1.310370379385e-01 9.304377930162e-02
Mode 43
1.584068909919e-01 -5.135003615044e-02 1.366809122415e-01
Mode 44
5.841825646269e-02 3.306571502270e-02 -9.231437044638e-02
Mode 45
-4.015293481469e-02 -7.852623348942e-02 -5.511713526921e-02
Mode 46
1.181934259851e-02 3.584388802200e-03 -3.060593769931e-02
Mode 47
-3.134836155788e-02 -3.039976236378e-02 1.881294904302e-02
--
Polarizability derivatives 
Mode 0
-6.490891939617e-01 7.223056735295e-01 -3.911724473994e-01
7.223056735295e-01 5.509904154847e-01 7.429825784847e-01
-3.911724473994e-01 7.429825784847e-01 -5.332521578249e-01
Mode 1
2.713417427712e-01 -1.109156971595e+00 -1.106694133349e-02
-1.109156971595e+00 -1.301072472871e+00 8.225819498480e-01
-1.106694133349e-02 8.225819498480e-01 -5.388013497091e-01
Mode 2
1.033319468421e-01 -9.024485053404e-02 -3.133005189244e-01
-9.024485053404e-02 9.312733091490e-01 -1.231246004485e-01
-3.133005189244e-01 -1.231246004485e-01 -2.809901761158e-01
Mode 3
-1.592820727372e-01 -1.390286004953e-01 1.293799220839e-01
-1.390286004953e-01 -1.269821722577e-01 1.815413318514e-01
1.293799220839e-01 1.815413318514e-01 2.426491287807e-02
Mode 4
-1.106304829504e+00 -5.579180254069e-01 2.234239423099e-01
-5.579180254069e-01 -1.116345882169e+00 3.782289079872e-01
2.234239423099e-01 3.782289079872e-01 1.043283474637e+00
Mode 5
6.097141763210e-01 3.207881480905e-01 -1.798940739249e-01
3.207881480905e-01 1.933264926614e-01 -3.946005742459e-01
-1.798940739249e-01 -3.946005742459e-01 -1.051382668280e+00
Mode 6
2.785020491972e-01 2.105944741634e-01 -4.596490529784e-02
2.105944741634e-01 4.007517380668e-01 -3.006079649647e-01
-4.596490529784e-02 -3.006079649647e-01 -1.351354002960e-02
Mode 7
1.197789727498e-01 5.348920494157e-02 2.637165231343e-01
5.348920494157e-02 1.285747125154e+00 3.673541082421e-01
2.637165231343e-01 3.673541082421e-01 -2.731005828068e-01
Mode 8
-1.103914531024e+00 -4.049642947220e-01 -2.734846926703e-01
-4.049642947220e-01 -1.341816057421e+00 -9.020879400284e-01
-2.734846926703e-01 -9.020879400284e-01 -5.156123388283e-01
Mode 9
-9.447004577991e-02 -1.133018655742e+00 -8.644643970338e-01
-1.133018655742e+00 -2.186186433006e+00 4.894220664950e-01
-8.644643970338e-01 4.894220664950e-01 -2.987470138403e-01
Mode 10
-3.792966942317e-01 -9.659549579510e-02 6.741467292508e-01
-9.659549579510e-02 -1.165899713483e+00 2.503441338501e-01
6.741467292508e-01 2.503441338501e-01 -3.082060067147e-01
Mode 11
-3.509177577843e-01 -6.970415282283e-01 -7.017046364267e-01
-6.970415282283e-01 -1.212614544488e-01 1.450991565405e-01
-7.017046364267e-01 1.450991565405e-01 4.277713205173e-01
Mode 12
1.077564498844e+00 1.006852847969e+00 2.325958943578e-01
1.006852847969e+00 2.294639438056e+00 4.901377383222e-02
2.325958943578e-01 4.901377383222e-02 5.860729819932e-02
Mode 13
1.079561980734e+00 1.164584109898e+00 -3.791098101883e-01
1.164584109898e+00 2.606664254397e+00 -2.278066261347e-01
-3.791098101883e-01 -2.278066261347e-01 1.502032037187e+00
Mode 14
6.528193367854e-01 -1.027150079880e+00 4.542657769884e-01
-1.027150079880e+00 -3.335854421107e+00 1.013599998377e+00
4.542657769884e-01 1.013599998377e+00 1.308408486335e+00
Mode 15
-2.388953494480e-01 1.201207810239e-01 -4.462990605539e-01
1.201207810239e-01 5.691971784789e-01 -1.095416297972e+00
-4.462990605539e-01 -1.095416297972e+00 -1.039113824025e+00
Mode 16
-1.365124142108e+00 -2.997498961341e-01 -5.283852276684e-01
-2.997498961341e-01 1.540723129512e+00 5.674416875100e-01
-5.283852276684e-01 5.674416875100e-01 4.584760815523e-01
Mode 17
-2.794027910776e-01 5.235493327822e-01 2.049309161012e-01
5.235493327822e-01 1.986821206879e+00 -5.780327226821e-02
2.049309161012e-01 -5.780327226821e-02 1.680343766635e+00
Mode 18
-1.495773943168e-01 4.268430283257e-01 2.328020727181e-01
4.268430283257e-01 1.002166713774e+00 -4.848286524298e-01
2.328020727181e-01 -4.848286524298e-01 1.583579081495e-01
Mode 19
3.797718676085e-01 9.454390080167e-01 -3.559240913975e-01
9.454390080167e-01 1.813325962885e+00 -9.973410860706e-01
-3.559240913975e-01 -9.973410860706e-01 2.525744463607e-01
Mode 20
-3.323360232148e-01 7.230647667717e-01 -6.594842501386e-01
7.230647667717e-01 1.891393125136e+00 6.476223311227e-02
-6.594842501386e-01 6.476223311227e-02 -3.954937413543e-01
Mode 21
-1.485278508504e+00 -6.139554703591e-01 -2.832684925371e-01
-6.139554703591e-01 -9.959036770655e-02 -2.825373249117e-01
-2.832684925371e-01 -2.825373249117e-01 -1.961124964914e+00
Mode 22
-7.651407412290e-01 -5.729269406716e-02 -2.802184085810e-01
-5.729269406716e-02 3.802917276037e-01 -1.134980394049e-01
-2.802184085810e-01 -1.134980394049e-01 -5.395619149255e-01
Mode 23
1.639392502047e+00 3.199186578406e+00 -1.063215300685e+00
3.199186578406e+00 4.607380527182e+00 -1.786132682739e+00
-1.063215300685e+00 -1.786132682739e+00 2.695227716147e-01
Mode 24
1.004904349402e+00 -8.788059204150e-02 -2.832575167649e-02
-8.788059204150e-02 -1.969747251769e-01 -3.559057108529e-02
-2.832575167649e-02 -3.559057108529e-02 9.388852997044e-02
Mode 25
2.822655590389e+00 2.895992272812e+00 -8.846966817220e-01
2.895992272812e+00 4.296487413360e+00 -2.057854194443e+00
-8.846966817220e-01 -2.057854194443e+00 2.565550543388e+00
Mode 26
7.980128854153e-01 1.547006117614e+00 -1.089631121343e+00
1.547006117614e+00 3.311776928960e+00 -5.244175330289e-01
-1.089631121343e+00 -5.244175330289e-01 7.554363575795e-01
Mode 27
-1.026521394649e+00 6.235889159881e-01 -2.223915397949e+00
6.235889159881e-01 6.159774456599e-02 1.618121314324e-01
-2.223915397949e+00 1.618121314324e-01 6.668134933858e-01
Mode 28
3.437560267529e-01 -2.052337066078e+00 1.398552589901e+00
-2.052337066078e+00 -4.463881595015e+00 2.043802873470e+00
1.398552589901e+00 2.043802873470e+00 1.018413677140e+00
Mode 29
-1.601041906503e+00 -5.780728091127e-01 9.579964228343e-01
-5.780728091127e-01 -3.210538360787e-01 -8.780724098158e-01
9.579964228343e-01 -8.780724098158e-01 1.230488982843e+00
Mode 30
5.288472977783e-01 -8.181845939456e-02 -8.193421037262e-01
-8.181845939456e-02 1.503806337821e+00 -7.176857928439e-01
-8.193421037262e-01 -7.176857928439e-01 2.962576088093e-01
Mode 31
1.772923436642e+00 3.567986294404e+00 -5.913961294697e-01
3.567986294404e+00 5.933663068030e+00 -1.551477892113e+00
-5.913961294697e-01 -1.551477892113e+00 1.251248478594e+00
Mode 32
-2.718629858319e+00 -3.814426365090e+00 -2.021117651025e-01
-3.814426365090e+00 -6.123964601895e+00 1.106632680958e-02
-2.021117651025e-01 1.106632680958e-02 -1.649633011440e+00
Mode 33
-5.624123749439e+00 -6.907296497457e+00 -2.207075395434e-01
-6.907296497457e+00 -1.101184944414e+01 6.413979886496e-01
-2.207075395434e-01 6.413979886496e-01 -3.942229089364e+00
Mode 34
-2.175386722685e+00 -2.768758955079e+00 1.814409832825e-01
-2.768758955079e+00 -3.789257041773e+00 -1.389380785540e+00
1.814409832825e-01 -1.389380785540e+00 1.388559002631e+00
Mode 35
2.586830348159e-01 1.355065395028e+00 -5.565957258097e-01
1.355065395028e+00 2.314206558972e+00 -1.541303729632e+00
-5.565957258097e-01 -1.541303729632e+00 -6.948768454792e-01
Mode 36
1.026022893677e+00 -7.164081090090e-01 8.808238699251e-03
-7.164081090090e-01 -1.896093502822e+00 7.287844632884e-01
8.808238699251e-03 7.287844632884e-01 -1.242790967278e-01
Mode 37
-1.803346883954e+00 -2.898087469546e-01 1.421808006957e+00
-2.898087469546e-01 -8.460727242923e-01 1.916633899337e-01
1.421808006957e+00 1.916633899337e-01 3.823885782478e+00
Mode 38
-1.964100637026e+00 -2.087388836139e+00 -6.823440312871e-01
-2.087388836139e+00 1.390147188873e+00 -6.979092360948e-01
-6.823440312871e-01 -6.979092360948e-01 -7.020698875490e-01
Mode 39
1.636095004442e+00 1.424547581556e+00 -3.214008820237e-01
1.424547581556e+00 3.567890451669e+00 -2.007459061729e+00
-3.214008820237e-01 -2.007459061729e+00 9.093939607185e-01
Mode 40
-3.635072346586e+00 -6.303175054473e+00 2.323225893663e+00
-6.303175054473e+00 -9.622464971314e+00 4.459921320723e+00
2.323225893663e+00 4.459921320723e+00 1.959505847277e-01
Mode 41
1.275027812440e+00 -9.201021445879e-02 6.434168502121e+00
-9.201021445879e-02 -1.618852987143e+00 6.369421142801e+00
6.434168502121e+00 6.369421142801e+00 8.733859676035e-01
Mode 42
8.714384159839e+00 9.071511924919e+00 6.895716755232e+00
9.071511924919e+00 1.035337302658e+01 7.805654230511e+00
6.895716755232e+00 7.805654230511e+00 6.024837507168e+00
Mode 43
-4.322999805118e+00 3.187596015793e-01 -9.038147207236e-01
3.187596015793e-01 -3.210402908526e+00 8.420789533340e-01
-9.038147207236e-01 8.420789533340e-01 -6.566173513518e+00
Mode 44
-2.736367806477e+00 7.046988683059e-01 1.360379881596e+00
7.046988683059e-01 1.299124432358e+00 -3.112406391546e+00
1.360379881596e+00 -3.112406391546e+00 1.700609958758e+00
Mode 45
1.448736385607e+00 3.415829567570e+00 3.336660217265e+00
3.415829567570e+00 2.435088829776e+00 4.084149219481e+00
3.336660217265e+00 4.084149219481e+00 1.327868961065e+00
Mode 46
3.723386992467e-02 -6.754459620893e-01 -3.305392320564e-01
-6.754459620893e-01 -2.784178356303e-01 1.866400870882e+00
-3.305392320564e-01 1.866400870882e+00 7.093743718735e+00
Mode 47
5.272472342880e+00 3.567431345380e+00 -2.842633723298e+00
3.567431345380e+00 3.068633721714e+00 -2.190746831973e+00
-2.842633723298e+00 -2.190746831973e+00 1.797286811733e+00
--
