Number of atoms 
22
--
Anisotropy 
141.434
--
Frequencies 
22.588989953459
27.145615945777
33.531506224326
48.303772578520
58.134904508593
69.472754746607
98.223715086407
143.554786352493
172.076260069614
183.235612466473
192.920485179145
228.945641870784
239.231316105463
287.186267661853
313.272600751153
329.049114943351
358.692772475063
388.967358489761
447.533948412752
461.161690004483
467.384614958232
504.476250539935
552.895425836272
564.988600127608
601.001894222940
621.373971398489
651.440471221910
668.534256540991
690.225416348775
706.305493039120
748.931466293118
797.189817909060
889.911828649373
917.339593169120
935.722992097586
956.265298618556
992.730508398721
1034.813768105716
1093.360273227915
1133.516062056784
1192.451634398815
1241.914972320028
1252.791130402986
1266.703705488134
1276.898030584797
1319.994401289610
1335.627983610224
1370.120338396184
1390.142247799443
1440.029549968930
1452.828982493807
1496.043115130884
1586.997718729354
1636.902100223645
1810.214882595764
3040.857350131153
3118.694940632716
3167.107297115630
3223.554238997265
3233.231012802799
--
Displacements 
Mode 0
1.164889359851e-01 2.196313244312e-02 -1.685971331597e-01
8.304436159248e-02 1.006783403876e-01 -8.546325448946e-02
4.006616896862e-02 2.828161391293e-01 -4.649200668840e-02
1.066051503483e-01 5.694461776688e-04 -5.895882382541e-02
1.453573272108e-01 -6.215749064552e-02 -6.190639512271e-02
1.623751790680e-01 -1.117773407596e-01 -3.373734344616e-02
3.728550546699e-01 -2.128187698519e-01 -5.769684641555e-02
1.461979237948e-01 -1.187786336673e-01 -1.048323182204e-02
1.117398897889e-01 -8.242073369788e-02 -1.012923075967e-02
9.241853650597e-02 -1.554313060809e-02 -3.407315856702e-02
8.127472153461e-02 3.752346126441e-02 -3.990520600439e-02
-5.959879990175e-02 2.101148561906e-02 6.092832626493e-03
-2.111629012948e-01 8.173660280754e-02 4.410117870962e-02
-1.069293473877e-01 -1.524730835362e-01 3.132955348214e-02
-7.428890905647e-02 1.298828105916e-01 -2.382792374238e-03
2.704140016345e-01 -2.811127322649e-01 2.021288087938e-02
3.862272691854e-02 -5.380907047337e-03 -7.434922708421e-02
4.317237726680e-02 -1.546441227823e-02 -3.125718668752e-02
2.657327269518e-02 2.437353027492e-02 -5.752082061413e-02
4.722403118893e-02 -1.745917516017e-02 -2.502102453527e-02
-4.133154333905e-01 1.583349349395e-01 1.427473344948e-01
2.828474036317e-02 -2.756091391007e-02 3.313882703413e-03
Mode 1
1.802756979948e-02 -2.523865834666e-01 -1.642518797694e-02
3.387515823127e-02 3.265973444966e-02 8.396852066221e-02
4.036016658671e-02 3.074604675715e-01 1.916095339538e-01
3.585120099693e-02 2.634970937941e-02 8.428470841561e-02
3.279410750064e-02 2.578066361131e-02 8.257234539437e-02
2.598344041497e-02 7.611096452009e-02 7.676398814050e-02
1.444448260890e-02 1.466609257567e-02 1.261936124446e-01
2.742296678664e-02 1.458961569396e-01 7.428106044405e-02
3.272443218008e-02 1.200109126637e-01 7.258830141487e-02
4.229205045759e-02 5.388527097476e-02 7.741181776072e-02
9.902254726620e-02 -2.112655532050e-02 8.982766748740e-02
-5.615817069567e-02 -1.099320686294e-01 -1.755950022954e-02
-3.338459359219e-01 2.178227538548e-02 -5.700702146587e-02
-1.209225682079e-01 -4.076439475026e-01 -1.644922875673e-01
6.523081345296e-02 -1.649802159399e-01 2.109738775185e-02
3.105874876515e-02 4.158800403140e-01 1.291974769653e-01
-3.065553227454e-02 -8.666212299235e-02 -4.264486093783e-02
4.310807655357e-02 -1.103827773962e-01 2.191441361250e-02
4.220016951188e-04 -8.126821912972e-02 -1.203078430169e-02
9.476149364817e-03 -3.219841283207e-03 2.390962802282e-02
1.249902507480e-02 -1.036656707974e-01 -2.519501542599e-01
9.288046213130e-03 4.090735279788e-02 2.116084057936e-02
Mode 2
-7.121659403963e-02 -4.523828642648e-01 -1.219896093874e-01
-2.929882415272e-02 -8.774189453958e-02 -2.572967199431e-02
3.781206432352e-03 1.852964433205e-01 7.489199029820e-02
-4.024945152634e-02 -6.224206129180e-02 -4.497649051794e-02
-6.423233864999e-02 -7.755224277176e-02 -5.012181473477e-02
-8.039520902858e-02 -4.938092853628e-02 -7.562918816239e-02
-1.953110098632e-01 7.601334846581e-02 -1.236164984931e-01
-6.419709842439e-02 -5.787943295227e-02 -1.005969416689e-01
-3.767571888259e-02 -2.988255397789e-02 -9.817862806666e-02
-2.393825078028e-02 -1.236659045154e-02 -6.710600810373e-02
2.333208087051e-02 6.674931285889e-02 -7.440381669836e-02
3.294925639355e-02 9.516694663893e-02 -9.037007695116e-03
-1.430703570069e-01 1.080421273059e-01 2.052841275517e-01
1.892824381068e-02 4.246479215665e-04 -2.120738364513e-01
2.643721868201e-01 2.911789797803e-01 4.037327193178e-02
-1.261368711247e-01 -1.513519405787e-01 -2.236054535094e-01
-7.266594360117e-02 -1.461473582830e-01 -8.000530954604e-02
2.556281913689e-02 -1.756613531575e-01 -3.594489084871e-03
-2.296108753776e-02 -1.479719479491e-01 -3.983096398104e-02
-2.174344727065e-02 -2.626716052687e-02 -9.879218067190e-03
1.810236458772e-01 5.420154500523e-02 2.918710799310e-01
-7.457689709561e-03 -3.892379882430e-03 -3.389190346844e-02
Mode 3
-2.314554278232e-02 2.995357859403e-01 -6.049569107623e-02
-8.181886542191e-02 2.357584289491e-02 -9.143966741971e-02
-1.649053360140e-01 -1.655674099639e-01 -1.820998116390e-01
-5.343448424149e-02 -1.025901030788e-02 -4.164843529892e-02
-4.713597854951e-03 -9.807597551227e-03 -3.756942004689e-02
1.870668136753e-02 -1.343851101041e-02 6.154922363010e-03
1.543973410230e-01 -9.374009461722e-02 1.104438845988e-02
-1.205439883190e-02 1.963165066383e-02 5.067843473604e-02
-6.124950671795e-02 7.616055578680e-03 4.489048775995e-02
-8.095854133069e-02 -2.852036218450e-02 1.067497511024e-04
-1.528011087959e-01 -6.461758133496e-02 4.353626910882e-04
4.845820635655e-02 -1.647196040877e-02 -1.565969463211e-02
-1.510116965901e-01 -5.794225388017e-02 2.855504875429e-01
5.238602694149e-02 -5.084269696792e-02 -4.687871786020e-01
5.041312732247e-01 1.003586225263e-01 1.053736264335e-01
1.925200777836e-02 1.480420368968e-01 2.011308551841e-01
3.859903468797e-02 9.704496149933e-02 1.485129157163e-02
-3.630372286523e-02 1.190501967108e-01 -4.107986543142e-02
-1.060247615762e-02 1.031179570900e-01 -2.163637813293e-02
4.730118949124e-03 -3.848793382669e-03 -1.979437849659e-02
-4.199580148293e-02 -4.659323736233e-02 2.586592153030e-02
-2.390204889341e-02 7.453404080028e-03 2.115913091011e-02
Mode 4
1.796774717324e-02 1.513642285369e-01 -1.320715737990e-02
1.462734872638e-02 1.033333253606e-01 -2.849749650038e-02
2.124795905419e-02 1.593337633064e-01 -1.870844165919e-02
8.292850840796e-03 4.037837861753e-02 -5.519168937590e-02
-5.468991248865e-03 -6.021870413867e-02 -6.465900985263e-02
-1.168715051249e-02 -5.804334056641e-02 -7.266787853996e-02
-7.762912047943e-03 -1.944827457942e-01 -1.146276875540e-01
-8.198486448216e-03 8.448330575321e-02 -7.842981141976e-02
3.600239883635e-03 1.570151486755e-01 -7.557764033984e-02
1.367189484986e-02 1.147919481261e-01 -6.832099665112e-02
4.529388533749e-02 1.039260609293e-01 -7.809252078848e-02
2.778708460914e-02 3.429806679714e-02 -1.584834828103e-01
8.081916307603e-02 9.904005252574e-02 -3.617189832583e-01
3.981988403407e-02 7.088721617760e-02 -1.690875633962e-01
-2.585605129957e-02 -1.204034428332e-01 -2.048621996763e-01
-3.445490208402e-02 3.393543507820e-01 -1.460958020262e-01
2.141359193064e-02 3.732861917924e-02 -1.516475104998e-02
-1.366032630248e-02 3.753700271670e-02 4.569504079913e-03
8.416336335971e-03 6.684450525677e-02 2.180373753512e-03
-2.524424240436e-03 -3.866515806672e-02 -1.815028075516e-02
-4.674468978370e-02 -3.073126156115e-01 5.191273188917e-01
8.216138791624e-04 6.791459378808e-02 -2.258764566693e-02
Mode 5
9.544928172901e-02 1.959604480476e-01 1.614555893864e-01
9.893908005021e-02 -1.001802895132e-01 2.673088474963e-02
1.451273121865e-01 -2.705423607192e-01 -2.028748430036e-02
7.595661191997e-02 -1.665199998931e-01 -3.475097459633e-02
2.442794004255e-02 -1.662584808964e-01 -3.754896019051e-02
-4.874688491732e-04 -7.678704020658e-02 -7.248491755776e-02
-1.144530885750e-01 1.732287840628e-02 -1.202194819389e-01
2.138258709184e-02 -3.997556494615e-03 -1.023090663103e-01
6.993770228440e-02 -5.572761559720e-02 -9.994462492489e-02
9.344447255652e-02 -1.194324858641e-01 -6.461601789649e-02
1.384159751616e-01 -1.872957236794e-02 -7.298814294451e-02
-8.665934200888e-02 7.295984501980e-03 7.940664634548e-02
-2.705364098739e-01 3.281113237587e-02 2.409025012425e-01
-1.531187188401e-01 -2.343754050411e-01 2.042305957440e-01
-1.549519048616e-01 2.863508894161e-01 6.292978878885e-02
-2.737162056933e-02 3.765241948715e-01 -2.477103726946e-01
6.707405854128e-02 6.855711243629e-02 8.128459732028e-02
-2.408445842963e-02 9.333426778951e-02 2.298181070374e-02
3.884036064320e-02 7.453443448945e-02 6.339855876101e-02
3.410391452203e-04 -5.741447980639e-02 -1.841576112995e-03
5.208502095376e-02 -2.612146560008e-03 4.779281846605e-02
2.415926280381e-02 2.108378406811e-03 -3.490867800251e-02
Mode 6
-4.483025913892e-03 9.513687361994e-02 -1.620294047069e-01
-6.226145578176e-02 1.547888346023e-01 -4.499677960613e-02
-1.589405533064e-01 5.227063497100e-01 5.896543728985e-02
-3.259744764571e-02 -1.109950534820e-01 -4.368574504977e-02
-1.729976903965e-02 -1.039418887590e-01 -4.348326802683e-02
-1.893330008878e-02 -8.102494798981e-02 -4.122597635511e-02
-4.387679961126e-02 9.035954821105e-03 -7.073944690948e-02
-2.677406453141e-02 -9.026581242091e-02 -2.943132126844e-02
-2.819790715989e-02 -2.316683187818e-01 -3.797733548601e-02
-3.082399659004e-02 -2.262816180611e-01 -3.765849898936e-02
-4.667589736725e-02 -2.296183264396e-01 -4.463593492180e-02
6.983466327761e-02 -9.461401440321e-02 8.249243658836e-02
2.600364948948e-01 -2.737974417463e-01 2.059549233378e-01
1.223965696218e-01 6.829075528677e-02 2.228202467314e-01
-3.523872975339e-03 -2.532447554154e-02 6.881706508743e-02
-6.460623208016e-02 3.168469204821e-01 1.120229109450e-02
2.387701790309e-02 3.703521454848e-03 -9.544553998383e-02
-6.369095631894e-03 -1.066726512194e-02 -1.280355338400e-02
-9.513257085448e-03 7.997841125711e-02 -5.472827187573e-02
-4.192517777337e-03 -1.517967564710e-02 -1.282653717624e-02
2.351339005608e-02 2.226428054866e-02 -3.311552965229e-02
-7.927558758795e-03 -7.472324560954e-02 -1.100125192206e-02
Mode 7
1.093190904178e-01 -3.964452882026e-02 -3.628307905320e-01
2.354601137505e-02 5.534316171411e-02 -1.799015324863e-01
-1.277590117210e-01 -1.337413962838e-01 -2.961425299314e-01
8.305383230774e-02 2.354220902105e-01 1.738968312345e-02
8.192047478082e-02 3.732591056156e-01 4.610587895754e-02
5.978228807174e-02 2.392300501213e-01 2.629086100772e-02
-2.778407978991e-01 1.788613563387e-01 6.557763780335e-02
8.326704862314e-02 1.005432708903e-01 -1.114745664113e-02
9.583058715895e-02 -1.494868061338e-03 -7.223299978532e-03
8.990297017397e-02 3.890511244181e-02 1.502877266305e-02
8.334187482578e-02 -6.377461617431e-02 1.676493706925e-02
3.348696125468e-02 -4.510647805073e-02 5.605817303142e-02
1.984730134373e-02 -6.303874373827e-02 1.134885998207e-01
3.167753358051e-02 -1.120055443912e-01 1.452782212013e-01
-1.466035685872e-03 2.855153687025e-02 5.400445231080e-02
1.118901565207e-01 5.039028434213e-02 -1.448699068884e-01
1.314413627932e-02 -2.625432481972e-03 -8.823452954831e-02
9.406024460503e-02 -7.027818877325e-03 -1.183604423576e-01
3.658023186368e-03 -5.283093403807e-02 -1.465667276697e-01
2.426810200502e-02 1.462191434993e-01 1.614940787599e-02
-1.130150231715e-01 -2.309684473775e-01 1.404759017621e-01
3.244730373167e-02 -3.653390271282e-02 -6.783989214525e-03
Mode 8
1.705788138653e-01 1.196992245205e-01 -2.263212183217e-01
1.547028360906e-03 -7.193683858193e-02 -4.489657797776e-02
-2.343881498906e-01 -2.536780363708e-02 -6.012713377116e-02
6.904763534365e-02 -2.458806477929e-01 7.214873949284e-02
7.130241507504e-02 -3.773145531772e-01 7.121048368326e-02
3.579858772536e-02 -1.746654399229e-01 5.366196070306e-02
-3.784728033815e-01 1.969213114708e-01 8.743280358767e-02
4.183453524762e-02 -4.759945590691e-02 4.558504997094e-02
3.685873373519e-02 8.042762383940e-02 6.150677473731e-02
5.268056841403e-02 1.845384889429e-02 8.408313512951e-02
7.310065861551e-02 1.398619791122e-01 1.118123438224e-01
2.489679114971e-02 5.597222665906e-02 1.049435218282e-02
-2.628098259938e-02 1.874410290240e-01 -1.508436882847e-01
1.917953775580e-02 1.665439622443e-02 -2.417776400804e-02
4.405382556815e-02 -9.283498335365e-02 2.912615520915e-02
8.732942972511e-02 -8.610696892070e-02 9.788962104232e-02
1.894768786914e-01 -5.864562003755e-02 -2.424481799471e-01
-5.964928260529e-02 -9.648927776942e-02 6.399276821740e-02
4.372444254018e-02 2.682691768401e-01 -5.719678622255e-02
2.038641803417e-02 -1.503129069346e-01 2.097694075878e-02
1.102328262964e-02 4.637865671594e-02 -6.318901609954e-02
1.035782832418e-02 6.590680351050e-02 1.665930927681e-02
Mode 9
5.108657051742e-02 3.061088351866e-02 -4.789411532532e-02
-2.384036331521e-03 -6.631552817086e-02 -1.862101185907e-02
-3.491998835588e-02 1.241348225563e-01 4.486748029291e-02
1.345791458650e-02 -1.435794163075e-01 -1.075662622401e-02
3.888624958770e-02 -1.532415607529e-01 -4.268395724071e-03
3.296444370820e-02 -6.969365679167e-02 -2.497683302530e-03
-2.233125870100e-01 1.285510509841e-01 -5.662378481629e-03
3.369475045128e-02 -5.158457909467e-02 2.516189651227e-04
5.037199630738e-03 -3.310709799661e-02 -1.851486614982e-04
6.656658951080e-03 -3.698611791356e-02 -6.552280741067e-03
1.777622938721e-02 4.940761056073e-02 -6.310681947499e-03
4.949565598972e-03 3.434196123251e-02 -2.221978801601e-02
-5.147168326604e-03 7.299581829788e-02 -7.816010967095e-02
4.947650545518e-03 3.409051154943e-02 -3.846172869278e-02
5.981447979602e-03 3.007201792873e-03 -2.754088090390e-02
1.401826863127e-01 -6.352018713127e-03 1.802243469632e-01
-1.232754698964e-01 2.252291161293e-01 4.343262557249e-01
2.579908357575e-01 3.555639811945e-01 -3.482344860486e-01
-5.046941105960e-02 -4.266038393424e-01 -1.340895974118e-01
1.520569660809e-02 -4.523903074874e-02 -5.304661207462e-03
-1.850074750266e-02 -2.002998227604e-02 -8.504686001469e-03
-1.694921590126e-03 4.345325731983e-03 3.840931331184e-03
Mode 10
6.440939794963e-02 4.986546709986e-02 -1.686008767992e-01
-5.621754661895e-02 -3.492041261914e-02 -1.214931416387e-02
-2.466525836535e-01 5.641384478279e-03 -1.964342533677e-02
7.222430273770e-03 -5.454964684030e-02 9.963499790695e-02
-2.049582857664e-02 -1.169786558497e-01 8.334877213926e-02
-4.620012764764e-02 -4.352684230278e-02 7.266589804499e-02
2.959196884699e-01 -2.121036247293e-01 1.270774893883e-01
-5.190836807746e-02 9.819048508538e-02 5.359370977041e-02
3.522847777435e-03 2.207787687138e-01 7.394513398768e-02
1.566827116811e-02 8.295216791302e-02 1.106703398028e-01
5.459629562273e-02 1.749029742059e-02 1.487044034794e-01
3.385983299752e-02 -3.003362854978e-02 8.593424284052e-02
8.538986988312e-03 2.067568071322e-02 3.654520329013e-02
3.231286278964e-02 -7.303862526889e-02 1.158012403625e-01
4.816346452634e-02 -1.341770325281e-01 1.236946131613e-01
-3.713851518919e-01 -6.837001745534e-02 -5.219588787871e-01
8.971648388559e-03 7.307937417018e-02 7.873187181758e-02
1.012176337491e-01 1.122929274150e-01 -1.450376701491e-01
-2.180903232558e-02 -9.372743456701e-02 -1.120942226032e-01
-7.275270638508e-03 -6.659305073479e-02 2.676124455153e-02
7.052514296351e-02 1.148323791847e-01 -4.245910105340e-02
5.493134693047e-03 9.200376414945e-02 1.442534399925e-02
Mode 11
-4.727799039390e-02 -4.691924373818e-02 -4.373751520707e-02
-5.503864193736e-02 5.316482405312e-02 1.952309791860e-02
-1.152084531993e-01 -1.483891486208e-01 -5.659825500416e-02
-2.021833887740e-02 1.513823032628e-01 9.374862699787e-02
-2.016959660271e-02 1.000474102119e-01 8.678654914101e-02
-1.671980068601e-02 -1.295929532464e-01 5.899385848643e-02
8.978053673842e-02 -8.177286315662e-02 1.175300317554e-01
1.226593263086e-03 -3.786923318918e-01 1.879263138931e-02
4.219074609752e-02 -5.725547790135e-01 9.592739381922e-04
1.706183017760e-02 -8.931476021707e-02 4.590361600673e-02
1.132680527806e-01 1.728492810377e-01 7.354165561095e-02
3.609199869767e-02 1.029117479970e-01 -2.818742329703e-03
-5.507462059237e-02 3.076339461756e-01 -2.291495139443e-01
3.173054203089e-02 1.054339185445e-02 -1.394157813843e-02
7.002710197752e-02 -2.650783853600e-02 1.203842479645e-02
-1.426561684874e-01 2.450189475021e-01 -3.254377115187e-02
-3.977539217699e-02 -1.196371503637e-02 -1.393909693877e-02
2.031809692097e-02 -2.086775623857e-02 -1.162701316687e-02
-2.213066720998e-02 -4.227260386459e-02 -2.616183047330e-02
-7.293646171633e-03 7.429779818585e-02 2.936527388879e-02
2.763942848381e-02 4.809130271228e-02 -3.320401943960e-02
1.904125031146e-02 -2.244859661866e-01 -7.847081720312e-03
Mode 12
1.578154751173e-01 -1.816583146309e-02 2.900941553625e-02
1.225486780146e-01 -1.557082656627e-02 5.575353591808e-02
1.240456436594e-01 4.916015672756e-02 8.519412786414e-02
9.618278918287e-02 -5.725368512987e-02 5.914301875765e-03
1.007053815795e-01 -8.177303779427e-03 3.924554610444e-02
1.205631218256e-01 1.981865147033e-02 1.176561821533e-01
-1.493508685643e-02 1.468856870816e-01 2.538746943951e-01
1.435532630859e-01 -5.946406227959e-02 8.529934357160e-02
1.380305201151e-01 -1.387457296038e-01 1.006822675410e-01
5.502116089178e-02 -6.585536606710e-02 1.405938635565e-02
-4.015347333883e-01 -4.262034309378e-02 -1.224213894895e-02
-1.770807035404e-01 1.823205860814e-02 -3.567647396721e-02
-7.922161426635e-02 -1.359030985183e-01 8.127692251823e-02
-1.680262555101e-01 3.935920628436e-01 -3.281455066559e-01
-1.124109021558e-01 -9.607668637430e-02 -6.135167083557e-03
3.942894557650e-02 6.646180090910e-02 -3.730727228157e-01
5.582793207215e-02 -8.346480168219e-03 3.585439080777e-03
5.160328980523e-02 -8.781624784159e-03 1.061916366635e-02
3.895983013374e-02 3.261430252058e-03 -5.690708736082e-04
3.754842427787e-02 1.148728717769e-02 9.232163469826e-04
-2.234004955934e-02 -5.487424701286e-02 7.225092989394e-03
3.395708565852e-02 -5.494512962320e-02 3.846979593798e-02
Mode 13
-1.578842961773e-01 2.248031067427e-02 6.043075603060e-02
-1.685913593397e-01 -1.092061385369e-01 4.598541878075e-02
-2.950089453394e-01 2.389451880872e-02 9.589559600912e-02
-1.073650381657e-01 -2.233958436196e-01 -2.808276409566e-03
-3.696304503204e-02 -2.130477800087e-02 2.835910751147e-02
1.987818263746e-02 1.984760279565e-01 1.464051246324e-01
2.304458314841e-01 2.571115099335e-01 3.986895368878e-01
8.547478101452e-02 1.194188579009e-01 3.073519406809e-02
2.049024298502e-02 -3.988226052295e-02 -2.263706381815e-02
-2.585478576313e-02 -1.366059850257e-01 -1.284837948832e-01
1.286092182480e-01 -3.969000010968e-02 -1.981488347611e-01
6.534711210956e-02 2.106043175383e-02 -1.207736126341e-01
8.579554103469e-02 9.524418196594e-03 -1.360109830169e-01
6.487049296767e-02 -1.385722902191e-01 -8.284048526494e-03
-3.835925608856e-02 3.474507832338e-01 -2.363133010230e-01
1.304265258482e-01 -2.851372336143e-02 -1.232500005176e-01
-1.262868317041e-02 2.880826595579e-03 1.584095113351e-02
-8.282955271189e-02 1.136446827585e-02 1.870130710747e-02
-3.916189856449e-02 4.331739241030e-02 2.937288542596e-02
6.685468513700e-03 -2.883727368033e-03 -1.764460968426e-02
-4.954683240630e-02 -1.156842000008e-01 2.428183807733e-02
-1.628531475860e-02 -1.993219206244e-02 2.615419122173e-02
Mode 14
-3.915008849265e-01 -3.966334484676e-02 1.726727019569e-01
-2.098365989213e-01 8.011327507133e-02 1.434381776094e-02
-2.650160097631e-01 -2.861373404354e-02 -3.013779759054e-02
-7.581416774850e-02 1.311444607509e-01 4.924403898405e-02
9.263739931951e-02 -5.311623168069e-02 3.833491028681e-02
1.338729814789e-01 -1.891961713619e-01 4.119026471244e-03
-1.907943766869e-01 -1.735573498599e-01 -4.065069766477e-02
1.982004900391e-01 -6.311284285986e-02 -5.044643975121e-02
3.391676315456e-02 8.755883797294e-02 -1.314808296338e-02
-1.790361042721e-02 1.034471693584e-01 1.877921135547e-02
-3.073031379592e-02 2.245226206996e-03 5.758846682674e-02
-8.302293189247e-03 -2.168127943090e-02 4.375300493558e-02
-1.845865297279e-02 -3.349106605484e-02 7.853016663907e-02
-9.194764673360e-03 1.867519908803e-02 4.174683039008e-02
2.001601803574e-02 -1.314636065451e-01 8.474327517697e-02
5.011703672403e-01 7.087396670475e-02 -2.775002072388e-01
-1.889327542986e-01 -6.462827448436e-03 4.472151971219e-02
-1.322174921069e-01 -1.842507832455e-02 5.802041920259e-02
-6.991028023404e-02 -5.614543014137e-02 1.076595243398e-01
3.519499967855e-02 -1.522116930328e-02 -4.467404532336e-03
3.856091467542e-02 8.829900995870e-02 -2.281314110596e-02
-4.871692645368e-03 3.958940241444e-02 1.896995975596e-02
Mode 15
1.715656942447e-01 -1.286224013866e-02 -7.638018859588e-02
3.005155261451e-02 5.100918381637e-02 1.320494622113e-01
-9.953293101260e-02 -8.607955865579e-02 8.965515242775e-02
1.335954434048e-02 1.483359925133e-01 1.154257408851e-01
-4.367982110927e-02 5.147682981195e-02 1.204522854521e-01
-5.029603409098e-02 -1.763042147071e-01 8.140138183275e-02
-2.724228032894e-01 -4.812107392520e-01 1.965558066290e-01
-2.070114380785e-03 -8.233267682767e-02 1.827930156648e-02
5.810504099213e-02 7.372549944039e-02 1.050083418015e-02
5.976838394237e-02 8.494250588732e-02 -2.307876011430e-02
9.235418494895e-04 -7.510007208255e-02 -1.261843538400e-01
-2.842158454645e-04 -3.893698796977e-02 -1.240476583453e-01
1.272874288128e-01 -2.350051900949e-01 3.111809878155e-02
-5.409956871263e-03 -7.997675083359e-02 -1.583636172640e-01
-1.645656079847e-01 3.456430536906e-01 -2.648889936354e-01
-2.584337430870e-02 1.407244028458e-02 1.109017221262e-01
6.429109403299e-02 -9.204378667540e-03 -3.029012201392e-02
1.153781603192e-01 -1.683640148661e-02 -2.054506155664e-02
6.598749569997e-03 -1.099649447791e-02 -8.229196413428e-02
-1.070269013913e-02 2.609158495320e-02 3.522784999717e-02
8.989070303665e-02 1.982253192717e-01 -4.973574219046e-02
1.643354258312e-02 3.443937625599e-02 2.401636598875e-03
Mode 16
2.230223583794e-01 -4.696840095346e-03 -4.520950976387e-03
-4.369611075344e-02 -1.586697650494e-01 2.626500486935e-01
-3.793971685687e-01 -6.798486658308e-02 3.197758140815e-01
-7.146331514616e-03 -1.494995556274e-01 1.187137003445e-01
-5.224014600879e-02 2.046050855820e-01 8.178406315610e-02
-9.785622874232e-02 2.703810692895e-01 -8.916139555638e-02
4.541725318840e-02 -1.804772570208e-01 -3.324983523293e-01
-2.952028591782e-02 1.509089118431e-01 -1.393350873932e-01
3.843445838088e-03 -8.165618599219e-02 -1.420790143109e-01
4.504337501823e-02 -1.364738153145e-01 -2.315035977921e-02
-1.387052229747e-03 2.305671370329e-03 -3.670236824860e-03
-2.831488730504e-02 2.711634477033e-02 3.054016490754e-02
-1.005440318815e-01 8.814130605090e-02 2.745065008405e-03
-2.262659537457e-02 1.715551614597e-01 -3.781732369151e-02
-3.129436140524e-03 -1.311264254392e-01 6.705647021133e-02
2.327116763191e-01 -1.010754265533e-02 1.008436960830e-02
1.624562415774e-01 -1.150279842485e-02 -2.695046811872e-03
9.790986602839e-02 3.014389384437e-04 -7.479397665581e-03
4.582339990820e-03 5.798332641808e-02 -8.038093703383e-02
-2.415889516980e-02 7.723016456484e-02 3.791259736794e-02
9.883976991980e-03 2.023224674093e-02 1.416397011831e-02
1.446176132960e-02 -4.839657473351e-02 -5.951218770821e-02
Mode 17
-7.691991088237e-02 2.772756460518e-02 -1.066844876860e-02
2.907450565457e-02 -1.176155130301e-01 -1.965882025034e-01
2.270805306289e-01 1.290613742043e-01 -1.203442866095e-01
-1.507198402460e-02 -2.600807252699e-01 -1.462107100057e-01
-1.228215294180e-02 1.276671081147e-01 -6.251555635380e-02
1.061420194561e-02 2.389347038804e-01 6.367455833067e-02
-2.766649125599e-01 -4.903095213355e-01 2.999799021838e-01
1.912680720816e-02 1.889855136443e-01 4.728859379134e-02
-2.816287972499e-02 -5.422795191256e-02 1.710434733621e-02
-5.035659375597e-02 -2.464149418030e-01 -6.974203998860e-02
-2.094808309625e-02 -3.248456966700e-02 -5.061741451475e-02
2.909291775645e-03 3.599369737223e-02 2.887450932552e-02
-9.757417797698e-02 1.900553146051e-01 -1.180901934260e-01
1.307346402342e-02 5.899428413495e-02 1.183949921270e-01
1.333118898676e-01 -8.761200853770e-02 9.544422143175e-02
3.047442266326e-02 -3.884977320515e-02 -2.256792851081e-02
-5.489328404018e-03 1.554846719015e-02 1.613517508247e-02
-1.052899683623e-01 3.360060206383e-02 -1.228170732500e-02
1.647328002350e-02 4.017879740535e-02 5.256224464735e-02
4.102841311808e-03 6.406758216399e-02 -2.825926374375e-02
6.258163134040e-02 1.412196876745e-01 -1.496264916612e-02
-2.125951328477e-02 -1.914805380837e-02 2.421724872055e-02
Mode 18
-1.417452796786e-01 3.798956920557e-03 2.580963645778e-03
4.963537832679e-03 5.435454243073e-02 -1.040775686162e-01
-3.766743770696e-02 2.055022807854e-02 -1.474392087168e-01
7.894079775694e-02 4.809105233060e-03 5.458824902288e-02
-2.890366916041e-02 -1.652330026774e-01 5.136503089099e-02
-9.415934964695e-02 1.588837364046e-01 1.225754058009e-03
1.924503458475e-02 -5.780894513989e-02 1.189499158883e-01
-6.393977548720e-02 1.747088856237e-01 -8.297015972513e-02
9.607406338320e-02 -1.266236268504e-01 -1.255428032096e-01
1.594372993744e-01 2.037961330396e-02 -5.520489680086e-03
4.452051393102e-01 1.352692817955e-01 5.452344051116e-03
2.964157085148e-02 7.992070264058e-03 -2.187222323387e-03
-8.665971962692e-02 -8.159922231091e-02 3.589561991870e-01
8.663657909640e-02 2.193194656265e-01 -2.846020295408e-01
-3.208885335749e-01 -2.309873252857e-01 -9.731811678323e-02
-7.038858331274e-02 -4.141461842179e-02 1.160868859908e-01
-1.054073124248e-01 9.464126988865e-03 6.056720837720e-03
-7.639107666134e-02 2.549947331503e-03 4.806786493560e-03
2.698285722542e-03 -3.620543025739e-02 5.884138017851e-02
-2.443410511084e-02 -1.311432426385e-01 3.483343703143e-02
6.300091011069e-03 1.081216143895e-02 3.223095776492e-04
5.236223843866e-02 -1.012525704890e-01 -7.097869399418e-02
Mode 19
1.010534914115e-01 1.985546889741e-02 -9.477470219123e-02
-3.399928187358e-02 -9.228789800507e-03 5.991327746047e-02
1.242492992863e-01 -4.313310277825e-02 7.755666212213e-02
-1.450363514201e-01 7.466166741528e-03 -7.162863326208e-02
-1.993772691010e-01 1.536242859765e-01 -5.467794383048e-02
-1.225689566033e-01 -2.763988977071e-01 -3.946252285809e-03
8.717325033646e-02 1.074098290254e-01 3.561098299074e-01
-3.167252565415e-02 -2.839599353865e-01 -1.674944248218e-01
-1.245249474315e-01 2.320992278558e-01 -1.845501910972e-01
-8.195392249590e-02 -1.821080814856e-02 -1.718021964621e-01
1.815990841187e-01 -1.699828974565e-02 -1.693810943365e-01
2.462139298673e-02 -1.039894473715e-02 -2.143677709444e-02
-2.096715054348e-01 3.669167054259e-02 1.598945692648e-01
6.435254178780e-02 1.736276251906e-01 1.107292655366e-01
3.841075497987e-02 -2.622540794244e-01 -1.923226834477e-03
1.557443540276e-01 5.059117776678e-02 5.365280023678e-04
8.909846296026e-02 -3.242633951065e-03 -3.463310272728e-02
8.229902152045e-02 -2.201727948964e-04 -3.002516115648e-02
-2.468115071500e-02 3.638134225884e-02 -9.992285287690e-02
-4.539896686865e-02 1.577107420466e-01 -2.801558706912e-02
-6.591587156966e-03 -1.249260330457e-02 -9.587146362656e-03
-5.502020696993e-02 1.849688771249e-01 -3.179125955783e-02
Mode 20
1.066548481500e-01 1.985190250317e-02 -8.781060229826e-02
-2.043903394386e-02 1.713414589365e-01 1.166722459373e-01
1.689869278871e-01 -1.115222028620e-01 4.714902826772e-02
-1.334133556136e-01 2.824814940353e-01 -5.186143728735e-05
-1.487848632076e-01 -3.738330479922e-01 -6.348026077739e-02
-1.341910649840e-01 1.456743747026e-01 1.370633100958e-02
1.068969089756e-02 -2.864409215004e-02 1.769263902044e-01
-6.349447530302e-02 2.901517640300e-01 -8.024966631640e-02
-1.081931339248e-01 -2.255035085611e-01 -1.250714864815e-01
-1.304930643164e-01 1.799478659222e-01 -5.189365352923e-02
-1.289215365061e-01 -1.941643187489e-02 -3.664757502500e-02
-2.234401296147e-02 -8.725213634312e-03 -1.199460657580e-02
-8.977658136732e-03 -1.678034065457e-02 -3.882208729603e-02
-3.483132697067e-02 -4.638956255321e-02 1.524121442325e-01
1.440562701589e-01 -2.444882139834e-02 4.542493304064e-02
2.392556463918e-01 -2.116950688481e-02 -7.172432127181e-02
4.075953580294e-02 -1.067196043647e-02 -5.860099442972e-02
1.509329373835e-01 -2.947767185230e-02 -1.399511038177e-02
-3.869923913040e-02 -1.847457848591e-02 -1.230004282771e-01
-2.800068165612e-02 -3.081154944050e-01 -4.575176363060e-02
6.702816333589e-03 9.001460328656e-03 -1.688367003870e-03
-2.397130989486e-02 -2.321005782935e-01 -4.003913543045e-02
Mode 21
1.786464624167e-03 4.133563964684e-02 -1.291930456635e-01
-1.011786185002e-01 -2.108096530548e-01 -5.293091208305e-02
2.656984342675e-01 5.313274914769e-02 8.688511213982e-02
-1.705455947944e-01 -1.019324127610e-01 -1.163155443947e-02
-4.069030493097e-02 9.573926553687e-02 -5.149839033482e-03
-1.376139391340e-02 7.289573993318e-02 5.418337812753e-03
3.335117414270e-03 -2.766637218738e-02 -3.394086558778e-02
-7.442614633163e-03 -1.133256450336e-01 1.758030451040e-02
-2.508456141381e-01 -7.776993531879e-02 3.229234712704e-02
-2.445266159826e-01 8.867719951184e-02 1.264940848397e-01
8.616532059867e-02 2.619094447694e-01 2.450023447961e-01
1.824922327240e-02 6.740887940035e-02 8.617698600234e-02
3.191953212186e-01 -3.173435263863e-02 1.327465089860e-01
-3.133054151007e-02 -2.499522859604e-01 -2.778350310795e-01
-2.578563191489e-01 1.700898693098e-02 6.284336922113e-02
2.123061716022e-01 4.690799143023e-02 -1.499281854606e-01
1.506933016804e-01 1.612523231378e-02 1.115896341804e-03
-3.626352588323e-02 6.131158858615e-02 -7.348765342423e-02
-4.253389204774e-02 1.120835196095e-01 -8.925958407192e-02
-8.463785640600e-04 4.613129636513e-02 -1.687777330777e-02
6.901295631928e-04 2.723169004416e-03 9.459689644272e-04
-9.070476718400e-02 -2.467206476342e-02 3.622057205398e-02
Mode 22
2.209621692805e-02 -2.835392989209e-02 5.445754542297e-02
1.570891513895e-01 8.338838252265e-03 -1.270775182023e-01
-1.000696421233e-01 7.896322721075e-02 -1.680198752655e-01
1.718440106987e-01 -8.340109760481e-02 5.762562522853e-02
-2.145943770781e-01 1.255437102632e-02 8.217841678750e-02
-2.958099327633e-01 -6.230834142551e-03 -7.584375400118e-02
9.247171457028e-02 1.889839705476e-02 2.057403176684e-01
-1.663149871848e-01 -9.482572943811e-02 -2.704366368330e-01
9.239916285797e-02 6.420565838340e-02 -2.317196322123e-01
2.034977227464e-01 2.105817473541e-03 2.920863949392e-02
-1.707955951402e-01 5.779464056702e-02 8.637692584312e-02
-1.066933339320e-01 3.280275191985e-02 1.014312940234e-01
2.687637205501e-01 -5.203037703566e-02 -1.447273168954e-01
-2.716550237900e-01 -1.205905971970e-01 -8.734515964029e-02
5.239329625010e-02 7.476241300943e-02 2.612742110924e-01
1.598196443551e-01 1.758437081709e-02 4.505640712937e-02
-8.917704434936e-02 8.375863181308e-03 3.369241940532e-02
-7.914861363709e-02 -1.263146708794e-04 2.292706189116e-02
8.946680121286e-02 -5.267314343250e-02 1.261875760349e-01
-1.081870563593e-01 2.506531756884e-02 9.202493691828e-02
-1.493563358677e-03 -3.681358758758e-03 -2.923449447749e-03
8.079283616928e-02 6.109433949021e-02 -1.478661621889e-01
Mode 23
-4.058764678941e-02 5.764082094417e-02 -5.362482746110e-02
-2.206779847300e-02 4.706398778581e-01 1.353148057845e-01
1.365223200646e-01 -1.641841036429e-01 -7.595389862974e-02
-4.445102450745e-02 -1.183128139319e-01 6.730862638724e-02
-2.276976046260e-02 -3.180925442537e-02 7.866775252517e-02
-2.656139900466e-02 -1.102987143725e-01 2.698239959572e-02
2.647695290428e-02 2.963608087591e-02 -7.118817334625e-02
-2.896793066875e-02 1.804821249216e-01 4.153572539606e-02
-9.366669873298e-02 8.869163484568e-02 4.185587037148e-02
-3.455068662050e-02 -4.970480853760e-01 3.291752522618e-02
6.471928365075e-02 -9.195558256167e-02 5.280576430994e-02
1.164673257857e-02 1.642088593444e-02 1.005003106768e-01
8.029972173701e-02 1.423606754122e-01 -8.653502562168e-02
2.002437258986e-02 -4.525778028779e-03 -2.018219853930e-01
-1.579052878132e-01 7.824353339455e-02 1.266660049307e-01
7.761398555165e-02 -2.866431489854e-02 -5.131876948546e-02
-1.902989643352e-01 -2.612246926046e-02 -1.433823417850e-01
2.272817054889e-01 -1.235478885182e-01 6.601799188457e-02
-6.778930175617e-02 -1.262455852193e-01 -1.023071959788e-01
-1.067532901187e-02 8.799459305221e-02 3.313220348414e-02
-2.213651521136e-03 -4.503833268968e-03 -9.762456685706e-04
-4.357771095691e-02 1.404205601079e-01 3.085223476705e-02
Mode 24
1.674813958993e-01 -3.777221829568e-02 1.815871343923e-01
6.594007209650e-02 1.353814817894e-01 1.127366393982e-01
-2.726457445938e-01 -5.502330322889e-02 3.266415886017e-02
5.331353210622e-04 1.162807871578e-03 -2.662956459248e-01
8.068937863352e-02 8.738675650038e-03 -3.147274880441e-01
1.789209716225e-01 3.707093559933e-02 -7.263919733602e-02
-7.126494187748e-02 -3.026034706500e-02 1.527906721310e-01
1.001338632874e-01 9.399840848853e-03 -5.760828884955e-04
4.023274640916e-02 1.799062713894e-03 -4.225951627563e-02
-3.245721018297e-02 3.160268274042e-02 -2.182312795339e-01
-1.249931907487e-01 1.816066360384e-01 -1.365197709703e-01
3.047154456401e-02 1.677066643354e-01 4.908197358792e-02
2.634816740153e-01 1.924735751319e-01 2.191667131415e-01
-2.715236239322e-02 -2.848221189106e-01 -6.701521758379e-02
-1.069965247697e-01 -2.298464261210e-01 1.089388060663e-01
-1.684109359376e-01 -1.591517548773e-02 6.416262305632e-02
-2.934656712076e-02 -3.053714858635e-02 -4.618339948883e-03
1.394108383866e-01 -7.101115841125e-02 8.899595652022e-02
4.154948259001e-02 -7.524101293924e-02 3.681468738691e-02
5.895425525453e-02 1.589937554939e-02 -1.434886107349e-01
2.208175508212e-03 6.747610839902e-03 1.584311772768e-03
-6.055373039318e-03 7.174638495413e-05 1.319781382800e-02
Mode 25
1.139058972111e-01 -4.167108357015e-02 6.824529808662e-02
1.351214834025e-01 -3.723213111757e-02 -9.541678421410e-02
-5.157784854356e-02 6.669846491707e-02 -1.085876765269e-01
5.514744388825e-02 3.507620797202e-02 3.458437137732e-02
-1.524635098652e-01 -1.215834413191e-02 3.868583187730e-02
-1.627891619187e-01 -2.614574875833e-02 1.156852345190e-02
2.854166586045e-02 1.431716359226e-02 -1.469813609233e-02
-1.079591388330e-01 -2.150783655081e-02 1.042623341573e-02
-2.911935839524e-02 4.108168387583e-03 5.631237817972e-02
-1.747010356650e-02 6.862593648073e-03 9.749465194507e-02
-3.807709132544e-01 -1.927388571867e-01 6.471158358122e-02
2.125703941233e-01 5.753852456723e-03 1.402870279526e-02
-1.440905683538e-01 3.333833859106e-01 1.449021387781e-01
5.136657870667e-01 -1.529386218445e-01 -2.327809098828e-02
-2.608305876695e-01 -1.956800966162e-02 -2.075635726719e-01
1.629893335776e-01 1.648913393215e-02 -6.236987201410e-02
-7.722649878909e-03 3.693298581889e-03 4.686484237651e-02
-5.023249436702e-02 8.416835418019e-03 1.612627847297e-02
9.583303471434e-02 -2.567337080090e-02 1.039192347569e-01
-6.821751573307e-02 -2.392495580250e-02 4.593023063345e-02
-7.375941560098e-04 -1.975276571521e-03 -1.592443638951e-03
8.078624618740e-03 -9.124753164728e-03 -6.587331294123e-03
Mode 26
-1.475011723613e-01 -1.817879696861e-02 -1.176908461248e-01
-1.331357897871e-01 -2.674300933425e-01 8.010831376169e-03
8.371573591576e-02 3.063840156938e-02 1.595612201773e-01
-1.583606307523e-02 3.461532009164e-01 2.472609369040e-02
5.009158381351e-02 1.410427106547e-02 5.293375377024e-03
6.380352592013e-02 -2.917706243865e-01 -2.717754725125e-02
2.447876566571e-03 5.149591352661e-02 4.824180622913e-02
4.296190535988e-02 2.619821924668e-01 -5.946679577703e-02
1.575977387166e-01 1.283203412546e-02 -8.872330225600e-02
1.338832577154e-01 -1.161274627215e-01 -1.131137803350e-01
-3.232863005292e-02 -2.738891075977e-01 -1.325967911107e-01
1.107945803855e-02 2.438336465293e-02 1.421004691162e-01
9.927713526774e-02 2.265689857442e-01 -7.559177280616e-02
3.013123034934e-02 -3.335756794699e-02 -1.828336498417e-01
-1.666048703883e-01 1.137669446577e-02 3.029098308876e-01
-1.057655982274e-01 -3.772084669378e-02 7.020603227899e-02
1.622161265354e-01 2.185975992979e-02 6.314992496145e-02
-1.567245500997e-01 1.062877134710e-01 -1.108968521951e-01
-7.251746912176e-02 1.376268634888e-01 -6.316073184823e-02
2.547487737344e-02 -3.021679538497e-02 -1.595493932182e-02
-1.182521670187e-03 -3.723649957719e-03 -2.277824922538e-03
6.182305748723e-02 -5.306216345333e-02 -4.713201138036e-02
Mode 27
-3.291070188691e-01 1.135614754537e-01 -2.324188333393e-01
-1.792453342355e-01 6.651042418753e-02 1.276191515791e-01
2.434453469616e-01 -8.870833506424e-02 1.335533760743e-01
5.215084495499e-02 -1.895359870928e-01 6.559156554851e-02
-4.716606987096e-02 -2.823936068983e-02 1.156533629827e-01
-7.165185005801e-02 1.839121371123e-01 5.891426801696e-02
1.194804233599e-02 -2.513018375290e-02 -8.111910260659e-02
3.547991409711e-02 -1.586145757369e-01 -4.788107835327e-02
3.256597321982e-01 5.156445340666e-02 -1.497734825353e-03
2.286940988454e-01 6.736073585402e-02 -8.211650023967e-02
-3.029911087211e-01 1.144409726299e-01 -1.017675306323e-01
2.272121773956e-02 1.209649682543e-01 -7.678026953888e-02
7.109790796479e-02 9.570496737150e-02 1.711828321564e-01
1.610393577898e-03 -1.593463325397e-01 9.782780529992e-02
4.239339309845e-02 -1.449705172605e-01 -1.523488820459e-01
-5.522117346517e-02 6.937167828962e-03 6.495234614787e-02
-6.781203237602e-02 1.420940108162e-02 -1.048842193761e-01
1.142814034868e-02 1.946364023746e-03 -5.893527004694e-02
-1.814368222118e-01 4.017247507735e-02 -1.813865171909e-01
-2.419351334349e-02 -2.885273126403e-03 4.918542421550e-02
6.759848283868e-04 4.012254348210e-04 1.693409850406e-03
1.184988984905e-01 5.989372910699e-02 -3.489687187329e-02
Mode 28
-5.987435595573e-02 3.079823250100e-02 4.075430015116e-04
-5.410968177979e-02 5.482436620990e-02 5.467372831482e-02
3.003906220201e-02 -3.678365642065e-02 4.437070318205e-02
4.006679842309e-02 -3.510972887797e-02 4.220812147214e-02
3.766501438109e-01 -7.607504194824e-02 5.934234838589e-02
1.834852083786e-01 3.427482775695e-01 -1.884663410871e-01
-8.136131540911e-03 -4.574224784619e-02 1.701546096759e-01
6.278145024244e-02 -3.095985561324e-01 -2.823211623693e-01
-2.167530431980e-01 9.839571898451e-02 -2.854011069985e-01
-4.772135861892e-02 1.062994136397e-01 8.595685371371e-02
-6.973316024764e-02 -2.181218282485e-01 9.629473785795e-02
4.507017250136e-02 -1.051855452511e-01 8.658472157113e-02
-9.173954910816e-02 3.686322644184e-02 -1.226376596226e-01
1.705658483306e-01 4.605203792560e-02 -7.564463697531e-02
-1.148848030982e-01 1.179846348210e-01 1.329343529461e-01
-1.443526466400e-01 1.483556879065e-02 6.239662176968e-02
-2.544340326176e-02 -6.708662550469e-03 -3.605687793963e-02
5.141084749239e-02 -2.121854653892e-02 1.384340185355e-02
-4.924540665154e-02 -8.370422135889e-03 -4.403820456722e-02
1.145902295796e-01 -1.170558440894e-01 6.394174661721e-03
1.388550154835e-03 2.980491690269e-03 3.889485262157e-03
-3.721636501393e-02 5.561938444899e-02 -1.236265703764e-01
Mode 29
1.221215313729e-02 4.169627160389e-03 2.914377926658e-03
4.776948813740e-04 8.268531471770e-03 2.104099246386e-02
-3.513903472352e-02 -1.221495682041e-02 1.525368782171e-02
-4.487480837430e-02 9.180107079815e-02 -1.392067013805e-01
-2.985904177430e-01 -9.861068989936e-02 -2.232741952868e-01
-1.245725434805e-01 3.395118504576e-01 1.354757321611e-01
-3.074312470938e-02 -3.864049091241e-02 -1.134790515913e-01
1.016993469669e-02 -3.857568748732e-01 2.002499150033e-01
2.176531360090e-01 1.118038271993e-01 2.604954427776e-01
5.035977157921e-02 6.577952783892e-02 -7.922696783314e-02
2.025475271625e-01 -2.216134817159e-01 -8.370186019527e-02
-8.244298756455e-03 -7.405299440643e-02 1.057186214395e-01
-7.662012552652e-03 3.550609691850e-02 -1.282354668249e-01
3.297732768313e-02 7.500780617352e-02 -1.268469209879e-01
-1.014233668742e-01 6.899432385437e-02 2.822882911564e-01
7.964529951789e-02 3.727223784545e-02 -3.503867252847e-02
6.477766498769e-03 -1.936396524751e-03 -4.929328621875e-03
2.097862807195e-02 -4.150189584961e-03 2.475579076175e-03
-8.820824195329e-03 -4.378485408580e-03 -1.677553625459e-02
-7.100654709776e-02 -1.781509369699e-01 -9.483607100127e-02
1.596647199684e-03 3.353875539215e-03 1.406788234712e-03
3.735946042341e-02 7.487081033079e-02 1.138890744631e-01
Mode 30
-9.356230600364e-02 7.157982945912e-02 -2.600333937943e-02
-4.304979528877e-02 6.650293907686e-02 8.867496838654e-02
4.609009645360e-03 -5.817004260765e-02 7.212769068967e-02
5.973700633347e-02 -3.692556451782e-01 -1.938196129590e-01
-1.053212922682e-01 1.234708560101e-01 -2.385288875143e-01
2.557866140933e-04 -2.261149115047e-01 -1.011067230501e-01
-1.069355515865e-02 1.022500428698e-02 8.037061187034e-02
-4.189857698366e-02 1.862723103193e-01 5.989995762409e-04
1.459988882294e-01 -8.359864185231e-02 1.340286161162e-02
6.035910706625e-02 4.200489063745e-01 5.935019580413e-02
1.119786641889e-02 -5.833967752794e-02 1.807124155360e-01
1.550380170989e-02 -1.298079543064e-01 7.275571876365e-02
-1.262897728118e-01 -1.023014679369e-01 -1.353261075275e-01
2.055775507181e-01 5.235171911301e-02 -4.557195393778e-02
-8.708022570369e-02 1.234924761727e-01 1.498482050095e-01
7.301168567799e-03 -2.736393352694e-03 1.013128788989e-02
-7.313954894380e-02 -6.999629232467e-03 -7.785468532017e-02
9.951976381704e-02 -4.675978322169e-02 2.907111080371e-02
-8.086714590034e-02 -2.155279926611e-02 -8.333559939302e-02
-2.702453409089e-02 2.478833043734e-01 -6.937576924937e-02
-1.087592681540e-03 -2.437778958634e-04 -5.191251462694e-04
9.162364008003e-02 -2.697124915921e-01 -5.572438049921e-02
Mode 31
9.038815325582e-02 2.115766830770e-02 2.152203374758e-02
4.369188339542e-02 5.060619841958e-02 -7.838476130674e-02
4.617784109061e-02 2.874560326779e-02 -1.235339983646e-01
-1.088308091505e-01 -2.583590766224e-01 1.713486188463e-01
5.629497487767e-02 1.287699643763e-02 3.412382044814e-01
-8.958883207917e-03 -4.059048544621e-02 2.098932486000e-01
2.131206646703e-02 2.609056812750e-03 -1.391881946494e-01
8.980227032881e-02 -1.390674442794e-02 3.876525197240e-02
-1.101829935502e-01 2.506701727975e-02 -3.429364020992e-02
-1.270533978231e-01 3.749617136240e-01 -1.165676578921e-01
7.959543556742e-02 -2.858819095376e-01 -3.910529234466e-01
-1.612716645646e-02 4.665774006870e-02 -6.729106062922e-03
1.262277577523e-01 2.010792070863e-01 6.106106393904e-02
-1.381964168821e-01 -8.566294044797e-03 -4.474428197931e-02
-1.881749128182e-02 -8.053522012881e-02 1.425599234777e-01
-2.513206211319e-02 1.030044807028e-02 2.773751354362e-03
-7.417347000973e-02 1.756815620097e-03 -2.090925662101e-02
2.670438065472e-02 -3.391954618766e-02 4.086925089498e-02
7.240730595663e-02 -5.617266743890e-02 6.416291794489e-02
1.139490193912e-02 7.825457779833e-02 1.132866377496e-01
5.141950895000e-04 -7.187205730080e-04 -6.838592034293e-04
-6.898666555616e-02 -2.709018834162e-01 5.320908661753e-02
Mode 32
9.489704210557e-02 -2.982025051546e-02 5.064463477754e-02
-4.401715170070e-02 1.849972513556e-02 -6.441981059299e-02
3.396995596719e-02 3.467202355186e-02 -9.589276494102e-02
-1.761296321003e-01 -2.020549977176e-02 6.979020764640e-02
-7.200289886886e-02 2.896216878990e-04 1.773732598927e-01
1.078686831338e-02 -9.565431191744e-03 2.646123423431e-01
8.759046405431e-03 -2.051466081217e-04 -1.082411826555e-01
2.420659681900e-01 7.382470105279e-02 -8.292462305665e-02
9.305184138118e-02 -1.276473374384e-01 -1.451991577013e-01
-2.037654496026e-02 2.614005841062e-02 -2.439539838348e-01
-1.327673319735e-01 3.394065484403e-01 -6.050947894017e-02
-4.807410464644e-02 3.095753248062e-02 1.897502347954e-02
-1.704330026015e-01 -3.122452244680e-01 -1.603477545368e-01
3.856279045330e-01 -6.792519833476e-02 -1.465181655704e-03
-9.440612949593e-02 3.982187837246e-02 3.108423997799e-01
-9.084431089056e-02 -1.601669866680e-02 5.127656058593e-02
3.261723010754e-02 -5.747703291486e-03 2.449118152783e-02
1.702660512250e-02 -5.584024395231e-03 1.498883150590e-02
4.624939098871e-02 -1.050804002040e-02 3.821069913859e-02
1.190060113138e-02 -1.778743713775e-02 5.552046274766e-03
1.029826971065e-03 1.859191716941e-04 -2.885558315775e-04
-4.400301968330e-02 2.494753828133e-01 4.950633758136e-02
Mode 33
3.136118017781e-02 -5.972088840217e-02 2.587384469053e-02
-3.664951558541e-02 2.735724138819e-02 -1.586670235558e-02
5.242542849413e-03 7.811575606820e-03 -3.551295749149e-02
-5.494937210430e-02 9.937651985189e-02 2.238616240408e-02
-1.474587815003e-02 -2.024436524992e-01 6.590430008436e-03
-8.027424368156e-04 7.788577374133e-02 5.883508157281e-02
2.062865028668e-03 -9.031928468754e-03 -2.424692988231e-02
7.048104496869e-02 -1.362941676409e-01 -3.699288559093e-02
8.391656505370e-03 4.465423010955e-01 -4.363259715795e-03
1.612700747844e-02 -2.652575979546e-01 -7.188552777170e-02
-4.189195707483e-02 1.736395769619e-01 6.699425134646e-02
-5.301176673435e-02 5.922370657885e-02 9.331190733225e-04
-4.784112646329e-02 -1.110051189926e-01 -3.881474492053e-02
1.145718910988e-01 -2.685548769643e-02 1.081828047617e-02
-3.220952718569e-03 7.757716834684e-03 1.864373369105e-02
-2.372396756567e-02 1.432975662579e-02 1.486997060746e-02
7.577699498597e-02 -4.410001634887e-03 4.826749799901e-02
-2.081009878577e-02 2.183765219741e-02 -1.965304072342e-02
8.842047392531e-03 3.353417459112e-02 9.642250222745e-03
-4.460412546174e-03 2.701282246305e-01 1.411392112320e-02
1.053939649954e-04 5.080558540594e-04 1.379819727035e-04
5.418933174035e-02 -6.807588473641e-01 -4.013156565284e-02
Mode 34
-5.026649027840e-03 9.451271212424e-02 4.025118585756e-03
1.741155965275e-02 -5.867966384903e-02 -1.673130540815e-02
3.324621545358e-03 1.263575240771e-02 1.251141587561e-02
-7.862316731037e-03 -1.142642325933e-01 -1.668565310824e-02
-2.937419304745e-02 4.600881781508e-01 4.964524638044e-02
1.272429276247e-02 -1.732214144313e-01 1.099972562527e-02
-8.483664335024e-04 2.714940166988e-02 7.677471664783e-04
2.846143847625e-02 -4.123243414926e-02 -1.697760366511e-02
-5.673363147069e-03 1.651764259221e-01 -1.327128844509e-03
7.728865099301e-03 -1.166650964080e-01 -2.442233711362e-02
-1.388276064093e-02 7.583178996702e-02 3.195467853598e-02
-2.172501707948e-02 2.639850594767e-02 3.350586906358e-03
-1.763339617449e-02 -4.394706205828e-02 -1.383128410035e-02
4.052316378340e-02 -1.007981763104e-02 4.425390263249e-03
1.484577492454e-03 1.995523558349e-03 -8.680586398494e-04
-8.413140676788e-03 7.638759900623e-03 4.718942231129e-03
-1.012893442459e-01 -1.062083009113e-03 -7.704995731118e-02
6.888259196101e-02 -4.521824925053e-02 4.937178820729e-02
-5.631448105363e-03 -6.839925839041e-02 -1.086070677771e-02
2.390294860818e-02 -7.423892132109e-01 -6.408260067407e-02
-2.261515858350e-04 -9.716737527149e-04 -1.294135445875e-03
1.937546305684e-02 -2.892306583054e-01 -1.591424648849e-02
Mode 35
7.475318668200e-02 -1.096141487132e-01 4.258626530417e-01
-3.495338531360e-01 1.817677321802e-02 -1.943575684283e-01
4.540528827948e-02 1.131486769250e-01 -2.864278929902e-01
-1.466123306474e-01 -4.378581586754e-02 -6.774699176144e-03
-3.988248393908e-02 2.461261044615e-02 4.875722994583e-02
-1.160688941312e-02 -1.043182572819e-02 5.992910931664e-02
3.658369015006e-03 1.221335883187e-03 -1.943489713489e-02
4.945710857711e-02 1.142805128243e-02 -8.455391837801e-02
1.768984345537e-01 -1.196220001673e-03 -3.945055985849e-02
6.735394043345e-02 1.024923061157e-02 6.844241909887e-02
5.664509351531e-03 -1.164946021369e-01 1.623715045583e-01
3.356103209059e-02 -4.395948648085e-02 1.223037132645e-02
4.025210094522e-02 9.353856491882e-02 4.031997360994e-02
-1.156640355333e-01 3.099467999946e-02 -1.325237510380e-05
2.749563861370e-02 1.033212292725e-02 -1.249114914991e-01
-2.815272715126e-02 -3.769482484507e-03 2.561859398672e-02
3.631447771832e-01 -9.743202463764e-02 5.329626779672e-02
3.527212080948e-01 -3.158283120669e-02 7.293849578800e-02
-1.964106175335e-01 6.934375364477e-02 -1.783660534308e-01
3.024187532275e-02 -3.345949164545e-02 -4.879630820877e-02
1.876635197073e-04 -1.610225872171e-04 -2.766611531047e-05
9.994708583062e-02 3.717031945823e-02 -7.955037898794e-02
Mode 36
-6.200603786097e-02 -4.235481191384e-02 1.461578806821e-01
-8.073098089549e-02 6.301815300037e-03 -3.239384239919e-02
-1.053339215904e-02 2.526974300611e-02 -6.862584122045e-02
1.430850231572e-01 -8.625213452645e-04 8.691962494007e-03
2.768226722537e-01 1.568394185376e-02 1.306100195528e-01
-8.818084407967e-02 1.437016509681e-03 -3.427388334048e-01
6.231787272425e-03 4.055303444858e-03 8.819257737554e-02
-4.702827891016e-01 -3.479739099237e-02 1.952186372535e-01
-1.874763351681e-02 -1.234417539631e-02 2.335921799529e-01
6.325477529869e-03 9.345308604079e-03 -5.815616145361e-02
8.089016273702e-04 1.523290678872e-01 -3.508606145786e-01
-7.583346885492e-02 1.196011723876e-01 -5.747047890759e-02
-5.066196121770e-02 -1.384787797818e-01 -5.315115488556e-02
1.749843189544e-01 -5.600077932035e-02 4.042869402999e-03
-3.818700553745e-02 -3.100809252214e-02 2.076601717970e-01
1.324020675921e-01 1.191776277775e-02 -6.776133247436e-02
1.474501004732e-01 -3.974688838656e-02 1.425994502840e-02
1.205876277708e-01 5.122964336899e-03 5.296802578521e-03
-1.306743125415e-01 5.202239385930e-02 -1.103294027180e-01
2.682579039468e-03 -2.687362529116e-02 1.539475440266e-01
-1.236700879985e-03 -9.104800461893e-04 -1.558438039281e-04
2.171709316503e-03 -1.331895505379e-02 5.291766214743e-02
Mode 37
3.136718030232e-02 3.956460520307e-01 8.058693882172e-02
-2.173159215356e-02 -5.139185323787e-01 -1.654424575171e-01
7.598797552802e-03 1.010393220052e-01 7.034201814602e-02
-3.048415189641e-02 2.000563427678e-01 1.523931831107e-02
2.138324410880e-02 -1.099616098124e-01 2.060093328345e-02
-1.549729309807e-02 1.724014892444e-02 5.441614164275e-03
1.757512164702e-03 -2.277279874525e-03 -1.999649886883e-03
-2.292594500069e-02 1.819631951290e-03 -2.160186334596e-03
2.343947890788e-02 -4.163491878642e-05 6.384288519039e-03
7.917691021410e-03 -4.108895703456e-02 -3.182641090435e-03
-2.688116663779e-03 1.411650670097e-02 -2.077287405209e-03
-4.435047032891e-03 1.913622796575e-02 8.821317771418e-05
-4.770906834385e-03 -1.185248887101e-02 -3.788247351332e-03
8.243699744261e-03 -3.877234779652e-03 8.298910773525e-04
3.003773539967e-04 -2.014255764752e-03 9.417251254293e-04
5.227542579046e-03 -1.610913427610e-04 -7.503082143293e-04
-3.363686864612e-01 5.924069854331e-04 -2.881039130298e-01
3.160972329092e-01 -1.943421258486e-01 2.321784082344e-01
-3.309213781558e-02 -2.320140740365e-01 -5.873707425608e-02
2.362941514645e-05 1.525641588025e-01 2.246796981500e-02
4.998704736533e-05 5.248135879455e-05 -2.298189049805e-05
1.384526346210e-02 1.187987299979e-02 -8.541138672844e-03
Mode 38
-2.895163863702e-01 -8.522560562951e-03 1.514559489822e-01
3.375379577617e-01 -6.608059763210e-02 1.970415326189e-02
-1.003446444014e-01 2.640641680837e-02 -3.680023905881e-02
4.443383695864e-01 4.832947144901e-02 -9.127511966731e-02
-1.307537293213e-01 -6.472019276691e-03 -4.995200430538e-02
-1.323003989244e-02 -1.737076533175e-02 2.857410409830e-01
-1.217136538501e-03 -1.970218870451e-03 -5.824785757662e-02
1.747822678515e-01 7.049533509861e-03 7.508476648535e-03
-3.192081234339e-01 -8.444906859834e-03 -1.214030095254e-01
4.759347417835e-02 -7.634539012183e-04 5.584704380472e-02
-1.090162381526e-02 3.042520495016e-02 -8.287757749066e-02
-1.154160192869e-02 -6.269256231933e-03 2.262445909681e-03
-1.843716709543e-03 -8.564407736396e-03 -3.238203859002e-03
2.061223240046e-02 -6.855661722198e-03 4.510385945879e-04
-2.556655951326e-03 -5.523964442386e-03 2.352636285319e-02
-2.097844327306e-02 -5.497924808784e-04 1.076648039822e-03
1.315644536030e-01 -6.126751017299e-02 -5.520805712044e-02
1.348498615785e-01 4.750104091242e-02 -3.920930590688e-02
-3.134085359605e-01 1.061440579633e-01 -2.633475142739e-01
-1.006775905762e-01 2.262929406976e-03 8.346759746819e-02
6.660983630975e-04 1.084107056328e-03 -6.309648209757e-04
-1.865747684692e-01 -2.891747361431e-02 9.479967581050e-02
Mode 39
-1.904409176574e-02 -2.134383659310e-03 -1.289845683182e-02
2.747478599125e-02 5.600704923322e-03 1.317560382350e-02
-1.106989162851e-02 -9.343411224395e-03 2.129755112629e-02
9.197696141870e-03 5.613079428136e-03 -6.208595665453e-02
1.305803763112e-01 1.018695674044e-02 -4.273472115469e-02
5.539055074569e-02 -1.919915619967e-02 4.900311846812e-01
-6.835375872588e-03 -3.685584821219e-03 -9.135780848076e-02
-3.725543420567e-01 -3.800710734552e-02 1.962535116866e-01
-1.049957990788e-01 1.264081712197e-02 -1.582283229909e-01
2.063211159331e-02 -1.258093822746e-02 7.643734442268e-02
-2.245763929056e-02 5.435858019843e-02 -1.034335925466e-01
1.142873294697e-01 -1.321154909210e-02 1.546806966543e-02
-2.565111945061e-02 -3.088724247148e-02 -1.575694929916e-02
-2.773132486285e-02 -1.787499006193e-04 5.072658650910e-04
-1.857339899751e-02 -4.114528221661e-03 3.584765119599e-02
7.905635918563e-02 9.015967875354e-03 -3.721982755502e-02
-1.050947842530e-02 6.551553509435e-04 -3.406431024467e-03
-1.504139370074e-02 9.176165883612e-03 -1.095269746396e-02
8.472552094115e-03 4.462931862572e-03 1.677018016398e-02
2.336238143070e-01 2.705913831889e-02 -2.903755358408e-01
1.054940974134e-03 2.246676647283e-03 -1.506551250813e-03
2.672567514598e-01 4.460054535805e-02 -4.979033623270e-01
Mode 40
1.473690484867e-04 6.578451337494e-04 -7.248266353809e-03
-1.620531778569e-02 5.615026841934e-03 -1.220397085706e-02
-4.270081196920e-03 -3.922117526849e-03 1.314359504044e-02
1.191248166488e-02 -4.388160513536e-03 2.118782767998e-02
5.563496357870e-03 5.254905581024e-03 -4.058893335052e-02
2.679246748859e-03 -2.642660833275e-03 8.410270716021e-02
-3.818598719243e-04 -6.363805893658e-04 -1.076074271903e-02
-5.437595408844e-02 -4.721280943977e-03 -1.906028402152e-02
-2.520777646199e-02 -1.416267392520e-02 -3.709894155193e-02
4.380736235832e-02 1.181845736867e-02 5.093488126833e-02
1.074584623846e-01 -1.383962406972e-01 8.887317005741e-02
-8.547116860030e-01 7.235271298381e-02 -1.300113831676e-01
1.495883202550e-01 1.247791530170e-01 7.701977912846e-02
3.241674372221e-01 -5.333770704681e-02 1.541235257938e-02
1.032728115523e-01 -1.030394135318e-02 -6.549580185740e-02
1.023814191660e-02 7.860751087104e-04 -3.348530872007e-03
-1.057239307213e-03 1.498531838647e-03 1.656522205225e-03
-1.583054935698e-03 -9.333705078063e-04 -3.851073431419e-04
1.193367548896e-02 -2.780458483276e-03 1.400258782744e-02
7.080400839675e-02 1.059934976769e-02 -1.125618877759e-01
8.392547179068e-05 4.711025335739e-04 -3.522695150261e-04
2.773906239121e-03 4.470936177029e-02 -3.031129536439e-02
Mode 41
8.061673704611e-02 9.402493565658e-03 -2.931047414515e-02
-2.488626417997e-01 1.412816998940e-02 -1.851150126798e-02
4.318281925613e-02 -4.865816026455e-03 1.794955944092e-03
1.210721396540e-01 -8.671815113142e-03 5.760390574273e-02
-2.457803070101e-01 5.770021042875e-03 -1.421307144821e-01
2.213915136229e-01 1.674236821952e-02 -9.580359197923e-02
-9.827161652217e-03 -1.790541008387e-03 1.224392496833e-02
2.465860712722e-01 6.998505848368e-03 1.055614357650e-01
-1.771665024082e-01 -1.321650352234e-02 1.526947074164e-02
1.368180920377e-02 -1.378335422714e-02 3.289527542869e-01
3.239336404747e-02 -1.016939408538e-01 -1.761683868444e-01
1.071261326942e-02 4.124699377139e-01 -1.332748027746e-01
-5.134113446663e-02 -1.330970362391e-01 -3.411585757810e-02
3.732453066349e-02 -4.640938790749e-02 1.243762097752e-02
-1.744976130924e-02 -4.465537722767e-02 8.552659145950e-02
-3.140433084165e-02 -2.115667235684e-03 -1.251615669950e-03
1.410153910998e-02 2.563211923968e-02 4.982417489538e-02
2.066790852663e-03 -5.390655312928e-02 4.718005475512e-02
7.244856620123e-02 -4.053535877911e-02 5.474161447627e-02
-2.648221217825e-01 -3.030419334749e-02 2.279687240943e-01
-4.122371896068e-04 -2.237205584637e-04 8.919650644292e-04
1.810612242633e-01 3.934251944159e-02 -3.412035097848e-01
Mode 42
-9.828463549667e-03 -2.766871527513e-03 1.840353377071e-02
9.445236392404e-02 -6.447148405185e-03 -1.795963456236e-02
-9.167281219843e-03 7.793556693214e-03 -2.954059593615e-03
-1.022242428822e-01 3.835732563882e-03 5.424003337543e-02
-6.850942082781e-02 -3.311963948150e-03 -1.136207905163e-02
6.829941177569e-02 1.121727564011e-02 -1.434420627744e-01
-2.794374120242e-03 6.550302294630e-04 1.561463454551e-02
1.664664629222e-01 4.539121776536e-03 1.091105306863e-01
5.109848488587e-02 1.633609758267e-02 1.133312902117e-02
-1.549335785568e-01 -4.820416604039e-02 1.507517957418e-01
-4.174757487765e-02 2.900946071943e-01 -2.683357061009e-01
-1.354033278373e-01 -6.735477552534e-01 3.799248768759e-02
9.666980597966e-02 1.988383922593e-01 6.717693454958e-02
4.626684485431e-02 3.894952995417e-02 -2.488773782222e-03
1.073937122192e-02 4.627002978597e-02 2.247922844966e-02
-2.267075186029e-02 -1.998629738799e-03 4.957824525394e-03
-3.653740772458e-03 -9.788397945724e-03 -1.745902143059e-02
-2.753429466595e-03 1.621457942632e-02 -1.107796006453e-02
-3.736272696291e-02 1.117717332497e-02 -4.121290758888e-02
-1.494068852049e-01 -2.122126055132e-02 1.804300790049e-01
-2.563249888443e-04 -6.680167213978e-04 6.658536088387e-04
1.942161464823e-01 1.074343605819e-02 -2.562488074865e-01
Mode 43
1.286101982497e-01 2.388431567786e-02 -9.152605536684e-02
-5.503106303283e-01 2.600547845147e-02 -1.380711707688e-02
7.599977268198e-02 -1.955004718011e-02 6.257900789322e-02
3.507308094509e-01 2.826268522969e-02 -1.737361703755e-01
-3.259853605686e-03 7.560222435417e-03 -2.320346751728e-02
2.495429326050e-02 -1.029979716201e-02 1.969315687453e-01
-2.275177088932e-03 -2.048180849423e-03 -2.569940361976e-02
-1.090639586304e-01 -4.338653932133e-03 -2.049899047003e-02
-1.836152215494e-01 -9.464351185881e-04 -6.583784925323e-02
2.637746933081e-01 2.968368703367e-03 1.807216130840e-02
-5.150633188229e-02 1.261755387205e-01 -7.746679689614e-02
1.554299726720e-03 -3.140646622591e-01 2.678510545613e-03
3.588925540248e-02 8.905163060121e-02 2.921941880867e-02
-8.210884825522e-03 2.434380924212e-02 -3.342331391276e-04
-2.563830747085e-03 2.501490439985e-02 1.706737527780e-02
1.451218435580e-02 1.588947130823e-03 -7.511701228247e-03
3.568625919630e-02 5.874162710136e-02 1.078375091880e-01
1.663271601066e-02 -1.175610037207e-01 9.212976986176e-02
1.889139572242e-01 -8.654468703644e-02 1.736993424678e-01
-4.501888750219e-02 -1.261833750744e-02 5.911328791801e-02
2.859718031804e-04 7.392877747702e-04 -3.329099036388e-04
-2.150933558244e-01 -4.440400845658e-02 2.104723014721e-01
Mode 44
4.176852004901e-02 -7.124576815814e-03 -6.674941480879e-03
-1.693310213476e-02 7.377163784282e-03 4.228318103181e-02
-2.250226056883e-02 -1.488092128793e-02 3.630533852917e-02
2.568429340823e-02 4.084789596180e-02 -3.738362986956e-01
1.706416660731e-01 -2.841428046986e-03 1.134606290095e-01
2.842023250405e-02 -9.663349183385e-03 1.541363100455e-01
1.833655940597e-03 -7.857922667519e-04 -2.582238462338e-02
-8.395868370384e-02 -1.554876228960e-02 1.371546631492e-01
4.679025730966e-02 1.935442337871e-03 -6.867641411412e-02
-1.681155200280e-01 2.270827647633e-02 -4.057796583753e-01
4.413883448278e-02 -9.392493182474e-02 3.283836152408e-01
-5.063979744126e-02 2.325167059484e-02 1.418303821707e-02
1.393918895632e-02 2.481142865705e-02 9.627956038223e-03
-1.163467456117e-02 1.160710637294e-02 -2.692447988359e-03
1.402801097468e-02 1.386971073079e-02 -6.285037297195e-02
1.848102465013e-02 1.979690849582e-03 -7.611527761140e-03
-2.846880546517e-02 9.755672793723e-03 1.393931643319e-02
-4.203268780211e-02 -4.933528038296e-03 7.170640390080e-03
-1.276982221502e-02 3.884840460063e-03 -3.525530273697e-02
-2.888591026792e-01 -5.369798416526e-02 5.408159014698e-01
7.662394008896e-05 6.425824526122e-04 -5.600849316249e-04
1.166463489968e-01 3.360516129229e-02 -1.799625546394e-01
Mode 45
8.439026193827e-03 2.638540223391e-04 -4.393110873362e-03
-1.483473094420e-02 8.658477568963e-03 -8.297018736122e-03
4.346548189880e-03 -4.954521429841e-03 3.728991041497e-03
-4.417778184682e-02 -3.137489606296e-03 -2.828733264601e-02
-4.030694266064e-02 -6.616660061971e-03 2.639506052542e-02
8.823383225702e-02 7.526830158976e-03 -9.443975960780e-03
-2.319807445797e-03 -6.891002800265e-04 -1.212422964426e-03
-3.065589627913e-02 -2.665709648161e-03 1.543247300473e-02
-2.964444188806e-02 -7.797298765692e-03 -3.374484201339e-03
6.298579898729e-02 5.017547213821e-02 2.007554585180e-02
-2.630441380731e-03 3.243666834558e-02 -1.855215302940e-01
-1.233357000101e-01 1.155922981069e-01 8.611320580132e-01
-3.922762090808e-02 -9.438236337412e-02 -1.115764402408e-01
4.307517668214e-02 -1.587588613205e-02 -6.550128919239e-02
1.024395059713e-01 -4.288603731960e-02 -3.559757467975e-01
1.236520186192e-03 2.621799114110e-04 -2.750472503132e-03
4.604156969694e-03 3.031318751557e-03 6.892129598420e-03
1.377339493757e-04 -6.002001462764e-03 4.849978857129e-03
6.861636410354e-03 -3.377732741968e-03 4.467831822204e-03
-3.574990891368e-02 -1.977397275343e-03 4.132628994397e-02
-2.110911396358e-05 -1.289402390570e-04 2.846760996691e-04
-1.263440916925e-02 8.896867070494e-03 7.115287051483e-04
Mode 46
4.847693666257e-02 -1.964881431415e-02 4.837728885963e-02
1.311821547095e-01 -2.280993517365e-03 5.793648767899e-03
-2.546221427592e-02 2.590173603272e-03 -6.966420904114e-03
-2.779501882599e-01 3.849826860503e-03 -1.899955218088e-01
-2.791687716774e-01 -3.569619021619e-02 2.473303500165e-01
5.539096099984e-01 3.595835118684e-02 -3.296751373914e-03
-6.566634946615e-03 -4.444336532765e-03 -3.603979022510e-03
-2.636447597003e-01 4.221149966326e-03 -2.508970276565e-01
-1.740331364875e-01 -2.702287403229e-02 2.236220073683e-01
3.806583125520e-01 1.879888535401e-02 -1.471369906161e-02
-1.547109080496e-02 1.183002321873e-02 1.795072180244e-02
9.935214331261e-03 -5.376120317636e-02 -9.932050611278e-02
9.559724953849e-03 2.287454108696e-02 1.722559502191e-02
-5.023086578645e-03 5.341537659837e-03 7.631214634956e-03
-1.029193932807e-02 8.015355329559e-03 4.147973730991e-02
1.227000331766e-02 1.285778394569e-03 -1.113258984377e-02
-7.658619052228e-02 -2.575822801683e-02 -5.520689537655e-02
-7.084410481855e-02 6.544511063839e-02 -3.786376392838e-02
-6.797248107673e-02 3.076361051978e-02 -9.486478113640e-02
-5.463954699152e-02 2.677138216252e-03 2.889441565644e-02
-3.423473112591e-04 -1.052860099641e-04 9.893857560887e-04
-1.879473275395e-02 -8.148020374321e-03 1.352412433843e-02
Mode 47
4.004613215667e-01 -8.843947163877e-02 2.495427502249e-01
-2.219584318537e-01 2.445036616316e-02 -1.855586394388e-02
2.896296886339e-02 -1.904026883203e-03 3.041137169033e-04
8.630385686648e-02 7.967616264192e-04 -2.802428362344e-02
7.341693639507e-02 8.799127928882e-03 -6.002035594377e-02
-1.225137184894e-01 -1.028771250992e-02 5.288745968181e-02
1.850647517069e-03 3.537642890843e-04 -3.582435437148e-03
3.838384822488e-02 3.118999217683e-03 -1.564784844301e-02
2.221615158530e-02 4.705057179683e-03 -2.792496909617e-02
-1.808651615082e-02 -7.829620779053e-03 1.057752049402e-01
1.951574129615e-04 8.308764961183e-03 -5.734122963550e-02
-1.751671286002e-03 1.239824225910e-02 1.181827116570e-02
-2.630272223353e-03 -7.817596177797e-03 -4.089891777518e-03
4.929291047775e-03 -3.319074530908e-03 -7.792281805484e-04
7.226584412103e-04 -3.948340570137e-03 1.502531694648e-03
-2.601746223924e-03 -3.743647993237e-04 4.211335055939e-03
-4.057855255915e-01 -1.165190406444e-01 -2.575576699798e-01
-4.034559091210e-01 2.935460833820e-01 -1.383192837213e-01
-1.896094500856e-01 4.621871678846e-02 -3.340286387350e-01
1.192291487739e-02 1.127171324768e-03 -1.881583489578e-03
1.841234976921e-04 1.540668291696e-04 -2.536034369668e-04
-2.501246871958e-02 -5.906590429805e-03 4.139237185996e-02
Mode 48
3.183204919221e-02 -1.576290040819e-03 4.854175630299e-02
-3.091548044359e-02 -2.518936585687e-02 -6.852810273334e-04
3.869077922859e-02 3.688469782403e-02 -9.069710440063e-02
1.997557048006e-02 -4.619773978846e-02 4.661066437529e-01
-1.711073250948e-01 8.559202922787e-03 -1.510390793501e-01
2.458093503228e-01 2.401564621572e-02 -1.833227332402e-01
-1.434385118611e-02 -6.083250218459e-04 1.265405588616e-02
-9.623493615956e-02 -4.004640903814e-02 4.983912654693e-01
-9.465061104798e-02 1.333956535854e-02 -3.306685294242e-01
1.825530069744e-01 3.792429425319e-02 -3.673649202276e-01
-4.772648337293e-02 -1.566244238903e-02 1.727109521543e-01
8.039656431105e-03 -6.229172325615e-02 6.453285195693e-03
7.764060325939e-03 2.642844993257e-02 8.097496339787e-03
-1.840185957314e-02 1.158650420253e-02 4.780634217032e-04
2.087449984163e-03 1.295756250433e-02 -1.974570267918e-02
1.900275972625e-02 2.734733344393e-03 -2.569484890551e-02
-2.874252511792e-02 -2.352864082575e-02 -4.554213128981e-02
-4.015869617278e-02 3.838011033236e-02 -1.339649250995e-02
-3.673802892809e-02 -1.243593125819e-02 -4.925934621108e-02
-5.520467401936e-02 5.314104683371e-04 -5.478677570361e-02
-6.743090828802e-04 -9.747091358052e-05 4.654305687191e-04
-1.166029498246e-01 -4.518596313201e-03 5.215980794927e-03
Mode 49
-1.370920887512e-01 -1.024611579769e-02 1.008337161103e-01
-6.530624168815e-02 2.411428043892e-02 -2.595374295295e-02
8.380619590511e-03 -3.199526572236e-02 7.884623676608e-02
2.995268806934e-02 6.687497925311e-03 -4.310085807836e-02
-1.783332009402e-02 -4.864393188210e-03 2.481025770603e-02
3.388241680971e-04 1.005426602712e-03 -1.094778112835e-02
4.749604062902e-04 6.010859218197e-05 8.052952068199e-05
2.093078197109e-02 4.792493886152e-04 1.366141889446e-02
-2.391061989510e-02 -2.501388707481e-03 1.012637417715e-02
1.156664285946e-02 2.462474492196e-03 -1.789187357309e-02
1.026499528121e-03 -2.307045105415e-03 9.794240690059e-03
1.009476954464e-03 9.740233397508e-04 1.924167005946e-03
-3.201194838639e-04 4.793716569897e-05 -1.899195062292e-04
-9.929499232843e-04 3.807596155031e-04 -1.780432608994e-04
1.487420792671e-04 2.222009652400e-04 -1.559014953558e-03
-1.081323955153e-03 -8.629668273765e-05 -4.803275911595e-04
1.337245565489e-01 -2.598844007218e-01 -5.300835849027e-01
2.398812314088e-01 4.161018554468e-01 -3.856410937509e-01
2.324854855672e-01 -8.882420739469e-02 3.780349536462e-01
-1.917988890490e-02 3.198328421004e-03 2.966271012094e-02
-3.979259356247e-05 -7.757464969033e-05 2.633143450140e-05
7.217732603041e-03 1.995956615719e-03 -1.920181010241e-02
Mode 50
-1.783334694414e-02 1.876975107126e-01 2.898377878713e-02
3.696758206322e-02 6.044805782270e-02 2.124675301076e-02
-4.848345766452e-03 -3.888565044601e-03 -5.567220044450e-04
-7.914057290136e-03 -1.490555533345e-02 -4.300470646197e-03
5.831292179148e-03 3.881243200648e-04 2.024106250132e-03
8.423828722861e-04 3.912004299265e-04 7.164143909260e-03
3.564622978967e-04 -2.688124135579e-04 -3.073957822257e-04
-6.335832575163e-03 1.386558290324e-03 -2.322669898145e-02
7.309130538113e-03 3.728321885698e-04 1.542671553890e-02
-1.509146199685e-02 -3.860442874858e-04 3.623383668451e-04
2.087055679570e-03 -9.532889928121e-04 1.581486913939e-04
3.403926418381e-04 8.542106898267e-04 -7.572243838146e-04
-6.717598951254e-05 -1.382172411234e-04 3.643646261009e-05
-8.802620551426e-05 2.867046445128e-06 -5.807583687508e-06
-1.767173880972e-04 -2.131276089924e-05 3.183343567802e-04
-4.111608649662e-05 -8.903526942133e-05 7.376855280605e-04
4.760100131917e-01 -8.004062338733e-02 -1.615817428685e-01
-4.241376239116e-01 -3.630937545840e-02 1.326560759278e-01
-6.857261128009e-02 -6.909104691911e-01 -1.277763689889e-01
6.909859673848e-03 1.259717668139e-02 -7.580018171305e-03
1.173778830004e-05 2.632791270804e-05 -8.993003838221e-07
6.099228584053e-03 1.102976806826e-03 -1.618813636103e-04
Mode 51
3.130165711918e-02 -6.979711479292e-04 1.322813156768e-03
-9.848932337595e-02 -1.214393143960e-02 3.393720429871e-02
8.448720923092e-03 7.798716179105e-03 -1.621646113243e-02
2.656929275204e-01 2.646224671604e-02 -1.447754403385e-01
-1.683684900628e-01 -3.938384176105e-02 3.755301817292e-01
-1.729826012379e-01 9.101523179062e-03 -2.595231224454e-01
8.649156363732e-03 2.838360411912e-03 1.353695453487e-02
2.945848752588e-01 1.184605236527e-02 8.031173474125e-02
-2.846070141716e-01 -3.926589790550e-02 2.845422750633e-01
3.511874061640e-02 3.172006724975e-02 -3.333842004992e-01
1.637362732530e-02 -5.013598784924e-03 9.696686616097e-02
-1.156660397160e-02 -4.477347570437e-02 4.828801462599e-02
6.565635360475e-03 1.641863391161e-02 1.981796831140e-03
-5.161722606491e-03 8.370688435583e-03 -4.873681110889e-03
5.990806660491e-03 6.192461968623e-03 -2.636160145215e-02
-1.724762562028e-02 -1.441429779562e-03 -3.830268852925e-03
-3.058126377494e-02 9.801313983720e-03 1.787232155205e-02
-3.788965900668e-02 -1.109168979547e-02 1.890487523482e-02
-8.931642117057e-03 -1.710701525223e-03 -2.230008996043e-02
2.289431017619e-01 3.360438972142e-02 -2.901345264495e-01
-3.192143870105e-04 -1.123563367760e-03 2.982421442333e-04
1.520174218626e-01 2.914936774828e-02 -2.744925884224e-01
Mode 52
-4.303704285324e-03 1.299766292420e-03 -7.912880880941e-03
9.528490781770e-02 3.152278648806e-02 -5.841240541559e-02
-2.865335609584e-02 -2.804534290202e-02 7.083672961894e-02
-4.076693004324e-01 8.274887590427e-03 -3.129176800270e-01
1.715618445770e-01 -2.055199763179e-03 7.532539329776e-02
-3.235380886239e-01 -8.508913697016e-03 -1.102547251251e-01
4.527824103086e-03 2.208836737538e-03 -5.380516069426e-04
2.096708659550e-01 -1.108966278208e-02 3.689896057270e-01
-1.602523683128e-01 5.112652899824e-04 -2.106318828753e-01
5.000582573074e-01 1.107936970961e-02 2.052086048375e-01
-3.246926550664e-02 -5.742809842507e-03 -1.458878642355e-02
-5.227073938567e-04 3.092921674941e-02 -4.521675260231e-02
-3.002902123133e-03 -7.851826578197e-03 7.833383520790e-04
3.488428998042e-03 -4.298771032407e-03 4.708813300155e-03
-2.348755742610e-03 -2.527334661805e-03 1.679482560898e-02
2.306772910570e-03 6.113443557927e-04 -1.058253697847e-02
1.802100036504e-02 5.898705125392e-03 1.247327323995e-02
-2.754515018058e-03 -1.225323773094e-02 7.498480346094e-03
-3.245964663689e-03 -5.852167152718e-03 -6.266415737198e-03
2.677992896793e-02 -2.816851857357e-03 6.477345930627e-02
-1.108917357231e-04 -5.731280554927e-04 -1.803487168961e-04
-1.017999615907e-01 -8.485709750234e-03 -7.884127116021e-04
Mode 53
-5.314111888922e-03 -5.341042611919e-04 9.378634369216e-03
7.179865225978e-03 -7.831295834836e-03 -1.786226691169e-03
1.522320017852e-02 1.319206405188e-02 -3.498603138445e-02
-1.458013354261e-01 -4.081350448519e-02 3.302354850530e-01
2.667280157485e-01 4.714327416392e-02 -4.158101753299e-01
-2.042835176874e-01 -2.269642764600e-02 1.595237643725e-01
1.056917885480e-03 -1.085708266504e-03 5.145727903224e-03
7.938999081280e-02 2.086037016268e-02 -2.476928751844e-01
-3.075210507672e-01 -4.748757735617e-02 4.107984442898e-01
3.038683179734e-01 3.982409784061e-02 -2.474253268000e-01
-1.929824136753e-02 1.199782046539e-02 2.176998159182e-02
4.463911310440e-03 -4.841197420464e-02 3.022945130049e-02
2.996030374142e-03 1.194210792115e-02 1.255843510572e-03
-6.488292058561e-03 6.569741328973e-03 -2.634204416279e-03
2.424364745150e-03 4.095403299038e-03 -1.059000062770e-02
3.705476059897e-03 6.772554872909e-04 -2.766788480887e-05
3.225977385941e-03 -4.716762205160e-03 -6.425330688976e-03
1.127337184675e-02 4.857704751957e-03 -4.106290421684e-03
-3.290139213531e-03 3.904819235618e-03 2.388997924759e-04
-1.050583854820e-01 -1.602226234761e-02 1.396863203174e-01
5.700515030634e-04 6.299449597395e-04 -3.735814221971e-04
8.342179178624e-02 1.364401596627e-02 -1.431005462057e-01
Mode 54
1.007637500923e-02 -1.640233229943e-02 4.550382816342e-02
4.779063003900e-02 2.518649551684e-01 -7.389840164641e-01
-5.603357997760e-02 -1.954787604082e-01 5.608612337497e-01
5.186500442439e-02 -1.206547946519e-02 8.122969826996e-02
-3.513931115413e-02 -2.446886504979e-03 7.052203278744e-03
2.770874537759e-02 2.034384406988e-03 -9.198515930146e-04
-2.549388765505e-04 -5.343990307198e-05 4.870177208424e-04
-1.123511357519e-02 -3.085004381663e-04 -1.207183441671e-02
2.207185574248e-03 -1.028501006966e-03 2.083620349096e-02
-2.798658003404e-02 5.986581087239e-03 -7.462768958125e-02
-5.053277969308e-03 -5.482633171766e-03 2.350061720956e-02
1.751504137010e-02 3.372451399844e-03 1.937203254796e-04
-3.889138229913e-03 -1.143682899224e-03 -6.207870643448e-04
-5.374936586246e-03 6.380696681046e-04 1.416169164281e-04
-2.191151232145e-03 2.545337404462e-04 3.058894967599e-04
1.001599282556e-03 1.278533220174e-04 -3.693633709870e-04
2.403332711707e-02 8.583399407706e-03 4.317968026010e-02
1.122646147810e-02 -2.770969742244e-02 2.883944828839e-02
-4.289298293077e-02 2.120365060775e-02 -5.711442135847e-02
-1.171652685611e-03 -7.973491986863e-04 -1.321655795360e-02
-4.892445571113e-06 2.018394617715e-05 1.096866419417e-05
1.178470307783e-02 2.549502937405e-03 -1.155278173786e-02
Mode 55
-1.060662664624e-01 2.617694251052e-02 -1.399235922184e-01
5.823546605306e-03 -9.787390106669e-04 8.672431198495e-04
-4.898504020581e-04 -6.228820320628e-04 1.887137315122e-03
-2.695404190499e-04 2.214332253632e-04 -1.225120075686e-03
5.596211591775e-03 -3.312235257814e-04 2.009955712792e-03
-2.329366710232e-04 8.746446590984e-05 5.230221944647e-04
-9.638736626349e-06 -2.024740913982e-06 -7.394983100743e-06
9.517218080447e-05 -1.812389483586e-05 2.005059119148e-04
7.414015743780e-05 2.296070953843e-05 -4.280138767995e-04
-6.695068684004e-04 -7.914886592872e-05 1.011925721549e-04
-2.013542015829e-05 2.261094504896e-06 1.496263265280e-04
2.057493041521e-04 3.203454950705e-05 -4.280560973857e-05
-4.161738967283e-05 -1.837062843580e-05 -1.819781728982e-06
-4.454889749384e-05 -1.090565188392e-06 8.433830945591e-06
-2.684740879237e-05 -8.761596358367e-07 1.985907192231e-05
3.790623182899e-05 -6.565261307340e-07 -7.693698472589e-07
-5.616535657481e-02 -5.419942914285e-01 2.313417688155e-01
7.103643355569e-02 4.410462309236e-01 4.960035058982e-01
3.296373482809e-01 1.648915391256e-02 -2.514238779616e-01
-1.305264230663e-02 3.149154812099e-04 -8.486742442374e-03
-8.743704916455e-08 -2.942395462577e-07 -1.137252217404e-06
2.385121963507e-04 -2.576272572613e-06 3.006872348710e-04
Mode 56
-1.091111982800e-02 -2.930439256395e-01 -8.031716295836e-02
-1.207470129630e-03 -7.755940765328e-04 -1.378901462927e-03
-1.112707045949e-04 -8.698323575838e-04 3.874693728036e-05
-2.634762340637e-04 -3.673313719327e-04 -3.138226045700e-04
2.571406936723e-03 7.691242287368e-04 1.468642303554e-03
1.170927787362e-04 2.178098581004e-04 2.111669238734e-04
-7.605022315681e-06 5.474565335576e-06 3.082386770374e-06
-6.088723371582e-05 -2.118299805528e-05 -1.579480270505e-04
-4.717251509699e-05 3.731799005460e-05 1.169134827866e-04
1.979628989404e-04 -6.196318931087e-05 4.037167079537e-05
3.988655091531e-05 4.057332790161e-05 -1.304259584067e-05
-9.346833533474e-05 -1.046052354805e-04 -4.978814927685e-05
2.673104295594e-05 4.084566781576e-05 1.879538682772e-05
1.399488493090e-05 1.277572850868e-05 2.219422150850e-06
3.517874915305e-06 1.217306855795e-05 1.375006199020e-05
8.871657582869e-06 -2.493435369211e-05 1.977030207705e-06
6.091723926285e-02 6.106899072460e-01 -2.831345747088e-01
7.303749246315e-02 4.240135209462e-01 5.027022731084e-01
-9.234532266538e-02 -1.845445115611e-02 6.270361250151e-02
-8.004839774901e-03 -8.479897187867e-04 -5.117116411600e-03
1.427123515441e-06 -2.512021987650e-07 -1.082391478179e-06
-8.047208952634e-05 -2.077170811642e-05 -5.816682993194e-05
Mode 57
-2.009461261858e-01 -5.992288417548e-02 2.276878228455e-01
-1.442248213679e-03 -1.604844942091e-03 5.479391960445e-03
1.185803580694e-03 6.516103141896e-04 -2.750747369997e-03
9.482470300021e-04 -5.618790641452e-05 5.457979611507e-04
-5.143399503020e-03 3.142035247444e-04 -3.594999597362e-03
1.667165673836e-04 1.726120786403e-05 -3.233744828617e-04
-7.639405902533e-06 -8.745470082480e-08 1.028594749287e-05
5.792909380400e-06 1.640022853782e-05 -1.352495071033e-04
2.529376948142e-05 -5.538922642361e-06 2.528143210226e-04
3.896169765798e-04 4.381196953083e-05 3.708497749823e-04
4.403966669750e-05 8.500975100519e-05 -2.875110878226e-04
-1.490978964925e-04 -1.646274148920e-04 1.403482585461e-04
4.462609043654e-05 3.830269237026e-05 -4.050371654078e-06
2.599958343759e-05 1.727832042348e-05 -1.931654945480e-05
2.737821287761e-05 1.201903644549e-05 -4.927028430991e-05
-4.304499507209e-05 -6.566986257261e-06 1.035522404829e-05
2.658906000578e-02 3.178668383261e-01 -1.337416357923e-01
-3.049552515885e-02 -1.423718829691e-01 -1.506695397267e-01
6.930088589744e-01 3.371509165878e-02 -5.086675765641e-01
1.774184506218e-02 -6.104699156783e-04 1.059685229706e-02
7.081950792192e-07 -1.049950031038e-07 1.552798070212e-06
-5.522616119308e-04 -4.819683996963e-05 -3.448025854928e-04
Mode 58
1.587013954246e-03 -1.045416672025e-03 -6.743108764073e-03
-2.030421603300e-03 -5.231110698819e-06 -9.420230776759e-04
7.606048460871e-04 1.885075770113e-04 -3.973472337220e-04
-1.059165171254e-03 -1.284313400596e-03 1.052656798369e-02
-2.350509940605e-01 5.984209346729e-03 -1.639546017166e-01
7.713082028385e-03 8.525141728662e-04 -5.952655680312e-03
-2.105634059927e-05 6.673350894274e-05 1.774540020210e-04
8.910136559792e-04 -8.818780343672e-05 1.813879623351e-03
-2.102724686594e-02 -7.094101387192e-04 -1.371754326467e-02
3.131607138369e-03 9.495677651287e-05 7.028409523293e-04
-1.709519861387e-04 1.184502134596e-04 -1.317439637798e-04
5.635602651477e-05 -2.352585094149e-04 1.720709311007e-04
-4.835944293276e-06 3.722247101751e-05 -7.964976529049e-06
-4.227562779377e-05 7.565553943530e-05 -6.497792500077e-05
2.242535064058e-06 1.021790915987e-05 -2.541550887940e-05
5.196900246503e-05 -2.747390168458e-05 9.330114952358e-06
-1.530636792256e-03 -9.612699865193e-03 4.364199697081e-03
5.025200724401e-04 1.397669247254e-02 1.753259532941e-02
-9.844239885795e-03 -1.011609526572e-03 8.749170056277e-03
7.870119173293e-01 -1.926156353733e-02 5.378529585120e-01
1.847969374780e-06 -3.319816397351e-05 1.544367142676e-05
6.961820945287e-02 2.104375605437e-03 4.730356484844e-02
Mode 59
-2.398000300805e-04 -7.535485366421e-06 8.366058702771e-04
3.053884439808e-04 1.267162792439e-04 -3.114185838591e-04
-5.548518163864e-05 -6.561344114441e-05 2.259830242753e-04
9.003126956878e-04 1.204604172778e-04 3.090973903756e-04
2.154369024377e-02 -4.866522582102e-04 1.478538682658e-02
5.504865812259e-04 -1.544668974480e-04 1.280175787432e-03
4.455750843449e-05 -7.753579874063e-06 -7.344809274880e-06
-1.931839582629e-03 -7.578082543152e-04 1.316489746398e-02
-2.416000507982e-01 -7.978056462403e-03 -1.626897610160e-01
1.176559069143e-02 1.568861684315e-03 -7.945909242266e-03
-4.437941480621e-04 -3.340969814934e-04 1.088660765648e-03
-6.916135350021e-04 -1.480900228212e-04 8.059683086478e-04
3.312583026311e-05 6.279232917811e-05 -3.708182969416e-05
2.119581041162e-04 4.950870809070e-04 -7.671873868187e-04
9.004947351922e-05 -4.150094063562e-05 -7.426084507691e-05
4.815580093743e-04 5.512077172549e-05 -4.123234939273e-04
1.672544052757e-04 1.338125762164e-03 -5.833587318414e-04
-1.180634293545e-04 -1.457212045545e-03 -1.785972984394e-03
1.145170193352e-03 1.113099282320e-04 -1.063201083291e-03
-6.926256601757e-02 1.723051087933e-03 -4.726949457901e-02
-3.965228056443e-06 6.219343358537e-06 -5.803870635210e-06
7.881239258869e-01 2.389415255675e-02 5.341071558218e-01
--
Dipole derivatives 
Mode 0
-1.161932905037e-02 -3.246423941667e-03 9.555572955057e-03
Mode 1
-2.297439003439e-02 6.133952646382e-03 -1.720910684805e-02
Mode 2
-2.852505186036e-02 -1.013000289545e-02 -1.989867696941e-02
Mode 3
2.595511897854e-02 -3.609191173088e-03 1.086124808454e-02
Mode 4
7.046297707317e-03 -9.706412547641e-03 5.102713350195e-03
Mode 5
1.471498247378e-02 7.601410777426e-03 1.688150412528e-03
Mode 6
-2.378483076443e-02 -5.418910506155e-03 -2.964047148528e-02
Mode 7
1.467383762040e-02 -3.587663067966e-03 -3.153600842250e-02
Mode 8
-7.516835214718e-04 1.052787165888e-02 -4.133908924235e-02
Mode 9
1.110166735287e-02 8.754299303713e-03 -1.621684256373e-02
Mode 10
1.780177759041e-02 8.982694550166e-03 -2.632439128205e-02
Mode 11
-3.781460882085e-03 -3.722491033563e-02 8.098819839155e-03
Mode 12
1.958125180739e-03 -4.081720925546e-02 -1.417432813466e-02
Mode 13
-2.556656274432e-02 -3.110891020129e-02 1.297173916453e-02
Mode 14
4.331284224991e-03 -4.838689082936e-03 3.989276045061e-02
Mode 15
2.452974254493e-02 -2.860246841176e-02 -1.377961704542e-02
Mode 16
8.770749556805e-03 3.240636099394e-03 -3.943357771954e-02
Mode 17
-2.667873137885e-02 -1.919357727583e-02 2.048967729089e-02
Mode 18
-2.317721156624e-02 -6.161814040202e-03 -1.277535357537e-02
Mode 19
-1.374508220732e-02 9.557314180431e-03 5.122669329367e-02
Mode 20
-4.952547595911e-02 2.829504882240e-02 3.600866583062e-02
Mode 21
-2.347613444629e-02 3.326658601789e-02 8.839980503923e-02
Mode 22
2.224733285340e-02 -2.834502311319e-02 -2.610969836289e-02
Mode 23
3.517195798939e-02 -1.379107889054e-02 7.435935971235e-02
Mode 24
4.405758530966e-02 5.913461954807e-02 -9.530483914978e-02
Mode 25
3.342634363320e-02 -6.443713069031e-02 -4.628105162666e-02
Mode 26
-6.142836834716e-03 -4.372878216574e-02 1.300621567576e-02
Mode 27
2.076856585213e-02 3.302939086412e-02 7.826013659751e-02
Mode 28
-3.667886641078e-02 -1.940239535161e-02 -3.048154745487e-02
Mode 29
-2.600571007575e-02 -5.709221213796e-02 3.487892430490e-02
Mode 30
-4.037845926153e-02 -2.786567677419e-02 2.493746088326e-02
Mode 31
6.643137767739e-03 -4.020650953745e-02 -1.517678544116e-03
Mode 32
4.646199774455e-02 9.927557624534e-02 -3.111645531479e-02
Mode 33
-4.780720345885e-02 5.035223115579e-02 4.383854415879e-03
Mode 34
-8.643054549966e-02 -2.780880409934e-02 -4.323847368858e-02
Mode 35
-5.519755244643e-02 1.834945062293e-04 1.050543787450e-01
Mode 36
-9.316860270218e-03 6.027964487947e-02 2.486091122566e-01
Mode 37
-3.367844703259e-02 1.545568644180e-02 -1.570354693660e-02
Mode 38
4.670179091193e-02 -1.103448359484e-01 -1.209518150887e-01
Mode 39
4.241854014600e-02 -9.221756561247e-02 1.412665127281e-02
Mode 40
-1.481285641217e-01 4.757131006712e-01 4.116409323962e-01
Mode 41
1.563194402716e-01 1.629947633157e-01 1.549038423545e-01
Mode 42
-3.663563856321e-01 -6.130996482656e-01 2.702273139155e-02
Mode 43
-2.534536279020e-01 -2.977380250615e-01 3.838292640048e-01
Mode 44
-5.546700576203e-02 2.835863448439e-01 1.394384617865e-01
Mode 45
2.470675511184e-01 -7.352693805255e-01 3.632300834004e-01
Mode 46
-4.302868928818e-02 1.273860285958e-01 -1.068808938361e-01
Mode 47
-5.522780683280e-02 1.873185271270e-02 2.101740528059e-01
Mode 48
-9.839509650783e-02 1.930352786508e-01 7.466472262781e-02
Mode 49
1.089645959371e-02 7.803811023911e-02 -7.232790777357e-02
Mode 50
-9.477149309217e-02 -1.532626713627e-02 -4.001551873494e-02
Mode 51
-7.101422664285e-02 1.670158212358e-01 -7.359003916151e-02
Mode 52
8.844648655404e-02 -6.046674372960e-02 -2.373271595653e-01
Mode 53
2.795985990302e-02 1.403354837090e-01 -2.592480229607e-01
Mode 54
2.451954960863e-02 4.497660072384e-01 -2.385015082661e-01
Mode 55
2.373701582761e-04 3.475991620469e-02 -1.912102448472e-02
Mode 56
-5.580996206177e-02 -1.986748905115e-02 -2.051143441042e-02
Mode 57
-1.984999445332e-02 -2.468092077750e-02 7.107482153747e-02
Mode 58
5.404736013123e-03 -1.505585263865e-02 -1.586068372716e-03
Mode 59
2.246092121990e-02 -2.003811200860e-02 -3.484728365896e-02
--
Polarizability derivatives 
Mode 0
1.897312230272e-01 1.950851926376e-03 7.425235057384e-01
1.950851926376e-03 -5.980748781099e-02 7.290533546093e-01
7.425235057384e-01 7.290533546093e-01 -1.011158721751e-01
Mode 1
-8.540712450448e-02 -3.893749611752e-01 -3.241381966807e-01
-3.893749611752e-01 4.146729665046e-01 -5.028518029113e-01
-3.241381966807e-01 -5.028518029113e-01 -7.303385756048e-02
Mode 2
4.918992196385e-01 -3.180351912163e-01 -3.369889054304e-01
-3.180351912163e-01 -9.549224155792e-01 -1.093778937059e-01
-3.369889054304e-01 -1.093778937059e-01 -3.312316325258e-02
Mode 3
4.599688416626e-02 2.156507502985e-01 5.034400432273e-03
2.156507502985e-01 3.631006929238e-02 2.057687684476e-01
5.034400432273e-03 2.057687684476e-01 -8.986532667957e-02
Mode 4
2.820490336646e-01 -7.170401006876e-01 2.545910259507e-01
-7.170401006876e-01 -1.900772396445e+00 5.135754547108e-01
2.545910259507e-01 5.135754547108e-01 -6.180028134483e-01
Mode 5
1.943763444753e-01 1.658154247325e-01 -1.818799296986e-01
1.658154247325e-01 -6.115115694710e-02 6.717873641708e-03
-1.818799296986e-01 6.717873641708e-03 -7.458691367455e-01
Mode 6
-3.906011808858e-02 7.504496271434e-02 -6.459620029247e-02
7.504496271434e-02 4.536803009083e-01 -4.890301746253e-02
-6.459620029247e-02 -4.890301746253e-02 1.456112852802e-01
Mode 7
-1.014743676333e+00 -3.751222147593e-01 6.549341581943e-02
-3.751222147593e-01 -2.885807997360e-01 6.274660500055e-01
6.549341581943e-02 6.274660500055e-01 -2.186912459227e-02
Mode 8
4.467617582363e-01 -4.525255454622e-01 -4.406298016414e-01
-4.525255454622e-01 -6.347780931182e-01 2.527690979892e-01
-4.406298016414e-01 2.527690979892e-01 -5.486049815534e-01
Mode 9
-1.169091663436e-01 -6.661149011012e-02 -2.493251436520e-01
-6.661149011012e-02 -3.050225611301e-01 3.622029311075e-01
-2.493251436520e-01 3.622029311075e-01 -1.452453912132e-01
Mode 10
5.063796712964e-01 3.290680937886e-01 1.132031721113e-01
3.290680937886e-01 7.901529218691e-01 -1.033178376272e+00
1.132031721113e-01 -1.033178376272e+00 -1.331704923591e-01
Mode 11
-4.654125206362e-01 8.620241291957e-01 1.737133768659e-01
8.620241291957e-01 1.527385919739e+00 -2.665940849399e-01
1.737133768659e-01 -2.665940849399e-01 3.988957420988e-01
Mode 12
-6.136317391779e-01 4.488877133773e-01 1.205317390304e-01
4.488877133773e-01 4.123490473770e-01 -5.695967317764e-01
1.205317390304e-01 -5.695967317764e-01 -3.295231572711e-01
Mode 13
-7.125298907552e-01 7.056368710185e-01 -4.915498765740e-01
7.056368710185e-01 4.126750287496e-01 -2.882637356716e-01
-4.915498765740e-01 -2.882637356716e-01 8.878923357421e-01
Mode 14
9.568507429749e-01 -9.768008503524e-03 -2.981859640485e-01
-9.768008503524e-03 1.214605531859e+00 -3.732168424227e-01
-2.981859640485e-01 -3.732168424227e-01 1.638767453842e+00
Mode 15
1.344127970217e+00 1.341280585520e+00 -3.853125533043e-01
1.341280585520e+00 2.109871151794e+00 -1.166356085114e+00
-3.853125533043e-01 -1.166356085114e+00 4.575552745566e-01
Mode 16
-1.837502382069e-01 -2.726943762699e-01 -1.350039264787e-01
-2.726943762699e-01 -1.292039384167e+00 -5.194470338452e-01
-1.350039264787e-01 -5.194470338452e-01 1.157688627693e+00
Mode 17
6.567699137750e-01 1.011831024145e+00 -8.299836263872e-01
1.011831024145e+00 3.989322193349e+00 -1.156132748827e+00
-8.299836263872e-01 -1.156132748827e+00 2.361098515501e-01
Mode 18
3.626137011435e-02 6.292780391876e-01 -4.528583950400e-01
6.292780391876e-01 3.833671426962e-01 -5.143729791124e-02
-4.528583950400e-01 -5.143729791124e-02 1.520244839655e-02
Mode 19
1.060472331516e-01 1.385655831277e+00 -8.257222080294e-01
1.385655831277e+00 2.907391193421e+00 -1.312257073083e+00
-8.257222080294e-01 -1.312257073083e+00 7.929953578877e-01
Mode 20
-1.178398781317e-01 4.562125001212e-01 -6.987474957200e-02
4.562125001212e-01 9.056369260903e-01 5.873491377930e-03
-6.987474957200e-02 5.873491377930e-03 -3.175524471818e-01
Mode 21
-1.412515703724e-01 -3.640208015043e-01 4.145462099664e-01
-3.640208015043e-01 -1.465750630642e-01 -2.941787814494e-01
4.145462099664e-01 -2.941787814494e-01 7.420762418159e-01
Mode 22
1.248146066344e-01 7.663856267572e-01 -2.219871504236e-01
7.663856267572e-01 2.255642763613e+00 -1.023076351556e+00
-2.219871504236e-01 -1.023076351556e+00 6.410606450024e-01
Mode 23
-1.747435236989e-01 3.062360565468e-01 -1.491317034903e-01
3.062360565468e-01 -5.415117301756e-01 2.817083469936e-01
-1.491317034903e-01 2.817083469936e-01 -1.710980641925e-01
Mode 24
-3.270650230915e-01 1.046216058900e+00 -3.658290054665e-02
1.046216058900e+00 1.998575150951e+00 -1.038414970354e+00
-3.658290054665e-02 -1.038414970354e+00 -3.134108708734e-01
Mode 25
-4.853134596843e-01 -2.447220143428e-01 -1.315019681589e-02
-2.447220143428e-01 -3.523381504194e-01 3.167006298602e-01
-1.315019681589e-02 3.167006298602e-01 5.782845552892e-01
Mode 26
-1.543606172050e-01 3.888760997397e-02 -5.938616136762e-02
3.888760997397e-02 2.290514809549e+00 -4.014029299262e-01
-5.938616136762e-02 -4.014029299262e-01 6.139236692632e-01
Mode 27
3.133879203023e-01 -1.588573551976e-01 -3.708710215621e-01
-1.588573551976e-01 4.552209896710e-01 1.614137302869e+00
-3.708710215621e-01 1.614137302869e+00 5.756806947448e-01
Mode 28
-1.739771289391e-01 9.595350844726e-01 1.509085861807e-01
9.595350844726e-01 1.608397264898e+00 -1.583367561001e+00
1.509085861807e-01 -1.583367561001e+00 -2.324745357853e-01
Mode 29
6.182676065474e-01 -1.286537719507e+00 -1.783627380659e-01
-1.286537719507e+00 -5.120307387647e-01 8.282105383219e-01
-1.783627380659e-01 8.282105383219e-01 1.100325781834e+00
Mode 30
4.461708888015e-01 -9.441742676157e-02 -4.267966955498e-01
-9.441742676157e-02 3.654967560638e+00 -6.096739290822e-01
-4.267966955498e-01 -6.096739290822e-01 1.120239978350e+00
Mode 31
-8.027344869182e-01 -5.655675127242e-01 6.568877127024e-01
-5.655675127242e-01 -4.359935928492e+00 4.622472399418e-01
6.568877127024e-01 4.622472399418e-01 -1.197159935574e+00
Mode 32
9.723463805906e-01 -6.381345186668e-01 2.621345551380e-01
-6.381345186668e-01 -2.509614488599e+00 9.258261592707e-01
2.621345551380e-01 9.258261592707e-01 -2.835820080744e-02
Mode 33
-5.286162705849e-01 4.548429863958e-01 5.505645819242e-01
4.548429863958e-01 -5.293134856959e-01 7.996408964940e-01
5.505645819242e-01 7.996408964940e-01 3.194087581494e-02
Mode 34
2.866311960953e-01 4.162904745194e-01 -4.960594269492e-01
4.162904745194e-01 5.943360065882e-01 -3.334655305019e-01
-4.960594269492e-01 -3.334655305019e-01 1.284390472602e-01
Mode 35
-1.618488567362e-01 -7.461209715230e-02 4.451167353223e-01
-7.461209715230e-02 -5.503573531554e-01 3.334376577707e-01
4.451167353223e-01 3.334376577707e-01 -2.439187031676e+00
Mode 36
-4.759341352821e-01 9.899331827713e-01 3.536018412947e-01
9.899331827713e-01 2.958528924278e+00 -4.652601963941e-01
3.536018412947e-01 -4.652601963941e-01 -1.903078972272e+00
Mode 37
-3.217505813703e-01 3.009345057055e-02 4.837945200400e-01
3.009345057055e-02 1.726946009404e-01 5.068878244134e-01
4.837945200400e-01 5.068878244134e-01 4.395914161199e-01
Mode 38
-2.123259732647e-01 -1.167343204983e+00 8.802995352700e-01
-1.167343204983e+00 -6.803147492745e+00 2.832466006540e+00
8.802995352700e-01 2.832466006540e+00 -2.090509847430e+00
Mode 39
-1.037605184424e+00 -2.690118528842e+00 1.611576390740e+00
-2.690118528842e+00 -1.301286913093e+01 4.888982351529e+00
1.611576390740e+00 4.888982351529e+00 -4.110637674563e+00
Mode 40
-8.017902812968e-01 -9.383239130793e-01 2.586854149526e-01
-9.383239130793e-01 -5.347750673945e+00 2.055919620671e+00
2.586854149526e-01 2.055919620671e+00 -2.934975807405e-01
Mode 41
6.234869629129e-01 1.113421451744e+00 -6.207891254499e-01
1.113421451744e+00 5.498970239740e+00 -1.951946043865e+00
-6.207891254499e-01 -1.951946043865e+00 7.892997959713e-01
Mode 42
8.867570702856e-01 1.815224145419e+00 -1.468115737114e+00
1.815224145419e+00 1.181344999319e+01 -4.790645313433e+00
-1.468115737114e+00 -4.790645313433e+00 4.337912276408e+00
Mode 43
-5.251789288770e-01 -7.066748010115e-01 1.726571102755e+00
-7.066748010115e-01 -3.553689631599e+00 2.758642086006e+00
1.726571102755e+00 2.758642086006e+00 -5.702491599991e+00
Mode 44
-9.217814686879e-01 -9.788050422176e-01 1.092087138176e+00
-9.788050422176e-01 -7.102975179600e+00 2.894331190364e+00
1.092087138176e+00 2.894331190364e+00 -3.994692993690e+00
Mode 45
5.817103871886e-01 9.775689382432e-01 -4.047553828687e-01
9.775689382432e-01 4.287351400805e+00 -1.219032757447e+00
-4.047553828687e-01 -1.219032757447e+00 4.919395818478e-01
Mode 46
-9.122440439938e-01 -5.068202992558e-01 1.113722723235e+00
-5.068202992558e-01 1.871082648875e+00 1.740381842086e+00
1.113722723235e+00 1.740381842086e+00 -1.895781630719e+00
Mode 47
-1.729717697397e-01 -6.383229804813e-01 -4.512370327006e-01
-6.383229804813e-01 4.864424133967e-01 1.182066687854e+00
-4.512370327006e-01 1.182066687854e+00 -7.517105638805e-01
Mode 48
-4.297317349637e-01 6.222567214130e-01 -2.813850987639e-01
6.222567214130e-01 1.416548790100e+00 -1.886499055297e+00
-2.813850987639e-01 -1.886499055297e+00 -5.279792332751e-01
Mode 49
-1.399098949718e+00 -4.668250003370e-01 2.494443886946e-01
-4.668250003370e-01 2.809513146171e+00 -6.512417581445e-01
2.494443886946e-01 -6.512417581445e-01 -1.344127114031e+00
Mode 50
1.517253408304e+00 -3.179174529255e-01 -3.108294871270e+00
-3.179174529255e-01 -5.120430630291e-01 -5.267400328774e-01
-3.108294871270e+00 -5.267400328774e-01 -7.150038093442e-01
Mode 51
-3.339121265258e-02 2.092167998449e+00 1.141529261965e-01
2.092167998449e+00 7.607058076178e+00 -1.413293187849e+00
1.141529261965e-01 -1.413293187849e+00 -2.018233798883e+00
Mode 52
4.515844011303e-01 2.142431855581e+00 -1.394341238460e+00
2.142431855581e+00 1.199990633159e+01 -5.587079114051e+00
-1.394341238460e+00 -5.587079114051e+00 6.394966406017e+00
Mode 53
-1.303562863663e-01 -1.447636130072e+00 -8.352475878904e-01
-1.447636130072e+00 -1.785265508432e+01 5.118321831505e+00
-8.352475878904e-01 5.118321831505e+00 5.828272738493e+00
Mode 54
3.828663800783e-01 2.730146974644e-01 -1.107851180610e+00
2.730146974644e-01 1.337533958391e+00 -3.009838481231e+00
-1.107851180610e+00 -3.009838481231e+00 5.863442038181e+00
Mode 55
-6.369008335578e+00 2.167168339635e-02 5.915754403968e-01
2.167168339635e-02 -4.224985829621e+00 -1.521960110506e-01
5.915754403968e-01 -1.521960110506e-01 -6.731096051614e+00
Mode 56
-2.418491056839e+00 4.097080689071e+00 5.412054153376e-01
4.097080689071e+00 1.643078614460e+00 5.962495124114e-01
5.412054153376e-01 5.962495124114e-01 1.538901222675e+00
Mode 57
2.078773967862e+00 1.507587322172e-01 1.998333800795e+00
1.507587322172e-01 1.162232940590e+00 2.931772956119e+00
1.998333800795e+00 2.931772956119e+00 -1.039268481457e+01
Mode 58
-1.635725053735e+00 1.617393827768e+00 1.824675274297e+00
1.617393827768e+00 -7.868397398684e-01 -2.102238413741e+00
1.824675274297e+00 -2.102238413741e+00 -3.423743141997e+00
Mode 59
2.139844569518e+00 -3.205130195875e+00 -2.026012081510e+00
-3.205130195875e+00 6.191992153549e+00 3.197272086826e+00
-2.026012081510e+00 3.197272086826e+00 2.891958681152e+00
--
