Number of atoms 
20
--
Anisotropy 
121.046
--
Frequencies 
20.482473105459
28.427143076574
45.998613606261
54.775274813236
70.817638582327
73.254758346825
96.302354648342
126.167254257191
169.978205420017
197.214959095160
249.470237435509
273.279715150979
298.217781154655
324.274302993347
348.670328884840
362.860407745395
419.572741647039
438.829753625881
483.095910221910
492.133399401284
513.497398323985
568.165096699052
584.849353064161
594.912576761889
616.529026641819
651.317973932314
682.259658185771
687.293844987705
739.215529609305
766.556907664717
801.277918069287
855.765949942057
881.569856042933
930.376438491472
992.609677851773
1009.041295217776
1157.657763066712
1159.559505808769
1210.704624004504
1226.550531605853
1245.476602895532
1252.368537653758
1270.014102259843
1286.881306380394
1329.177355011574
1356.844500667757
1482.992332077257
1503.880086446767
1611.586951123222
1652.504535030429
1886.605639280375
3185.649627188491
3214.482457180618
3803.605940306873
--
Displacements 
Mode 0
4.183177897463e-01 -2.359269609450e-01 -9.479719977092e-02
1.366899479848e-01 -1.126566913512e-01 -5.481844558365e-02
1.044195462006e-01 -6.666685807653e-02 -1.094016918688e-01
4.045502301158e-02 7.474208882854e-03 -1.061144149678e-01
6.069909119040e-03 3.093781599130e-02 -5.399682556904e-02
3.982868421987e-02 -2.861945345585e-02 -1.045911120983e-03
1.021991486411e-01 -1.011024537937e-01 -3.418712874421e-03
1.516692501924e-01 -1.773201644206e-01 6.126542145550e-02
9.367833567516e-02 -1.090523333970e-01 -3.677656847323e-02
7.811882300965e-02 2.883687772460e-02 5.281773263077e-02
1.677565131553e-01 -2.874669086089e-01 -4.706532629430e-02
5.348687073953e-02 -1.004550575651e-01 -2.359662244590e-01
1.154899734596e-02 -1.331400250695e-02 6.125448920945e-02
-6.850439310643e-02 1.245593114819e-01 -4.568455977603e-02
-1.342892306215e-01 1.628152544700e-01 3.538613960272e-02
-9.098429861508e-02 2.246648906174e-01 -1.538655743643e-01
-3.587872898072e-01 2.110755102701e-01 2.185918951746e-01
3.843164296440e-02 -2.441087854383e-02 -4.426338929713e-02
4.980713288736e-03 1.407813807752e-02 -4.134071182470e-02
-9.880491197474e-03 4.833131130559e-02 -5.573683619926e-02
Mode 1
1.338195703228e-02 -7.245121145534e-02 -1.132104078228e-01
-2.857520454484e-03 -6.783902185042e-02 -6.971756755338e-02
4.273249664923e-04 -1.133718812831e-01 -7.182551813224e-02
-2.765662824625e-04 -6.862982516499e-02 -6.914749931888e-02
-3.802527421963e-03 2.453576944872e-02 -6.437840224643e-02
-6.537171048171e-03 4.894997361165e-02 -6.418094494389e-02
-4.681416051828e-03 -2.695435192125e-03 -6.756508704848e-02
-1.589521314459e-02 3.960156353389e-02 -8.945754814836e-02
6.022403346750e-02 -4.613753452540e-02 6.201951064473e-02
2.206459891207e-01 -4.256529834107e-01 -2.021479057408e-01
-1.191558886617e-01 2.933129364403e-01 4.725429135240e-02
2.249604290648e-01 -1.520136875785e-01 5.456295836460e-01
-7.909951862924e-03 1.686500260808e-01 -8.124198010190e-02
-1.765081612083e-03 1.106676503758e-01 -5.558967036417e-02
4.533621459451e-02 2.406372125431e-01 -1.300996657805e-02
-5.431306609814e-02 8.628379220507e-02 -1.138762663600e-01
-1.056812621491e-01 -5.585970904375e-03 1.157842059095e-01
8.004317035686e-04 -4.947796248460e-02 -2.170434139957e-02
9.310505255987e-04 -2.829771880111e-02 -1.997664480946e-02
-2.417983144302e-02 1.308502044989e-03 -3.962029081646e-02
Mode 2
1.940010185427e-01 -3.635318186359e-02 9.489515778387e-02
7.584919288958e-02 7.089789754650e-02 6.005225004942e-02
5.633549173336e-02 1.557157349197e-01 3.833298258704e-02
2.457057391212e-02 1.411652126114e-01 3.736040120651e-02
1.643720797755e-02 1.817462478190e-02 5.026751782507e-02
3.280417509513e-02 -3.966673913268e-02 7.577699752626e-02
6.250110642109e-02 8.179628574578e-03 8.058115706919e-02
8.715613885272e-02 -4.270335923303e-03 1.261849323202e-01
7.329205376527e-02 -6.270476986325e-03 1.587453352743e-01
1.083145932822e-01 -8.275809012681e-02 1.611775590862e-01
6.729239201431e-02 9.427883823873e-02 2.112684319757e-01
9.437756710805e-02 -4.832110981481e-02 3.057376405943e-01
2.588212155015e-02 -1.775086608708e-01 1.295760683062e-01
-2.060571093419e-02 -7.742281254380e-02 4.037580664757e-02
-1.944281033968e-01 -3.655810841232e-01 -1.018068157749e-02
1.338554560026e-01 1.406926596189e-01 9.114823975083e-02
-2.635670738765e-01 6.546213136111e-02 -4.850245482785e-01
1.958457319547e-02 6.297936470561e-02 5.916646659143e-03
3.009999037682e-03 6.052489879817e-02 7.136341285256e-03
7.058230780869e-02 7.516244946101e-02 3.220500416510e-02
Mode 3
2.702475905491e-02 5.608367254653e-02 9.803030604594e-02
5.887726681339e-03 7.469622488471e-02 5.929316882444e-02
1.827905424287e-03 4.435584604697e-02 4.629379895999e-02
-5.876659211053e-03 -7.175204259813e-04 4.153917432266e-02
-1.907636375417e-02 3.455970864013e-02 6.322771601564e-02
-1.260550070246e-02 9.814312187256e-02 7.348874089854e-02
-1.064721360764e-03 8.341431248824e-02 7.036099705926e-02
-6.013973893451e-03 7.430849145686e-03 7.349252405977e-02
9.634910736517e-02 -7.570949775405e-02 3.783164921416e-02
6.199957330084e-02 -1.689014632889e-01 9.155493343381e-02
1.807379689216e-01 -2.494779339109e-01 4.788520129089e-02
2.531264738248e-01 6.884488288140e-03 -3.637808838551e-02
-2.088789702678e-02 1.645523256996e-01 9.187476257679e-02
-2.872010877355e-02 -4.814884632312e-02 5.456789554863e-02
2.023095245865e-01 2.525508410071e-01 7.040020004386e-02
-3.222395603792e-01 -5.568358034322e-01 5.683350918891e-02
-1.221829650498e-01 9.971839226733e-02 -2.703880850828e-01
2.068590001248e-03 8.166145432252e-03 1.111539687519e-02
-2.934399640996e-03 -2.171955203038e-02 4.695541907449e-03
-1.304516916737e-01 -1.682882411156e-01 2.495402355916e-02
Mode 4
1.054088009318e-01 3.614550110647e-02 7.471723041818e-02
4.565347619814e-02 -1.242281693510e-02 4.793181617059e-02
3.438928343284e-02 6.915797117339e-02 4.367035908575e-02
2.596589640513e-02 5.199975937092e-02 4.123119231879e-02
1.762834976292e-02 -5.859641810338e-02 6.198997650103e-02
3.039741016683e-02 -1.973212079701e-01 5.887983786108e-02
3.196289514825e-02 -1.454723567278e-01 6.084687365139e-02
6.889164739149e-02 -1.948880879962e-01 1.275325408985e-01
-9.163759589445e-02 -2.324517049825e-02 -1.121240274607e-02
8.647786601276e-02 1.468944142166e-01 -1.817453359996e-01
-3.553074450307e-01 1.275442477989e-01 -1.063211923344e-01
-2.762889648942e-01 -1.667126865287e-01 1.127274253334e-01
6.244594982899e-02 -4.416182692582e-01 3.338576798168e-02
-1.670917445182e-02 6.908730667203e-02 7.518715548221e-02
9.319466839924e-02 3.477847343398e-01 2.094974278271e-01
-1.764834660081e-01 -7.707727917812e-02 -2.609555669725e-02
9.611909754624e-02 1.264132018379e-01 -1.677998568633e-01
9.838098031552e-03 4.470391006673e-02 1.264617098656e-02
2.548318436554e-03 3.825194242734e-02 7.403310759149e-03
-6.476248900911e-02 -5.449341055014e-02 -2.358649942141e-02
Mode 5
-1.873017585063e-01 8.891518543562e-02 -7.005107351603e-02
-3.070315089133e-02 -5.087137415341e-02 -4.260856850156e-02
-8.735824706227e-03 -1.015168588818e-01 -6.734122622774e-03
2.969209008542e-02 -1.090266415115e-01 -6.465659972416e-03
5.130966024765e-02 -1.010464623617e-01 -3.937861571202e-02
3.136641345816e-02 -1.458126467798e-01 -7.939134051429e-02
-6.809252515073e-03 -7.218765667905e-02 -7.745827431727e-02
-3.385244035557e-02 4.473640495421e-02 -1.350399066055e-01
-1.107607493364e-02 -7.894832608035e-03 1.293365832262e-01
-2.708139123002e-01 -7.964884444506e-02 4.240391857760e-01
3.123465245393e-01 1.741892741228e-03 3.377775340083e-01
-8.043491180662e-02 6.067075132535e-04 4.268072611720e-02
5.979934619081e-02 -2.829549640670e-01 -1.369915301220e-01
1.162207122680e-01 1.014424949749e-01 -1.644509075718e-02
2.269204041409e-01 3.257517700946e-01 6.884796283488e-02
1.152412440058e-01 1.498995272767e-01 -8.125183953311e-02
-6.209740934543e-02 5.213703235115e-02 -1.005356824124e-01
-7.704158927961e-03 -2.868094404852e-02 6.032355244358e-03
1.192651023521e-02 -2.770622740880e-02 5.621901924016e-03
8.903858474856e-03 -2.111376421210e-03 -4.224703556791e-02
Mode 6
9.556645795392e-02 -1.581062089967e-01 -1.241046168852e-01
1.964542138203e-02 1.245038339371e-01 -7.742347848038e-02
3.611331807367e-03 3.919216718673e-01 -6.941312919768e-02
-3.067169769058e-03 4.570877602127e-01 -6.600855747999e-02
6.175555947245e-03 2.178606750098e-01 -7.675612965423e-02
1.868337190537e-02 3.453245689355e-02 -8.719541540463e-02
2.147904155597e-02 5.187173684124e-02 -8.158270883376e-02
3.987358331025e-02 4.428152778331e-02 -7.479619677961e-02
1.207302375126e-02 5.256862636736e-02 1.514172023986e-02
-3.200983417698e-02 5.445537601719e-02 6.545904827301e-02
7.881932728165e-02 1.472577903708e-01 6.974479898411e-02
-3.961464430183e-02 3.225204826407e-02 3.765036887307e-02
4.452314838112e-02 -2.337021695002e-01 -1.447550264586e-01
2.036904394073e-02 2.709300870226e-02 -1.019133593296e-01
1.243062854785e-01 4.253289130378e-02 -2.314540216530e-01
-6.862174165135e-02 -2.512714930923e-01 -1.279479912877e-03
-1.033018473916e-01 -2.449652385125e-01 2.639104797965e-01
8.073743427227e-04 1.470308601060e-01 -1.985628951823e-02
-6.253292741351e-03 1.803760213621e-01 -1.907543137902e-02
-3.541309005391e-02 -4.229993379731e-02 3.275086412641e-02
Mode 7
1.958264746024e-01 -1.123530668238e-01 -7.371333348544e-02
-2.373680890708e-02 -9.788697991357e-02 -3.499313167211e-02
-3.668088484986e-02 3.200879325251e-03 -2.976232773561e-02
-5.514284179723e-02 7.193805838660e-02 -1.411281244017e-02
-5.855650657960e-02 9.915193285128e-02 -5.019523860568e-03
-6.965930134371e-02 9.001833130112e-02 -6.450859082048e-03
-4.907130067882e-02 -1.314117629120e-01 -1.038074530934e-02
-2.096182829122e-02 -2.534609335416e-01 6.439151794693e-02
-1.239101627651e-01 -1.364660973647e-01 6.879651389852e-02
-1.517709576370e-01 -4.328623205130e-02 1.191442466469e-01
-1.531271318197e-01 -8.243319428730e-02 1.113038961288e-01
-3.459256881186e-01 -2.703353869054e-01 7.502150637824e-02
-1.043106619342e-01 3.906897133403e-01 6.427123537306e-03
1.192170441878e-01 2.203521209022e-02 -8.904765156271e-03
2.877508643058e-01 -6.127798886506e-03 -2.278115808295e-01
2.490400746718e-01 -5.750160430926e-02 2.454522244878e-01
8.276935676881e-02 1.552774822720e-01 -8.603905143835e-02
-1.023573935328e-02 6.270587526376e-03 -9.530041732988e-03
-1.840444587767e-02 3.125323641255e-02 -5.730429661611e-03
1.891474295849e-02 -1.489797267294e-02 9.315852063660e-02
Mode 8
4.031666534900e-01 -2.233533418066e-01 1.530550923911e-02
-1.098652345975e-01 3.140793772964e-02 1.155283775365e-02
-1.308602808490e-01 -8.489811750581e-02 -3.578879237026e-02
-1.629794661680e-01 -8.693112673588e-02 -1.965792278645e-02
-1.721753003642e-01 -7.917387730224e-02 4.282703646417e-03
-1.616090245745e-01 -4.531331347957e-02 2.563084348018e-02
-1.466036253985e-01 1.468396170263e-01 5.342132910465e-02
-2.045055397605e-01 2.318767229041e-01 3.283356789801e-02
-4.164198488471e-02 8.165800141630e-02 -2.276377866390e-02
-5.706646882426e-02 -8.182359741046e-02 -8.192821817582e-02
-8.945317760361e-02 -6.373812096168e-02 -8.636704905783e-02
2.336520694477e-01 2.615510865022e-01 -2.551121961913e-02
-2.078797903933e-01 -3.375592042406e-01 3.278863905396e-02
2.764193575290e-02 1.457304263896e-03 2.387655401028e-02
2.136080563544e-01 1.086532935450e-01 -9.519585973783e-02
1.947504752928e-01 7.781755264425e-02 2.241939536741e-01
4.496936058005e-02 5.567790098910e-02 -1.454570939323e-02
-3.232938331660e-02 -5.341500275914e-02 -1.911089894503e-02
-5.007439160103e-02 -3.370580820426e-02 -1.178017289044e-02
-5.926144443728e-03 -1.723788265937e-02 6.249063976798e-02
Mode 9
3.193504813186e-01 -2.200116469653e-01 1.130290342229e-01
-5.611545100593e-02 -4.039811271959e-02 6.757701585138e-02
-1.660514696168e-02 -2.168775683126e-03 1.258517217696e-01
1.134503391420e-01 7.229075755172e-02 1.383376669924e-01
1.544637119395e-01 7.934220099624e-02 8.705333131689e-02
1.301355127945e-01 4.345376269237e-02 1.580088648117e-02
-2.807752453249e-02 -1.648471156030e-03 -2.953734798888e-03
-2.348993668281e-01 1.098306119460e-01 -3.582534049499e-01
-1.389407933550e-01 -1.070337188824e-02 -1.099425360534e-01
-3.669964524028e-01 -3.035308841350e-01 -3.206139249340e-02
6.163590839728e-03 1.171833979697e-01 -1.267714978480e-02
-1.275390521008e-01 -3.206343443268e-03 -6.783181677957e-02
2.377010362454e-01 6.759769750963e-02 -8.961925861368e-02
-6.220748178939e-03 -1.911259752055e-04 9.002771302272e-02
-1.779385476992e-01 -9.369078647072e-02 2.271031401650e-01
-1.475260930567e-01 -6.440239083648e-02 -6.057156173710e-02
6.870571392297e-02 1.036402592630e-01 -3.703497375958e-02
-1.886136607357e-02 -1.312021592853e-02 5.849281133740e-02
4.416602804584e-02 2.332238904692e-02 6.192354622665e-02
1.142045467701e-02 1.887562193795e-02 -1.845615712828e-02
Mode 10
2.085493991437e-01 1.194802660722e-01 1.277707270429e-01
-1.323769185526e-03 3.033760577625e-01 4.249794808831e-02
-3.840518091992e-02 4.326271322658e-01 -1.824321341034e-02
-3.006196723118e-02 -1.190979013262e-01 -6.098071302690e-02
-6.620289367089e-03 -4.298164201460e-01 -9.209095668751e-02
-5.513596618208e-03 -1.176782738412e-01 -9.291470018351e-03
4.488700706358e-03 4.637460120394e-02 1.486333726259e-02
-3.407350874667e-02 -6.978589957902e-03 -3.795602815533e-02
-3.070299341649e-02 -1.601832891933e-02 -2.214649400225e-02
-7.359800179798e-02 -7.261200323891e-02 -1.084355781918e-02
-2.276962669391e-02 1.115676065279e-02 -8.958936125266e-03
-6.046674706994e-02 -3.819898739830e-02 -1.263744880586e-02
-1.096884702352e-01 2.352691463152e-01 1.426797629426e-01
6.867402796611e-02 -1.801062954553e-01 -8.029291203895e-02
1.280593641702e-01 7.005673320382e-02 1.213233470131e-01
1.275098002155e-01 9.037978666107e-02 -3.234537098683e-01
-5.578313870757e-02 -1.220618340366e-01 5.128332876505e-02
-7.805118254518e-03 2.176147100447e-01 -1.120375525850e-02
-8.427894469411e-03 -5.821392821346e-02 -2.210400721161e-02
3.240502510023e-02 -4.888266954244e-02 -1.467061659375e-01
Mode 11
-5.775891620267e-02 1.384764587794e-01 2.157852099574e-01
1.186107683181e-01 -9.682470744793e-02 9.514031337991e-02
6.807173979844e-02 -9.958521971657e-02 -3.195992229136e-02
-4.336974072812e-02 3.453001936175e-02 -4.423594421046e-02
-5.931822841410e-02 1.000270152463e-01 -6.305026323044e-02
4.837658663596e-02 -3.258389814015e-02 7.881500614690e-02
1.643746150513e-01 -1.084392651542e-01 5.145710664199e-02
4.831809917046e-02 7.470225031548e-03 -2.738532415349e-01
2.297128741194e-02 1.071742908166e-02 -1.437783821533e-01
-9.945204003851e-02 -1.644916815429e-01 -1.044311005455e-01
1.912511631903e-01 2.864102141570e-01 -4.953478949359e-02
-7.720595336471e-02 -6.656678936750e-02 -1.366756279237e-01
-2.321984712020e-01 -9.898264948504e-02 5.963724765539e-01
-2.625648829599e-02 7.111323877564e-02 -9.159073019531e-02
5.627280706687e-02 4.717650235016e-02 -2.537812494584e-01
1.453421270920e-03 -1.209633528618e-02 3.869943165868e-02
-1.192376692226e-02 -2.500615720922e-02 -4.107059709513e-03
3.869826546596e-02 -2.915075185071e-02 -3.788869727861e-02
-1.749590937758e-02 2.900185741381e-02 -1.871441776905e-02
-1.948139497697e-02 7.383502249812e-03 3.388834000317e-02
Mode 12
-1.929708329583e-01 -2.706265997721e-01 -3.655937507341e-01
2.320599778783e-02 -2.008809122121e-01 -1.211930611240e-01
3.302786761211e-02 1.763936712834e-01 -1.190644559903e-02
-2.237865549853e-02 1.596527428149e-01 1.075520454615e-02
-5.363532106612e-02 -2.160802438596e-01 8.057996515688e-02
-7.332785693462e-02 -2.211797458211e-01 -1.127870883922e-02
1.874453629044e-02 -2.276125619485e-01 -6.397044879319e-02
4.642381566755e-02 3.606623396083e-02 -9.281279624605e-02
4.500961699421e-02 4.851331235116e-02 -4.253278923347e-02
3.539962142417e-02 -3.366310987457e-03 -5.083642489978e-02
1.334566090774e-01 1.457652922351e-01 -1.348098115259e-02
1.026331754109e-01 8.607793305781e-02 -6.644238644513e-02
-1.896187948320e-01 1.514093459289e-01 1.357491410970e-01
-1.381095895331e-02 -9.670743945685e-02 2.008714377714e-01
-2.496992899958e-02 1.627505063980e-02 3.757561358758e-01
4.295472863597e-02 -1.585256054331e-02 2.545229221032e-01
4.784509626919e-02 1.067019094691e-01 -2.110229639498e-02
4.704181111840e-04 1.351350533314e-01 9.301309393832e-03
-2.781841075558e-02 1.298688016569e-01 -1.861547306382e-02
-1.774254111578e-02 -3.302789873194e-02 5.806633588590e-02
Mode 13
-2.230116246240e-01 -3.374045740138e-01 2.157492963462e-01
-3.519256861843e-02 -2.770202961475e-01 9.216390563913e-02
-6.088443742648e-02 1.444568811934e-02 8.277892625286e-02
-1.401997567004e-02 1.902311501694e-01 7.022206363002e-02
6.007405708822e-02 -2.992556562240e-02 -7.021429666922e-02
7.752200175403e-02 -1.549173906793e-01 2.238225753735e-02
8.216488414613e-03 -2.241319618225e-01 5.030289901147e-02
-6.025418958545e-02 6.844637170356e-02 6.193044703172e-02
-4.751436445065e-02 5.080113157866e-02 7.421573637196e-02
-4.558278944963e-02 6.855938834448e-02 8.010156557954e-02
-2.218965164016e-01 -1.865106092751e-01 -2.621900630965e-02
1.994960570388e-01 2.133552779132e-01 1.033911386065e-01
4.177404754023e-02 8.425365795261e-02 1.246306837488e-01
6.597332081043e-02 -6.829473234802e-03 -1.812871046671e-01
8.898148360957e-02 -5.934418038228e-03 -2.233566432709e-01
-6.516645334229e-03 -7.991421825196e-03 -3.882292595025e-01
7.536752159950e-02 1.582242661349e-01 -4.977668544652e-02
-1.829526296005e-02 4.887846277601e-02 2.532183726890e-02
3.840194898855e-03 1.270473973557e-01 4.993471648166e-02
5.528930472583e-02 2.440126747652e-02 -1.138436272876e-01
Mode 14
-1.124558982934e-01 -4.296503836775e-01 3.505578743255e-01
-1.517431531511e-01 6.069738916904e-02 1.149974224070e-01
-1.766038943967e-01 3.816180528798e-02 1.284579095605e-01
-1.651216086182e-01 -8.243084524580e-02 1.094989842359e-01
-8.707059489387e-02 -5.010137683596e-02 -1.728065139412e-02
-1.103770926613e-01 5.139836303078e-02 -7.905720844606e-02
-4.835852717454e-02 1.013288566934e-01 -4.980538663465e-02
7.326531332389e-02 -6.160719660323e-02 -3.610503282286e-02
1.204849809072e-01 -3.472412864817e-02 -5.047851719471e-02
2.691228934994e-01 1.187972281031e-01 -1.209651852329e-01
3.749062056864e-01 1.908914784503e-01 7.434660369239e-02
-1.535787582939e-01 -2.314771623859e-01 -7.884452892885e-02
-9.539796557502e-02 -2.153977095449e-02 -2.173509412972e-01
-2.241446160433e-02 -1.869089637738e-02 -3.220535601639e-02
-2.694475499820e-03 1.175595671241e-02 -3.717229090339e-02
-1.695706861678e-02 2.048077906959e-02 -5.196981250127e-02
7.116963555016e-02 1.508278665963e-01 -3.401440824041e-02
-4.555675820052e-02 2.947558175609e-03 2.838889387576e-02
-3.563860704733e-02 -5.330524249186e-02 4.908615796558e-02
3.394396898723e-03 6.214559428427e-03 -1.737579510066e-02
Mode 15
-2.507485664091e-01 -3.808231621896e-01 -3.158674965971e-01
2.033158754992e-02 2.204948884816e-01 -6.910453169809e-02
7.925674333087e-02 2.377770482649e-02 -5.231676586625e-03
1.257200051766e-01 -8.945956351797e-02 -4.749016451765e-03
1.007624414214e-01 1.037238029292e-01 1.608543235330e-02
5.346245109157e-02 3.160094842727e-01 5.935092079922e-02
-5.464207509737e-03 3.628538420752e-01 2.862358684700e-02
-9.305796661292e-03 -1.399232961055e-02 5.828119353960e-02
-2.470045273464e-02 -4.243949435932e-02 5.395221532473e-03
-5.406802010006e-02 -5.063667321138e-02 3.112561761647e-02
-9.138640865144e-02 -7.121131850429e-02 -1.817486455931e-02
-1.120717343091e-01 -9.902964289039e-02 2.842894023483e-02
-8.242171252806e-02 -1.878905091490e-01 3.724067185892e-01
1.242627958032e-01 -3.600599560794e-02 4.997658261263e-03
5.710021766525e-02 -4.301219001370e-02 1.176874509747e-01
6.327192084594e-02 -1.983673544149e-02 -1.879686860233e-01
5.054272166810e-02 1.042376678294e-01 -1.271103396731e-03
1.395233514358e-02 -6.435403694555e-02 1.297090890923e-02
4.349703054882e-02 -1.166472380494e-01 -8.163069576192e-03
4.746337943901e-02 -1.432246009759e-02 -7.874513325843e-02
Mode 16
2.277471120176e-01 2.821836995053e-01 -1.416740858508e-01
-1.641549909504e-01 -1.658090080756e-01 -1.664233219607e-02
-1.380989891495e-01 -1.827045362062e-01 1.219338393536e-01
-6.318118217617e-02 2.316851526079e-01 1.763969082027e-01
4.126464731274e-02 1.259101932999e-01 3.246941935065e-02
-8.902961502472e-02 5.093682775116e-02 -8.516796124410e-02
-1.000387122460e-01 -4.346401726530e-03 -8.715377403808e-02
-9.019144430773e-02 8.258350525902e-02 -1.187319711836e-01
2.615402383087e-02 -3.820060962114e-03 -7.454333368713e-03
1.707162712440e-01 2.107438903561e-01 -7.089337265287e-02
1.449267136752e-01 -1.247381710524e-01 1.717978239227e-02
-5.674811361607e-02 -1.142865894048e-01 1.322915322527e-01
-2.815536890897e-01 -3.463164911016e-02 1.201800011577e-01
2.161650540887e-01 -3.647483468817e-02 3.313494359626e-02
7.358317931213e-02 -8.383504119196e-02 2.372049977354e-01
4.733299246212e-02 -1.057765308306e-01 -3.093046838881e-01
-3.350009760434e-02 -7.526362438583e-02 4.374354620789e-03
-5.681314148969e-02 -9.196730678787e-02 6.061463026210e-02
-8.574397093727e-03 1.167485616844e-01 7.988601527920e-02
1.617752460782e-01 8.449584689870e-02 -8.445043690016e-02
Mode 17
-3.043262655935e-02 -7.047914136030e-02 1.411467611524e-02
1.318358689265e-02 7.452378209109e-02 3.023732846799e-03
1.128799780880e-02 8.343705230593e-02 -5.794112954521e-02
4.431278394100e-02 -9.803680611001e-02 -7.381627040759e-02
1.326891186825e-02 -6.721414912986e-02 -4.166806360979e-02
1.088390244500e-01 -8.097596451185e-02 1.590927119378e-02
4.014915946266e-02 -2.590472294449e-03 -1.089836425137e-02
-1.809608842130e-01 2.382844279345e-01 -4.345001588858e-01
-4.783057024961e-03 5.525053600463e-03 -3.961931282460e-02
8.317950124489e-02 3.671302232801e-01 -2.350419475028e-02
8.257063948308e-02 -3.999596390728e-01 -8.781151991692e-02
-7.883175769791e-02 -1.915445560128e-01 4.017600974331e-01
1.146081379011e-01 1.815415125776e-02 1.273243533380e-01
-1.131909481580e-01 3.892419109818e-02 -8.609267872320e-03
-6.872900462508e-02 5.326331532074e-02 -9.273420338573e-02
-3.013640859347e-02 3.654000229297e-02 2.219699899731e-01
6.988201672945e-03 1.266769801544e-02 1.821298549495e-03
4.444963071356e-03 4.770326291733e-02 -1.844523828550e-02
1.392568568972e-02 -3.922485039914e-02 -2.099802514972e-02
-9.501603526844e-02 -4.015222536011e-02 7.386561712295e-02
Mode 18
-2.983682561094e-02 -5.274694632356e-02 3.512241900828e-01
1.301577532011e-01 4.487487068404e-02 -2.461151046930e-02
1.221736153118e-01 -3.197070086448e-03 -7.550441173821e-02
-3.024562263948e-02 -2.076749101573e-02 -9.255936341427e-02
-3.510097106139e-02 1.244130152761e-01 -6.564904559192e-02
-1.195162024688e-01 1.714852058042e-01 -2.091214888768e-01
1.487323297446e-01 -2.599209955951e-02 -1.856374928339e-01
1.798532138363e-01 -1.571191455789e-01 -2.280384246865e-01
4.118286341143e-02 -2.090937570346e-02 -5.495790137181e-02
-2.172165357829e-01 1.294654615784e-01 2.571083788067e-01
-2.165156512543e-01 2.340681847714e-03 -2.091966601265e-01
2.547555480428e-01 -2.538045050652e-02 1.303376087834e-01
-3.087857281494e-01 -4.957979204830e-02 -1.520555802069e-01
1.051568695368e-01 -9.851780714836e-03 5.342347556684e-02
-4.714791640824e-02 -2.621517847846e-02 2.730099548854e-01
7.695795352519e-02 -7.900360140566e-02 2.695304615194e-02
8.644144638217e-03 1.711009322165e-02 -2.105254488182e-03
5.765422135809e-02 -1.262808978297e-02 -5.527523170635e-02
-1.959216719867e-02 -4.152608596485e-02 -5.630477905903e-02
4.064364710480e-02 1.298713290734e-02 2.136029687741e-02
Mode 19
6.543064132833e-02 -2.769803243950e-02 -2.037540740252e-01
-1.261686926512e-01 1.724826607192e-01 1.627776289141e-02
-8.763248489578e-02 1.527648267890e-01 1.769415182194e-01
1.331126068637e-02 -3.049495299365e-01 1.730381263836e-01
5.804208453187e-02 3.405573118990e-02 2.647681290168e-02
3.501359119447e-02 -1.155955819786e-01 -5.173222785765e-02
-6.659801514651e-03 -1.545533839003e-01 -6.879207342943e-02
6.462894347659e-02 -1.370170267718e-01 -5.764118748322e-02
1.624623712802e-02 -2.351998484556e-02 -1.276859609534e-02
-3.499265958721e-02 8.458093933491e-02 8.948964626141e-02
-5.042199047226e-02 8.750378598652e-02 -3.482650088324e-02
1.723344460589e-01 2.726215479314e-02 -3.127168910576e-03
-4.266521963694e-02 7.517870804482e-03 8.482982612059e-02
1.806472790618e-02 1.830700008309e-01 -1.376733752443e-02
-5.066636512970e-03 4.100001144052e-02 -1.751228523559e-01
-2.081559261143e-01 -1.228202239346e-01 4.659886952180e-02
-1.855938062391e-03 -6.610382068056e-03 4.559889834759e-03
-4.590794096932e-02 7.060238463933e-02 8.125044192994e-02
3.882622201611e-02 -1.491225993007e-01 1.000928249698e-01
3.396238370391e-01 4.946682946120e-01 2.043817500866e-01
Mode 20
9.344703843997e-02 3.742357299835e-02 -1.862876061358e-01
-1.732517967697e-01 2.464500385580e-02 3.297739526937e-02
-1.393689389789e-01 1.001099456951e-01 2.162872421219e-01
2.306510316748e-02 -1.448125858509e-01 2.154277536279e-01
7.025909741228e-02 1.508089922239e-01 5.249212936803e-02
2.895201687924e-02 4.564308026858e-02 -2.787859437914e-02
-3.367411774288e-02 -1.820227516320e-01 -7.073386113133e-02
4.788022183110e-02 -1.815026470986e-01 -8.228352857751e-02
2.786012538640e-02 -4.032712798183e-02 -2.363638825889e-02
-3.215100268816e-02 1.343992964790e-01 1.093233165394e-01
-3.719702388694e-02 1.322795391121e-01 -4.139853594619e-02
2.243132798879e-01 -4.831948726310e-03 -9.190396523404e-03
-3.245014329463e-02 -3.122115131459e-02 7.859376220728e-02
-1.179799043588e-02 6.896093179822e-02 -1.006137064978e-02
-5.218971045309e-02 -7.854449572592e-02 -1.282965450611e-01
5.136133044020e-02 1.416300320666e-01 -1.127600567986e-02
-5.229012595019e-03 -1.464666928332e-02 8.035765869727e-04
-6.751626119219e-02 3.372446771400e-02 1.035665788182e-01
2.355006061595e-02 -1.484880789884e-01 7.626061317846e-02
-4.110595956338e-01 -5.002160976558e-01 -1.822882740566e-01
Mode 21
6.340514693927e-03 2.047916421526e-02 -1.078564255748e-01
-9.797792040096e-02 1.925843189861e-02 5.790168103029e-02
-1.539290578038e-01 -2.095171883083e-01 -2.074589286170e-02
-1.202275008132e-01 2.500032478465e-01 1.542209308580e-02
-5.289285845901e-02 -2.660460780958e-01 -2.133853714876e-02
7.972869562754e-02 -5.016419035493e-02 1.162076070331e-01
-4.874392709047e-02 2.997458130756e-01 9.066549215106e-02
1.220225700263e-02 -1.201948906685e-01 -3.794763411923e-02
1.002244147060e-01 -1.273365459777e-01 -1.018776169674e-01
-1.304342650181e-01 1.638077156661e-01 2.938288090952e-01
-6.146127816012e-02 2.329596402695e-01 -2.403005272521e-01
2.514808279059e-01 -3.029346217651e-01 -2.061237757630e-02
2.402111821910e-01 5.506751622591e-02 6.387348863358e-02
-1.306875803555e-01 -1.572231174053e-01 -3.694007735291e-02
4.092470409225e-02 7.524236947132e-02 -3.596357866563e-02
-1.007137061903e-02 4.297576029367e-02 2.546696276798e-02
-3.989838535040e-04 -3.230788126424e-03 -2.093648013845e-04
-4.026841192195e-02 -1.220947860557e-01 -1.335480160856e-02
-3.470598373553e-02 1.871700703717e-01 3.155323016652e-02
3.648094425511e-02 5.869582732106e-02 2.234500302368e-02
Mode 22
-8.934966399317e-04 -5.459174891794e-02 -4.959548994312e-02
1.252339822680e-01 3.045989726724e-01 9.856615166198e-03
2.971469094657e-01 -1.845307093043e-01 2.370657487660e-01
1.140227806583e-01 1.404902323137e-01 2.335624784304e-01
5.420088495110e-02 -9.364456508601e-02 1.151839753258e-01
-9.104885817321e-02 -4.344853451658e-01 -1.331740004383e-01
8.189624785049e-02 1.949587267480e-01 -6.408001595580e-02
9.978832183493e-02 1.152837409467e-01 3.462286800298e-02
3.483215923341e-02 4.955146837344e-02 -7.767842405569e-03
-5.175628892236e-02 -1.032302786751e-01 3.899585596857e-02
-2.816100437300e-02 -8.131713790225e-02 -1.079247832858e-01
-1.193651265046e-01 -2.665574146683e-02 4.243280913073e-02
-2.934201817940e-01 1.160839603304e-01 -1.207831769867e-01
-1.391984912948e-02 1.043678688767e-01 1.880966508851e-02
1.487475969063e-02 -4.281396129786e-02 -1.916429322199e-01
-1.098696283867e-01 6.096081570922e-02 -4.882869896356e-03
3.362926477887e-03 3.934751340236e-03 4.733778553834e-03
8.041079828087e-02 -1.779062313870e-01 8.121775658829e-02
1.204411826182e-02 1.046550796551e-01 3.811530277555e-02
-9.286921557297e-02 -7.341006925201e-02 -3.460996549752e-02
Mode 23
-4.184046082162e-03 -6.073426396126e-02 1.381241784442e-01
-2.030413005952e-01 3.166791036671e-01 -6.238049614933e-02
-2.233003917567e-01 -1.428754175949e-01 -1.931844144829e-01
8.983558772511e-02 9.118479952148e-02 -1.606869874766e-01
1.366189318304e-01 1.077725674405e-01 -1.695439568335e-01
1.586504119285e-01 -3.168329674274e-01 -1.421429553512e-01
-7.510306853532e-02 -1.710807604208e-02 -1.196660024632e-01
-5.227175250989e-02 -1.594333286112e-02 -6.993484483740e-02
1.990024910733e-02 -5.518807876383e-02 1.362318665790e-01
2.645816382778e-01 -3.019223706225e-02 7.938768423401e-02
-2.083233290152e-01 3.401636988604e-02 2.028969159794e-01
7.175851419593e-03 4.043919607486e-02 -2.246005166976e-01
2.406222355425e-02 8.237020528869e-02 1.848303931953e-01
1.081182617415e-01 1.218770846415e-01 -6.058073549990e-02
-1.595402257739e-01 1.307047985669e-02 1.642447813084e-01
1.208087715817e-01 -1.180938689568e-01 9.516649743286e-02
3.955558806086e-03 6.672654948192e-03 2.472155299124e-03
-7.592293261282e-02 -1.629326544566e-01 -3.881936924698e-02
5.198871305325e-02 2.901876708662e-02 5.302525376850e-03
-6.544580706910e-02 -4.926666210966e-02 7.693362656599e-02
Mode 24
2.400128940958e-02 4.416532026926e-02 -3.387286282232e-02
9.071817234617e-02 -2.291908855452e-01 1.987282428664e-02
1.217144345982e-01 8.803732696810e-02 1.298360341990e-01
-1.547998309188e-02 -5.686430428602e-02 1.062097814953e-01
-2.240079431247e-02 -1.098352473474e-01 3.301360172428e-02
-4.819040336736e-02 1.809570512621e-01 -2.024772854083e-02
7.119710837135e-02 7.760257368815e-02 -2.503654883783e-02
-8.449730401767e-02 2.600961500496e-01 -2.884951109550e-01
1.335203915912e-01 -7.318294707483e-02 1.698577965259e-01
3.968358254867e-01 -9.914127001715e-02 3.042614539402e-01
-3.932405513206e-01 2.930754652682e-02 1.076525801865e-01
-7.540902051469e-02 -1.204400462214e-01 -3.365213517015e-01
-6.383919805726e-02 -5.591134681503e-02 -4.769743339716e-02
-7.037706742388e-02 -4.563325250358e-02 -2.321955586710e-04
2.890719489614e-02 2.046315821741e-02 -8.048894139888e-02
-5.727356114161e-02 4.912881977274e-02 1.802373622659e-02
-1.619216228082e-03 -5.141339325674e-03 -8.625186222914e-04
3.616380618935e-02 1.248483547558e-01 3.649113174871e-02
-1.373891062336e-02 1.054823285868e-02 1.746859977836e-02
4.041914130386e-03 2.326917547038e-02 7.426824356628e-04
Mode 25
4.886194889691e-02 5.472922053660e-02 4.293953488249e-02
-1.334230004943e-01 -2.885355167142e-01 -2.550030561202e-02
-1.554567651568e-01 2.936261095572e-02 1.143044726358e-01
9.546455344196e-02 -2.106890569371e-02 9.937839780467e-02
1.970200098960e-01 -2.477766190757e-01 -2.110974907523e-01
1.379802605729e-01 1.565082729750e-01 -2.259885931261e-01
4.566986141323e-02 2.438589784299e-01 -1.987330687411e-01
2.500547667506e-01 1.492887597865e-02 1.774094323181e-01
4.474933919165e-02 1.163458447372e-01 -6.947897443062e-03
-7.430619133421e-02 -1.478054181312e-01 6.181701988924e-03
2.529676049524e-02 -1.098295681916e-01 -1.346969565001e-01
-1.642861163954e-01 9.138920390760e-02 1.039326377181e-01
-7.018198495290e-02 -4.511939014652e-02 9.678171847014e-02
-4.502823202196e-02 5.083718695501e-02 -2.070472605561e-01
-2.307133309953e-01 1.392164131466e-01 1.305577045542e-03
9.397675010208e-02 -7.848863244543e-02 1.737540047503e-01
-1.844373439114e-03 -5.643738190395e-03 -2.605544625506e-03
-7.549837180060e-02 1.366232459489e-01 7.870869203917e-02
6.277654298518e-02 1.088354277889e-01 1.203535044925e-01
-1.025342246708e-01 5.069698089133e-03 1.609151632008e-01
Mode 26
-1.025959587024e-02 -1.358980156860e-05 -4.070552789899e-02
-6.885593919380e-03 -9.244597602219e-02 3.691744328843e-02
-1.275283812126e-01 1.230003060590e-01 -7.555646346562e-02
-1.588915145291e-01 -1.488154528280e-01 -6.301573800721e-02
-7.677967307007e-02 2.632377717206e-01 -1.468821551569e-02
-4.014120874904e-03 -2.389040187073e-01 5.569156900664e-02
7.753040256951e-03 -4.830451612567e-02 9.243647697088e-02
4.422599497092e-02 3.860153156532e-01 2.286512075781e-01
1.758895858404e-01 8.720959123258e-02 -4.309452209918e-02
-1.788161068493e-03 -1.468468064147e-01 2.779908553043e-01
4.681465061488e-02 4.601399595760e-02 -4.356209905452e-01
-1.501338958464e-01 -2.233972990225e-01 1.131362006182e-02
8.140189951595e-02 3.456316458680e-02 -1.877302721949e-02
1.876626710204e-01 1.988027491396e-01 2.702080872582e-02
-5.236186341912e-02 -8.112678290540e-02 9.126588480827e-02
6.741554564133e-02 -9.471172593230e-02 -7.190918417002e-02
1.134047714079e-04 1.675220158310e-05 -4.400533810253e-05
-1.906954642127e-02 7.445201601304e-02 -5.241857636806e-02
-4.183232065776e-02 -1.023035834088e-01 -2.025535328162e-02
-6.491649127375e-03 -4.807804937221e-02 -2.289189258156e-02
Mode 27
5.917180564161e-04 -2.272299454181e-02 -1.943823045159e-01
5.063945142647e-02 2.437039745976e-01 2.047633737972e-01
-8.194074887187e-02 -9.707835305260e-02 1.304963549094e-01
-4.647433474682e-01 7.788837413566e-02 1.540282530194e-01
-1.950920909880e-01 3.896730950824e-02 -9.924881427187e-02
4.026819145063e-02 8.392633412114e-02 2.330053065282e-02
2.598612090652e-01 -1.571498755386e-01 -1.839842102917e-02
2.631929526933e-01 -3.488787045268e-02 -1.821946021649e-01
4.478640193237e-02 1.230116465910e-01 4.808024117298e-02
4.886270432369e-02 -1.440074982275e-01 -5.517712701115e-03
-6.684163977071e-02 -1.522119454696e-01 8.410201113699e-04
-1.728743603942e-01 2.294084643186e-01 5.904951150136e-02
2.106311386205e-01 8.113354457657e-03 5.345174501248e-03
-5.920149282848e-02 -1.530178686465e-01 -9.961414373471e-02
-4.527157369541e-02 7.989322459429e-02 1.061369118367e-01
1.242927244398e-01 -3.381988612556e-02 -1.994974454305e-02
1.814420905366e-03 1.366991724747e-04 1.961225902809e-03
3.408144000170e-02 -1.518340098680e-01 -5.362381963231e-02
-1.277009386999e-01 -6.290647876413e-02 4.403868063515e-02
1.469704653707e-02 -1.863756822672e-03 1.522764023471e-02
Mode 28
-1.261967800213e-02 8.423530527063e-03 -1.067535768923e-01
1.949786725737e-01 -1.138606882568e-01 1.272301628304e-01
2.003296183443e-01 4.072629506646e-02 1.295198528760e-01
-2.019116458443e-01 -9.556794644515e-02 8.373123897445e-02
-8.087153684473e-02 -3.502367671616e-03 -9.247701629244e-02
-3.988155501346e-02 -1.355205317531e-01 5.710914290902e-02
2.685381522425e-02 2.282571789766e-01 1.572318973694e-01
-1.787638717356e-01 -6.939585414730e-02 -1.061294903280e-02
-1.056945202133e-01 -1.200725980024e-01 -1.671183051339e-02
-8.516908164364e-02 1.439481554903e-01 -1.508300970995e-01
-1.938719121832e-02 4.709259734757e-02 2.290368290152e-01
1.698206762533e-01 -9.847818808491e-02 -5.515174205616e-02
1.306361916106e-02 2.366770142975e-02 -6.787499330759e-02
1.858663606990e-01 2.866492309835e-01 -2.433019709920e-01
-3.104616548445e-01 7.233865373325e-02 7.338650889464e-02
2.810785691458e-01 -2.433379475900e-01 -6.279301770912e-02
-2.828156368111e-04 -3.259148089699e-04 -1.848102881413e-04
9.812912922259e-02 9.386526521109e-02 -2.319088772497e-02
-7.765674639110e-02 4.917582530313e-02 1.197258674811e-03
-7.627526492559e-02 -3.346469658812e-02 1.223599466092e-01
Mode 29
3.478364262103e-03 1.567348533066e-02 9.170469682392e-03
-1.736500370894e-03 -1.678253871763e-01 1.018479948849e-02
-1.502331818212e-01 1.553096707056e-02 -1.061553503036e-01
-2.122901026523e-01 -1.045781242916e-01 -5.466296915182e-02
-6.914401829338e-02 -5.265309183052e-02 1.984903841853e-02
4.028988401087e-02 -1.426647792588e-01 -3.753801194177e-02
8.251326500811e-02 3.857571621139e-01 -6.492187523717e-02
1.851690071155e-01 -2.096545611341e-01 -1.794727917255e-01
-5.163784136659e-03 1.530773680180e-02 1.353454606560e-02
1.211924261260e-03 -2.064031260410e-02 -5.462886877415e-02
-6.387349985839e-02 -7.742972265513e-02 1.118391387349e-01
-3.960580313926e-02 1.628857480852e-01 3.801573680996e-02
1.211958777890e-01 2.260805822080e-02 6.498245674406e-02
2.351868673205e-01 3.014278918849e-01 3.100271253551e-01
1.745974576682e-01 -2.622184187533e-01 -3.440341328944e-02
-2.842826479973e-01 8.537744011223e-02 2.785252552441e-03
-2.061724966036e-04 -8.494388052773e-04 -3.632214423120e-04
-2.151580633133e-02 1.490551125974e-01 -7.024026285094e-02
-8.689350226521e-02 1.298902018498e-01 -2.329877381994e-02
-1.315282961383e-02 -5.889884993535e-02 -1.193273468845e-01
Mode 30
8.047903761867e-03 3.478083148110e-02 1.623849512302e-02
1.084526310597e-02 -3.030844468670e-01 -9.912724547674e-03
-1.892713527553e-02 2.151901962358e-01 4.506856969488e-02
1.361213585614e-02 -2.343515328046e-02 1.606850021992e-02
-1.014883208869e-02 4.042799225146e-01 7.039690452254e-03
5.826913545939e-02 -3.847878360899e-01 -6.937971531552e-02
1.657139383018e-02 3.573298201254e-01 -3.903261392116e-02
6.051221144930e-02 -8.629295162564e-02 -4.844355974322e-02
-1.346943823191e-02 -1.296859225418e-02 -1.408780326465e-04
-2.817317157521e-02 1.491029004516e-02 -4.809303469064e-02
-3.595641298248e-02 -2.477126755828e-02 8.416068719015e-02
1.506449770390e-02 2.690956462405e-02 2.717435769218e-03
-1.359332824984e-02 6.101490001190e-02 1.454781514051e-02
-2.450288292455e-01 -3.955695845499e-01 -5.609425511973e-02
7.146928200250e-02 1.174328257678e-01 5.458940185744e-02
6.211128329113e-02 6.878279102748e-02 1.572617843599e-02
-6.749829689731e-04 -1.845075491745e-03 -1.666715340430e-03
3.725223723790e-03 -1.349662997749e-01 1.008765876047e-03
3.621757392636e-02 -3.148898404862e-01 8.470030704699e-04
7.265535975622e-02 3.634237435720e-02 -2.161996172998e-02
Mode 31
-3.820121610945e-03 3.031341397712e-02 2.335809424734e-02
2.517476044336e-02 -1.582832007974e-01 -2.861233019402e-02
-1.133048944372e-02 2.877497559794e-01 3.052010780532e-03
-5.959012822082e-02 2.801715528736e-01 5.975449314597e-03
2.394632800294e-02 -3.243140361992e-01 -4.591256355381e-02
1.138416267521e-03 8.739848174153e-02 -1.403842368958e-02
5.055651093876e-03 -3.795924976589e-02 -2.407375154223e-02
-1.215794853930e-02 4.199409472860e-02 3.278704177973e-02
-6.889276379842e-03 -2.032480338567e-03 5.476985333555e-04
-2.130909875906e-02 1.125315481019e-02 -1.907120839919e-02
-6.548057072174e-03 2.031931660724e-03 2.197533414163e-02
2.247205836809e-02 -4.097140251003e-02 -1.443457199746e-02
1.592176941757e-02 -1.668482903375e-02 1.425641716507e-02
1.528966384668e-01 2.397199680391e-01 4.500750600160e-02
-2.304663686107e-02 -7.711627669678e-02 -3.673777449607e-02
-9.249127057500e-02 -1.291396299612e-02 3.800032624887e-02
-1.728480572785e-04 -1.298044481232e-03 -1.243841416523e-03
3.960607130524e-02 -5.810468613557e-01 -6.016890413610e-02
3.030203937036e-02 -4.839368910990e-01 -2.899193023919e-02
-3.297561800654e-02 1.122012053618e-02 2.782922743690e-02
Mode 32
-4.592461697174e-03 7.171481055751e-03 -1.453752315529e-02
-1.624659161217e-02 -6.139582615924e-02 3.494405219425e-02
-1.421826359766e-03 4.985298912799e-02 -3.976805415251e-02
1.955171454464e-01 2.254685775845e-02 -7.353060733186e-02
-2.704186188259e-02 -5.243954485480e-02 1.648734837336e-01
-1.180260291543e-01 -4.249004332121e-02 2.355000001748e-01
-1.580497442850e-01 9.213777135565e-02 2.119925146838e-01
-7.725038671414e-02 -3.750772718563e-01 -2.526523584966e-01
3.825883410757e-02 -2.575162413249e-02 -2.194580290330e-02
2.675253710974e-01 -9.515447916885e-02 2.449896756206e-01
1.117184202047e-01 3.349600421452e-02 -2.802766362266e-01
-2.086357112947e-01 3.916065678035e-01 1.346796203504e-01
-7.222306930049e-02 6.696055640911e-03 -8.841120403189e-02
6.530620951303e-03 9.996239464223e-02 -7.465966057969e-02
-1.173467013643e-01 5.687849025923e-02 -3.662914936446e-02
1.594905661313e-01 -1.091714548471e-01 -8.509546566249e-02
-4.886779149963e-04 3.024187253831e-04 -1.179031876142e-03
-2.669288672483e-02 -7.013712594850e-02 3.220442389924e-02
5.161385814768e-02 -2.347778019130e-02 -4.160729309438e-02
-1.824795695635e-03 5.515854812568e-03 4.220889681500e-02
Mode 33
2.192445358548e-02 5.881946662545e-03 1.827892792750e-01
-5.821170597820e-02 1.206386417141e-02 -5.301294746629e-01
3.509413825308e-01 1.073930969256e-02 1.503924282150e-01
-2.546550795934e-01 -3.452299071082e-02 1.301029727592e-01
-1.279586830725e-01 1.443869031560e-02 1.604351185268e-02
-1.230704890294e-02 -5.346695284657e-03 -1.094272022772e-01
-2.598181988788e-01 -2.743214453862e-03 -2.851351314032e-01
-1.331702612188e-01 -8.429735212993e-02 6.404541571883e-02
-2.387554390955e-02 -4.007113238792e-02 2.145359157213e-02
8.349548924379e-02 -1.350932357201e-02 8.238636758581e-02
7.067803959479e-02 4.034694651809e-02 -1.278730226387e-01
-4.321632863771e-02 8.602281029935e-02 3.188740631266e-02
3.014256054027e-01 2.296327068639e-03 2.328008932841e-01
-4.231315362465e-03 -4.811941385174e-03 -1.187993483408e-02
-1.336239293950e-02 1.344188377077e-02 1.349896829858e-04
2.612384678634e-02 -1.525477123727e-02 -1.876162544981e-02
-1.545138653365e-03 -2.141074842219e-03 8.206319724048e-04
8.193086522589e-02 6.277959533381e-04 7.593802482900e-02
-1.540643695013e-01 1.594171908279e-02 -1.125121448390e-01
5.610556590294e-03 -3.295295901679e-03 -2.613560250896e-03
Mode 34
9.414410931509e-04 1.086677032705e-02 1.018173708547e-02
-1.665677815390e-02 -4.426517175281e-02 -3.233690152415e-02
-4.752734712075e-02 3.398061126028e-01 3.455020291103e-02
5.283564521102e-02 -3.598830658044e-01 -3.768172829823e-02
-2.922083334626e-02 5.852886810928e-02 5.871288342280e-02
-2.885763388268e-02 3.920269860371e-02 3.784224854102e-02
1.432421862120e-02 -3.675558341775e-02 -1.138348183429e-02
7.331732294600e-02 4.290024870414e-02 -1.824798325855e-02
1.728886728115e-02 2.905417568000e-02 4.166073196875e-03
-3.304136087037e-02 1.029864927673e-03 -2.863763780858e-02
-2.446797034655e-02 -1.703658140839e-02 3.584735589997e-02
1.496493354528e-02 -3.743367911340e-02 -1.312060117020e-02
1.339963195200e-02 -5.946575635200e-03 1.840426983712e-04
-4.294648806627e-02 -2.388688383478e-02 9.269594973057e-03
-1.103313984984e-02 2.005127875347e-02 -6.582495140743e-03
5.251850950833e-02 -2.086293791905e-02 -3.424527681723e-02
-1.514882312547e-04 -4.152994940872e-04 -2.266211411044e-04
-5.296624060497e-03 -5.696026254756e-01 3.399172274718e-03
-5.907044119565e-02 6.162556547756e-01 3.912512420450e-05
9.043909202092e-03 -1.809696254191e-02 -1.527542657866e-02
Mode 35
-9.476869589126e-03 -2.845420743623e-04 -7.904944860950e-02
1.087024365101e-01 -7.922955725694e-03 2.774005083156e-01
1.122908273791e-01 5.413727969748e-02 4.678882496756e-02
-1.325166484078e-01 -7.287033593089e-02 1.161571505776e-02
1.599130816187e-01 6.608613908245e-02 -3.900422629053e-01
1.909745092207e-01 2.361908708878e-02 -2.227207004733e-01
-1.580444856498e-02 -2.443260949081e-02 4.978368035370e-02
-3.925514619913e-01 -1.338861187340e-01 1.404125987670e-01
-1.137365391144e-01 -1.359091129226e-01 -1.394547625348e-02
1.562609305630e-01 -1.748200178979e-03 1.329034842284e-01
1.235929514130e-01 8.702960966317e-02 -1.728987022394e-01
-5.300498473188e-02 1.405328470809e-01 4.812161750812e-02
-9.842508543530e-02 -1.885547626093e-03 -2.138312016239e-02
8.901097471610e-02 -1.233177738134e-01 -3.253089721078e-02
1.313120508889e-01 -8.353183972521e-02 9.432261855637e-02
-2.372324972762e-01 1.514189385351e-01 1.464909925248e-01
7.131616554398e-04 5.776613062712e-04 -5.288950964520e-04
1.508893544086e-01 -7.666266242719e-02 -1.651036320301e-01
-3.525969422837e-03 1.117483427275e-01 9.841393720654e-02
-5.195325767858e-02 1.036753373648e-02 2.412789268783e-03
Mode 36
9.084593598533e-03 3.111111293187e-04 -2.630682991067e-02
-1.049101259070e-01 -1.318131611375e-02 1.087080002675e-01
9.829802585172e-02 -1.527123472130e-02 2.316416942519e-01
8.762606021838e-02 2.090302707093e-02 -2.553471770332e-01
-1.173279903391e-01 4.484036275376e-02 -1.667166934738e-01
-5.376527125953e-02 -1.718055177058e-02 7.010135138809e-02
-1.932175319294e-02 -3.112053278078e-03 6.902473612388e-02
5.576113900955e-02 -1.264526564801e-02 -3.491642421653e-02
6.743841518932e-02 8.697631229448e-02 -2.352487997255e-03
-2.501509711036e-02 -6.451154286034e-03 -1.665443370164e-02
-2.352896661038e-02 -1.844965576557e-02 2.788130669139e-02
4.130642789965e-03 -2.877203847275e-02 -7.567974690533e-03
3.233279895435e-02 4.153926678336e-03 -7.942917862279e-03
2.285169809531e-01 -8.905981779347e-02 -2.319962427167e-01
1.213720112911e-01 -1.066243445749e-01 1.341382119066e-01
-1.962663827475e-01 1.364080979470e-01 2.506296560810e-02
1.920254093620e-04 2.866079141182e-04 -5.325179556946e-04
-2.156566874064e-01 -2.417522525289e-02 4.623000061009e-01
-1.248815457139e-01 -4.928294660910e-03 -3.928510604576e-01
-2.283694458910e-01 1.186022143569e-01 2.201825775603e-01
Mode 37
9.291262792533e-03 7.687997456674e-04 -6.557427986217e-02
-1.587526373381e-01 -3.139535176933e-02 3.703223743529e-01
1.000853155313e-01 -8.939507030626e-03 1.454966972480e-01
8.921452124777e-02 3.379254839429e-02 -1.724589838333e-01
-4.254004887044e-02 -3.793746348402e-02 -5.330112866400e-02
6.620058698503e-02 2.195103574752e-02 -2.102378362159e-01
4.280588792805e-02 7.150302331006e-03 -1.353528469465e-01
-9.824020455499e-02 -3.209804015611e-02 6.980137386311e-02
-2.500282182086e-02 4.318147851904e-02 2.803608370873e-02
1.995858031007e-02 -2.828798218437e-03 1.447406538511e-02
2.151707292823e-02 9.489029677578e-03 -2.937031146610e-02
7.061501748414e-03 -1.331670408617e-02 -5.233797082956e-03
3.813827406705e-02 -3.001670031718e-03 4.477397827877e-02
-1.952968469318e-01 1.299828178256e-01 2.662940398913e-01
-1.141777314989e-01 8.690507708196e-02 -1.026801188387e-01
1.608270019011e-01 -1.466972094742e-01 4.806371263538e-02
1.034915328561e-03 7.036432815802e-04 -9.371879739076e-04
-1.350025251704e-02 -1.774545211797e-03 1.229586122849e-01
-1.536572653296e-01 -1.355696862621e-02 -4.114179598390e-01
3.549759897185e-01 -1.352895724612e-01 -3.205952163393e-01
Mode 38
5.627010303352e-03 1.310132547551e-04 -3.470749477349e-02
-1.593301446828e-01 -2.823484555218e-02 2.584709260651e-01
7.551369174678e-02 8.931140585821e-03 -3.914193226830e-02
6.901810519551e-02 -3.395301506844e-03 4.357945404496e-03
3.149591051812e-02 -4.724525314185e-03 2.318245010620e-01
-1.055789220861e-01 -9.474071446862e-04 -9.249476867906e-02
-1.146350212448e-01 1.160963835263e-02 -1.772655089956e-01
-1.153860053637e-01 -1.830919651099e-01 -2.002069350270e-02
7.733844303052e-02 5.426881808125e-01 1.674696259619e-01
-1.098475943420e-02 -4.219325289946e-02 -1.768490899535e-02
2.650040974828e-03 -4.298992891142e-02 -2.493666450397e-02
6.078730046115e-02 -1.789937976484e-01 -6.161748903659e-02
8.297415775326e-02 -1.052341920369e-03 7.349042573787e-02
8.436074151117e-03 -3.146488550047e-02 -4.033749405493e-02
4.180269534712e-02 -2.286405794920e-02 6.585401081298e-03
1.252046593085e-02 2.694261844559e-02 -1.160769685795e-01
1.219260748698e-03 9.062662905692e-04 -1.930792816580e-05
2.552057197500e-01 3.530556143450e-02 -3.698980679176e-01
-2.837063794818e-02 5.510606456198e-03 -9.500928685404e-02
-2.140184355743e-01 1.042898840995e-01 2.304750609228e-01
Mode 39
-5.819850513611e-03 -1.026786223204e-03 2.510775377311e-02
1.309130807189e-01 1.607521998074e-02 -2.031741041657e-01
1.454077065428e-02 -1.320842446534e-03 -2.494870211410e-03
-3.412498755056e-02 -1.069168311150e-03 1.405764452532e-02
-4.296878564760e-02 6.911473066950e-03 -2.368798979276e-01
-1.748808245329e-02 -1.168072306394e-02 9.638477105933e-02
5.536439683326e-02 1.227677740382e-02 1.376435858218e-01
-2.053634897477e-01 -2.343383400816e-01 -3.051684851830e-02
6.825042565389e-02 6.286720155850e-01 -6.612979305514e-03
3.543370407605e-02 -5.909988874171e-02 3.435194911690e-02
-1.622347782253e-02 -5.379478991491e-02 3.388976666688e-02
6.008159862209e-02 -1.803284322399e-01 -4.613392833897e-02
-2.042610360113e-02 1.168942652134e-03 -3.695405229318e-02
5.210997468510e-02 1.278140521683e-02 -3.773381760282e-02
-4.625539064851e-02 2.186497524387e-02 5.176960434408e-03
-5.392497195655e-02 -8.090585577833e-03 1.546821011098e-01
4.744077580113e-04 -1.891976252235e-04 1.746518006552e-03
-1.357555601730e-01 -2.080832033503e-02 2.148036407534e-01
1.131294344655e-01 1.997668250021e-03 2.456639190665e-01
2.285196479108e-01 -1.125920291165e-01 -2.530728181860e-01
Mode 40
2.990325998793e-04 3.853005428314e-04 -5.254693425880e-03
7.940513941701e-02 -7.310499169851e-04 3.978991842430e-02
-2.558818458451e-02 1.013962282227e-03 -4.744509398376e-03
8.219333849307e-02 5.185585934390e-03 -3.550905540287e-02
-1.124032734791e-01 1.269782600241e-03 -5.674488216280e-02
-2.054269078678e-01 -8.934441563974e-03 -7.838749353970e-02
1.006526487471e-01 1.804469448987e-02 -4.475172953364e-02
-1.388479987049e-01 -4.256174868131e-02 -4.574866025320e-02
3.142883655627e-01 -1.953861217299e-01 7.115147428677e-01
-2.129202558600e-01 7.596592552068e-02 -2.270755141756e-01
6.995422141934e-02 5.767976334502e-02 -2.310027794203e-01
-4.261153652368e-02 5.085343725011e-02 -4.529122469097e-02
1.091065187868e-01 7.156408403779e-04 6.008412192246e-02
1.793303447238e-02 5.532691728144e-03 -1.614494255044e-04
-1.338522802416e-03 -3.836615253512e-03 8.657603657182e-03
-8.488046481163e-03 -9.525415313160e-04 1.502093841369e-02
-1.279232172439e-03 5.718911679330e-04 -6.821838145530e-04
-6.415436981803e-02 -1.079173180398e-02 8.827905383838e-02
1.145346311337e-01 1.193307290164e-03 1.622874082035e-01
2.383466432232e-02 -1.566213383530e-02 -3.117267867515e-02
Mode 41
-5.190059166039e-03 -1.507680616554e-03 4.435110150487e-03
2.145755991561e-01 1.124690283301e-02 -2.458138624690e-02
-1.664863863773e-01 -6.928124062290e-03 -3.965546434904e-02
-2.764153613941e-02 3.948629814579e-04 -5.956884015675e-03
-1.169705825031e-02 -9.458226187526e-03 1.211478754031e-01
-1.914647525761e-02 2.409501184599e-03 -6.021909631537e-02
2.453736848616e-01 5.143549183533e-02 -1.117278779260e-01
-2.489714728138e-02 3.332079712333e-03 1.801358947360e-02
-7.089491462897e-01 8.696789409289e-02 2.510175571454e-01
1.744643719784e-01 -3.403082128255e-02 8.136323536060e-02
1.514326532369e-01 3.191258106782e-02 -1.900207947376e-01
1.152152284601e-01 -1.039019090311e-01 -5.871391999514e-02
1.922924885481e-02 4.809931938564e-04 1.371543069968e-02
-7.026773861688e-02 1.273241702669e-02 8.400341299883e-02
2.163369499925e-02 -8.310337673425e-03 -1.588216442992e-02
6.179430496845e-02 -1.462604886798e-02 -1.063653492204e-01
-1.013256831383e-03 1.257170994844e-04 1.175432219811e-03
-1.793717460314e-01 -1.831199112931e-02 1.844458798995e-01
-1.610818280390e-02 -6.192490658376e-03 -1.196676981827e-02
-1.150250315262e-01 5.410864735973e-02 1.299627481450e-01
Mode 42
7.948685919460e-03 2.527107731434e-03 1.840309760084e-03
-2.290138536919e-01 -1.191899190314e-02 -1.633350247614e-02
1.659005126445e-01 2.028767649297e-03 8.432906663547e-02
-4.291284846740e-03 2.085044275894e-03 -1.390845336543e-02
3.638167711518e-02 1.140219999166e-02 -1.685302107347e-01
1.222901405741e-01 -2.055840358757e-03 1.976248372660e-01
-3.456024860022e-01 -4.172643455434e-03 1.867915278557e-01
4.140370547789e-01 9.268782563061e-02 -1.772002620808e-01
-3.376539569252e-01 2.117201461461e-02 3.577953044707e-01
-4.202977787387e-03 -1.119499723466e-02 -5.687911327229e-02
6.175608990715e-02 -7.223760588354e-03 -1.245065234501e-01
7.310294135847e-02 -8.886082351817e-02 -6.333026726203e-02
-9.496454755783e-02 -8.232962954836e-04 -6.799931967296e-02
9.717775251376e-02 -1.687607090248e-02 -1.134617463536e-01
-2.887632942087e-02 9.350572513164e-03 2.302236166135e-02
-8.255572432616e-02 2.085629052522e-02 1.393675817559e-01
-1.291159281342e-03 3.413080803835e-04 -9.230716691004e-04
1.777398117013e-01 2.188198868276e-02 -1.680843557679e-01
-5.526251862789e-03 3.143957594291e-03 -1.942317996178e-02
1.479924335159e-01 -7.000645805896e-02 -1.678980894978e-01
Mode 43
6.718132788214e-03 1.270822004215e-03 -2.032827946963e-02
-1.480204655502e-01 -2.073143247220e-02 1.863448656736e-01
1.693801696295e-01 8.206170856299e-03 4.464976926055e-02
2.588124324075e-01 1.943719279297e-02 -1.000392800152e-01
-4.397744411744e-01 1.155429925337e-02 -2.154104993090e-01
-3.505146851597e-01 -1.653002336191e-02 -1.267917473897e-01
-3.903840612747e-02 2.601180849079e-03 -7.367989533958e-02
1.272757018824e-01 6.988696165113e-02 1.302927510127e-02
-1.955241683412e-01 -5.174255366448e-02 -2.251039767768e-01
7.922536722569e-02 -1.842295504815e-02 7.885820726906e-02
-6.571324095717e-03 -7.498845314130e-03 5.483262676576e-02
1.532274567000e-02 6.845603394902e-03 1.984805187856e-02
2.456814075670e-01 6.119353723081e-03 1.190401290408e-01
1.842303341105e-02 3.223067183797e-02 6.951147572008e-02
2.989188739493e-02 -3.490147901734e-02 3.999672953811e-02
1.064684148897e-02 -9.129606041473e-03 -3.299403425592e-02
5.971040885508e-04 2.531897703445e-04 -7.988220221378e-04
6.788284582352e-02 -1.037461292201e-03 1.440384874601e-03
2.939965526540e-01 2.135301486564e-03 3.762130732772e-01
-1.923021907387e-02 -6.873090591200e-03 4.802042640619e-03
Mode 44
-2.672400819055e-06 -2.676599898540e-03 -8.961313744984e-03
2.082328186534e-01 9.966098254623e-03 1.044826317416e-01
-1.884540339292e-01 -1.601617834043e-02 6.916870379090e-02
3.391402390184e-02 1.634896602620e-03 -8.479756226714e-02
1.217968803297e-01 -5.769952358161e-03 2.894976510766e-01
-3.155966208814e-01 -2.478920079660e-02 7.003409567807e-02
4.153514530887e-03 9.748067048727e-03 -3.131422730529e-01
-1.858961295788e-02 3.448436245828e-02 3.890987022998e-02
-8.834361456420e-02 -7.266433955187e-02 -8.966935255817e-02
3.947061659484e-02 4.736276708615e-05 3.691484019421e-02
7.413679667979e-03 8.057866216571e-03 9.349274775357e-03
1.563185867942e-03 2.164064230179e-02 1.274955321012e-02
1.261746528876e-01 2.942947028120e-03 7.988472376999e-02
2.945766975920e-01 -1.100825274027e-01 -4.324669798694e-01
-1.078725289446e-01 6.587481410061e-02 2.743766869786e-03
-1.823236076247e-01 6.741912885154e-02 2.603395379603e-01
6.479301708534e-05 2.000912674894e-04 2.225434742197e-04
2.414544737549e-02 1.143420777955e-02 -1.068403252664e-01
-1.059329631835e-02 1.027872027949e-02 -6.431819584947e-02
2.150235945425e-01 -1.021203459772e-01 -2.526016660678e-01
Mode 45
4.087463825726e-04 -4.247296892002e-03 -9.209126396613e-03
3.405424193094e-01 2.419669872694e-02 7.753073276765e-02
-1.004442755157e-01 -3.246404814832e-02 3.290779735056e-01
-1.523280956126e-01 1.392842955032e-02 -3.443998769024e-01
3.101474078745e-01 2.171907830456e-02 -2.064102656327e-01
-1.289482039091e-01 -2.646856704329e-02 2.989449475390e-01
-3.449908301818e-01 -1.094092115174e-02 -2.913460931083e-01
7.042938655932e-02 1.632041366505e-02 -2.329180170423e-02
5.831705050992e-02 2.582960935463e-02 -1.516187361610e-02
-1.673670874807e-02 -1.354631414238e-03 -8.596301516020e-03
-1.879899725334e-02 -1.127481742475e-02 1.970607056361e-02
-1.256810126135e-03 -8.605274249829e-03 -1.798197484329e-03
-5.094120874211e-03 -9.678711138298e-04 4.242459500479e-03
-1.779937198613e-01 5.012728666867e-02 2.492231003101e-01
4.295315948837e-02 -1.544735592021e-02 -2.695160037617e-02
9.287767903829e-02 -3.757101929619e-02 -9.712352899744e-02
2.709750416881e-04 1.447714174827e-04 5.732127937313e-04
2.228613555361e-02 1.012527281893e-02 2.283506977976e-02
7.487707065923e-02 -5.366228842495e-03 1.268247531711e-01
-6.781124078591e-02 3.224404972216e-02 8.613584459297e-02
Mode 46
1.279911686864e-02 3.637455822045e-03 1.994514387921e-02
-2.511579006584e-01 3.130767018079e-03 -2.771636830002e-01
-1.387466686933e-01 -3.623175634666e-02 3.933571317083e-01
1.551237288320e-01 1.712444551130e-02 -1.392140758668e-01
-1.490434104249e-01 6.675681699210e-03 -1.356538814597e-01
7.035999364306e-02 -2.446258331276e-02 3.697474857818e-01
4.903040853718e-01 4.160996847649e-02 -1.485647424978e-01
-1.751282328389e-01 -2.643749931834e-02 6.852777662407e-02
-2.689631414066e-02 -3.642875062329e-02 1.546044147640e-02
1.428956596511e-02 6.813770007320e-03 7.231146487683e-03
1.665131633260e-02 1.439527582611e-02 -1.949290369906e-02
-4.714431653913e-03 1.731822246327e-02 4.005510464013e-03
-8.433960698609e-02 1.725487437961e-03 -9.093054777249e-02
-4.014197178677e-03 3.471809966996e-02 8.195351981388e-03
2.954727018726e-02 -3.170080227379e-02 3.167264173132e-02
1.388222380450e-04 -3.935516753433e-03 -7.604421352704e-03
5.635450212071e-05 -1.124076155313e-03 3.746207295906e-04
2.162316643922e-01 3.514993706531e-02 -2.798613587319e-01
3.888584680115e-02 5.260664989891e-03 -7.723247248783e-02
1.843688952025e-04 6.165975166285e-03 3.958630690975e-03
Mode 47
6.147228986743e-03 2.364583501069e-04 -7.407501229090e-03
-1.883337891175e-01 -2.278881647939e-02 1.842410027076e-01
2.802856334124e-01 2.582211983364e-02 -1.231770947739e-01
-2.191239049575e-01 9.350410575537e-04 -2.749666649706e-01
-1.428303973583e-01 -2.605030621234e-02 3.369652097373e-01
4.338743516363e-01 1.251164374385e-02 2.044300573810e-01
2.290661367189e-02 1.488425247434e-02 -3.430374845334e-01
-5.840298108821e-02 6.095115121657e-04 5.793112345677e-02
2.068657533105e-02 -2.748010100529e-02 2.580016642274e-02
-3.445863160062e-03 6.766236794252e-03 -5.570839710528e-03
3.094423024749e-03 5.578823832870e-03 -9.745019805362e-03
-5.558712701656e-03 8.353936150170e-03 1.999378973964e-04
-1.597264023258e-01 -3.236513965951e-03 -8.072302779786e-02
5.377433775100e-02 7.732911287435e-03 -1.065421464372e-01
-9.828773270064e-03 -4.306876887511e-03 7.790860748800e-03
-9.001718708622e-03 4.405619836505e-03 5.316192592063e-03
5.631303472174e-04 2.736936878212e-04 -4.454489386392e-04
-6.147180214540e-02 -1.798495649888e-02 2.063704811756e-01
1.390767279583e-01 -9.687317706414e-04 3.262814687845e-01
5.296872289188e-03 -1.504004593023e-02 -1.934486489422e-02
Mode 48
-6.936917934064e-03 -1.887752809703e-03 -2.901088303879e-03
4.178493911457e-01 2.403053206204e-02 2.245591254353e-02
-2.566719397899e-01 -2.405854723966e-02 1.001126895299e-01
2.815097361440e-01 6.973849656936e-03 1.694131691193e-01
-5.385374420454e-01 -1.474935306529e-02 -1.082225348190e-02
4.292495403270e-01 2.673671359488e-02 -2.858973104627e-02
-3.128135906646e-01 -1.710754737904e-02 -1.552691107823e-01
3.376185777827e-03 -5.180652027999e-03 5.734244059209e-03
5.102812237940e-02 2.964668989158e-02 1.756514333448e-02
-1.231973080509e-02 1.320079158556e-04 -9.798246981592e-03
-7.141591065563e-03 -4.655479909154e-03 3.019444052245e-03
-1.657276524420e-03 -8.175210406949e-03 -3.584910071229e-03
-7.022561594030e-02 -1.912068272417e-03 -2.782029202843e-02
1.947472360394e-02 4.089805644203e-02 -5.603079846614e-02
3.032064976590e-02 -3.930615907491e-02 4.860049699168e-02
-6.519398055647e-03 -3.048628240811e-03 -7.940390168429e-03
-1.807367183391e-04 1.469131081586e-04 4.701828165801e-04
-2.164355898237e-03 7.043615241007e-03 -9.609623660711e-02
8.827540628589e-03 3.072046409177e-03 -1.083821334169e-01
8.947442682061e-03 1.548273338228e-03 -7.812729542514e-03
Mode 49
9.346413439377e-04 1.438006730010e-03 -6.934906827280e-03
5.303999753419e-02 1.462514212561e-02 -1.669734546857e-01
-1.161355566351e-01 -3.362456520507e-02 4.058784565106e-01
-1.121970009867e-01 2.426308314408e-02 -4.675460490924e-01
-3.382816960072e-02 -2.396918580144e-02 3.300267130931e-01
1.240942485093e-01 3.906743877625e-02 -4.717703571225e-01
-2.092193851114e-02 -2.589053834451e-02 3.980977660693e-01
2.377782178778e-02 -6.589123548097e-03 -2.911677078369e-02
4.384398770148e-03 2.421960547413e-02 -2.756784666248e-03
-3.016428555364e-03 -3.549483561075e-03 -1.538799549723e-03
-1.966044866652e-03 -3.118030548778e-03 4.147125688145e-03
2.111387425153e-03 -6.703346708073e-03 -1.374915754412e-03
1.210453465511e-02 -1.775806390604e-03 4.040338214974e-02
1.986562952471e-02 -6.420805286452e-03 -3.479296624048e-02
-1.632696127754e-02 1.083229365117e-02 -1.209248529498e-02
3.473762274840e-03 3.720148467256e-04 -7.370506831114e-04
-6.825034059731e-04 -5.088647478383e-04 7.731051212546e-05
9.280419901854e-02 1.137882641286e-02 -6.575248783602e-02
1.087693916015e-01 3.026523610146e-05 1.305681900442e-01
1.003131192488e-03 -7.357226119178e-03 -6.564683342922e-03
Mode 50
-3.941875681277e-04 -3.364798106487e-05 7.719018686045e-04
8.024006010563e-03 1.117199781799e-03 -4.808068980590e-03
-9.019100616896e-03 -3.037236592204e-03 1.458570245198e-02
1.067602191633e-02 2.766349877604e-03 -1.100369992187e-02
-6.162072986774e-02 1.666951773525e-02 -4.222179363150e-02
5.467409089833e-02 -3.308055779047e-03 2.678309680695e-02
-5.092519797581e-03 -4.734197424052e-04 -1.013929820686e-02
-6.705439857390e-03 -2.092451834925e-03 2.882161543920e-03
8.128922678460e-03 2.470739550014e-03 4.161095920526e-03
-2.102375682288e-03 3.557057410728e-04 -1.822529696052e-03
-8.857198876121e-04 -2.171293230953e-04 -2.419024033020e-04
-9.112540504325e-04 -2.761674516910e-04 -3.994466266958e-04
-1.656390356502e-02 1.216332684710e-03 -1.317727938731e-02
5.275433021544e-01 -4.062654935732e-01 4.339050842134e-01
-3.846483034171e-01 3.008000700216e-01 -3.201031882077e-01
-3.053910671524e-02 3.029729968928e-02 -4.087216892839e-02
1.038091522202e-04 -1.814271640100e-05 5.523228672043e-05
1.929340186653e-03 -2.884743643325e-04 -2.777132563961e-03
4.862322687669e-03 1.505218918734e-03 -5.489070874233e-03
-7.670385049177e-02 2.980342139396e-02 7.851881294894e-02
Mode 51
-7.007591687540e-05 -3.071834452771e-05 1.954457984318e-05
-1.421360983837e-04 -1.783786908765e-04 1.098619914483e-03
5.880878688315e-02 9.868542791543e-04 2.635760532279e-02
-2.492512745476e-01 -2.707301172285e-02 1.243224027753e-01
7.743406163896e-03 -2.205553546171e-04 6.302830035358e-03
2.089810137915e-03 7.097892873068e-05 -1.253055969416e-03
4.782710581359e-05 1.758567674974e-04 -3.973252511799e-04
2.384609029588e-04 -1.987896368342e-05 -1.489538810329e-05
-1.785034161617e-04 -6.995073822758e-05 -3.610204191239e-05
5.385630045999e-06 -2.271380822579e-06 1.202591279829e-05
1.724135584489e-05 1.478469062779e-05 -2.924249667484e-05
6.891031808295e-06 3.867565607634e-05 7.515520202782e-06
-4.363420219906e-04 -4.059841054251e-05 -3.963598734679e-05
-3.375673821870e-03 7.252276783550e-04 1.902097890037e-03
4.496511776752e-04 -2.875421415922e-06 -7.111118353053e-04
1.697548173253e-03 3.728597922985e-04 -6.799837959633e-05
4.106317905324e-06 4.688858655634e-06 4.597486913977e-06
-1.966820437918e-01 -1.138294673576e-03 -1.229652605256e-01
8.242947833771e-01 9.212146006636e-02 -4.190849686786e-01
7.917140998903e-04 -4.039107346174e-03 -9.709464292465e-04
Mode 52
-1.282957796438e-04 4.268624620785e-05 2.230098829519e-04
8.978873746543e-03 1.063656490096e-03 -6.311985822649e-03
-2.376561350330e-01 -1.312341539075e-03 -1.564108269907e-01
-6.161901454067e-02 -7.644357007246e-03 4.425504689110e-02
4.180133587204e-03 -3.161494605990e-05 2.333342029781e-03
5.755215605558e-04 4.246238330589e-06 4.124322845985e-04
1.472658449004e-03 -2.890649739465e-05 4.886141437696e-04
-1.639113902313e-04 -1.241743721101e-04 5.908188819807e-05
1.096886183848e-04 1.232907534030e-04 6.238882551928e-05
-2.107464955855e-05 -2.405029749417e-06 -1.830639189293e-05
-2.049610989003e-05 -1.317272180692e-05 2.345984792961e-06
-4.524693742961e-07 -1.698139396913e-05 -1.353227583701e-05
1.022069635551e-04 7.051353362878e-06 7.400776989852e-05
-8.330387243320e-04 1.921339498556e-04 6.234635488638e-04
3.094415378759e-05 3.368236186467e-05 -3.085474452128e-04
3.545385381826e-04 1.102333628594e-04 -1.611706448631e-04
6.043722224348e-06 -2.649928016203e-05 2.070057593193e-05
7.809388042340e-01 4.996419986547e-03 5.010455892624e-01
2.010386252573e-01 2.235852938650e-02 -1.060018612464e-01
2.253609443223e-04 -8.510949678047e-04 1.142378146039e-04
Mode 53
-1.417149881605e-05 -1.543966256497e-05 2.459681272572e-06
-5.690358972995e-05 1.088795737115e-04 8.375919495658e-05
6.892135709823e-05 -1.732746453335e-04 1.609873509127e-04
-1.128285133142e-03 9.148035622072e-05 8.599893764426e-04
-1.318216018320e-03 5.564356160722e-04 1.075577663003e-03
7.280071765448e-04 2.872330932515e-04 -1.460309544896e-04
-2.524752188114e-06 2.505875779512e-06 2.086984826824e-04
6.324804966348e-05 -8.230259777365e-05 3.303738941346e-05
-5.646747582210e-05 9.795195957065e-05 -3.570051992110e-05
1.118431699956e-05 -1.523777668076e-05 1.891781029508e-05
-3.461056187798e-06 -1.231296511289e-05 5.518852498523e-06
1.903979295603e-05 -2.621462624983e-05 -3.740372429330e-06
-7.129102839215e-05 1.898447701060e-05 -2.913029061073e-05
2.865988681249e-03 -4.335230850459e-03 6.881591199990e-03
-2.865243192442e-03 2.496430808582e-03 -2.272916776095e-03
1.204073586548e-01 -1.457918473446e-01 1.490868177255e-01
4.347018516974e-06 -4.094874477360e-06 7.070414707777e-06
9.597798084770e-05 3.013060200924e-06 2.557704102223e-04
1.520094059145e-03 1.866831788160e-03 -5.183440625235e-04
-4.737183578224e-01 5.812226424315e-01 -6.161858095673e-01
--
Dipole derivatives 
Mode 0
5.619072756438e-03 3.484330254487e-03 -1.367486202084e-02
Mode 1
2.089461207028e-02 -6.621651450903e-03 3.692310582941e-03
Mode 2
-3.323945742059e-02 1.900410121693e-02 -1.138654950992e-02
Mode 3
4.374031578654e-02 3.564981327416e-03 -1.168392221231e-02
Mode 4
3.267766373634e-02 1.182014295158e-02 1.285959048910e-02
Mode 5
4.133620705881e-02 -2.571214623426e-03 1.618488713209e-02
Mode 6
-2.391279920450e-02 -2.205823814385e-03 -3.023680270757e-02
Mode 7
-8.998051311651e-03 -1.587942493182e-02 -5.060637910651e-02
Mode 8
2.660589400447e-02 -1.913204899327e-02 -5.055857000635e-02
Mode 9
-3.308353218362e-02 -2.064385042325e-03 3.846377383432e-02
Mode 10
6.027786140931e-02 -6.479107269699e-03 3.308068507804e-02
Mode 11
-1.224529575973e-02 -1.445711875138e-02 1.117577251344e-03
Mode 12
1.584366713014e-02 1.271172034084e-02 -9.573566501336e-03
Mode 13
-1.519419346991e-02 2.188916989736e-03 2.642073235150e-02
Mode 14
1.076579116789e-02 -1.247861656796e-02 -2.123406709362e-02
Mode 15
-5.926885244954e-03 3.946883509843e-02 6.589638564087e-02
Mode 16
-4.183941916793e-02 4.370193531899e-02 7.149003794363e-02
Mode 17
2.057010943099e-02 -3.139548291238e-02 -2.302078214542e-02
Mode 18
-1.461585272955e-02 1.237145891369e-02 7.134309014800e-02
Mode 19
-2.142453688074e-01 -2.596407482025e-02 -1.629032350526e-02
Mode 20
2.050086129210e-01 -4.616665984090e-02 -4.286045906538e-02
Mode 21
2.265616192928e-02 2.563063211244e-02 4.249775349589e-03
Mode 22
-1.065735100826e-02 -1.051157391259e-02 4.638930917005e-02
Mode 23
4.596657175964e-02 1.582093042559e-02 9.074041371022e-03
Mode 24
-8.473437916594e-02 -5.893644575777e-02 4.800402710388e-02
Mode 25
-5.469805500560e-02 8.450032464089e-02 -5.217232811508e-03
Mode 26
-3.523793638196e-02 1.018277940042e-02 1.569251996107e-02
Mode 27
2.174281920037e-02 2.550794503805e-02 4.278326577108e-02
Mode 28
7.046807974364e-03 8.716477717606e-02 -2.907482220452e-02
Mode 29
-6.324835816536e-02 -2.406388072200e-02 -1.396669907977e-02
Mode 30
9.443485244845e-02 -2.671836393266e-02 6.774947947926e-02
Mode 31
4.448144325845e-02 -6.408630192971e-02 4.048665514864e-02
Mode 32
-3.925048698744e-03 -1.361738386581e-02 -8.268536864626e-02
Mode 33
1.226895827751e-01 1.352758742135e-01 -2.400235414353e-02
Mode 34
-2.007838515034e-02 -6.695768273294e-03 -4.436812901740e-02
Mode 35
6.071632043156e-02 -6.161563329932e-02 1.532454367393e-01
Mode 36
2.290086536767e-03 8.938430249295e-02 5.119652953373e-02
Mode 37
-5.170124409042e-02 -5.044954992597e-02 -1.814463329270e-02
Mode 38
-3.736263814432e-01 1.528840215323e-01 -8.106899030015e-02
Mode 39
-3.095562505288e-01 2.163001342683e-01 3.258672680950e-01
Mode 40
-2.821710920932e-01 -3.812524285921e-01 1.538254253667e-01
Mode 41
1.172012711194e-01 6.639615283260e-03 -6.890963976663e-01
Mode 42
1.234534419509e-01 -7.573060215938e-02 -2.961244999738e-01
Mode 43
2.447574371898e-01 1.037808197787e-01 -3.044531472703e-01
Mode 44
3.281397983724e-01 3.302407318968e-01 5.376528136439e-01
Mode 45
-1.346067121578e-01 -1.266078627965e-01 -2.559576348101e-01
Mode 46
-1.649481891903e-01 -6.893050775920e-02 2.805077943419e-01
Mode 47
-1.643874213703e-01 -1.080431992025e-01 2.907500651660e-01
Mode 48
-8.912961526096e-02 -2.785427599815e-02 7.913188597161e-02
Mode 49
1.176001837780e-01 2.292585290694e-01 7.921766853223e-02
Mode 50
-1.488265616668e-01 -5.802036461564e-01 1.405033490840e-01
Mode 51
1.417872655448e-03 -2.880114600984e-02 -4.269107933122e-02
Mode 52
-7.522509666277e-04 -1.646186229968e-02 -1.455774324798e-02
Mode 53
-8.984880408021e-03 1.633316852480e-01 -1.197674492495e-01
--
Polarizability derivatives 
Mode 0
2.068945348527e-01 -2.734527964074e-01 4.648677018585e-01
-2.734527964074e-01 -2.095707288625e-01 -6.578579820633e-01
4.648677018585e-01 -6.578579820633e-01 -2.072877318034e-01
Mode 1
6.098724659594e-01 2.364579141066e-02 -7.726864312903e-02
2.364579141066e-02 -7.350148624828e-01 -2.780255280795e-01
-7.726864312903e-02 -2.780255280795e-01 -2.165116904942e-01
Mode 2
-6.289463404661e-01 -2.023653255257e-01 4.907427605354e-01
-2.023653255257e-01 1.445011284732e+00 -3.950897353916e-02
4.907427605354e-01 -3.950897353916e-02 2.398864468371e-01
Mode 3
-1.108414445527e-01 5.133609675784e-01 -4.289863403663e-01
5.133609675784e-01 8.243267671168e-01 6.172411916556e-01
-4.289863403663e-01 6.172411916556e-01 5.755913813309e-01
Mode 4
-5.212426504167e-01 4.107420894851e-01 1.246995199086e-01
4.107420894851e-01 9.189805497719e-01 1.344478074405e-01
1.246995199086e-01 1.344478074405e-01 2.976717084621e-01
Mode 5
2.928263394209e-01 2.707695885034e-01 -2.335167852844e-01
2.707695885034e-01 1.402389294997e-01 -8.307520807419e-02
-2.335167852844e-01 -8.307520807419e-02 -2.432149752581e-01
Mode 6
-6.753130905759e-01 6.190227217096e-01 5.997184124058e-01
6.190227217096e-01 -1.170810584004e+00 -7.851678389722e-01
5.997184124058e-01 -7.851678389722e-01 5.691966927858e-01
Mode 7
2.262276760352e-01 -1.782824279145e-01 2.907379052782e-01
-1.782824279145e-01 -1.940049058832e-01 -1.223394090452e-01
2.907379052782e-01 -1.223394090452e-01 2.137258700132e-01
Mode 8
3.585343920597e-01 -3.591009268038e-01 9.126025955044e-03
-3.591009268038e-01 2.572081074277e-01 3.298296073209e-01
9.126025955044e-03 3.298296073209e-01 2.148124508226e-01
Mode 9
-1.928167010530e-01 -3.085025237156e-01 4.875974591511e-01
-3.085025237156e-01 1.129259277409e+00 5.137961559850e-01
4.875974591511e-01 5.137961559850e-01 -6.455564754574e-03
Mode 10
-1.623011350812e+00 -1.165914192230e-01 -4.365843843015e-01
-1.165914192230e-01 3.924235867557e-01 -4.405198048908e-01
-4.365843843015e-01 -4.405198048908e-01 -5.394957086410e-01
Mode 11
-2.856752200995e-01 4.611228474879e-03 7.121458169556e-02
4.611228474879e-03 6.734371210452e-01 4.143469309956e-01
7.121458169556e-02 4.143469309956e-01 3.775686966282e-01
Mode 12
5.073252439693e-01 2.139290388418e-01 3.644477527586e-01
2.139290388418e-01 2.662890620279e-01 -1.081927339010e-01
3.644477527586e-01 -1.081927339010e-01 7.727177564473e-01
Mode 13
4.769422809070e-01 -4.878324676086e-01 7.088512777734e-02
-4.878324676086e-01 2.447590274558e+00 4.666986171159e-01
7.088512777734e-02 4.666986171159e-01 6.653601708097e-03
Mode 14
4.834886647757e-01 -8.939894107025e-01 -8.257580000837e-01
-8.939894107025e-01 3.118050131945e+00 1.946209292605e+00
-8.257580000837e-01 1.946209292605e+00 1.741419059867e+00
Mode 15
1.211002333652e+00 2.465008351056e-01 -1.915755844285e-02
2.465008351056e-01 -1.355258483917e+00 -4.463911636732e-01
-1.915755844285e-02 -4.463911636732e-01 -1.445697813956e+00
Mode 16
-1.054525280475e-02 3.653576442037e-01 1.166654276989e-01
3.653576442037e-01 -1.875500059148e+00 -9.970053520035e-01
1.166654276989e-01 -9.970053520035e-01 -4.833468810597e-01
Mode 17
3.529921895064e-01 1.486355304451e-01 -7.122702271297e-02
1.486355304451e-01 5.591528343137e-01 5.507345121650e-01
-7.122702271297e-02 5.507345121650e-01 7.974700867165e-01
Mode 18
-1.714185092471e-01 -3.487481454836e-01 2.597362013990e-01
-3.487481454836e-01 2.901180618313e+00 1.820550390501e+00
2.597362013990e-01 1.820550390501e+00 -6.352393857815e-02
Mode 19
2.879218677719e-01 -6.113605419180e-01 3.610194631752e-01
-6.113605419180e-01 -3.896846087439e-01 -1.507871120759e-01
3.610194631752e-01 -1.507871120759e-01 2.577772517515e-01
Mode 20
3.278978020687e-02 7.701254532510e-02 -4.046333077057e-01
7.701254532510e-02 -2.203443251442e+00 -2.433262332633e-01
-4.046333077057e-01 -2.433262332633e-01 6.201313451974e-01
Mode 21
6.945921331765e-01 6.126839644978e-01 -3.839086517367e-01
6.126839644978e-01 -1.173044099900e+00 -6.775224351156e-01
-3.839086517367e-01 -6.775224351156e-01 -1.527986199453e-01
Mode 22
-1.020262521947e+00 -4.130565179147e-01 6.790793754118e-01
-4.130565179147e-01 -1.530131787317e+00 1.232729523696e-01
6.790793754118e-01 1.232729523696e-01 -3.934798184102e-01
Mode 23
4.309270502131e-01 8.012611629661e-01 -2.688732474712e-01
8.012611629661e-01 3.014541120077e+00 4.001835381646e-01
-2.688732474712e-01 4.001835381646e-01 -1.301460843713e-01
Mode 24
-4.030094788328e-01 -7.774526657940e-02 -9.818619794637e-02
-7.774526657940e-02 -6.377473573776e-01 -3.322230964478e-01
-9.818619794637e-02 -3.322230964478e-01 -1.928713065993e-02
Mode 25
-3.582585952621e-01 -4.716550260274e-01 -8.847200848255e-02
-4.716550260274e-01 1.416710484868e+00 5.972506454944e-01
-8.847200848255e-02 5.972506454944e-01 3.888615866223e-01
Mode 26
4.604904426318e-02 6.356859715342e-01 -2.001744659774e-01
6.356859715342e-01 1.332684794845e+00 2.082703993848e-01
-2.001744659774e-01 2.082703993848e-01 8.222940334931e-01
Mode 27
9.350960409908e-01 5.817753110922e-02 -2.313495332806e-01
5.817753110922e-02 -2.489135318009e+00 -9.019352567864e-01
-2.313495332806e-01 -9.019352567864e-01 1.515789499940e+00
Mode 28
-6.977062517565e-01 -5.251731883040e-01 -5.580926173946e-02
-5.251731883040e-01 -3.608591714660e+00 -1.047606929183e+00
-5.580926173946e-02 -1.047606929183e+00 -1.605403404526e+00
Mode 29
6.497691686854e-01 2.314762297636e-01 -3.719538473647e-01
2.314762297636e-01 2.140856168406e+00 3.751515638749e-01
-3.719538473647e-01 3.751515638749e-01 1.698380930111e+00
Mode 30
4.444897762499e-01 3.381591727932e-01 2.051714925189e-01
3.381591727932e-01 -1.890163382908e-01 5.246474262588e-01
2.051714925189e-01 5.246474262588e-01 -6.431583970586e-02
Mode 31
2.965435099467e-01 -6.041591747667e-01 -4.367803035330e-01
-6.041591747667e-01 1.351710615095e+00 6.643168883586e-01
-4.367803035330e-01 6.643168883586e-01 -1.685338649124e-01
Mode 32
6.196451076903e-01 1.521479392990e-01 -9.977150403734e-02
1.521479392990e-01 -1.639188838794e+00 -1.203318763585e+00
-9.977150403734e-02 -1.203318763585e+00 -8.398894426915e-01
Mode 33
-1.867167495047e-01 4.544388698615e-01 -2.767211877695e-01
4.544388698615e-01 7.837347178898e+00 3.609713696209e+00
-2.767211877695e-01 3.609713696209e+00 2.299019164992e+00
Mode 34
2.355132571421e-01 3.231697665486e-01 2.611849993710e-02
3.231697665486e-01 1.782616878056e-01 3.256660718235e-01
2.611849993710e-02 3.256660718235e-01 -1.654907542542e-01
Mode 35
1.662703461097e-01 -7.484606552285e-01 1.113228466740e-01
-7.484606552285e-01 -6.276588498187e+00 -2.631317411511e+00
1.113228466740e-01 -2.631317411511e+00 -7.544528642392e-01
Mode 36
-1.821801301116e-01 2.479894255643e-01 2.230713803978e-01
2.479894255643e-01 -1.036125121679e+00 -1.496090135109e+00
2.230713803978e-01 -1.496090135109e+00 3.358666889179e-01
Mode 37
-1.596668535007e-01 -1.353684086956e+00 -7.417025806529e-01
-1.353684086956e+00 -8.134310440342e+00 -3.490029149854e+00
-7.417025806529e-01 -3.490029149854e+00 -3.266489187877e+00
Mode 38
6.029714927343e-01 -8.038636525067e-01 -4.336733815908e-01
-8.038636525067e-01 -5.004751365808e+00 -3.054991613078e+00
-4.336733815908e-01 -3.054991613078e+00 -5.156883659049e-01
Mode 39
6.192960992852e-01 -7.029098429212e-01 -7.039059588572e-01
-7.029098429212e-01 5.387920393835e+00 2.994866863249e+00
-7.039059588572e-01 2.994866863249e+00 1.961570155694e+00
Mode 40
-5.442667755820e-01 -2.521015855202e-01 4.605047713648e-01
-2.521015855202e-01 -1.724616219777e+00 -5.832653873781e-01
4.605047713648e-01 -5.832653873781e-01 -5.407303550317e-01
Mode 41
5.858528448692e-01 9.151069948742e-01 -3.078200277284e-01
9.151069948742e-01 2.623672390022e+00 7.347992747724e-01
-3.078200277284e-01 7.347992747724e-01 9.531170151806e-01
Mode 42
-1.284465666442e+00 3.493075595918e-01 1.173495968508e+00
3.493075595918e-01 -5.500908914096e+00 -2.012194877905e+00
1.173495968508e+00 -2.012194877905e+00 -3.321371210755e+00
Mode 43
-1.322990740741e+00 -1.803356536375e+00 -4.353941848342e-02
-1.803356536375e+00 -1.076462907272e+01 -4.517386055044e+00
-4.353941848342e-02 -4.517386055044e+00 -4.093848138179e+00
Mode 44
4.523319513495e-01 2.625740845685e+00 1.094112705668e+00
2.625740845685e+00 -1.080828750904e+00 -8.494709737296e-01
1.094112705668e+00 -8.494709737296e-01 -6.450321774807e-01
Mode 45
-9.728304143282e-01 -6.488429130746e-01 -1.589668246864e-01
-6.488429130746e-01 -5.767597740357e+00 -5.288167628474e+00
-1.589668246864e-01 -5.288167628474e+00 -3.549794018882e+00
Mode 46
2.499444829201e-01 4.369234170801e-01 8.754968941502e-02
4.369234170801e-01 1.067140742688e+01 3.395173023446e+00
8.754968941502e-02 3.395173023446e+00 1.781179525774e+00
Mode 47
4.062993988575e-01 4.436784458336e-01 5.177650455439e-01
4.436784458336e-01 -1.309805038621e+00 -5.372819012104e-01
5.177650455439e-01 -5.372819012104e-01 8.826088144183e-01
Mode 48
3.116451135114e-01 -7.030815950263e-02 -1.282623576024e-01
-7.030815950263e-02 2.757676417087e-01 7.597043496879e-01
-1.282623576024e-01 7.597043496879e-01 -1.416573299818e-01
Mode 49
1.929420989050e-01 4.830287233583e+00 3.589724178808e+00
4.830287233583e+00 2.153148330996e+01 1.102890476131e+01
3.589724178808e+00 1.102890476131e+01 2.615325322952e+00
Mode 50
-1.302417077600e+00 -3.708960505486e+00 -1.243452964420e+00
-3.708960505486e+00 -1.031853658662e+01 -2.817344151120e+00
-1.243452964420e+00 -2.817344151120e+00 -1.872752039295e+00
Mode 51
-2.334899537237e-01 1.352710146744e+00 1.797429768113e+00
1.352710146744e+00 -9.214292066999e-01 -3.493797499468e+00
1.797429768113e+00 -3.493797499468e+00 -8.052290053062e+00
Mode 52
-4.736559446572e+00 -2.256343929020e+00 3.966997242321e+00
-2.256343929020e+00 -1.363635100734e+00 1.310228687039e+00
3.966997242321e+00 1.310228687039e+00 -5.382139611495e+00
Mode 53
5.413954531572e-01 -1.476497952716e-01 8.513343356746e-01
-1.476497952716e-01 3.667406876178e+00 -1.790205834851e+00
8.513343356746e-01 -1.790205834851e+00 4.501587580866e+00
--
