Number of atoms 
20
--
Anisotropy 
130.403
--
Frequencies 
16.820201480427
25.209183852927
39.101499138630
45.162324175656
62.456063060903
91.769991709072
101.147296574639
125.462355287391
145.768207271149
160.569630184579
198.794748441070
264.411145663737
282.063114970170
317.433687616155
343.600810004837
362.118052190123
384.265762918616
436.248815633201
474.068210416141
523.505092649914
560.863974852324
592.769916715074
605.396062185277
632.339537080990
661.518213593353
734.613533289686
756.940169410928
791.082360632866
801.460592636156
865.319912516915
904.354325541123
917.796511733526
951.787183767255
1020.796155647005
1060.537416901446
1147.749629879024
1161.263176484860
1199.466435663250
1222.603619506165
1258.187929955950
1309.021641876677
1356.211420562217
1437.657357235459
1450.687625019665
1460.105819966971
1492.079536235988
1599.233205284994
1653.659575822409
1685.987670840617
1791.704310744184
3124.906100729466
3206.232249012495
3212.469115804882
3219.228255760903
--
Displacements 
Mode 0
-2.374952364535e-02 -2.048897267777e-01 -5.602609061922e-01
1.461790518681e-02 -9.843668139021e-02 -3.687857904712e-02
5.665792933799e-03 -1.555382261227e-02 -2.692901751795e-02
5.032301892766e-03 -2.659721024456e-02 -2.460223913547e-02
-2.612929036716e-03 5.457021622564e-02 -2.862034103430e-02
-9.779986488189e-03 3.226657445879e-02 -3.636142438720e-02
-2.435304212191e-02 5.607079552024e-02 -3.789882897449e-02
-2.993046830207e-02 1.027759822547e-01 -2.408511343668e-02
-2.086229751872e-02 1.460975863676e-01 -1.588728376842e-02
-8.930276417365e-03 1.226720160474e-01 -1.728375206719e-02
1.222171017748e-03 2.042933226945e-01 -5.435608383008e-03
-2.628116205072e-02 2.226938133658e-01 -7.713523366603e-03
-5.942154849545e-02 2.558228291936e-01 -5.022473510289e-02
-1.918778376918e-03 2.723059554287e-01 4.810955445020e-02
-1.265407135394e-01 1.391594047171e-01 -4.320521766226e-02
5.552150301252e-03 -1.887494322142e-02 9.069986850540e-03
7.786064468252e-03 -5.837518652922e-02 -7.004509141995e-03
-1.600330972918e-03 -3.970689363202e-03 -1.263486194882e-02
-9.690152745182e-03 8.719340430057e-03 -1.400600606650e-02
1.073477448925e-01 -2.857794470006e-01 4.404354309911e-01
Mode 1
-1.834584268315e-01 1.747771949056e-01 3.155808409534e-01
9.846742521454e-02 2.552677230664e-02 -9.039910427628e-03
9.388454892803e-02 -1.342958746229e-01 -5.513979697722e-02
1.601282758720e-01 -3.224515162459e-01 -1.106845217488e-01
3.152929128821e-02 -8.431811118053e-02 -5.004378591411e-02
1.316283291068e-03 -6.887907368054e-02 -9.403195184072e-02
-4.930457601283e-02 1.211665347670e-02 -9.619657876257e-02
-7.285726119258e-02 5.984005190786e-02 -4.951140029578e-02
-4.176418097812e-02 2.043841454531e-02 -3.955732894157e-03
6.983226332286e-03 -3.519835198325e-02 -6.725099643444e-03
3.454909595215e-02 -7.178467175196e-02 4.071094602944e-02
-7.208507799687e-02 6.252026614009e-02 5.041023887634e-02
3.794330845565e-02 -5.318381733189e-03 -2.472365971973e-01
-2.128745261195e-01 1.807785958662e-01 4.059079813171e-01
-2.742234526407e-01 3.258544709319e-01 -8.617285499539e-02
4.190055350811e-02 2.601310832867e-02 -4.961890799743e-03
4.188205627563e-02 1.511175963964e-02 -8.435397168290e-03
5.431696012806e-03 -3.204282023071e-02 -3.669183900550e-02
-2.117850172115e-02 1.293095307938e-02 -3.938820601714e-02
2.176038112845e-01 -1.454354779061e-01 -1.083937162851e-01
Mode 2
-1.845615472720e-01 5.037398208120e-02 8.449032858452e-02
6.424323077278e-02 -1.691820071118e-02 -3.655820685293e-02
6.700178138179e-02 -1.219489100525e-01 -6.019038665673e-02
1.180694757129e-01 -3.035796254454e-01 -9.043561879172e-02
2.715293033181e-02 -2.708227671076e-02 -5.949594380806e-02
1.201352412100e-02 5.787977848731e-02 -8.670824067914e-02
-1.212358721270e-02 1.410307916840e-01 -8.940789299382e-02
-2.615742946050e-02 1.342930319233e-01 -5.963250506517e-02
-1.573494352869e-02 5.601294979985e-02 -3.579169068711e-02
1.147611022007e-02 -3.069991140727e-02 -3.229453911320e-02
3.762703300406e-02 -1.335766242061e-01 -2.230767911813e-04
-2.172376013019e-02 -4.150439781812e-02 -2.276167353008e-02
-1.499959135122e-01 3.846010013637e-02 4.855954977714e-01
1.007037685794e-01 -2.312746827228e-01 -5.250223785099e-01
-1.283766384806e-01 2.269121603440e-01 -9.802582436259e-02
2.952143021431e-02 1.108091100607e-02 -1.041186449036e-02
2.764113727058e-02 -4.432850946023e-03 -1.375670158010e-02
5.962645968948e-03 1.530205333889e-02 -2.982379780325e-02
-6.553132700604e-03 5.637416708888e-02 -3.238026179359e-02
1.074445501021e-01 1.756704087925e-02 1.488965328638e-01
Mode 3
3.434738626166e-01 -2.126185522837e-01 4.697800015375e-01
-9.756778206081e-02 -1.155152078815e-03 -1.329357550962e-04
-1.104416435056e-01 4.842933107926e-03 -1.169469018678e-02
-1.333755317047e-01 5.893384285167e-02 -2.518827539660e-02
-1.025545526238e-01 -4.884138897526e-02 -1.400984517102e-02
-8.927796497024e-02 -1.055260078789e-01 8.285749784040e-03
-6.610254589941e-02 -1.007500785353e-01 6.689880000063e-03
-5.229725658081e-02 -5.615642682546e-04 -1.428610717177e-02
-6.617453138342e-02 6.492236174657e-02 -4.007435582048e-02
-9.357366249273e-02 5.153013910256e-03 -3.445771140250e-02
-1.247218203527e-01 2.845950456877e-02 -5.648067439668e-02
-4.307534039498e-02 2.379864494864e-01 -1.000593835476e-01
-2.439159143431e-01 3.754568275691e-01 -2.713717711260e-02
1.751376874323e-01 2.767580310883e-01 -2.286658181712e-01
-5.069055791332e-02 3.269794897611e-02 -2.721553009589e-02
-4.767556111692e-02 -3.764076716560e-02 -2.106312176444e-02
-3.666548879650e-02 4.027211469158e-02 -3.829083720402e-03
-2.862083499138e-02 -4.311944452227e-02 7.723507629287e-03
-1.742939377309e-02 -4.644988417605e-02 6.699468592800e-03
8.751090719423e-02 -1.024168994894e-01 -1.367518699950e-01
Mode 4
9.962478065091e-04 -7.650470366920e-02 1.855612854399e-01
-1.034587537052e-01 1.580239020191e-02 -1.271169669962e-01
-6.357906997409e-02 -4.354450271699e-02 -9.443322811782e-02
-7.909333768033e-02 -1.086900717328e-01 -6.526319160525e-02
-1.584001517104e-02 -7.482566594586e-03 -1.007351616546e-01
1.318128607177e-02 1.244668658289e-01 -7.048804330000e-02
6.729443612294e-02 1.637136196609e-01 -7.434188127624e-02
8.948371276076e-02 7.420859102192e-02 -1.183935660271e-01
6.107399966462e-02 -8.845194339971e-03 -1.481099120655e-01
9.006020205860e-03 -7.813374551510e-02 -1.447013400546e-01
-3.693638707829e-02 -2.930296383157e-01 -2.412361689957e-01
8.248801708772e-02 -1.419959121992e-02 -1.941325304347e-01
1.565104887865e-01 -6.419799430404e-02 -4.096707244071e-01
3.109697181873e-02 3.306901925181e-02 -5.667730464695e-02
2.097047420986e-01 -5.753882899765e-02 -1.893072473619e-01
-3.591093170025e-02 -1.691390533078e-02 -6.861486651086e-02
-4.634243539295e-02 4.200650306281e-02 -3.743316795195e-02
-1.436614043242e-03 5.329321058168e-02 -1.074213501808e-02
2.747855338177e-02 7.072637448077e-02 -1.240054250873e-02
-1.366529307476e-01 1.362942470789e-01 4.630234876577e-01
Mode 5
1.083661602423e-01 -1.373493982367e-01 1.555026714159e-01
-6.156749811692e-02 -1.101548846560e-02 1.355648852703e-02
-2.253631561722e-02 -6.644265729720e-02 4.653397352514e-02
3.814927493424e-02 -4.960143493505e-01 9.660450676671e-02
-3.475522237642e-02 2.192091371283e-01 3.283373913056e-02
-2.637751274614e-02 2.194792976247e-01 4.160903695260e-02
-4.894746763292e-03 2.022107257045e-01 4.343594535464e-02
3.748657615951e-03 1.090596044991e-01 2.155001228435e-02
-3.943587284205e-03 1.822311177159e-01 4.967089132912e-03
-2.241022369629e-02 2.881187305855e-01 7.466259585643e-03
-4.350032693973e-02 4.784519240864e-01 -2.275092834916e-02
4.167252344906e-03 8.736879672625e-03 -2.448675706139e-02
1.832221845589e-01 -9.867141925832e-02 -3.288098581354e-02
-1.552582963023e-01 -6.597874331912e-02 -6.547441772509e-02
1.178705738219e-01 -1.857395995780e-01 3.462579387815e-02
-2.322052931803e-02 -1.848073642609e-02 -1.089653386180e-02
-2.861022587207e-02 5.815528182913e-03 6.050611220979e-03
-1.015411163102e-02 5.233236590020e-02 1.699979026777e-02
2.205493460922e-03 5.527463381649e-02 1.841354046429e-02
-7.561216152905e-02 -8.976138310028e-02 -1.527897584255e-01
Mode 6
-1.479119850579e-01 -2.154528747239e-02 4.209661790223e-03
5.881751100052e-02 -4.553920837750e-02 5.543896531478e-02
5.827658267007e-02 9.795108209088e-03 6.138369865622e-02
5.781775679586e-02 1.827426103479e-02 9.448256311764e-02
6.145404494283e-02 1.188025089676e-01 5.588152522387e-02
5.831116055328e-02 4.021021772855e-01 3.225015812856e-02
5.498712955833e-02 3.756510572002e-01 3.243734237813e-02
4.373622900317e-02 1.107485750246e-01 4.601160840326e-02
4.935563239004e-02 -6.438187975366e-03 6.142968400137e-02
5.643612360542e-02 -7.000933316128e-02 6.512590497766e-02
6.671765164116e-02 -4.024632331078e-01 1.020840155010e-01
5.983527035977e-02 1.228089948753e-01 6.603897632853e-02
-8.987530902099e-02 2.278858047761e-01 4.190862678360e-02
2.134688069784e-01 2.106960532179e-01 1.191388433890e-01
5.090489718193e-02 -1.668932829302e-01 7.360554732733e-02
2.373175651074e-02 2.449415219685e-03 2.919905763937e-02
2.273498624271e-02 -3.101621140599e-02 1.704414502211e-02
1.859216022881e-02 1.697533022883e-01 5.411509174969e-03
1.874364991767e-02 1.529513081804e-01 7.981394553122e-03
-1.301923168876e-01 -1.990412354900e-01 -2.599052466602e-01
Mode 7
-3.536180352894e-01 -3.651199554008e-01 3.215008963191e-01
1.324630513063e-01 -1.964996457071e-01 1.387337171976e-02
6.459771174903e-02 4.219412217831e-02 -4.341218639419e-02
-9.091481807712e-03 5.001106849058e-01 -5.594605053996e-02
1.101379199694e-01 7.402984879076e-03 -4.966006038951e-02
1.000901724847e-01 1.197483461038e-02 -7.343965277363e-02
7.405496071651e-02 5.530842848047e-02 -8.086626011901e-02
6.089335218354e-02 7.731563891901e-02 -6.422512485676e-02
8.528037953898e-02 1.030251420722e-01 -3.367631287718e-02
1.100678642202e-01 9.596921138755e-02 -3.533718566465e-02
1.779095837626e-01 2.726558291960e-01 3.234769403979e-04
8.533770379661e-02 1.559394327606e-02 -9.356398236788e-03
2.005562108102e-01 -5.024880662147e-02 2.577108351039e-02
-1.511792835678e-02 -3.849664551006e-02 -4.395403389422e-02
-6.318850185868e-02 1.121504769362e-01 -1.196688275984e-01
4.201359574600e-02 -3.524579390277e-02 4.238862451390e-02
6.772139138137e-02 -7.063707572307e-02 -3.626412574909e-03
3.334838000325e-02 -1.981703717374e-03 -2.919153714847e-02
1.878425785233e-02 1.735617039496e-02 -2.771943727516e-02
-7.260327249002e-02 -6.220677381275e-02 -3.995190647093e-02
Mode 8
4.229680024374e-02 8.142152439280e-02 -6.874997124115e-02
7.843733719756e-02 -5.840469777700e-03 1.395727342047e-01
4.544813539419e-02 -2.489348437561e-03 1.076714903480e-01
7.277483216775e-02 -2.486966403766e-02 8.570550692094e-02
-1.037612944836e-02 -1.051154954206e-02 1.066730565395e-01
-1.448439924439e-02 -3.017356587538e-02 1.018650086540e-01
3.192029417247e-04 -1.084507351193e-02 9.594268390357e-02
-3.675519971916e-04 2.408362577479e-02 1.077994047759e-01
2.328744788095e-03 1.782358438997e-03 1.132945668889e-01
-2.883873151371e-02 -7.755455466737e-03 1.155569182944e-01
-2.708758231080e-02 -8.806873204371e-03 1.625844379897e-01
1.459062875455e-01 -3.027037515431e-02 -1.664239921663e-01
2.307431928656e-01 -8.491793578229e-02 -4.800674944153e-01
3.156620258675e-01 -7.209615619745e-02 -3.815085940140e-01
-2.824785446690e-01 3.011889075627e-01 1.769692975232e-01
2.770983241060e-02 1.483462832221e-02 6.208828448958e-02
3.524197045000e-02 -2.944156367089e-02 4.078804851585e-02
-4.950096794816e-03 -1.218838928649e-02 3.107371744744e-02
7.733455750696e-04 1.513096878559e-03 2.855216632891e-02
-1.419926189822e-01 -9.813466412955e-02 -4.370428734514e-02
Mode 9
-8.785921077369e-02 -2.495510709241e-02 3.190283670796e-02
3.514294878729e-01 -1.364062102300e-01 1.699606518838e-01
1.328139426974e-01 -1.939817639814e-02 -5.817041602121e-02
2.420873893329e-01 7.949120003284e-02 -3.216966247247e-01
-1.030071299149e-01 3.870039825974e-02 -2.430541029521e-02
-1.210390988147e-01 9.165979014901e-02 -3.739778119683e-02
-1.451338544561e-01 3.836010632859e-02 -1.124141953066e-02
-1.513917282370e-01 -6.193901574648e-02 2.762103808665e-02
-1.790140787603e-01 -6.534829738079e-02 1.481274457017e-02
-1.439014969545e-01 2.636345568825e-03 3.003019122923e-02
-1.104156937342e-01 6.032474565932e-02 1.547053427489e-01
-1.674366160845e-01 -3.010769987874e-02 -9.757082180672e-02
-2.258341547265e-01 -7.002877437259e-03 -2.502161051806e-01
-7.586207398751e-02 -8.052717665855e-03 -1.355076249756e-01
1.880746908223e-01 -3.093817972314e-01 7.109009590139e-02
1.121180985011e-01 1.398981753605e-02 1.396032195699e-01
1.781722284511e-01 -1.023800427762e-01 3.373264946052e-02
-3.404469757118e-02 4.352475153010e-02 -1.457054972778e-02
-4.625327084143e-02 1.429651270437e-02 -9.641988653669e-03
1.494128782848e-01 1.411402718575e-01 9.258309123540e-02
Mode 10
-1.883807135812e-02 -6.725943058888e-02 4.382606626587e-02
-6.854783585034e-02 1.571456653498e-02 -9.294460328708e-02
-1.220547556964e-02 2.648223568186e-02 -3.616643090960e-02
-2.719682683539e-02 -7.029080419720e-02 3.820486271833e-02
4.151929042397e-02 8.111203549140e-02 -4.008587541826e-02
3.464593335640e-02 2.042338645169e-01 -5.730259289775e-02
2.536014359166e-02 1.027146321329e-01 -5.815837927882e-02
8.701418498448e-03 -2.359732936974e-01 -2.221073893109e-02
1.079956432911e-02 -4.796859979751e-01 -1.885162099459e-04
3.470231385467e-02 -8.748670827559e-02 -2.602120500586e-02
5.329299517761e-02 3.930018963849e-01 -6.874773945131e-02
9.667311282602e-03 -2.309716407362e-01 2.009466618215e-02
-3.594697082889e-01 -2.434343855020e-02 -9.597171565897e-02
3.787280836531e-01 -5.212386140832e-02 1.603160313381e-01
-1.641086614189e-01 1.056528870165e-01 -2.469761610071e-02
-2.360143728349e-02 -1.027403117874e-02 -4.680726244816e-02
-3.645449147583e-02 2.156345428587e-02 -2.420123915873e-02
1.205570151263e-02 1.175105491067e-01 -2.091033691293e-02
9.223739882217e-03 9.546058440059e-02 -2.219534078639e-02
4.544330233525e-02 5.735581014861e-02 5.935513365409e-02
Mode 11
-2.541398166579e-02 -5.862233368862e-02 1.881997662756e-02
-1.825530083388e-01 7.390141896398e-02 -2.232272767827e-01
-1.003456370755e-02 5.609549458052e-02 -5.384995263005e-02
-1.017750284360e-01 -2.285480608914e-02 1.955811333738e-01
1.911692082773e-01 1.190737161941e-01 -8.564364816001e-02
1.398767329899e-01 4.705957017759e-02 -1.444982826479e-01
-6.901258832580e-02 -1.137901194054e-01 -1.271248586256e-01
-1.411366876449e-01 -6.066408195967e-02 9.273355828421e-03
-1.209468763832e-01 7.054232447447e-02 4.798751062246e-02
1.226699014329e-01 7.401661737950e-02 4.206951933258e-02
4.091459404516e-01 -1.018871512864e-01 4.794519359915e-01
-1.437078650915e-01 3.216383951850e-02 -4.180924774990e-02
-9.612054647902e-02 -1.882638562830e-03 -1.963445019771e-01
-1.297585418208e-01 -1.415270018311e-02 -1.745453445379e-01
-1.032318583811e-01 -1.977830904723e-01 4.561550714792e-02
-5.852306521362e-02 -1.050540426286e-02 -1.103888928261e-01
-9.467193014758e-02 6.122291281224e-02 -5.740558646892e-02
5.822283755550e-02 1.102967806463e-02 -7.410682680232e-02
-4.820765787179e-02 -7.426275953556e-02 -7.450694213471e-02
8.980861132821e-02 8.612306471923e-02 3.659917957936e-02
Mode 12
8.643875334770e-02 1.250691910850e-01 -4.686677682880e-02
-6.653142376777e-02 9.139168238538e-03 5.119371468872e-02
-5.262577557202e-02 -1.853951680218e-01 4.259100414618e-02
-1.276195206831e-01 7.340215704848e-02 6.830590909977e-02
2.139260092521e-02 -5.258438314719e-01 3.429241808198e-02
1.360680082263e-02 -2.198640249668e-01 1.918061396209e-02
-1.958238939433e-02 4.203858821864e-01 -1.200021838010e-02
-2.511330029565e-02 2.659998268254e-01 -1.362209262815e-02
-4.871716033817e-02 -3.233866622918e-02 1.059880530940e-02
2.458067408180e-02 -2.251202493753e-01 3.199273192049e-02
1.555397185905e-01 2.494424924189e-01 1.948373287029e-01
-7.374141529565e-02 -1.588717758976e-02 -1.418062274251e-02
-1.089786919306e-01 -4.986604678897e-03 -7.723461460156e-02
-5.409634192795e-02 -1.517400365112e-02 -3.157959124675e-02
2.125836339339e-01 -1.682762361647e-02 -7.056785434378e-02
-1.062857300639e-02 9.945492550277e-03 3.149379192291e-03
-1.837291461186e-02 1.477875637178e-02 1.259618687451e-02
8.824517925907e-03 -7.739764630034e-02 -3.256613397036e-03
-3.834958691777e-03 2.343716114220e-01 -1.455502502760e-02
-4.668880832558e-02 -5.209472681037e-02 -2.747729669964e-02
Mode 13
-2.047792761892e-02 -4.196369771926e-02 5.104314853620e-03
-7.962188831744e-02 6.003536587049e-02 -3.567930142793e-01
1.640500673660e-02 -7.502624332272e-02 -2.348110113491e-01
3.960720864315e-02 5.910992204318e-02 -3.897799335138e-01
-1.914258448991e-02 -1.783136177536e-01 -1.020170515835e-01
3.281509616800e-02 -1.230301700729e-02 -2.677335429742e-02
5.978350927183e-02 1.407838228917e-01 5.272595572479e-03
-4.906470545114e-03 2.374397527398e-02 1.626505235305e-01
-3.407317854060e-03 6.040140817510e-02 9.245008257153e-02
-6.710778574166e-02 -6.005570272287e-02 4.221942711393e-02
-1.325110960573e-01 6.240499768491e-02 -2.674491166625e-02
9.659297488680e-02 4.601157493574e-02 5.267922906489e-02
2.044668240801e-01 -7.655965135907e-03 6.555950088640e-02
8.552597739758e-02 2.524921845476e-02 2.022148518373e-02
-2.455825955680e-01 -2.123401286164e-01 5.011395921220e-01
-1.851494061293e-02 -1.511060282784e-02 -1.961509276636e-01
-8.965930258555e-02 9.528492052225e-02 -9.394137650968e-02
-4.297634028295e-03 1.040909493026e-02 1.596987192259e-02
4.676938558016e-03 7.525201476537e-02 -2.090124491801e-02
5.717924811130e-02 5.679706719954e-02 -1.785513127747e-05
Mode 14
-2.775273189871e-02 -5.191684871885e-02 1.197029304534e-02
-8.801690579625e-03 3.301568862799e-02 -1.454895345273e-01
2.183212337457e-03 5.272988870841e-02 -1.166946288679e-01
4.599803308602e-02 -1.787937354499e-02 -1.949527471545e-01
2.557197017311e-02 1.131957231798e-01 -6.428637961607e-02
1.167883325042e-01 1.602843504085e-02 1.039875550744e-01
1.365659113507e-01 -7.917989603837e-02 1.377452038695e-01
1.220429019241e-01 2.241890625423e-02 1.314697513325e-01
-2.321092521393e-02 -4.640876191554e-02 -4.325876501377e-02
2.143387980899e-02 2.682398759679e-02 -5.511767442108e-02
1.132240514320e-01 -1.094697723919e-02 5.595617620085e-02
-1.211249659044e-01 -3.767412908309e-02 -8.510003648934e-02
-2.389512644245e-01 2.140458127368e-02 -5.206147884027e-02
-1.734128089010e-01 -2.490641241374e-02 -2.375668141078e-02
4.828750336414e-01 4.758413962240e-01 3.492432508938e-01
-6.245384414168e-03 -4.426210817611e-03 -5.911542791987e-02
-1.653653568976e-02 2.723439101519e-02 -4.055452296917e-02
1.785460831838e-02 -1.454722433791e-03 5.905796419527e-02
3.315271676263e-02 -4.653545536351e-02 3.339739014422e-02
-1.743627280392e-01 -1.717273654725e-01 -5.254816497841e-02
Mode 15
-1.154341700405e-02 3.815631673986e-03 8.352428070527e-03
9.410006474517e-02 -3.231532856520e-02 -6.080329541237e-02
2.542121190740e-01 -5.839619900248e-02 1.594435217404e-01
1.896387988488e-01 1.045554329857e-01 3.891593965081e-01
1.579638228783e-01 -9.279933230624e-02 8.628727085344e-02
1.417533977638e-01 -8.854459597668e-03 4.076762697871e-02
6.527277587166e-02 4.955741938918e-02 3.465003074437e-02
3.193325611713e-02 -2.431303005388e-02 5.357169736232e-02
-4.934180681636e-03 1.648485999046e-02 -5.106161741682e-02
1.263509597870e-01 -4.969461033510e-02 -5.413960945294e-02
-7.107643515748e-02 8.203888874089e-03 -4.906351422265e-01
-1.778785770686e-01 3.368849936614e-02 -1.014785997820e-01
-2.161400827534e-01 5.273902074231e-02 -1.203160311290e-01
-3.072555916953e-01 -2.100147205704e-02 -1.476890195279e-01
-1.898874086882e-01 -9.850561414154e-02 2.321290698169e-01
5.052561555892e-02 -1.061587290305e-02 -1.134091757778e-01
-5.931431515741e-02 2.675667082728e-02 5.859071253655e-03
5.058086755082e-02 7.895086950439e-03 -3.631023030835e-03
9.883653372086e-03 3.348820295147e-02 -6.356883957204e-03
3.081309606408e-02 3.223496324475e-02 2.990964239734e-03
Mode 16
6.083150550168e-02 1.029596328387e-01 -1.034086227496e-02
1.609019762169e-02 -9.069948969920e-02 3.031511752754e-01
-2.795019091808e-01 -4.561024071208e-02 -6.921921494161e-02
-2.920193775915e-01 -1.060244907281e-01 -1.612017474397e-01
-2.677431812556e-02 -7.141852752779e-02 -9.740385337835e-02
1.076836353875e-01 1.325380454957e-01 7.306974756322e-02
1.980369201095e-01 -1.001921608478e-02 6.761754921368e-02
1.804415170182e-01 -1.830614903799e-01 3.501364921334e-02
7.207337292303e-02 -3.343957166420e-02 -1.630503834422e-01
7.083952078277e-02 -9.137065646417e-02 -1.810678789763e-01
2.776349469381e-01 2.042363289000e-02 -2.816280285090e-02
-3.044826039188e-03 6.130347260197e-02 -1.553487448192e-01
1.205851969579e-02 6.019147790806e-02 4.124283985359e-02
-2.364546023255e-01 3.627706542050e-02 -5.444170107533e-02
-2.812574476938e-01 -8.731985232081e-02 1.894521447068e-01
-1.452722513287e-02 2.054329203045e-02 2.716971403375e-01
1.749531772368e-01 -1.165149991481e-01 4.522304309955e-02
1.303963803356e-02 1.024769507961e-01 5.359744815702e-02
6.468878875860e-02 2.675495940580e-02 2.624604029483e-02
3.587599066186e-02 4.468751789181e-02 9.573131995966e-03
Mode 17
1.119239885016e-02 3.142892264833e-02 -5.568494507751e-03
-4.939719973129e-03 -2.252027533206e-02 -8.902714232687e-02
8.842589045340e-02 -1.290157565501e-01 3.968618042858e-02
5.153416224387e-02 4.214296659835e-02 8.512264050082e-02
-2.560205098526e-02 -2.242449131212e-01 3.933306137100e-02
-7.855051144314e-02 3.722602396168e-01 -3.962719010941e-02
-8.039181609115e-02 -1.568796435096e-01 -1.341893342022e-02
-5.480868643363e-02 -4.117619813755e-01 -1.573134735174e-02
-2.370963483736e-02 -5.795511031066e-02 3.182639620706e-02
-7.108752813253e-02 -3.348515697743e-01 7.014100768456e-02
-7.565895712983e-02 1.372696153452e-01 1.118617473015e-01
2.827192239169e-02 2.051700620662e-01 -1.363271889581e-02
2.899783708784e-01 6.744310694519e-02 9.607814628136e-02
-2.030787974058e-01 8.600562124676e-02 -1.319050090698e-01
1.582672581508e-01 1.657932394681e-01 -1.042109480864e-01
1.782837343220e-02 -9.895238805168e-03 -1.034459694754e-01
-6.243580931668e-02 3.653506638438e-02 -1.232622804350e-02
-1.672604865789e-02 3.099476230264e-01 -2.580627738032e-02
-1.544534080100e-02 1.117094950865e-02 8.309476948602e-04
-2.697605865562e-02 -2.645972568932e-02 4.702601007439e-03
Mode 18
6.045649356008e-02 1.602655988681e-01 1.794103534947e-02
1.003390384244e-01 -2.527689580985e-01 1.968606336967e-02
-7.319867434130e-02 -1.397420620435e-01 -1.131119379832e-01
-2.840611736370e-01 -1.454391052012e-02 2.631354670175e-01
8.750706786999e-02 -1.613134111291e-03 -1.543719275351e-01
2.618194289889e-02 3.245277979669e-02 -3.171296640098e-01
-1.523400302254e-01 -4.951863527842e-02 -2.782789196987e-01
-2.196348369019e-01 2.218985191872e-02 -2.008208678693e-02
-9.546259384756e-02 5.109165019162e-02 4.405431924743e-02
1.017064801472e-02 4.951498409518e-02 -2.119714162257e-02
-7.603519317719e-02 -1.143166813478e-02 -1.887594576198e-01
1.384548091110e-02 -8.481724042887e-03 1.129576784468e-01
8.869960278135e-02 -5.428646878781e-02 2.126579969400e-02
1.746931519708e-01 8.968475280437e-03 3.843438310261e-02
2.124884766471e-01 1.014474740589e-01 3.709625279578e-01
3.160244820603e-02 -1.109085584387e-02 1.464763641604e-01
1.670619543117e-01 -1.215314490795e-01 -3.360599305694e-02
2.949504446119e-02 1.682766346837e-03 -1.321192758750e-01
-8.397474516520e-02 -4.574345075106e-02 -1.357322685045e-01
-3.027355965003e-02 -3.562547130864e-02 -5.778917617610e-03
Mode 19
-6.817356661651e-02 -2.399457634968e-01 -2.785284548039e-02
-1.218682576133e-01 4.553816795470e-01 3.098866461915e-01
-4.455582034645e-02 3.174277158652e-01 1.159122038687e-01
1.573510872283e-01 -7.591161017941e-02 -1.584970266708e-01
5.932690803710e-02 -3.857657921137e-02 5.242523658129e-02
-2.838805898012e-02 -2.459325987963e-02 -1.087895850154e-01
-2.305046803319e-01 2.342305622402e-02 -9.388100722675e-02
-2.077238690845e-01 1.982275138480e-02 -5.292088038813e-02
-6.714316316203e-02 -3.413542223361e-02 -3.319047809388e-03
1.530064208237e-01 -2.024046395242e-01 -4.888592767438e-02
2.079077940927e-01 2.716724135065e-02 -2.419447544883e-01
-1.396981662418e-02 7.229147514943e-02 8.928408612356e-02
1.310614611365e-01 -9.750703678619e-03 1.096598224385e-02
2.858084867150e-02 3.370528823823e-02 -4.499745771349e-02
8.155069491437e-02 2.461395246990e-02 1.945494354239e-01
-8.025153030065e-02 7.607719282330e-02 1.128701392468e-01
-3.460737985316e-02 7.355344872552e-02 1.004728018583e-01
2.332260278199e-02 1.448489250042e-02 -9.346066171385e-02
-8.561172436142e-02 2.077947168151e-02 -5.607706615986e-02
-7.794795308531e-03 -1.161590589382e-02 -1.183090147866e-03
Mode 20
3.954999453021e-02 1.269995508235e-01 -2.339989930404e-03
-1.211799841303e-01 -2.344924268273e-01 1.845499568377e-03
-6.052077270673e-02 -2.797973650437e-01 8.428565449569e-02
-8.157082023480e-03 7.270605078290e-02 -2.883113823487e-01
2.304176048139e-02 -1.157946369673e-01 1.564538244584e-01
-2.182329887583e-02 2.063612217685e-01 1.934572420370e-01
-2.587511683835e-01 -1.297836717708e-01 2.246723469176e-01
-1.562214926973e-01 1.741769312953e-02 4.408881315165e-03
-5.191773510358e-02 2.214145531150e-01 2.824486643012e-02
2.211798008787e-01 1.455750962908e-01 -4.830969471655e-02
3.017564976277e-01 -2.854995481875e-02 -2.416305800508e-01
-9.276630950300e-02 -5.037938500232e-02 2.109725175355e-01
-8.216137383135e-02 -7.611448218463e-02 -9.374760049554e-02
1.736867756541e-01 -6.004031539818e-02 1.364438611033e-02
-2.980285972690e-03 1.033266185500e-02 -8.283213663619e-02
-3.181481111573e-03 -6.439048875210e-02 -1.120994103045e-01
-1.229207141779e-01 1.027895503423e-02 1.827905552903e-02
1.307878116873e-02 1.119373403854e-01 1.462044899833e-02
-7.594496588480e-02 -8.948311466033e-02 7.129852781894e-02
2.140007792371e-03 -1.681701835664e-04 -2.240058589887e-05
Mode 21
1.320587673507e-03 5.541876898024e-03 -6.391424304012e-03
-4.980759710401e-02 -1.577065762087e-03 5.800240587539e-02
2.636692304338e-02 -8.954801735222e-02 8.622118960445e-02
5.086656443938e-02 5.557192044636e-02 -3.020997121114e-02
-3.836542896628e-02 -5.186529333698e-02 3.247912771399e-02
-1.088350398569e-01 -2.115711719857e-01 -3.324278724072e-02
-7.534926288945e-02 2.957097287593e-01 -5.582108973027e-02
-4.527716195984e-02 -5.679005390900e-01 -3.841889622519e-02
5.372380663963e-03 -8.469149941902e-02 -5.483037976594e-02
3.017323496765e-02 5.363681849889e-01 -6.416819898688e-02
7.288222574160e-02 -1.641397298290e-01 2.026194412955e-02
3.397874698344e-02 3.215103039847e-02 -6.346283280011e-02
6.928407875886e-02 2.556827973015e-02 5.578815800335e-02
-3.177561342699e-02 3.981261408667e-02 -1.808953068466e-02
5.585355388848e-02 9.558944867539e-02 7.162832767447e-02
-3.981144756651e-03 -1.151448470775e-02 -5.082531992220e-02
-7.368494657511e-02 3.208045310757e-02 3.224429698904e-02
-2.174129422756e-02 -9.431754132966e-02 -2.902916667331e-02
-4.164605320351e-03 3.075186315221e-01 -1.577017254214e-02
-9.689954316035e-03 -7.591207117704e-03 5.438687448672e-03
Mode 22
-1.273222528977e-02 -9.017545492237e-02 -2.076687452386e-02
-8.099649195172e-02 2.588681163306e-01 1.901278193683e-01
-5.225629351408e-02 -5.715769200982e-02 -1.124282964238e-02
-4.884253119258e-02 5.575143056522e-03 -1.075341032116e-01
1.559797210646e-01 -2.974274246941e-01 -3.022799325558e-02
2.621655701671e-01 1.404714735565e-01 -1.236268636047e-01
2.587515589334e-01 -9.088333128880e-02 -1.438650310420e-01
9.122580336864e-02 -1.324762648082e-01 7.063347741049e-02
7.725182260890e-02 2.938785117296e-01 1.820757557820e-01
-6.554390066508e-03 2.390939146533e-01 1.896286871627e-01
-3.177268975902e-01 -2.810940320897e-02 1.328918305343e-02
-9.080210584675e-02 -5.623770082945e-02 1.819090409980e-01
-2.018385098996e-01 -4.915627244990e-03 -1.371959193895e-01
3.305785328247e-02 -1.224828608818e-01 -7.944221549807e-03
2.822063153739e-02 2.786170856063e-02 -1.208719846347e-01
-4.186825713861e-02 6.846681738579e-02 1.018599322638e-01
3.189614115641e-02 4.038209454995e-02 4.293614376745e-02
7.272100366654e-02 1.532279715820e-01 -2.826555332153e-02
5.561502144288e-02 7.893960384751e-03 -7.869670547210e-02
-1.027608310484e-03 -2.484274073751e-03 -1.338917232695e-03
Mode 23
7.705022853093e-03 3.393010833346e-02 1.869907829995e-02
3.529294714698e-02 -1.123586513078e-01 -1.398711402511e-01
-1.092771890602e-01 1.584887008585e-01 -1.711782093111e-01
-1.257306009462e-01 -8.148021542871e-02 -9.603140557941e-02
1.768662365054e-01 1.942200233728e-01 3.244534196594e-02
2.776293739822e-01 -1.721120516934e-01 1.597356210043e-01
-4.675813040809e-02 1.628212103945e-01 1.587832351895e-01
-1.145442447877e-01 -1.517577853087e-01 1.511152230606e-01
-6.643769991221e-02 -2.039155680566e-01 2.395988205267e-01
1.107305551018e-01 -1.062427788659e-01 1.816604440912e-01
-9.797666142586e-02 -8.563626226582e-03 -1.574664811150e-01
-1.431986630606e-01 1.948250911496e-01 2.996503617148e-01
1.362934077683e-01 4.393918482990e-02 -7.242932790058e-02
-9.773535711504e-02 3.308288941531e-03 -1.792351554038e-01
2.474979763676e-02 8.497944488541e-03 -2.443110495777e-01
-1.279608519855e-02 -7.801761840449e-03 1.073737441383e-01
1.310541136122e-01 -9.201251717702e-02 -7.296363452390e-02
8.847468554939e-02 -1.101590582734e-01 3.207556252989e-02
-3.973271937468e-02 1.265259724601e-01 -3.932455939334e-03
1.617719455845e-03 -1.482086791334e-03 -9.201778047892e-04
Mode 24
3.214818469596e-02 1.441297485045e-01 2.462324388580e-03
-3.579406349359e-01 -3.794907621554e-01 2.422421754447e-01
-3.024582060939e-02 -5.992567203589e-02 2.518280908181e-01
1.449501670070e-01 4.111296452757e-02 -2.599480196534e-01
8.104083663581e-02 2.066041829228e-01 6.304844217027e-02
6.465004477938e-02 -3.163704920868e-02 -2.040041190891e-01
1.433965816037e-01 1.857587551172e-03 -2.441736931816e-01
4.671557185193e-02 9.524421367446e-02 -3.840717382136e-02
9.066917305221e-02 -1.976627986370e-01 8.555118992986e-02
3.441076290538e-02 -9.607978315690e-02 1.333700857091e-01
-1.219015883373e-01 2.451326897640e-02 3.941985909091e-02
3.516169828866e-02 5.393093146179e-02 -1.874281034898e-02
1.075044088107e-02 8.578895996487e-02 -1.917434568836e-02
-1.410995216577e-01 -2.244087271183e-02 -5.515410359842e-02
1.998310783425e-02 -9.692650756688e-03 6.275236736349e-02
-9.099850839124e-02 -1.480262764906e-01 -7.668529323780e-02
-2.751201119720e-01 -2.254663225534e-02 1.171721585717e-01
3.397523805102e-02 -1.000134196703e-01 -8.497032629981e-02
2.842582161417e-02 -6.088816160919e-02 -8.532873237476e-02
-2.954513401540e-04 -1.566896310732e-03 -9.884590497736e-04
Mode 25
-2.592905762089e-04 -4.478986278781e-02 -1.942903046246e-02
9.764300043029e-03 1.924510702741e-01 1.157485503039e-01
7.820809814446e-03 -3.068611793370e-01 5.202076380962e-03
-6.640615242520e-02 7.499733182115e-02 -4.208975690546e-02
1.473089259855e-01 -6.052724319488e-02 -4.614651296971e-02
3.234404955025e-01 1.294935394316e-01 7.862987664852e-02
-1.307035703509e-01 -7.958340145791e-02 1.103692184570e-01
-1.540759696212e-01 2.327379138942e-01 1.177758242830e-01
-1.583694222075e-01 -4.349681629113e-01 -1.251905791712e-02
1.157722001063e-03 2.708353683481e-01 6.809135807850e-03
-1.248451831761e-01 -3.229495414631e-02 1.044785381404e-02
7.732294563911e-02 -2.532703339244e-03 -3.374027281885e-01
1.327893847117e-01 -2.492100655021e-02 1.553131684177e-01
-4.521247971896e-02 1.565007647714e-01 2.250012388971e-02
-3.658468031881e-03 -1.766842307952e-02 -7.790854593013e-02
2.592172060996e-02 6.885096468977e-02 -2.367259947620e-02
4.794606995483e-03 8.628258729440e-02 2.876623889613e-02
1.137347021761e-01 -3.356114339854e-02 -1.209884341191e-02
-9.701894283993e-02 -1.363184677706e-01 -4.354683306349e-02
-1.070076366916e-03 2.288636029178e-03 2.569543373448e-03
Mode 26
-3.490571735417e-03 -6.108333909177e-02 -1.965211824582e-02
1.434522218459e-01 2.464663301626e-01 3.639528818764e-03
-1.203287610599e-02 -3.481437825952e-01 -2.825997024237e-02
-1.435167869649e-01 7.270390227427e-02 5.317856916448e-03
-1.219672427752e-01 8.688227321847e-02 6.994881933278e-02
-3.106470278471e-01 7.681694293688e-02 -8.219130518138e-02
1.075208993269e-01 -2.444615963576e-02 -9.322092157939e-02
1.369989778431e-01 1.365831815469e-01 -1.090432940897e-01
1.647457164252e-01 -3.374443299960e-01 1.054030703856e-01
5.148281537830e-02 1.179059118872e-01 4.442435899397e-02
1.222242884470e-01 -2.215264402698e-02 -4.241831261304e-02
-6.489550192608e-02 1.623065153886e-01 3.947071800230e-01
3.957788015164e-02 1.365166535971e-01 -1.392406102571e-01
-1.291796329688e-01 -1.305197339441e-01 -1.445319830312e-01
-6.197460986644e-03 -1.376558415899e-02 6.534679014816e-02
7.971972797974e-02 1.026023988908e-01 -6.439079229760e-02
6.212837154030e-02 1.098563842190e-01 -1.270726259770e-02
-1.084908009159e-01 -1.066174852342e-01 1.049266633272e-02
7.830957130066e-02 -1.297034493458e-01 5.967758150617e-02
3.111457419316e-03 -1.704901757406e-03 -4.068986825352e-03
Mode 27
-2.160241008928e-03 -2.865731498423e-02 -2.535447522337e-02
5.328151230364e-02 1.426981593373e-01 2.002107280375e-01
3.436536201680e-02 -3.614361885822e-01 6.037839256894e-02
-4.687801324661e-02 9.364374169258e-02 1.021072329320e-02
-1.801232656998e-02 3.356928896976e-01 -1.512570627568e-01
1.600744338770e-01 -3.872825997581e-02 4.059698300594e-02
1.210905689647e-01 1.707810024619e-01 -7.582815936261e-03
1.873386306448e-02 -2.128594014168e-01 4.176146555225e-02
-1.687668795385e-01 2.375016712674e-01 -1.340139841485e-01
-9.874584056593e-02 -2.933015495225e-01 -1.584510836365e-01
-3.894106712830e-02 4.748102569350e-02 5.102601446152e-02
-2.333292234621e-01 1.828531017481e-02 1.155821529627e-01
4.686954465687e-02 -2.185436511574e-01 3.146745863758e-02
1.779827641686e-01 1.481609668442e-01 -1.347788207851e-02
1.115076750967e-03 1.904135551511e-02 -2.537618409961e-02
5.575353990545e-02 2.323835614595e-02 -1.398670089572e-01
-8.425392062821e-02 1.583667531786e-01 7.473761911509e-02
2.763189502266e-02 -2.319441983847e-01 5.457450426013e-02
1.039507530360e-02 -9.757814581047e-02 -2.445709119245e-02
-1.354188747306e-03 -3.510949344211e-04 8.213990673880e-04
Mode 28
3.173335245139e-03 -2.936866311991e-02 -8.592627073393e-03
6.337791813963e-02 1.357072367320e-01 -3.937353652273e-02
-5.713735435863e-02 -2.251869170933e-01 -3.706489657805e-02
-1.388039644409e-01 3.239931096027e-02 -8.064162361030e-02
9.175279849697e-02 2.193079643007e-01 1.497895421973e-01
-3.347302219155e-02 -1.056998633864e-02 -2.236228497912e-02
-2.016778664738e-01 1.274193894851e-01 8.806764263150e-03
-9.177381196619e-02 -1.684068178940e-01 9.980667090513e-04
1.867025925241e-01 2.475547308613e-01 1.463293247523e-01
1.061368606128e-01 -2.133965051243e-01 2.270647124786e-01
-4.788028979319e-03 3.347007174247e-02 -5.105153884490e-02
3.733649275684e-01 -1.460495960208e-01 -3.080898068189e-01
-1.575974339649e-01 2.452094592037e-01 -1.828201750988e-02
-1.499628192255e-01 -2.059700458537e-01 1.200796215297e-01
1.438333376728e-02 2.080351398840e-02 -1.186948396836e-02
4.637845355054e-02 8.582401339469e-02 -1.548537556022e-03
8.385966678741e-02 3.774880856953e-02 -3.417738255877e-02
2.764733593885e-02 -1.764770820249e-01 -7.832447956563e-02
-6.403101437146e-02 -7.931518431550e-02 1.164842873208e-02
-1.157073990440e-03 4.773587998263e-05 2.350024922267e-03
Mode 29
6.909824259288e-03 1.126263282234e-02 1.642299727843e-02
-1.288092757765e-01 -4.625586900314e-02 -9.793509231754e-02
3.897474103147e-02 1.647389501505e-01 -1.745864937669e-02
1.024055048516e-01 -1.664132724834e-02 2.428502078072e-02
3.261937214262e-03 -2.693851633509e-01 2.707379871917e-02
-2.864506919062e-02 2.509909933924e-01 9.357893305575e-03
8.604547507658e-03 3.230532175784e-01 -5.375204391997e-03
2.624337898580e-02 -1.616924760944e-01 -1.844841727398e-02
1.092354781503e-03 -2.874696217895e-02 -1.900098504794e-02
-1.118122165781e-02 5.727400546249e-02 -1.813010215753e-02
-9.558542158081e-03 -7.457987787261e-03 8.908440103060e-03
-4.011113787865e-02 1.068270389532e-02 1.162879771209e-02
1.059985108051e-02 -3.247255833268e-02 7.156071411661e-03
1.157463698243e-02 3.080197868668e-02 -1.242939403046e-02
-2.326748440588e-03 2.760114378865e-02 -2.937604767438e-03
-5.107056074786e-02 3.465023087454e-02 1.396767233723e-01
4.352018270317e-02 -1.490483186727e-01 -3.511802953691e-02
-9.851475295452e-03 -4.199411312248e-01 1.267335051038e-02
-1.363989538338e-02 -6.497292468556e-01 6.493566103925e-02
-7.257977696453e-04 -4.395603877752e-04 1.007662218877e-03
Mode 30
3.854715747271e-02 -1.113946756426e-02 2.808993712670e-02
-3.863640187960e-01 9.989340285338e-02 -1.935503624694e-01
1.228659553620e-01 -2.526782901811e-01 8.334116217283e-03
1.302208351582e-01 9.735639671437e-02 -2.742584749067e-02
1.941653201885e-02 1.323664165275e-01 1.320368170387e-01
-1.696391741326e-01 -3.799792368889e-02 -4.869059223254e-02
9.049966201697e-02 -7.579854780129e-02 -3.488419922571e-02
4.179787946282e-02 2.384771959033e-02 5.199959388285e-02
-1.758930132891e-03 2.375286199608e-02 6.946137076672e-02
4.473812109983e-02 -3.846946076548e-02 1.148199540731e-01
5.518738523709e-02 2.807103678979e-03 -6.587691367542e-02
-1.679815474163e-01 -1.237701743252e-02 -1.471113215474e-01
-3.385409178930e-03 -2.121682174298e-01 7.535397272101e-02
4.917770249246e-02 2.186933112360e-01 -2.537447360187e-02
1.155161250970e-03 -4.180845783344e-03 -1.712224078925e-02
2.131539631667e-03 3.594707110682e-01 3.182312048233e-01
1.528302117397e-01 -3.665783163703e-01 -8.594774172152e-02
-5.096883696181e-02 3.712848669291e-02 -1.408499044436e-02
6.444624863609e-02 1.432066834993e-01 2.762743748720e-02
-5.671976272761e-04 4.404166542070e-05 2.250620577765e-04
Mode 31
-1.959743992364e-02 2.291351170140e-04 -1.414089035555e-02
2.613002727159e-01 -3.205848826582e-02 1.427156760276e-02
-1.361186057162e-01 1.290941587188e-01 1.098843444214e-02
-1.469595721512e-01 -6.784516546490e-02 -5.077430849405e-02
-3.428318718003e-02 -4.897692750417e-02 1.756261231746e-01
-2.257659824367e-01 1.447981773105e-02 -1.350584938457e-01
2.203695413239e-01 2.141926285482e-02 -1.511406372304e-01
-1.443854603953e-02 -1.011371359062e-02 2.883630868050e-01
-3.615636508947e-02 1.455579565303e-02 2.672102583435e-01
1.020417381743e-01 2.222236098565e-02 2.563265351083e-01
1.810151660157e-01 -1.477305608417e-02 -1.687794366408e-01
-1.671548072899e-01 -3.753238917405e-02 -2.860942386766e-01
-1.583997999762e-02 -2.552727744324e-01 1.124537108396e-01
3.396331530649e-02 2.856731025087e-01 -1.999050879707e-02
1.827819063174e-02 6.386505771996e-03 -1.035712693259e-01
1.964911883080e-02 -1.657582068937e-01 -1.631477019038e-01
-2.056389980755e-02 1.945045983667e-01 4.774375284922e-03
-8.867790898147e-02 -9.959393517359e-03 3.080965367045e-03
6.992658238721e-02 -7.633376491943e-02 -2.583458475547e-02
-2.290355773626e-03 -6.403333073624e-04 1.113969060442e-03
Mode 32
-6.332721849804e-03 -5.431946026804e-03 -2.966071695419e-03
1.488729522413e-01 7.495121271735e-03 -9.222239727091e-02
-1.404309881207e-01 5.288096236932e-02 6.350175617297e-02
-1.147701403154e-01 -4.336934755661e-02 -1.003608723456e-01
1.687278902671e-01 -5.855179315461e-03 2.891167794577e-01
7.866801431420e-02 2.150202740766e-02 4.726091479647e-02
-1.586836585117e-01 -2.135087296414e-02 3.406691007184e-02
1.096201711306e-01 -2.033481275793e-03 -5.290601323499e-01
2.585830630600e-01 -6.717792763354e-03 -1.531260330444e-01
1.740547683941e-01 -1.044957385135e-02 8.200101865957e-02
-2.511867005256e-01 1.544553829966e-02 1.643548948116e-01
-2.190614947326e-01 1.558344267399e-02 -4.342615827335e-02
-2.702532758241e-02 -2.333271954863e-01 4.315996219045e-02
4.077883008748e-02 2.208164457361e-01 -6.295763846920e-02
-1.911033557899e-02 -3.898816498015e-03 1.751767080432e-01
3.791895953058e-02 -2.397235182990e-02 -6.125071832057e-02
5.822587361465e-02 5.025762317564e-02 -4.076310795657e-02
1.120518193611e-01 -3.345751243444e-02 -1.567069426208e-01
2.833632489702e-02 3.993954233287e-02 1.157952915439e-01
2.170788094567e-03 8.819248347403e-04 9.529246146204e-05
Mode 33
4.169060739722e-03 -4.562290020416e-03 1.648860572808e-03
6.638425054190e-04 1.013978962818e-02 -1.603979191893e-02
-1.798902368062e-02 -5.121604888185e-02 3.947468356286e-02
-2.004721805773e-02 2.757275374096e-03 -2.103637010004e-02
1.352865062385e-02 9.495097238465e-02 2.155555431556e-02
1.160812296782e-02 -4.059282279401e-01 3.154109841565e-02
-1.035060272069e-03 3.059883959300e-01 -3.999171796200e-02
-2.536521567537e-03 -2.781943362730e-02 -3.580596505367e-02
1.486425243344e-02 -2.908091018703e-02 -1.128449698045e-02
1.995296263593e-02 2.828241541005e-02 1.785429229721e-03
-1.893490272876e-02 -4.062387450242e-03 1.161537465625e-02
-5.602920898083e-03 3.524657300823e-03 -5.638735182137e-05
2.923647926158e-03 -4.703521462721e-03 1.294898128415e-03
-3.243702433219e-03 8.797876697424e-03 -4.891083743135e-03
-2.483947834664e-04 6.045329217952e-03 1.167370885224e-02
4.763237394700e-02 6.977278466473e-02 -1.807146057176e-02
-1.034226441939e-03 -2.725815540470e-02 -1.513080724203e-04
5.648808059653e-04 6.868232083280e-01 4.821414565215e-03
-3.188934108444e-02 -4.868732132977e-01 9.655437423670e-03
-9.325332083411e-05 -8.833286616426e-05 1.115893836490e-04
Mode 34
1.806043590984e-02 -2.388987939922e-02 2.270676465642e-02
1.837748701618e-01 -2.237899202069e-03 -2.126314937240e-01
-2.455346389094e-01 1.194042448719e-01 4.128910786822e-01
-9.126830834643e-02 -5.247880878467e-02 -1.108036252624e-01
-1.011605703527e-01 -4.064735279143e-02 1.671453249315e-01
1.326653538095e-01 4.476419358580e-02 2.661786291818e-02
1.445747002810e-01 -3.159378882761e-02 -1.643084466734e-01
-8.278936147504e-02 2.991053350866e-04 5.821841987510e-02
-1.513361277421e-01 2.260226005714e-03 -9.701203511062e-02
-9.722863309193e-03 4.130135272153e-03 -9.685420299993e-02
2.650824934706e-03 -1.331376934411e-03 1.806691741485e-02
5.456696624044e-02 -8.693882537108e-04 4.027444696732e-02
2.902731116725e-02 7.884983115253e-02 -1.398816256098e-02
1.060748132855e-02 -8.024114049522e-02 2.545892159221e-02
9.095433334560e-03 1.299447364513e-03 -7.679095933007e-03
3.602762346556e-01 4.102043600471e-01 -1.925339539510e-01
-1.123348611921e-01 -2.754397677337e-01 2.991607135947e-02
3.092810336669e-02 -6.097250518184e-02 3.403542640025e-02
-4.591568531736e-02 2.405333777621e-02 -1.937870006736e-01
-4.474771507881e-04 -1.931322408722e-04 5.190889766474e-04
Mode 35
1.345268982489e-02 -8.070821263132e-03 1.145294459816e-02
2.556090263985e-02 -4.163713482274e-02 1.370192431575e-01
3.328045263146e-02 9.713254439938e-02 -1.114915121698e-01
-9.085960300209e-02 -3.638058286383e-02 2.047032025835e-02
8.071212469873e-02 -2.898926449282e-02 -2.785631769595e-01
-1.057673316789e-01 -1.430200843526e-02 -2.018606505398e-01
-2.044109418870e-01 2.189887009522e-02 2.378675225227e-01
1.934405952237e-01 8.804724546178e-03 2.226795917610e-01
1.561989163918e-01 -3.279948188431e-03 8.504209431274e-02
-2.612225591657e-02 3.429260856459e-03 -1.410965540563e-02
-1.457091937474e-02 -1.056552508968e-03 -1.629408335661e-03
-4.550421515147e-02 1.009822877503e-02 1.021595256783e-02
-2.589035322422e-02 -5.483727070274e-02 -1.677124271413e-03
-9.973778402754e-03 4.694680725019e-02 -2.537385749585e-02
-1.199265216393e-02 -1.417568161915e-03 -4.501723873891e-02
2.414612746876e-01 2.667053229202e-01 -1.641339710030e-01
-2.909489850293e-01 -1.853541616870e-01 1.656071520142e-01
1.367765770510e-01 -8.191505826512e-03 -4.008742296297e-01
7.983320633838e-02 2.284837265290e-03 2.999680922394e-01
-6.058059933491e-04 -9.310359700113e-05 -1.245390554065e-03
Mode 36
9.342924036324e-03 -2.649169018478e-03 8.395149863389e-03
-5.191407349229e-03 -2.446563773617e-02 1.296547720753e-01
7.865575172030e-02 5.480667721764e-02 -1.952025043651e-01
-3.739515797941e-02 -1.305305393768e-02 4.901555523193e-02
-6.512549679560e-02 -2.345445342630e-02 -2.539115076741e-01
9.137064045723e-02 2.574006479527e-02 1.513503708730e-01
-9.647814414014e-02 -6.090317114234e-03 -5.659207119949e-02
-9.189205351343e-02 -9.419133812905e-03 -2.821127401968e-01
3.010086275600e-01 -1.718678368084e-03 2.195018612644e-01
-3.418514585821e-02 9.087540007694e-03 1.798103951759e-01
7.094846449220e-02 -5.279732679479e-03 -5.371778042364e-02
-2.571445309892e-02 -2.674540741292e-03 -6.020705619788e-02
-5.808007839215e-02 -1.098384183314e-01 1.658041057539e-02
-3.281115860531e-02 1.149319405812e-01 -3.994769297198e-02
7.564113637804e-03 -7.247692367702e-04 5.020799103394e-02
1.414642097625e-01 1.621156760847e-01 -9.556170759977e-02
-2.495609974397e-01 -1.491933081151e-01 1.423888695340e-01
-2.072510396039e-01 -1.632287184805e-02 5.035758588087e-01
-1.360005424791e-01 7.185774465590e-03 -1.868203038267e-01
7.276902051714e-04 2.753403239584e-04 4.119551390089e-04
Mode 37
-3.712946358881e-03 8.081619197864e-04 -2.347658715391e-03
-1.490957338789e-03 1.168029111597e-02 -6.592620213010e-02
-2.766731224039e-02 -2.562060374125e-02 1.107938544343e-01
4.046414288851e-02 1.112270755736e-02 -3.867029181202e-03
-1.149048468478e-01 6.591222966939e-03 2.071992750014e-02
-4.411531777901e-03 4.434318340230e-03 2.860152616049e-02
-2.568206404650e-01 4.804695109817e-03 -1.555507893968e-02
3.103025114074e-01 1.028002839699e-02 3.231367814058e-01
4.027411140662e-01 -1.141559043162e-02 -1.604996650140e-02
-9.281224059902e-02 -5.698603842890e-03 -1.405547484657e-01
7.835456770947e-03 1.834973784333e-03 3.759358734756e-02
-7.213029890727e-02 2.701078620373e-02 5.492310557450e-02
-5.226258908771e-02 -1.028988803350e-01 -1.267802278415e-02
-1.590013903558e-02 7.763895941539e-02 -5.062931390290e-02
-7.603992545411e-03 -3.324199376623e-03 -4.480221933122e-02
-5.975198124243e-02 -6.367654809455e-02 4.421763250815e-02
1.043441507875e-01 5.428942406771e-02 -6.206705034420e-02
6.593757658066e-02 -4.143229431416e-03 -1.245982574614e-01
-4.121196727432e-01 -8.475204317191e-03 -5.055310298918e-01
-1.373185989963e-03 -1.210379649880e-04 -1.803957444076e-03
Mode 38
4.305440946100e-03 -3.311227987350e-02 -2.229677202059e-02
-2.556661280087e-01 -3.033868531603e-01 1.244183453459e-01
-4.615979565810e-03 1.248233911422e-01 3.644096152371e-03
6.781119397956e-02 -1.507376597948e-02 1.774885951789e-02
4.495202315063e-02 -3.050225242292e-02 -5.659515749462e-02
-2.476118000718e-02 8.001358739247e-03 -5.342054121964e-03
-2.312929205278e-02 4.310877339572e-04 1.108921159274e-02
6.228164477484e-03 -5.497483391458e-04 -2.222156483224e-03
7.439404615411e-03 6.430393605959e-04 1.282438517061e-02
1.226535669400e-02 3.425929168758e-03 -3.226506429925e-03
-1.247830765160e-02 -6.652905393384e-04 3.150179303860e-03
1.142803522002e-03 4.577531943939e-04 -1.720284734536e-03
-2.963796083049e-03 -4.895643438391e-03 5.462423285310e-04
-1.608029966362e-03 4.645282462690e-03 -1.703261376316e-03
-2.361728308196e-04 -1.677950364017e-04 6.890777124819e-04
2.924380618194e-01 4.411804359828e-01 -5.979365129590e-02
3.248385975715e-01 6.029225542661e-01 -1.941864894981e-01
-4.068874694035e-02 -1.143441214001e-02 6.197963017061e-02
4.000331527898e-03 3.501115579776e-03 2.053197614798e-02
-4.158596595264e-05 1.324609144593e-05 -2.576995644473e-05
Mode 39
-3.794770056947e-04 9.432413278729e-04 2.599541740211e-03
1.291703408911e-02 2.139594334865e-02 3.857944330296e-02
-2.534456432181e-03 1.644570292810e-02 -6.824223547344e-03
-5.982931970739e-02 -1.368235648672e-02 -3.436918600969e-02
4.119900890973e-01 -9.352070897803e-04 -5.081844818899e-02
-3.053528904966e-01 7.999182361072e-03 -6.673153478479e-02
-9.033062511914e-02 -3.448179991601e-03 -1.086954723905e-02
1.000486246779e-01 8.737503152194e-03 2.385730674293e-01
-7.778155787091e-02 1.234195520384e-04 -1.557823905363e-01
4.968069164944e-01 -2.827966584973e-02 -1.971657072113e-01
-3.050864294203e-01 1.649154245737e-02 1.581610979546e-01
-2.855811205469e-02 -8.993942666637e-03 -4.548225352949e-03
3.005048471376e-02 5.023448026199e-02 -2.994566231580e-03
1.627943273828e-02 -4.382738477942e-02 1.671372752697e-02
-5.096071077456e-03 -7.733777455384e-04 -2.782292523920e-02
5.902065233904e-03 -1.495435980633e-02 -4.332830626967e-02
-2.201870991236e-02 -7.806335204813e-02 3.205538530601e-02
-2.786448844022e-01 -4.050681393494e-03 3.344162116332e-01
-5.826715104559e-02 9.615326221878e-03 -4.148962060610e-02
-9.508729996617e-04 -1.201121461477e-04 -5.155918090750e-04
Mode 40
-6.062676049958e-03 1.730961977177e-03 6.993600762618e-04
6.179650580675e-02 6.298876667566e-02 -1.802022846546e-01
-1.968064985488e-01 -4.531684704991e-02 5.738056099700e-01
8.828039927388e-02 1.989198270726e-02 -5.198622985870e-02
4.279084045332e-02 -5.761603429346e-03 -4.700432928784e-01
7.236546098741e-02 -6.786427036757e-03 -1.225014100604e-01
-1.511831412103e-01 5.503867784309e-03 3.061213436359e-02
-4.450842699995e-02 3.356133385309e-03 1.020048079372e-02
1.671794040385e-01 -1.809056100949e-03 2.045576111883e-01
-5.536434829622e-02 -4.642274175379e-03 -3.349048636212e-02
1.737455888197e-02 -1.366600945595e-04 -1.957261649027e-02
2.391253414607e-02 5.596362018917e-03 -2.198036071874e-03
-4.398778741175e-02 -6.521132868095e-02 1.841412437198e-03
-2.815421408550e-02 6.201528927852e-02 -2.893864287423e-02
3.889766075734e-03 -3.511805191073e-04 -1.842556945176e-03
-9.236195459023e-02 -1.300632752318e-01 2.323926868989e-02
2.125374559777e-01 -1.030695030715e-02 -1.155233440234e-01
-8.969571152502e-02 9.371421774210e-04 1.750455530341e-01
1.332077275171e-01 1.367684138094e-02 2.855563510963e-01
-2.057086433014e-04 -2.544962792040e-05 -3.918545164850e-05
Mode 41
-3.378134780982e-05 -2.174013875823e-04 8.804473115270e-04
2.028944873290e-02 2.356933057813e-04 -1.905366252434e-03
-1.832401752039e-02 7.228485920365e-03 1.943735631763e-02
-3.884999053061e-02 -1.067768237027e-02 -4.457114512627e-02
3.843221948232e-01 5.989269809173e-04 3.113386297265e-02
-1.054180291851e-01 1.094241714963e-02 2.947112575294e-01
-2.007403229372e-01 -1.422989144734e-02 -2.880491591027e-01
4.681994759141e-01 -8.556280450622e-03 -1.576271861540e-01
-3.449917404080e-01 1.635890547601e-02 3.486049899655e-01
-3.173058393165e-01 9.038760555350e-03 -1.366782318481e-01
8.993984012042e-02 -7.534374056403e-03 -7.534138065501e-02
3.349920882728e-02 -1.265390731214e-02 -4.033757727857e-02
1.613554772500e-02 2.661195235062e-02 1.610951777389e-02
-3.807745710353e-03 -1.111872706598e-02 1.986683362756e-02
-3.265570483645e-03 -5.604962337826e-03 2.175663153251e-02
5.473379265138e-03 2.122911685062e-03 6.193484459944e-03
-2.633524871340e-02 -1.917492314640e-03 1.055741856058e-02
2.041210513566e-02 9.168768680304e-04 -6.454925561311e-03
4.178588629308e-03 1.304981687244e-02 7.072375852396e-03
-1.058472473421e-04 3.880294211098e-04 -1.020888331483e-03
Mode 42
-2.548420116686e-03 -9.894091153695e-03 -1.971918704298e-03
2.079335188592e-01 -8.496297244830e-02 -2.338533453876e-01
-1.884174419224e-02 -4.053123647061e-02 8.793930710340e-02
-3.478864004124e-02 -4.073517229164e-03 -2.534308225220e-02
5.925710353453e-02 1.059507970380e-02 -1.680806800139e-03
1.001675828050e-02 -4.815000354231e-03 -8.505847452440e-02
-3.455308468818e-02 2.362798325599e-03 3.621385798416e-02
3.036699972852e-02 -5.965660438579e-05 2.911541709803e-02
-1.121338893046e-02 -1.827376091346e-03 -1.009437314502e-01
-3.907220821987e-02 9.638306485200e-05 6.956774915598e-02
8.670032058694e-03 3.048930283550e-04 -1.059264476975e-02
2.429807981960e-02 8.517834168772e-03 2.805541759676e-02
-1.092795825012e-02 -1.635807881923e-02 -4.447134509904e-03
-2.900420693669e-03 7.719639825443e-03 -7.493766182196e-03
-2.941689163013e-03 2.278303120443e-05 -1.265660547300e-03
-2.634576666204e-02 1.459930756714e-01 6.420415977648e-01
-5.186199581511e-01 3.649764100332e-01 7.497622863020e-02
-4.571076767002e-02 3.662967594635e-03 6.689870442489e-02
-7.749890767381e-03 1.601498376807e-03 1.889916701749e-02
-3.931175883604e-05 -9.053390490472e-06 -1.896747474027e-04
Mode 43
9.274705523930e-05 5.062466073159e-04 2.286549055760e-04
-1.135064382078e-02 5.495178502000e-03 1.871012740691e-02
8.938987006909e-03 4.719947081683e-03 -1.568992653630e-02
-9.673364986721e-03 -1.949647828383e-03 -1.671580377215e-03
4.552582960823e-02 -7.500308133609e-04 1.937592234007e-02
-3.224085236143e-02 -6.377744620454e-04 -2.817868016757e-02
4.149358512929e-02 1.733303899766e-03 5.315936431924e-02
1.708192486767e-02 -3.622534946067e-03 -4.067003389877e-03
-1.761348355969e-01 -2.223501399075e-03 -9.650770053774e-02
1.774706997552e-02 6.525448728586e-03 2.801535489730e-02
-1.272051318937e-02 -5.299961463396e-04 -1.683138377859e-04
6.530420473290e-01 7.453415405673e-02 2.844727942869e-01
-3.138466359360e-01 -3.926536609044e-01 -2.892025092581e-02
-1.933998210804e-01 3.249262482885e-01 -1.846107221401e-01
-4.715594140341e-03 -3.778604102000e-04 -3.093749167172e-03
2.588014283137e-03 -8.361762196473e-03 -3.957500221018e-02
2.460929062618e-02 -2.464011068672e-02 -4.205172778899e-04
-1.160288614083e-02 -1.010599407179e-03 -6.465547430713e-03
-2.176083914513e-02 -1.643975176507e-03 -3.430574506571e-02
1.367474629346e-03 -2.450753081265e-04 -1.377357286778e-03
Mode 44
3.075348925440e-05 1.450515218466e-03 2.570334227977e-04
-8.025037106216e-03 1.943055264216e-02 6.571836647547e-03
-3.791379909830e-02 7.277273681763e-03 1.200322243576e-01
-1.542325405994e-02 -4.003602560750e-03 -2.660325728743e-02
1.143847747715e-01 -6.489654706721e-03 -1.355866624253e-01
-5.685384840930e-02 -1.157192918602e-02 -2.884830917610e-01
2.409408277510e-02 2.287718210537e-02 3.943030934242e-01
2.853803577929e-01 -1.855993571554e-02 -1.841384130871e-01
-2.808281896399e-01 3.150522863836e-03 -2.544263535514e-01
-1.229666594137e-01 2.394550084695e-02 5.147430729113e-01
1.110552369845e-01 -8.046812161983e-03 -1.057261409083e-01
-7.124313931403e-02 -2.955928883246e-03 -9.643306621369e-03
6.609529183807e-02 7.880315929894e-02 1.869776426569e-03
4.780899894476e-02 -7.736519725585e-02 4.157281347872e-02
-1.810920223354e-02 -1.379492375100e-03 1.747543619741e-02
-1.711790037985e-04 -3.168766298571e-02 -8.931289354297e-02
8.488908325015e-02 -5.338046169124e-02 -1.991105361665e-02
-9.642625456584e-02 -1.189949114213e-03 4.791771543854e-02
-2.135275440781e-01 -9.611862933094e-03 -2.033098504247e-01
2.490188910495e-04 6.259190592859e-04 -3.720371945656e-04
Mode 45
1.203725110954e-03 1.779264643063e-03 -1.582702487802e-04
-2.532975698258e-02 7.304988205456e-03 4.276474719653e-02
-3.035530945294e-03 6.284603958645e-03 -1.114435248487e-01
-1.208040036200e-02 -2.103364112858e-03 -4.583726258197e-03
6.219462649784e-02 8.590668650196e-03 3.674605263720e-01
2.661875541310e-01 -1.203570337047e-02 -2.635286556993e-01
-3.096308573373e-01 -5.797043672182e-03 -2.033944338345e-01
9.735289447650e-02 1.069732681154e-02 2.630856864055e-01
1.213660656802e-01 -1.109222114099e-02 -3.091335743184e-01
-3.320344988114e-01 1.440379334334e-02 8.955899447904e-02
1.066501436804e-01 -5.487310107724e-03 -3.554372229031e-02
-1.512993543720e-02 3.136634714063e-02 6.615476967862e-02
-6.421978058202e-03 -1.772714781312e-02 -1.522487591169e-02
1.181829605870e-02 -1.428700399493e-02 -6.128289556960e-03
-3.129033476935e-03 7.932243635620e-04 -1.449699667400e-02
1.125195935726e-02 -1.271391152173e-02 -9.253678813937e-02
4.259969938186e-02 -5.012363738911e-02 2.110129427955e-03
-1.253109312166e-01 1.059150858447e-02 3.312668045990e-01
1.312155624961e-01 1.673671237502e-02 2.911401892094e-01
-6.169325122260e-04 -3.734352540313e-04 -5.591837914597e-04
Mode 46
1.271741210578e-05 2.554280833060e-04 1.999729099014e-04
2.700649590881e-03 4.688471265235e-03 1.080931991667e-02
2.372623921646e-02 1.781114123066e-02 5.894417636153e-02
-7.502493895792e-02 -1.749886273555e-02 -5.793352568341e-02
5.514313699403e-01 -2.693150465928e-03 -8.755632407401e-03
-2.669066545188e-01 7.886377013556e-03 1.570589879190e-01
2.422408843945e-01 -3.711632898912e-04 9.108811799712e-02
-4.047054213022e-01 1.194151860043e-02 4.687709627818e-02
3.004042457294e-01 -1.434594477247e-02 -1.892564632479e-01
-4.451798263399e-01 9.127266736713e-03 -2.447012624174e-02
7.430979983248e-02 -3.881000239795e-03 -2.648988975670e-02
-2.271270135658e-02 4.418600165678e-02 2.798739174362e-02
-1.142518174666e-02 -2.347368124384e-02 -9.306759079063e-03
1.177644668898e-02 -1.929087996522e-02 1.711715835588e-04
8.703834520507e-03 9.098673472331e-04 -4.151891949952e-03
3.009830209852e-03 -1.021719377494e-02 -2.896505098031e-02
1.450013798391e-02 -1.570230242851e-02 1.163504210987e-03
-1.847932383859e-02 -2.591180282635e-03 -8.202017396354e-02
-7.037193103282e-04 -3.544476536801e-03 -9.207433372943e-02
-5.420689662225e-05 -4.151695094837e-05 7.426962669409e-04
Mode 47
-6.308179940761e-04 -4.196640740539e-04 3.216051429512e-04
-8.580052948119e-03 1.326451627640e-03 -4.202370045400e-03
7.492166853340e-02 1.321546757775e-02 6.097608611184e-02
-4.398574008422e-02 -9.156439664035e-03 -1.672114596069e-02
-7.364292521955e-02 -1.037632559966e-02 -3.055178617676e-01
-8.645420232924e-02 2.449306388074e-02 4.701368165890e-01
-1.194510375516e-01 -1.979025197129e-02 -4.145353054003e-01
3.708825828734e-02 7.801084259664e-03 1.652193660852e-01
3.080762781490e-03 -9.592815691979e-03 -4.004788925394e-01
1.492500866261e-01 1.132069609223e-02 4.651653704634e-01
2.580804571001e-03 -1.377416799264e-03 -3.410070248367e-02
-9.719693548993e-03 2.349411352417e-02 3.473174960099e-02
2.153996547902e-03 -5.043035783075e-03 -9.926057336407e-03
1.446185326615e-02 -1.971055093526e-02 1.855073890531e-03
1.429101438351e-03 7.681509508594e-04 8.031335741806e-03
-6.825740025556e-03 -5.311078100882e-03 1.361238668362e-04
1.791729135551e-02 6.938698357565e-04 -7.411902407089e-03
1.147183852181e-01 -6.319448986166e-03 -1.173906594762e-01
9.904341252889e-02 3.843860401545e-03 6.743902703773e-02
-7.995375364491e-04 -2.507694397371e-04 -2.496981925911e-05
Mode 48
-3.297320150780e-05 -1.259345139967e-04 -1.021102266432e-05
6.410761672878e-04 3.230966196642e-04 -3.973412417653e-04
-7.263487973331e-03 -1.409584866302e-03 -5.108877602669e-03
7.737012237616e-03 1.398291970509e-03 4.313661648348e-03
-2.001520536408e-02 2.502918970605e-03 1.286290422477e-03
6.671987460861e-03 -1.028996922723e-03 -8.533664484097e-03
-3.337860277839e-03 2.837459241465e-03 4.378721110444e-03
1.217924771824e-02 -1.414902141274e-03 -1.234685328809e-02
-1.571518005519e-02 -1.282284752528e-02 3.169650114600e-02
3.039311483238e-02 1.912786185506e-03 -1.084905098506e-02
-7.236415536235e-03 -1.982398200578e-03 2.551629398160e-03
3.267707683981e-02 7.740736692233e-01 -2.206766856995e-01
-1.787429754317e-01 -3.111349637090e-01 1.238215560353e-02
1.444236216905e-01 -4.022444375983e-01 1.894618028949e-01
-1.010734421831e-03 -2.057938960283e-03 1.629544096623e-03
2.879791202357e-04 1.010891753371e-03 1.571012427434e-03
-2.040317986012e-03 -1.520250432053e-04 6.425266670709e-04
-8.438490742272e-05 -2.122106939220e-04 1.401546341965e-03
-2.374939190487e-03 6.457100744429e-04 -6.559374325276e-04
9.619065007822e-04 1.750967470518e-04 -1.593478367339e-03
Mode 49
2.590695294668e-03 2.756907251239e-03 -4.571857693029e-04
4.836054661708e-02 -3.676187247682e-04 1.015187600343e-02
-7.195596296860e-01 -1.323195711787e-01 -2.664271779763e-01
5.491622120345e-01 1.047010744550e-01 2.183629214695e-01
8.508412660403e-02 2.972256778274e-03 -3.450134134412e-02
-5.449029211899e-02 1.794134539179e-03 5.636468922539e-02
1.003903533607e-02 -3.045725210410e-03 -2.966502942058e-02
-1.160127283063e-02 1.228343287044e-03 1.798379390619e-02
1.131178577591e-02 -1.473393033886e-03 -5.048710625329e-02
7.729643823383e-04 2.772730727382e-03 6.221987821351e-02
-2.860327036512e-03 -3.628581317575e-05 -4.358024115957e-03
3.827285799668e-04 -4.306161021002e-03 6.673828014955e-03
6.387274340356e-04 1.356367266302e-03 -1.372236195512e-03
-5.643580113400e-04 2.227958534038e-03 -2.040986676678e-03
7.446309349272e-05 3.116230879276e-04 -9.811439388863e-04
3.159556277006e-02 1.790566973767e-02 -2.345377857171e-02
-6.524701266147e-02 -1.584265469988e-02 2.508391445382e-02
4.700841882358e-03 1.345854301203e-03 -3.457104702994e-02
2.183334955849e-03 -6.238204124162e-04 -1.140187247752e-02
3.880951431501e-05 -6.588570241007e-05 2.371183132217e-05
Mode 50
1.029776767694e-04 -5.668446953011e-04 -6.127373050649e-04
-1.100683482588e-01 1.336666500291e-01 1.422458398678e-01
5.552732640919e-03 7.736609445228e-04 -2.694129667642e-03
-2.229558282559e-04 6.726945801175e-04 -5.546153339242e-04
-3.932072329649e-04 6.384333135716e-05 -4.331657480913e-04
-3.661790796620e-04 -1.335063143171e-05 -2.651874871353e-05
-1.042899020999e-04 3.947211480850e-06 -3.860361023912e-05
1.951523518273e-05 3.182921094300e-06 3.051021902891e-05
1.004456434967e-05 7.892893037729e-05 -3.161374843295e-05
4.737181614174e-05 6.780246513694e-05 5.171616299278e-05
-7.264141472450e-04 -3.991466948612e-04 -2.148656139924e-03
1.391460585183e-05 8.693724821779e-06 -5.711888142051e-06
-1.431467351208e-05 -8.054215884904e-06 5.726904438208e-06
-5.103255591737e-06 -3.901353211348e-06 4.540721496500e-06
-4.618631436703e-06 -7.753365492566e-06 -1.346554217018e-05
5.801715464617e-01 -3.743762159525e-01 1.630582845325e-01
-2.150734880255e-01 -8.611742462954e-02 -6.266726513311e-01
1.368485950156e-03 1.498752262146e-05 6.320263214352e-04
5.903983465326e-05 7.326483054341e-06 2.211181378441e-05
1.143978894598e-06 -6.571855411395e-07 -1.369277013878e-06
Mode 51
-6.030876915905e-07 7.505764986446e-06 -1.472784610017e-05
3.507557422451e-03 -1.251233525106e-03 3.725915028838e-03
-1.970479124117e-03 -3.375433925532e-04 -7.214053580721e-04
1.185563102505e-03 1.171462481390e-04 -7.041649874581e-04
2.018759759957e-03 -1.610670711787e-04 -1.829692545411e-03
-1.391499278618e-01 -3.772983086316e-04 -6.191328662337e-02
2.044615660128e-01 -1.589916124004e-02 -1.279740585346e-01
-6.359853173178e-03 -2.922540134045e-04 -4.272102755844e-03
-6.184317779182e-04 1.056975868281e-04 6.704943920736e-04
5.431944312339e-04 8.727959456935e-06 7.653813329848e-04
-1.135607439710e-04 -7.009523467028e-06 5.533580916946e-05
-4.127709738478e-04 4.832503848998e-05 -2.088191246424e-04
1.623515986638e-04 1.200230774878e-04 1.134508355019e-04
9.094662490108e-05 -4.011258566160e-05 1.200425508429e-04
1.960865617487e-04 -6.025035929093e-05 1.243622353096e-04
-8.865192714277e-03 5.742791777775e-03 -2.378226627644e-03
-3.320907377917e-03 -1.450401423161e-03 -9.708550432025e-03
4.638900008888e-01 3.566923736225e-03 2.358074714818e-01
-6.720572130309e-01 5.402537641483e-02 4.389198586925e-01
8.786515038816e-06 1.925510071986e-05 1.186437515229e-05
Mode 52
-5.934400671655e-04 9.429657327650e-05 -7.130124503947e-04
2.154433314059e-01 -7.287883273204e-02 2.288439202974e-01
3.197257828951e-03 1.041047391748e-03 2.910423801110e-03
-2.007589571551e-03 -1.135660897836e-03 -1.435329019560e-03
5.817575112887e-04 3.255240602263e-05 -1.095384013138e-03
-4.416100621150e-04 -2.449266812193e-05 -8.452201438182e-04
-4.847423292821e-03 3.885619907132e-04 3.423304719093e-03
1.096414437652e-04 1.156555951016e-05 4.321684259157e-05
4.147144492756e-05 -7.629836250527e-05 7.994983886487e-05
1.507932169273e-04 -1.429672306218e-05 -5.831979312388e-04
4.424640177627e-04 3.546833843027e-04 1.729212403228e-03
-5.281399168645e-05 1.724004481165e-05 -2.072734488326e-05
2.816570191916e-05 3.311766749290e-07 1.982618235133e-06
2.658007921187e-05 -1.152572330919e-05 5.406964867752e-06
-8.965169458956e-07 4.080639523234e-06 1.915370764433e-05
-5.304605550591e-01 3.445831855068e-01 -1.410312846425e-01
-2.151531816893e-01 -9.440116965966e-02 -6.482587567930e-01
1.603371930029e-03 -1.515531954564e-06 1.057052376633e-03
1.611112714669e-02 -1.288637397276e-03 -1.054297064051e-02
-2.480745317629e-06 3.495336249799e-07 6.377799415303e-07
Mode 53
5.266317626142e-06 -1.001228622643e-05 5.202108464440e-06
-2.455686319873e-03 7.821103600297e-04 -2.712389794884e-03
-3.412802839515e-03 -4.860832118114e-04 -1.246202986504e-03
1.853725631134e-03 2.742619293035e-04 -7.821476441792e-04
6.528569900366e-03 -1.241663362334e-04 -4.375733484581e-03
-2.158433557348e-01 -2.071169225296e-03 -1.200811395214e-01
-1.293585368938e-01 1.092966035016e-02 9.859484901621e-02
5.972299382135e-03 7.370528653544e-05 3.934856014091e-03
1.218104750841e-03 -2.208214007269e-05 -6.925043132287e-05
1.250691768198e-03 5.166738183566e-05 8.325229184704e-05
9.425884044604e-05 -3.293518058357e-05 -1.207421865011e-04
-8.045411845621e-05 -4.734943102156e-05 -4.735892436199e-05
7.211889225439e-05 1.123379045476e-05 -8.231614308308e-06
6.830540171223e-05 -1.741129545712e-05 2.138045474809e-05
-1.731941507805e-04 6.508673901931e-05 -1.915163770349e-04
5.975986826584e-03 -3.933717716343e-03 1.615266737156e-03
2.786974298581e-03 1.223004953047e-03 9.242059946253e-03
7.136918468814e-01 5.057466430985e-03 3.680785032872e-01
4.301355909856e-01 -3.461946757383e-02 -2.846737404572e-01
3.085123597943e-06 -1.935505227093e-05 -1.368561206269e-05
--
Dipole derivatives 
Mode 0
1.902624745615e-02 -2.736762906094e-02 -1.464864282958e-03
Mode 1
7.649606401551e-04 -9.812758108554e-03 7.779013630476e-03
Mode 2
-2.698206572176e-02 -4.176070165173e-03 2.313226632112e-02
Mode 3
2.228216603577e-02 -1.032897213582e-02 2.529450770365e-03
Mode 4
-1.762340679849e-02 1.275014031775e-02 -2.676181088907e-02
Mode 5
-3.800934976017e-02 2.666689784138e-02 -1.560166630616e-02
Mode 6
-1.765344791963e-03 4.018965940945e-02 1.720332997251e-02
Mode 7
2.743963879728e-02 6.192970014914e-04 2.591704054698e-02
Mode 8
-2.351829545477e-04 -4.864428688324e-02 -5.278589088958e-02
Mode 9
1.050674876278e-03 -3.600367557325e-02 -1.386912908883e-02
Mode 10
-1.260607643775e-03 3.136367772177e-02 2.362484010533e-02
Mode 11
-2.544534040200e-02 6.712643344430e-02 1.519593095713e-02
Mode 12
2.517617067648e-02 1.774160920690e-02 -2.633518778459e-03
Mode 13
-4.328912780933e-03 5.525214284541e-02 1.028842602392e-03
Mode 14
-7.453337120602e-03 1.660737349020e-02 1.496249486762e-02
Mode 15
7.978188379027e-03 2.284303726445e-03 3.456153324145e-02
Mode 16
-1.633028965624e-02 -5.771330141984e-02 -3.009359883015e-03
Mode 17
-2.236607911928e-02 6.804785291776e-03 -2.092536716048e-03
Mode 18
1.994714888310e-02 7.079768821533e-02 4.288860107256e-02
Mode 19
-6.321207358325e-02 -4.765413609312e-02 -6.382608610999e-02
Mode 20
4.183256964262e-02 -1.057308069391e-01 -1.139813218890e-01
Mode 21
-3.379518642211e-02 6.455198774754e-03 -3.055335062044e-02
Mode 22
-6.634806406608e-02 -1.093697065084e-01 3.425835489661e-02
Mode 23
4.635470359187e-05 2.103708208037e-02 1.249607085023e-02
Mode 24
8.799091293133e-02 -1.485414448599e-01 -3.524620907477e-02
Mode 25
-4.924187239172e-03 -6.066835090851e-03 -1.826975657446e-02
Mode 26
1.739802488145e-02 -2.891028872923e-02 3.703744343358e-02
Mode 27
3.321722084398e-02 1.391506723137e-02 -4.339962407507e-02
Mode 28
6.227804353785e-02 -5.118660167911e-02 9.322360539912e-02
Mode 29
1.097904252861e-01 2.858897531832e-02 4.121887402360e-03
Mode 30
-8.747098371791e-03 6.568106472034e-03 -7.073538605560e-02
Mode 31
-1.093444924974e-02 -2.544582587952e-02 -1.424268042049e-01
Mode 32
3.379336684381e-02 1.885319177482e-01 1.017397143647e-01
Mode 33
-8.393951230425e-03 -2.699926709280e-02 -1.194173579452e-02
Mode 34
3.192520611582e-02 -2.361212112879e-01 -8.665137687203e-02
Mode 35
-4.011650052423e-02 -6.490317169882e-02 6.298698948170e-02
Mode 36
-9.259087244612e-03 1.549479386608e-02 -3.269149313290e-02
Mode 37
2.311738937575e-04 -9.143883050280e-02 -8.381454206275e-02
Mode 38
9.187941343503e-02 -2.217425406453e-02 -1.837010739321e-03
Mode 39
3.234286665908e-03 -8.772446502764e-02 1.093283597135e-01
Mode 40
2.715026317434e-02 -4.955911034008e-01 -2.183318782909e-01
Mode 41
-1.870491188828e-02 -8.005958607311e-02 -5.660755845801e-02
Mode 42
-1.747751780826e-02 -1.710630706320e-01 -1.809702227027e-01
Mode 43
-2.566967380634e-02 -1.776406437495e-01 2.250103432239e-01
Mode 44
2.430945375015e-02 -6.134269705693e-02 -2.601256625469e-01
Mode 45
-3.032044301281e-02 2.251154041598e-02 -1.282713015005e-01
Mode 46
-5.288770601848e-02 -1.178652111411e-01 -2.076710576365e-01
Mode 47
-7.473565445229e-02 -5.195858308847e-01 -9.635385547619e-02
Mode 48
-4.469410425210e-01 1.410846150332e-01 -3.346605591049e-03
Mode 49
1.453079796531e-01 3.971198302052e-01 -2.105684403927e-01
Mode 50
-4.011288005441e-02 -1.885890484689e-02 8.974325666541e-03
Mode 51
-3.087761556979e-03 -3.274989957460e-02 4.422464149718e-03
Mode 52
-5.853358402074e-03 1.098269369665e-02 -2.135283022892e-02
Mode 53
2.137185918515e-03 -4.434523291363e-02 3.578768303974e-03
--
Polarizability derivatives 
Mode 0
6.971392984882e-01 2.572532124127e-02 2.225402821382e-01
2.572532124127e-02 -9.448418895818e-01 -2.860462097347e-01
2.225402821382e-01 -2.860462097347e-01 -1.820559121068e-01
Mode 1
3.955751474128e-01 -3.276884373692e-01 3.930392536790e-01
-3.276884373692e-01 -4.339200220234e-03 4.470590567002e-02
3.930392536790e-01 4.470590567002e-02 5.173173818333e-02
Mode 2
-2.481458736771e-01 -7.959342924697e-01 -1.204738719432e+00
-7.959342924697e-01 -7.283009117811e-02 -1.529259040674e-01
-1.204738719432e+00 -1.529259040674e-01 1.666449992100e-01
Mode 3
4.532773703983e-01 -4.339423537742e-01 2.121887663821e-01
-4.339423537742e-01 1.025310620971e-01 2.417763896405e-01
2.121887663821e-01 2.417763896405e-01 -9.581135279636e-02
Mode 4
-2.446061489406e-01 -7.866274060469e-01 -2.777991982508e-01
-7.866274060469e-01 -1.279231822823e+00 2.154896421158e-01
-2.777991982508e-01 2.154896421158e-01 1.518772088298e-01
Mode 5
7.296425658782e-02 3.574875856107e-03 4.020633902948e-01
3.574875856107e-03 4.957897912684e-01 8.472411394752e-02
4.020633902948e-01 8.472411394752e-02 5.932330130327e-02
Mode 6
4.322192391547e-01 1.018116350221e+00 -1.087058997945e+00
1.018116350221e+00 7.839982156518e-01 -3.195199188092e-02
-1.087058997945e+00 -3.195199188092e-02 5.341937555103e-02
Mode 7
5.214428763100e-01 2.890898901970e-01 -4.666084044705e-01
2.890898901970e-01 -2.696172217300e-01 -3.435467716799e-01
-4.666084044705e-01 -3.435467716799e-01 -1.105499127557e-01
Mode 8
1.998718476195e-01 6.580072093424e-01 1.421176177013e-01
6.580072093424e-01 1.815361811210e+00 2.840023912585e-01
1.421176177013e-01 2.840023912585e-01 -7.814340481951e-01
Mode 9
-7.538531742940e-01 8.098741755556e-02 -8.877233006888e-02
8.098741755556e-02 -4.695975793354e-01 2.680616925103e-02
-8.877233006888e-02 2.680616925103e-02 7.357862645357e-03
Mode 10
-1.621790598488e-01 5.046136197801e-01 -9.205032365963e-01
5.046136197801e-01 -3.518422224873e-01 3.672025972158e-01
-9.205032365963e-01 3.672025972158e-01 -2.269683340103e-01
Mode 11
-1.585382619587e-01 9.141609587774e-03 5.986070299281e-01
9.141609587774e-03 2.260172736554e-01 -1.198867067337e-01
5.986070299281e-01 -1.198867067337e-01 -2.700519898987e-01
Mode 12
-3.368529857283e-01 -1.242793888268e+00 -8.698165438954e-01
-1.242793888268e+00 -4.219167150014e-01 5.789090485170e-01
-8.698165438954e-01 5.789090485170e-01 4.364829835351e-01
Mode 13
-4.177628829149e-03 2.692446883662e-01 1.122490733258e-01
2.692446883662e-01 7.676001956284e-01 3.544610081911e-01
1.122490733258e-01 3.544610081911e-01 -6.822454190684e-01
Mode 14
1.310280724181e+00 1.607700800240e+00 -5.348724644585e-01
1.607700800240e+00 3.696429046104e+00 -4.193354287668e-01
-5.348724644585e-01 -4.193354287668e-01 7.730698132449e-01
Mode 15
2.583672958069e-02 5.880351148404e-01 -3.703637346214e-02
5.880351148404e-01 2.899433801467e+00 -9.572443763461e-01
-3.703637346214e-02 -9.572443763461e-01 -4.824730109651e-02
Mode 16
-1.050118379162e-01 6.540526376383e-01 5.071864242597e-01
6.540526376383e-01 3.813966190556e-01 -4.182784706018e-01
5.071864242597e-01 -4.182784706018e-01 -3.131668057137e-01
Mode 17
-3.538828408804e-02 -1.333113264488e-01 -3.879460420380e-01
-1.333113264488e-01 4.832516135081e-01 3.007286635055e-01
-3.879460420380e-01 3.007286635055e-01 1.207064363040e-01
Mode 18
-7.194851339558e-01 1.521072832926e+00 5.705647704155e-01
1.521072832926e+00 2.227126893679e+00 3.436999819328e-01
5.705647704155e-01 3.436999819328e-01 -8.576775097734e-01
Mode 19
2.064206809831e+00 5.350492243052e-01 -2.506900396967e-01
5.350492243052e-01 2.346488063988e+00 9.845229169934e-01
-2.506900396967e-01 9.845229169934e-01 4.086934414852e-01
Mode 20
-1.064105561695e+00 1.402029130730e-01 1.287468046964e-01
1.402029130730e-01 -1.915579014128e+00 -6.145086706830e-01
1.287468046964e-01 -6.145086706830e-01 -1.670329591171e+00
Mode 21
5.916943513061e-02 -2.394633389371e-01 -1.338557330820e-01
-2.394633389371e-01 -1.341472765425e+00 3.678586930838e-01
-1.338557330820e-01 3.678586930838e-01 -4.487736989903e-01
Mode 22
1.227945240113e+00 -7.681374041147e-02 -4.132880916891e-01
-7.681374041146e-02 3.309743497427e-01 6.114412346917e-01
-4.132880916891e-01 6.114412346917e-01 2.709734806543e+00
Mode 23
-1.318791485265e+00 -1.846068937456e+00 2.101393175370e-01
-1.846068937456e+00 -3.176286409488e+00 -8.852469612563e-01
2.101393175370e-01 -8.852469612563e-01 -2.641710808009e-01
Mode 24
-1.536260328995e+00 6.483442341150e-01 1.137510789938e+00
6.483442341150e-01 -5.013492992283e-01 3.226955655365e-01
1.137510789938e+00 3.226955655365e-01 9.732518127018e-01
Mode 25
8.697896111771e-01 -8.618898337705e-01 -3.245587072126e-01
-8.618898337705e-01 -2.347253602366e+00 -9.492327666839e-01
-3.245587072126e-01 -9.492327666839e-01 8.847154657618e-02
Mode 26
4.495298875013e-01 4.482825406038e-01 1.494341889435e-01
4.482825406038e-01 7.595076733828e-01 1.119901834265e+00
1.494341889435e-01 1.119901834265e+00 -1.227866089960e-01
Mode 27
1.625303536988e+00 1.069500165237e+00 -9.372099635938e-02
1.069500165237e+00 1.053053212935e-03 -3.086636904413e-01
-9.372099635938e-02 -3.086636904413e-01 7.813517943415e-01
Mode 28
-2.953109273891e-01 -6.579130227603e-01 1.525691696242e-01
-6.579130227603e-01 -3.189111909563e+00 -6.984981174436e-01
1.525691696242e-01 -6.984981174436e-01 -1.031703897000e+00
Mode 29
-3.239453828243e-01 -7.690502776368e-01 7.494137990697e-01
-7.690502776368e-01 2.607750214985e+00 4.068315218297e-01
7.494137990697e-01 4.068315218297e-01 3.863106088693e-01
Mode 30
9.038898958284e-01 -4.859026251326e-01 2.950406493404e-01
-4.859026251326e-01 5.979554199160e-01 1.555308624094e-01
2.950406493404e-01 1.555308624094e-01 2.648680990336e-01
Mode 31
1.791737987700e-01 -1.847408335430e+00 -7.103293262865e-01
-1.847408335430e+00 -5.370010525732e+00 -4.860994531994e-01
-7.103293262865e-01 -4.860994531994e-01 -5.192049678584e-01
Mode 32
1.204463126889e+00 2.722770463781e+00 2.994691512730e-01
2.722770463781e+00 1.009145556846e+01 1.639822634320e+00
2.994691512730e-01 1.639822634320e+00 8.375648630311e-01
Mode 33
3.364705053465e-01 4.959889668213e-01 2.650012576077e-01
4.959889668213e-01 -4.747751313026e-01 5.915501474513e-03
2.650012576077e-01 5.915501474513e-03 -6.465016723379e-02
Mode 34
3.952645335073e-01 -1.101309415330e+00 -8.018501848679e-03
-1.101309415330e+00 -1.079335332088e+00 -2.263969305553e-01
-8.018501848679e-03 -2.263969305553e-01 -1.102598764221e-01
Mode 35
-2.255533715219e-01 -2.601409606648e+00 2.026800582746e-01
-2.601409606648e+00 -1.000631177064e+01 -1.587562591488e+00
2.026800582746e-01 -1.587562591488e+00 -1.973746350980e+00
Mode 36
6.279919593045e-01 1.139661736881e-01 5.378792132483e-01
1.139661736881e-01 4.696580960605e-01 6.258638360910e-01
5.378792132483e-01 6.258638360910e-01 -1.251389564785e+00
Mode 37
-6.190968678414e-01 -2.964070105983e+00 -9.979866299892e-01
-2.964070105983e+00 -1.178820800968e+01 -1.833723565042e+00
-9.979866299892e-01 -1.833723565042e+00 -1.503554278683e+00
Mode 38
-1.582979230253e-01 1.597444591638e+00 1.749947092693e+00
1.597444591638e+00 -5.188337037553e-01 -8.264577606614e-01
1.749947092693e+00 -8.264577606614e-01 -1.320351847118e+00
Mode 39
-1.014124152991e+00 -2.888917628407e+00 -8.388454006472e-01
-2.888917628407e+00 -1.157444800714e+01 -1.855120906688e+00
-8.388454006472e-01 -1.855120906688e+00 -1.989261228327e+00
Mode 40
4.979465275426e-01 -4.161476661470e-01 -1.050852838638e+00
-4.161476661470e-01 -8.026814775436e+00 -2.276318564386e+00
-1.050852838638e+00 -2.276318564386e+00 -6.205142921372e-01
Mode 41
1.133807522499e+00 2.833016525576e+00 -7.849564087492e-01
2.833016525576e+00 1.045922215066e+01 5.919781339034e-01
-7.849564087492e-01 5.919781339034e-01 4.386801899028e-01
Mode 42
5.147317229638e-01 1.384308253898e+00 1.697743193208e+00
1.384308253898e+00 -2.627743912035e+00 4.089638783246e-01
1.697743193208e+00 4.089638783246e-01 7.263615658453e-01
Mode 43
1.430138030766e+00 -9.698540042057e-01 5.142155344106e-01
-9.698540042057e-01 1.142161368266e+00 1.167153757678e-01
5.142155344106e-01 1.167153757678e-01 1.346055479235e+00
Mode 44
4.491151737272e-01 1.174491350988e+00 8.595515237762e-01
1.174491350988e+00 5.903383403385e-01 8.557550925003e-01
8.595515237762e-01 8.557550925003e-01 -1.676686052373e-01
Mode 45
-6.851720840796e-01 -2.455449806484e+00 -4.323789952822e-01
-2.455449806484e+00 -1.647074804043e+00 -3.690966273649e-01
-4.323789952822e-01 -3.690966273649e-01 -5.740404870769e-02
Mode 46
-3.514667100410e-02 1.375876542877e-01 -5.056346159476e-01
1.375876542877e-01 -2.021022675246e+00 -9.038872392922e-01
-5.056346159476e-01 -9.038872392922e-01 -8.528949835112e-01
Mode 47
-7.437771817418e-01 -5.283100967281e+00 -1.174374301490e+00
-5.283100967281e+00 -3.083385344161e+01 -9.127885599116e+00
-1.174374301490e+00 -9.127885599116e+00 4.832735563743e-01
Mode 48
-1.155035929986e+00 7.075349739477e-01 -3.600626598898e-01
7.075349739477e-01 -1.254393504094e-01 7.935020421041e-01
-3.600626598898e-01 7.935020421041e-01 1.716770030653e-01
Mode 49
7.781901134780e-01 6.440771385409e-01 -1.200878980361e+00
6.440771385409e-01 1.250870125750e+01 1.372151502536e+00
-1.200878980361e+00 1.372151502536e+00 2.287857700065e+00
Mode 50
-3.687394199161e+00 -1.255247539922e+00 -2.390326903402e+00
-1.255247539922e+00 -7.997033304254e+00 -1.320542989256e+00
-2.390326903402e+00 -1.320542989256e+00 -3.853607209989e+00
Mode 51
7.258930958635e-02 6.060014358160e-01 9.195889791819e-02
6.060014358160e-01 3.016967006452e+00 -2.402160307447e+00
9.195889791819e-02 -2.402160307447e+00 -5.688120876069e+00
Mode 52
1.308749452422e+00 -2.843413760772e+00 1.587186016303e+00
-2.843413760772e+00 -7.490203153285e+00 -2.242985501305e+00
1.587186016303e+00 -2.242985501305e+00 2.376068262379e+00
Mode 53
4.878793553938e-01 4.230264501390e-01 -9.089574086349e-01
4.230264501390e-01 5.307715603348e+00 -3.325980378873e+00
-9.089574086349e-01 -3.325980378873e+00 8.848735703484e+00
--
