Number of atoms 
21
--
Anisotropy 
133.419
--
Frequencies 
21.125410802603
26.972297028216
41.226845025348
56.857752349895
79.358889975318
81.389420149885
125.467713846224
141.243777556801
152.227900077096
168.612391465404
205.641421709748
213.267323998857
230.033598923816
278.269130733061
315.823206161306
328.932747431054
354.733528359701
381.997832300761
415.113618272103
442.201695397525
501.736833339149
522.508883773963
552.795443392512
619.428955137213
639.192553373694
650.717674589558
651.793750623794
701.162272796240
770.488195752418
776.931611933547
843.209339948866
857.671348905371
983.641503222461
1005.489268254890
1027.527146892672
1055.348154437540
1109.941464834440
1143.319584028393
1167.189236760030
1188.144037342645
1214.741641073212
1259.618261864440
1296.624743957984
1308.718150559333
1372.546906388383
1395.352985899397
1441.727121388580
1448.170498896407
1463.776376371375
1575.646899094334
1620.407887884683
1822.544918077842
3039.452366923938
3127.426084680845
3177.619664990315
3199.932910165920
3213.365495817735
--
Displacements 
Mode 0
-1.358583340836e-01 1.279578288834e-01 -2.321656561772e-02
-4.308014073814e-02 1.298519874005e-01 5.071282699132e-02
-1.771382872573e-02 2.366477828230e-01 1.239853689872e-01
1.475918719965e-02 4.328261709341e-02 5.558654504347e-02
4.386389424615e-02 2.926161978956e-02 9.687927045905e-02
9.347743373656e-02 -3.376512975289e-02 9.910143623390e-02
1.148226994151e-01 -7.001306624424e-02 5.097157686827e-02
8.720362250220e-02 -6.379553601151e-02 1.282154643482e-02
3.780907604506e-02 -1.401621617541e-02 1.514148269988e-02
1.010288326513e-02 -3.050580728358e-02 -2.290821991679e-02
-3.197988935335e-02 2.941071096241e-02 -4.507509129449e-03
7.820017906450e-02 -9.307794061342e-02 -2.678592588192e-02
-4.645371438943e-02 -7.554761622019e-02 -1.046081840711e-01
3.546825355808e-01 -3.802410240407e-01 -1.266345974806e-01
3.342065453660e-01 -1.699311077953e-01 8.758323741917e-02
-4.649823283734e-02 4.479018903166e-02 -4.602091380277e-03
-3.817645745148e-02 1.938084155301e-02 -2.311876054305e-02
-5.302417951991e-02 4.837493218072e-02 -6.741487668235e-03
7.968460355000e-03 1.963411335453e-02 3.754474835631e-02
3.420873273828e-02 -1.428413375462e-02 3.925193963047e-02
-4.624552239487e-01 3.118475184568e-01 -1.250317262307e-02
Mode 1
-1.977595614824e-01 -9.438466310972e-02 4.145205274895e-02
-1.333070406103e-02 1.220697037952e-02 -4.426254951342e-02
1.222182426066e-01 1.060881207101e-01 -1.078469925305e-01
9.290872731995e-03 4.076811199393e-02 -5.302139821187e-02
1.644949709557e-02 1.220875757456e-01 -5.404001063247e-02
2.723009286480e-02 1.239101697810e-01 -5.544046364887e-02
2.920428206947e-02 7.469826907018e-02 -5.888879194311e-02
2.463486332610e-02 4.464820824887e-02 -6.310195656245e-02
1.631571316870e-02 -8.848977741175e-03 -6.099201616169e-02
2.266877817760e-02 -1.744671281999e-01 -6.940614100467e-02
5.297923966640e-02 -3.718256604036e-01 -1.220135727066e-01
1.072139223046e-01 -2.375877495121e-01 -2.272719691690e-01
-6.416835378982e-02 -2.790920153237e-01 7.430146789728e-02
9.125855404676e-02 3.860998064030e-01 -2.153952680759e-01
3.573892672070e-02 -7.899533971398e-03 -9.552049721298e-02
-8.172859833349e-02 4.772407765623e-03 3.696681610864e-02
-6.512104036334e-02 -5.077447390323e-02 1.173957131124e-02
-6.388159115227e-02 -5.439614219058e-02 9.719076848258e-03
3.618787730070e-03 4.804949264071e-02 -1.413893887272e-02
9.680062852607e-03 4.548776308883e-02 -1.517678031919e-02
-1.220607253985e-01 -9.523158523828e-02 4.285282935515e-01
Mode 2
2.419208222052e-01 -1.212885507962e-01 3.972691111499e-02
1.602759054023e-02 -1.737014362380e-01 -2.928401130648e-02
-1.801713262555e-01 -4.304606674324e-01 -6.866353288959e-02
1.262205383789e-02 -2.189072829905e-03 -6.191407030930e-02
1.501384978874e-02 9.211450267176e-02 -7.170237293087e-02
1.782756975618e-02 1.723171997720e-01 -7.917047734804e-02
1.547370003205e-02 1.257365929844e-01 -7.365584087785e-02
1.541433709078e-02 5.323507744070e-02 -6.816208539450e-02
1.469073918763e-02 2.078286375267e-02 -6.512969171127e-02
3.121454522113e-03 5.054706467044e-02 -7.944797392257e-02
-3.004333621124e-02 1.931225031768e-01 -6.750732492885e-02
3.906582028559e-02 1.072856976680e-02 -3.026823770158e-02
-1.980554520321e-02 4.677224993354e-02 -2.248253879288e-01
1.706714580863e-02 -3.188922653668e-01 -2.184106010314e-01
1.261002095473e-03 1.476249917890e-01 -1.195824420271e-01
9.379493258224e-02 -6.171148262328e-02 1.491400608887e-03
7.474787217530e-02 2.831001273177e-03 2.958097024894e-02
8.598908817579e-02 -4.084946631636e-02 1.203453642104e-02
5.309282246857e-03 2.560387327623e-02 -2.255574302783e-02
5.887253229031e-03 6.988875044002e-02 -2.514704777382e-02
-6.543440038647e-02 1.879224237857e-01 4.642106244422e-01
Mode 3
1.567447851094e-01 1.339071783622e-01 -1.401375064769e-01
-1.095967911238e-03 1.170825950536e-02 3.619124923066e-03
-1.612648228434e-01 -6.105655668089e-02 1.076211023617e-01
1.033242024816e-02 -2.850798730097e-02 9.321059329452e-03
8.278531319270e-03 -5.675398935145e-02 8.742324700934e-03
2.607530837582e-03 -6.148973494878e-02 8.750170490439e-03
1.744533003085e-03 -2.173355911041e-02 7.959820559418e-03
8.739936575895e-03 1.209571211106e-02 9.712378766699e-03
1.178390215112e-02 3.287352193774e-03 9.353780254112e-03
-5.395781769773e-03 -7.496868041543e-02 -2.338548186086e-02
-3.917041046931e-02 3.127118164880e-01 5.180617235251e-02
3.269187859188e-01 -4.233565041619e-01 1.211648980564e-01
-3.413491856592e-01 -3.161412414943e-01 -3.364138466509e-01
-6.111380162110e-03 2.863912448037e-01 1.549985938107e-01
-1.904437908366e-02 -2.145755014247e-02 1.243518867302e-02
4.893121090893e-02 1.567610146903e-02 -1.020653653313e-01
3.717307625493e-02 3.448367867712e-02 -2.700175954520e-02
7.763615967969e-02 8.911249530430e-02 -3.519904404511e-02
3.358258534139e-03 -2.126952586118e-02 1.120721498620e-03
-1.842927368235e-04 -2.560078668224e-02 2.461915872153e-03
1.542029332858e-02 -5.754200809203e-02 -7.165639983181e-02
Mode 4
-1.172827061615e-01 -2.536577785878e-01 4.444845466630e-01
3.572348081087e-02 -3.529261921590e-02 7.051958542079e-02
2.219822272037e-01 -6.110001473215e-02 -1.577969794111e-01
3.276981966196e-03 1.590000155132e-01 3.925090426599e-02
3.383964306521e-03 2.161463669878e-01 2.570733790033e-02
1.157370364064e-02 1.687544638724e-01 3.145502601922e-02
1.098041314328e-02 5.595279407536e-02 2.909781040944e-02
1.446101856806e-02 7.316835040788e-02 3.013333579722e-02
7.347218209635e-03 1.238546334817e-01 3.275067358215e-02
-1.819507012780e-02 8.551839690562e-02 -3.628978516438e-03
-7.850063302428e-02 2.527082418848e-01 3.824262764223e-02
1.150680825358e-01 -2.043319924867e-02 3.504635638199e-02
-1.503935864481e-01 2.155727686153e-02 -1.451604131416e-01
6.065121695562e-02 2.459581508601e-02 7.587857131995e-02
4.709461974839e-02 -1.159977096067e-01 4.418243546542e-02
3.949330700936e-02 -7.038673809736e-02 3.661800119161e-01
4.353947065479e-02 2.502857336931e-02 3.279290754294e-02
-2.053395714045e-01 -2.272564131083e-01 1.080219127882e-01
7.085381539886e-04 7.373946308346e-02 6.750994544961e-03
5.636588358234e-03 5.465580123059e-02 1.128544881019e-02
-7.524018571351e-02 -1.705918961368e-01 -2.216967991407e-01
Mode 5
-1.381207070743e-01 -1.182772734361e-01 -4.719878179640e-02
8.742954098568e-02 -2.660096305927e-02 -7.895307419279e-02
4.208156659101e-01 2.392515763517e-01 -1.519108736626e-01
5.295865817749e-03 -1.833459807415e-01 -2.605082587563e-02
-1.034193402647e-02 -3.945079851236e-01 -2.164171247856e-02
-2.906521126342e-02 -3.217977035245e-01 -2.591847178360e-02
-2.755630559214e-02 -8.403232138709e-02 -2.264977332361e-02
-2.333962034598e-02 -3.238266080157e-02 -1.926019983514e-02
-1.282937241560e-02 -4.576014369816e-02 -2.254645881688e-02
-3.241077375976e-02 2.764378765944e-02 -4.211336555079e-02
-9.206836012371e-02 1.830281094852e-01 -1.301739643467e-02
3.019211507177e-04 -2.878709291740e-02 2.334800105425e-02
-7.083970159598e-02 1.288346382910e-02 -2.210806562128e-01
-1.046044135224e-01 -7.293747954435e-02 -6.240164261995e-02
-8.188009958360e-02 1.445901521309e-01 -3.169892230845e-02
1.280440533064e-02 -3.658110216406e-02 1.432130747690e-01
2.279990663558e-02 1.110942252479e-02 -1.169345031196e-01
-1.864472556682e-01 -9.675417830100e-02 -2.656705631969e-02
-4.283861739670e-03 -1.596719309373e-01 -1.207786975034e-03
-1.342862751147e-02 -1.214222837631e-01 -9.756317231961e-03
1.042512440330e-01 2.000824611596e-01 2.480179659488e-01
Mode 6
2.768597031581e-01 1.458605639391e-03 1.780370037609e-01
1.378632972084e-01 2.087535266171e-02 4.534134689796e-02
3.605914522208e-01 3.023764414946e-02 -1.797251270307e-01
-6.786949104110e-02 5.870156057641e-02 7.309474718322e-02
-7.127175623514e-02 -1.665509649729e-02 7.410370110312e-02
-5.924904351883e-02 -5.497450245676e-02 8.659665657157e-02
-5.325716490934e-02 -1.255272442561e-02 8.125475789976e-02
-6.391375379039e-02 4.931681728862e-02 6.130599855352e-02
-8.023575912602e-02 9.245444145158e-02 7.429401635904e-02
-8.190675406093e-02 1.964791410549e-02 7.379427548443e-02
-7.663660822378e-02 2.007269595455e-02 8.747229445407e-02
-1.661873505726e-02 -3.382337852001e-02 5.081822862816e-02
-2.159670421622e-01 -4.925340257245e-02 1.395060012368e-01
-2.437443741030e-02 -2.413773955693e-02 -3.465844607169e-01
2.960853817304e-02 -5.030392572057e-02 1.387837188230e-01
-7.806348948339e-02 6.021484908116e-02 -2.520530747849e-01
-8.056572307545e-02 -1.328800183084e-01 3.087067711735e-01
4.189833574584e-01 8.307703263391e-02 7.739295082783e-02
-2.215711939541e-02 -1.924251698542e-02 2.481466163928e-02
-1.697851080225e-02 -3.512563796827e-02 2.871154765028e-02
6.359659403377e-04 1.467041885612e-02 -1.078399650037e-02
Mode 7
-4.384090337678e-02 -6.864871493446e-02 -7.038043198821e-03
2.426420143594e-02 -2.966999910218e-02 -1.804828973180e-02
1.499270847857e-01 3.673810920007e-02 -8.098489390043e-02
1.266630845454e-02 -3.050400706283e-02 -1.227609139812e-02
2.411591242014e-02 7.143523192496e-02 -1.780616614379e-02
4.890034063687e-02 8.732902248677e-02 -2.182181250039e-02
5.472960965742e-02 -2.783622956493e-03 -3.780159090535e-02
5.783830597539e-02 -5.678535624680e-02 -3.470782946526e-02
3.477294605045e-02 -8.293674720055e-02 -3.879585130597e-02
-6.244134570486e-02 -1.325631877601e-02 -1.673877805864e-01
-3.215747246969e-01 -4.224440722504e-02 -1.594260498098e-01
-1.512063736184e-01 7.229120675667e-02 -3.182312456472e-01
5.461241839206e-02 7.994511116602e-02 -3.793640802287e-01
-2.407701163766e-02 3.422083015906e-03 5.062008115780e-01
1.234079062349e-01 -6.421838151311e-02 -6.286392455765e-02
-1.477468358665e-01 4.337904642721e-02 -2.228772425262e-01
-1.317347476041e-01 -1.496461858919e-01 1.653559563843e-01
2.186326537244e-01 5.366927279157e-02 1.670538276072e-02
5.689443722648e-03 3.951390831568e-02 -3.681749530696e-03
1.883894247614e-02 4.644891658914e-02 -3.429009197759e-03
2.207860962933e-02 7.166132805263e-03 -5.173712946386e-04
Mode 8
5.812986750024e-02 1.666411008774e-02 4.599456719699e-02
-1.678270335444e-02 3.268466427177e-02 -5.135984663266e-02
-7.457934199915e-02 -6.822316742269e-02 -1.178617753417e-01
-1.436347552587e-02 1.085047286116e-01 -6.171492237744e-02
1.487557674341e-03 -3.759673800959e-02 -8.069225582618e-03
6.958247696118e-03 -1.516570121868e-01 1.380734455147e-02
2.512356967669e-02 -7.876779074831e-02 -3.453390512881e-02
-1.667869401309e-02 5.600986051567e-02 -9.158572592724e-02
-4.813458821817e-03 1.438984134011e-01 -9.115696979591e-02
4.548812041262e-02 4.734735245942e-02 -4.000662737550e-02
1.928185652705e-01 -2.689609329740e-02 -1.029610469934e-01
1.294094444116e-01 9.055537900186e-03 -7.118180356167e-02
-4.732301129015e-02 -1.246112154842e-02 1.297329915836e-01
-5.267081543693e-01 -4.231264017300e-03 9.964590729385e-02
5.560836655435e-01 -3.550145236397e-01 -5.436943590210e-02
4.167344443970e-02 -6.509914637757e-03 5.484674795399e-02
3.355962440832e-02 4.022028213348e-02 2.466241351932e-03
-9.346846085148e-03 -2.714655354259e-02 9.535386310570e-03
-2.459255394324e-03 -3.090034961280e-02 4.666656514575e-03
2.348909276841e-03 -8.914937813529e-02 1.192672252807e-02
1.090299290509e-01 1.495619111397e-01 6.197870036582e-02
Mode 9
-5.214782129837e-02 1.415117817008e-02 1.170406742426e-01
-3.611089754212e-02 6.089542421697e-02 2.375376764862e-02
-1.739708667406e-01 -5.496661309183e-02 4.107929776360e-02
4.323242791544e-02 1.513287882189e-01 -9.510759270193e-03
2.496686512038e-02 -2.317285601434e-01 7.310965569673e-03
5.769439927132e-03 -2.595012106571e-01 1.839728574629e-03
1.301553700033e-02 6.231455597808e-02 -1.928443582928e-02
4.149432268696e-02 2.604551900003e-01 -8.173148141999e-03
3.693628386070e-02 3.600736026962e-01 -2.323394611847e-02
2.126645127145e-02 1.433499515003e-01 -6.996978589910e-02
2.308408047871e-03 -7.309399692320e-02 -1.323544810200e-01
2.645252736021e-01 8.898893227643e-02 -3.988141866169e-01
-2.125721002486e-01 2.323301138368e-02 1.731273034003e-01
1.790332510695e-01 -1.472233142487e-01 1.601103281359e-01
-2.260789658687e-01 1.771211551856e-01 -3.477610213553e-02
-5.113451898327e-02 2.853624325009e-02 -1.329714133312e-03
-4.478729132426e-02 -1.989955129295e-02 8.111913394245e-02
3.871566191724e-02 -5.042777090727e-03 3.628058626696e-02
7.303200723674e-03 -1.447270900132e-01 7.333978175123e-03
-3.365571019147e-03 -1.509446154003e-01 5.637107166949e-03
-4.037774953494e-02 -6.733931911006e-02 -2.912384209927e-02
Mode 10
-4.332795705292e-01 -1.936257239879e-01 1.385592440312e-01
-1.476190214865e-01 -3.043687124359e-02 6.374860870278e-03
-1.658031568796e-01 -2.963693665467e-02 8.602888214635e-03
3.694185693794e-02 2.684758244955e-02 -5.190101876242e-02
3.768261906970e-02 -3.923750283261e-02 -4.508061275427e-02
1.755445962951e-02 -9.498150887014e-02 -4.373782968517e-02
1.334716506718e-02 -5.272615436583e-02 -5.133126990864e-02
1.668018054141e-02 -4.004255147968e-02 -4.842874745622e-02
5.252912777381e-02 -2.539087825503e-02 -5.165386045038e-02
1.297422618105e-01 3.213612764639e-02 3.542985563289e-02
2.573776164920e-01 2.191750127523e-01 5.720389881004e-02
1.548618023722e-01 -2.562426881441e-02 3.157794549880e-01
1.897627730043e-01 6.155706202778e-02 -7.042954977198e-02
-4.051212315465e-02 2.664720453216e-02 -6.868790372710e-02
-3.541464509692e-02 3.346394721955e-02 -9.715013429593e-02
-3.149141185351e-01 6.224803498917e-02 -1.754608415236e-01
-2.727435953411e-01 -2.282602558750e-01 2.415014753207e-01
1.322467775121e-01 -2.114424725879e-02 5.753548912060e-02
1.201427474042e-02 -1.307865223312e-02 -1.494639112795e-02
3.144727896946e-03 -3.959436316139e-02 -1.362979148150e-02
6.789669660858e-03 1.454051554159e-02 1.865060846209e-02
Mode 11
-4.693355236522e-02 -2.079053935716e-02 -1.037138188512e-01
-1.033619027933e-01 1.963428149824e-04 -1.875151944427e-01
-6.413648943641e-02 -6.729347214570e-02 -3.655051367753e-01
-1.673640540335e-01 4.721547771837e-02 -1.339728071656e-01
-1.403120769657e-01 2.398950744310e-03 -9.143778637418e-02
-4.889359686638e-02 -4.822335068041e-02 -8.507310735849e-02
-2.265765248027e-02 -3.114094844634e-02 -1.008489746994e-01
-2.324705949363e-02 -1.779010443037e-02 -8.238076166360e-02
-1.737214321469e-01 2.769443165583e-02 -7.740840268354e-02
-1.678510971651e-01 1.715695455850e-02 3.836024858752e-02
5.494155940894e-02 5.693586945284e-02 -1.518390100851e-02
-2.807276657170e-01 3.525004384618e-05 2.733209035633e-01
-3.136428352779e-01 -4.176281757338e-02 2.296438305051e-01
4.248682211699e-01 3.262282519837e-04 2.599452445824e-01
1.071638839563e-01 -5.957097653498e-02 -1.950188884402e-01
-8.930915828147e-03 -9.278709861406e-03 -2.555622487544e-02
-1.440258059715e-02 7.266818032108e-03 -1.773084759805e-02
-5.980105730617e-03 -1.953263170112e-02 -3.056872069039e-02
-4.984462958814e-02 -1.148230788109e-03 -7.822936575487e-03
-5.617117284343e-03 -2.449748241428e-02 -1.084910869746e-02
2.841803532945e-02 4.731440873137e-02 3.259067424137e-02
Mode 12
1.338818645720e-01 1.363311133906e-01 2.632589856301e-01
-1.682471704775e-02 2.108540556702e-01 -4.278822997285e-02
-1.745539559709e-01 -2.270534095060e-02 -1.803977273194e-01
-2.339191018148e-03 2.819540626293e-01 -6.560684416243e-02
-7.525234446991e-03 1.742675843762e-01 -6.921545783395e-02
-2.454441134048e-02 -3.075849446193e-01 -1.654680619121e-02
-4.035767274176e-02 -3.988342041133e-01 2.224644272163e-02
-1.749796699133e-02 -3.460490741807e-01 1.283547520837e-02
1.455682571079e-02 -1.143385601867e-01 -1.345749353377e-02
2.158583169172e-02 -7.262410688552e-02 -4.830799277953e-02
-9.569035811075e-03 -7.982563661056e-02 -5.213588431925e-02
-3.647894485299e-02 -4.123718742221e-02 -6.892739069301e-02
1.342432635030e-01 -2.573388744622e-02 -1.444135739471e-01
5.365649774449e-02 4.300684576903e-02 -1.050577713502e-02
-2.852415325559e-01 -5.373720095320e-02 8.877893025415e-02
5.985751331447e-02 3.813550671891e-02 1.369347787666e-01
4.484179177518e-02 9.299267681027e-02 1.007291408061e-01
3.750610765686e-02 -4.510623242876e-02 7.034362766535e-02
1.417308509770e-03 1.158464645672e-01 -3.236707321957e-02
-1.102914026248e-02 -1.220716444266e-01 -4.887781811063e-03
6.967938252919e-02 1.411063279338e-01 7.668409167561e-02
Mode 13
1.790084174685e-01 1.327417897833e-01 3.338964927810e-01
-3.798172978596e-02 1.060096818760e-01 1.565599219441e-01
-4.103380706980e-03 1.562082405185e-01 1.708104652534e-01
-1.100599220139e-01 -1.773009461118e-02 1.023804582371e-01
-1.044937852414e-01 -1.465380446679e-01 1.217595250923e-01
-4.251049689216e-03 -4.143891001931e-02 7.808151251445e-02
7.529159001669e-02 1.479680406182e-01 -1.063598258451e-01
5.199743295961e-02 5.720349326098e-02 -1.106420013826e-01
-4.266286295692e-02 -8.944456513210e-02 -9.159872500728e-02
-3.447854103007e-02 -9.149295598948e-02 -1.167744503130e-01
2.699368631644e-01 -6.295306978437e-02 -2.302798614107e-01
-2.602936276677e-01 -5.643355949654e-02 1.641748607662e-01
5.813628164628e-02 -6.051946185314e-02 -1.574650554001e-01
-2.111667052678e-02 9.191568410775e-03 5.060976716816e-02
1.480610077903e-01 3.195171438109e-01 -2.777013930937e-01
8.090651392985e-02 1.565219137785e-02 1.159869607635e-01
4.896953884956e-02 9.503697300848e-02 1.445785434095e-01
8.669907866340e-02 -1.532830438062e-02 9.542138753052e-02
-3.402062345652e-02 -7.678680255157e-02 4.621882054769e-02
2.095078389835e-02 -2.536788930171e-02 5.483265189577e-02
-7.032113327131e-02 -1.384011605023e-01 -3.133292797821e-02
Mode 14
-4.762938511869e-02 -2.891319289653e-02 -1.594738307479e-01
-9.484127135583e-02 -6.354632630618e-02 -9.013955117055e-02
3.277590611586e-02 -7.332242350769e-02 -2.773945941033e-01
-1.007566171311e-01 -1.582243230835e-02 -1.135290554876e-02
1.692177804857e-02 3.476933457770e-02 1.824662595429e-01
1.138188308034e-01 4.961059405341e-02 1.959111118384e-01
1.095259743136e-01 1.798571861995e-02 1.863513177716e-01
7.572404095516e-03 4.275566319541e-02 -1.492010209325e-02
-5.160196077457e-02 3.067570744422e-02 -8.689052451329e-02
7.791868571542e-03 1.385518035635e-02 -1.519353166488e-01
4.171841745812e-01 1.679789959396e-02 -3.289953556921e-01
-7.508179525642e-02 2.385296358891e-02 -4.466750374901e-03
-2.567787180928e-02 -6.675633218232e-03 -1.462013704124e-01
-2.899945180456e-02 -2.710873018725e-03 2.144132281285e-02
-1.032879532675e-01 1.072140975399e-01 5.645991930951e-01
-7.861896298805e-04 -2.717612404617e-02 -6.449098673801e-02
-5.561566821355e-03 -5.923288845397e-03 -6.161161909733e-02
-2.145571997642e-02 2.635939970870e-02 -4.419693332336e-02
-1.596576623275e-02 1.139791936173e-02 9.559829041341e-02
3.465384025900e-02 2.015730423691e-02 5.871680594483e-02
-3.239451883318e-02 -5.253661547249e-02 -2.786668899113e-02
Mode 15
1.555576747271e-02 -6.705708299792e-02 3.895569622184e-02
5.658517749102e-02 -1.062109467371e-01 1.603325780808e-01
1.147260693670e-01 7.583130964921e-02 3.672855927931e-01
-1.973851435673e-03 -1.549333649381e-01 8.043552672835e-02
-5.996926822032e-02 2.916519737875e-02 -2.322333709372e-02
-7.827530315031e-02 1.292346334254e-01 -5.625892060297e-02
-6.492002840098e-02 -1.383392464158e-01 -5.470916040998e-02
-1.808866420188e-02 -9.425487532580e-02 -2.230981361429e-02
-7.990299410897e-03 2.792183508426e-02 -4.321150037118e-02
-3.360306476101e-02 7.809509474501e-02 -1.156103728241e-01
3.313226477390e-01 9.157884370903e-02 -2.731218138509e-01
-7.144011258238e-02 9.663028855092e-02 -7.399495826542e-02
-2.424645479388e-01 -2.218392204073e-02 3.751259567434e-02
6.096779714633e-02 -6.239309043218e-03 8.662343844606e-03
-3.312117718667e-01 -4.667795530058e-01 -1.188131720235e-01
-2.038857745460e-03 -2.107612481314e-02 -1.375185038837e-02
-9.791262295069e-04 -3.533385413823e-02 1.259923541865e-02
1.536396319091e-02 8.011939530536e-03 1.399845468687e-02
-6.545137003958e-03 3.158092882935e-02 -3.011033288894e-02
-1.601299227101e-02 9.480127865861e-02 -1.684058173033e-02
9.469238735576e-02 1.874740760927e-01 4.363251922918e-02
Mode 16
2.047452051690e-02 5.550910858800e-02 3.111411042929e-02
-5.258703449623e-02 4.314102434209e-02 -2.838064446657e-02
-4.557406432518e-02 1.695790945470e-02 -9.645546739279e-02
-7.437424741393e-02 4.132599544499e-02 -8.296603123358e-04
-1.169587749540e-01 -1.055238902853e-01 -2.248266348327e-02
-1.934957275042e-01 -1.355413321378e-02 -1.318877327355e-02
-1.826959864652e-01 2.939699457656e-01 1.259973654794e-02
-1.297908256249e-01 4.558496112479e-01 2.502751030362e-02
-5.038310099097e-02 7.491069697172e-02 1.826111695898e-02
4.543076813585e-02 -1.068346286092e-01 6.143571753348e-03
-2.736094687568e-02 -1.838498088976e-01 2.582982831666e-02
-1.795723789110e-02 -1.298649510558e-01 1.359530984498e-01
3.328741191407e-01 2.363904062825e-02 -2.846896920331e-01
1.354208407700e-01 -3.580505311448e-02 2.101055650789e-02
-1.504382064060e-01 -4.307912177742e-01 7.856737517198e-02
2.029731271555e-02 5.699917045627e-03 2.115590538475e-02
1.030034204006e-02 3.819618340378e-02 1.526192638394e-02
7.433107204782e-03 -5.945909509769e-04 7.985162455475e-03
-2.970189444133e-02 -9.896997304659e-02 -1.208241357902e-02
-6.956772068650e-02 -8.622476695803e-02 -8.129534134010e-03
6.123902412285e-02 1.153538495104e-01 8.432517603785e-03
Mode 17
-3.007904163471e-02 -5.200567163399e-02 -4.037792828005e-02
2.158296560638e-01 3.682478449046e-02 -3.759458774358e-03
-5.351373342491e-03 -7.116771528848e-02 1.776243233326e-01
2.679721541973e-01 1.767275464952e-01 -7.883873477590e-02
2.727715106141e-01 1.299995462638e-01 -1.250949503745e-01
2.269643882191e-01 -2.000304446144e-01 -9.978130544851e-02
1.598462923559e-01 3.079352177000e-02 1.193212737518e-02
1.530909768575e-01 2.770789777664e-01 2.443564968637e-02
1.229811940573e-01 9.855302798491e-02 3.958356808901e-02
-7.967392140023e-02 -5.426064191766e-02 1.079272167451e-02
-4.542750348272e-02 -1.344831951600e-01 -2.284194478424e-02
-4.132245206673e-01 6.930139131656e-02 2.691223970507e-01
-2.136181884767e-01 -1.376340380283e-01 -1.177957890752e-01
-1.168564357989e-01 -1.345144022962e-02 -5.379413876037e-02
-6.597356681372e-02 -4.000226175313e-02 7.255382259542e-02
-5.897610744450e-02 3.982842154747e-02 4.690073426101e-03
-1.801450901808e-02 -8.032147538595e-02 -4.184740952703e-02
-4.023532966841e-02 -1.783498825885e-02 -1.397347120651e-02
8.286760135663e-02 4.535870967205e-02 -4.217660644811e-02
4.606899268424e-02 -1.537711524228e-01 -4.162186454736e-02
6.581228497502e-03 1.259738539294e-02 -2.472944685690e-03
Mode 18
-4.192210705591e-02 -9.197183569956e-02 -1.246720508700e-01
1.281302412604e-01 -1.003495611240e-01 1.091620025608e-01
1.257015082983e-01 -8.241959352508e-02 2.064160621130e-01
-5.970894508280e-03 1.030209433496e-01 4.937983922655e-02
-1.612854413956e-01 2.847261050077e-01 -1.371367302092e-01
-3.667009502231e-01 -2.255503598157e-01 -4.557881006940e-02
-3.353518817583e-01 -1.315102242415e-01 1.054543744302e-02
-2.209384269952e-01 6.918378419500e-02 9.342172386761e-02
-3.253982116790e-02 6.946362249397e-02 6.968502564196e-02
1.997639641377e-02 8.342164286378e-03 -1.942406935966e-02
1.647916488310e-01 -3.596797655894e-02 -8.711449737535e-02
5.894640629435e-03 3.208194238147e-02 -4.022439963729e-02
1.011932707932e-02 1.113591640671e-02 -1.437975972990e-01
1.151611788081e-01 -9.966262151656e-03 2.732402965743e-02
2.903147192100e-01 2.697768987911e-01 6.735644580865e-02
-3.199456853191e-02 -1.432456695036e-02 -5.971378509094e-02
-8.437877451787e-04 -8.603567775482e-02 -1.058084622812e-01
-6.321293188283e-02 5.021043626304e-02 -3.385264733534e-02
-1.800087036491e-02 1.452647791676e-01 -1.060675052919e-01
-1.263218586341e-01 -1.350354934023e-01 -2.772346826139e-02
-3.325530792438e-02 -7.298576938226e-02 -1.180594761747e-03
Mode 19
3.074174071280e-02 2.474378842969e-02 1.572838536189e-01
7.512547185656e-02 1.505177127038e-01 -1.654032791779e-01
-1.901883034312e-01 1.060471515608e-01 5.314458339375e-02
1.662747806054e-01 -1.022304490260e-01 -1.561058478082e-01
1.101122027446e-01 -2.920327587778e-01 -2.632271145039e-01
-1.079774329886e-01 2.044176881233e-01 -2.616916332157e-01
-2.053908273082e-01 1.444611122429e-01 3.943518513730e-02
-1.450544625186e-01 -1.583889779050e-01 8.768488562186e-02
4.899898347986e-02 -1.034709557317e-01 3.734285402106e-02
9.237550686947e-03 6.217191969711e-03 1.194906762414e-02
9.301066309602e-02 2.771459477988e-02 -1.970983294230e-02
-9.266242367880e-02 1.126615682862e-01 -7.374945271524e-02
-1.400515959125e-01 -9.195424980768e-02 -2.861669751457e-02
5.279351305721e-02 1.093931983796e-02 7.618608756414e-03
1.878126494635e-01 3.299699405784e-02 3.715039181939e-01
-3.329974653560e-02 6.765983295487e-02 1.073986856108e-01
-3.079016237924e-02 1.772232119625e-02 1.409226662275e-01
6.822591087196e-02 -1.371083753702e-01 3.900292862681e-02
4.922052069972e-02 -1.379020082465e-01 -1.097074868284e-01
-7.628504592434e-02 1.240016333334e-01 -1.466025778828e-01
-1.439230957582e-02 -3.159646698891e-02 -8.684287224560e-03
Mode 20
-1.095325448138e-01 1.427102142136e-01 -5.170805334701e-02
1.571364355446e-01 1.236416292908e-01 9.500380760270e-02
2.978782304348e-02 -2.766475357461e-01 -1.951960336312e-01
7.433296273659e-02 2.266876005627e-01 1.557455247713e-01
6.337205072052e-03 -2.307563018067e-01 1.600638482059e-01
-9.198917185846e-02 1.832679064092e-01 1.175704135237e-01
-6.901310148277e-02 2.965327869080e-02 4.598997081603e-02
-5.822807212867e-03 -2.923926583482e-01 1.669027290963e-01
7.719177613084e-02 1.482259087185e-01 1.642910648211e-01
5.206017764765e-02 4.645427032378e-02 7.191953729330e-02
1.349607098375e-01 -2.367437411676e-01 6.259391676522e-02
-1.040687912469e-02 1.904049858959e-01 7.001639140094e-02
-1.331767494083e-01 -5.368530388086e-02 -2.755830200348e-01
-1.432370913024e-02 1.931274421684e-02 -2.788243305390e-02
-1.175555570295e-03 -2.866872901537e-02 -2.508658714779e-01
-9.507789482442e-02 1.012364577416e-01 -2.207989710358e-02
-2.704733901731e-02 -7.705759802455e-02 -1.194623853774e-01
-1.287947941369e-01 1.234133542391e-01 -1.489715835512e-02
1.020388839266e-02 -1.714369687655e-01 3.483493667667e-02
-2.086273498416e-02 1.106047363636e-01 3.278764635941e-02
2.483833142216e-03 6.567229144103e-03 1.325111299500e-03
Mode 21
-7.100630823225e-02 8.971017657037e-02 8.437933540440e-03
2.838306246851e-02 6.575515058469e-02 3.286834207051e-02
-5.269536864468e-03 -1.138183964612e-01 -1.463823763902e-01
3.755452763198e-02 -4.813496720577e-03 7.980136249243e-02
2.586241153997e-02 7.442165613088e-02 6.853517333901e-02
-5.401844648942e-02 -1.310514864604e-01 9.296038391757e-02
-3.250203051127e-02 2.350779128813e-01 2.124643489912e-02
2.871017059472e-03 1.336431155710e-01 7.297750488045e-02
7.211441065587e-02 -3.615231781498e-01 1.003626262323e-01
6.248695680426e-02 -1.591200347394e-01 3.223555668758e-02
1.833078388704e-01 4.187824260763e-01 1.648679699113e-01
-2.174996112701e-01 1.494992825406e-01 -3.960802841916e-01
5.016398108172e-02 -3.310986158253e-01 1.246387559331e-01
-6.995819755753e-03 -9.880034120928e-03 -5.391650816439e-03
-3.052025792648e-02 -7.286896005434e-02 -1.135574568758e-01
-5.154189235743e-02 5.599228626610e-02 2.142404923241e-03
-2.632647638543e-02 -2.532901190888e-02 -2.382658344436e-02
-4.860935270266e-02 4.671154213832e-02 2.550162672438e-03
1.365315397609e-02 4.484647803395e-02 4.864648286456e-03
-2.100089339158e-02 -1.290242154294e-01 3.420820718114e-02
6.316709577379e-03 1.083880481708e-02 -2.274603162149e-03
Mode 22
5.508987516047e-02 -8.394309629234e-02 1.067224192053e-02
-3.048124557070e-01 -1.230955432965e-01 -1.030494544922e-01
-6.091706958482e-02 2.195780875226e-01 -7.117823850154e-02
-1.839283446566e-02 -2.297171702241e-01 -2.414213240093e-02
4.995337769289e-02 1.177492653592e-01 2.472830308203e-02
2.613302438172e-02 -5.853380116170e-02 4.127416866735e-02
2.424760117726e-03 -1.187638715193e-01 3.491218528877e-02
-1.020062626797e-02 1.379941373958e-01 3.300352660622e-02
2.380123938713e-02 -4.472443286457e-03 5.443698092346e-02
1.251513567888e-01 8.115218786994e-02 1.702299028864e-01
1.591816558382e-01 -2.488902955009e-01 3.148314826740e-01
9.058264828733e-02 4.151255447791e-01 -2.426891478116e-02
-2.108015135661e-01 -1.703056764033e-01 -3.083535618634e-01
-3.035007393749e-03 -7.689976019690e-03 8.150078006664e-04
1.829693720445e-04 2.507005356475e-02 -1.091278290638e-01
1.210612839624e-01 -1.342198802217e-01 -1.918898338578e-02
2.890330902363e-02 1.400790350535e-01 1.008759365211e-01
1.193685667509e-01 -6.745556992376e-02 5.772561936825e-03
9.550196228801e-03 1.257245019325e-01 1.084154619446e-02
7.190793638894e-03 5.211059704316e-03 7.282407539525e-03
-2.905084751955e-04 -6.820940207656e-04 1.820323078205e-03
Mode 23
3.543115507649e-02 -2.099396376033e-01 -6.723133279354e-02
-1.724998758983e-01 -1.825348073106e-01 8.614519463830e-02
9.192462090950e-02 1.304349670134e-01 1.666685761226e-01
-7.602327851516e-02 4.504082757795e-01 -1.192284648246e-01
-6.800862318410e-02 -8.355655355718e-02 -4.416951333079e-02
4.089480783268e-02 7.310473534773e-02 -6.232564765276e-02
3.771783639960e-02 7.784839267758e-02 -6.069890808825e-02
-1.450083431469e-02 -2.557469266756e-01 -1.159026779176e-01
-4.076983588890e-02 2.892046826918e-01 -1.221052117398e-01
6.912241017704e-02 -1.195018180896e-01 2.502205320306e-02
7.250463773154e-03 1.318593197152e-01 2.066355192502e-01
-1.716713066671e-01 7.674708275571e-02 -9.171622070329e-02
1.718572404120e-01 -2.863180343884e-01 -2.777620115661e-02
9.285691070479e-03 1.140072796428e-02 1.409920846391e-02
-9.640712669528e-03 -7.987803985086e-03 1.058684604231e-01
1.175002894959e-01 -1.947367995589e-01 -1.170971698450e-01
5.556600995876e-02 4.084043646420e-02 -3.876498548835e-02
4.850828453830e-02 5.166618902677e-02 -1.041390808306e-02
-3.671565785730e-02 -2.407759956020e-01 3.836583340186e-02
1.492153968693e-02 -5.616459727217e-02 -1.247009722352e-03
1.959630424259e-04 -1.111259988331e-04 -6.915610178728e-04
Mode 24
-4.074998997143e-02 1.506447812953e-01 5.713613987162e-02
6.725074031506e-02 5.697068008491e-02 3.901041981270e-02
2.989139091833e-03 -9.739076165265e-02 -5.632867039852e-02
-2.863159447798e-02 -1.588735593539e-01 5.245837599460e-02
-8.756556543127e-02 -1.440083418529e-01 -2.920569230657e-02
3.564604384253e-03 1.829530198190e-01 -7.491144922307e-02
1.264702913436e-02 -5.818695983903e-01 -4.182098943655e-02
4.003861472496e-02 3.364023723152e-01 -7.090043160973e-02
-1.196899642866e-02 3.079335959052e-01 -4.928737462061e-02
4.294338972438e-02 -1.099286768562e-01 2.495400764992e-03
-5.409637805501e-03 1.301418689639e-01 1.249682336536e-01
-1.802161776625e-01 -6.699042797844e-03 -7.772605771971e-02
1.919684198356e-01 -2.345597868705e-01 1.022137856897e-03
-1.207433058373e-03 -1.034031480197e-02 6.217029192858e-03
2.945133258652e-02 8.814177129718e-02 4.834736876035e-02
-5.896570768195e-02 9.665450905648e-02 4.083927502931e-02
-2.637285969393e-02 -1.791153883332e-02 2.591987331179e-04
-4.730179269376e-02 3.559483902072e-02 1.461073667931e-02
-1.836380561089e-02 4.385132536944e-02 -3.007814588626e-02
2.575951523423e-02 2.893167071420e-01 -2.579753800921e-02
-4.149176053830e-03 -6.888014137092e-03 4.996723634840e-03
Mode 25
1.490211819176e-01 -2.587140474645e-01 -1.628419163037e-01
3.897801481422e-01 1.773206977114e-01 -3.525058608017e-01
-1.650901038039e-01 8.648034007171e-02 2.020684900734e-01
-1.825796899072e-01 3.231664051706e-02 -5.822281268776e-02
-1.865175403636e-01 2.994646459486e-02 1.301233903620e-01
5.346391060035e-02 1.474386293928e-02 1.509067047886e-01
9.322356798067e-02 1.387929559663e-04 5.842154117856e-02
-1.418740737381e-02 -2.121955528056e-02 -5.327169650620e-03
-1.893656625526e-01 5.936707304819e-02 1.271609638855e-02
-4.292925206896e-02 -3.019499953746e-02 9.204762371349e-02
1.163516158045e-01 -3.195670828332e-04 1.557140090000e-01
2.872120217605e-03 -7.560191470504e-03 -1.217940840844e-01
4.920770412384e-02 1.664404049474e-02 -9.421752004960e-02
-4.487138015182e-05 8.234210428434e-04 8.516219044986e-03
-2.809013617967e-02 -5.245481513404e-03 -8.034751594803e-02
-1.239888223816e-01 1.436916496613e-01 1.353392921592e-01
-3.233758016689e-02 -2.032981162332e-01 2.601791469834e-02
3.352337469559e-02 -3.443821742636e-01 -6.741500112629e-02
-8.512524407326e-02 1.884001590723e-03 1.015560216430e-01
4.820797238393e-02 1.060549957863e-03 9.054321611808e-02
2.579241392095e-04 1.859178687404e-03 -5.379438728909e-04
Mode 26
-4.860998895836e-02 1.872021504055e-01 9.151055020539e-02
1.408287708413e-01 3.117872472110e-02 1.831458771328e-01
1.006049477048e-01 -1.749645433463e-01 5.870299005656e-02
-2.327215449327e-01 -3.974407079470e-02 -1.103216841017e-02
-3.516220354885e-01 1.650858122311e-02 -2.004344757628e-01
1.392552428076e-01 -6.028760510171e-02 -2.225847315006e-01
1.834699007040e-01 1.251938225830e-01 -2.159765566960e-01
1.343435178553e-01 -1.587478638832e-02 -2.317074719611e-01
-1.138083776004e-01 -1.970040807493e-01 -1.386840515248e-01
3.394948419541e-02 5.592121629698e-02 6.997976556703e-02
3.737476632381e-02 -1.333151256081e-01 2.146050590514e-01
1.723667632089e-01 1.981780663185e-01 -6.112707510531e-03
-1.095988838223e-01 6.921333261173e-03 -9.949827147457e-02
-1.221190867144e-02 1.467469225174e-03 1.402445997149e-02
-1.517584850348e-02 -2.114205741010e-02 2.710060889911e-01
-8.346710110448e-02 1.199252691314e-01 2.058253477305e-02
-1.848365289834e-02 -6.494195410949e-02 -5.958179577489e-02
-1.059529909303e-01 1.305185279453e-01 2.749325660222e-02
-1.160151970914e-01 -6.366105712365e-04 -2.837169639467e-02
8.501913792667e-02 -6.275902130411e-02 4.474068785232e-03
1.598791976111e-03 7.241475653883e-04 -1.687526657359e-03
Mode 27
-4.211830040587e-02 -3.757658585386e-03 1.785341993366e-02
-1.197113477548e-01 -5.913604536323e-02 3.635555911833e-02
7.240317797219e-03 2.586195154232e-02 -3.435440144558e-02
-3.954914716851e-02 4.434555769151e-02 2.794375623129e-02
-1.192647739218e-01 -3.782456413232e-02 -1.994258994384e-01
2.238160844998e-01 -3.040308236522e-03 -2.552199040495e-01
8.960869862089e-02 -3.254564829896e-02 8.833805014171e-02
1.803885339992e-01 2.871061357160e-02 3.600727966603e-01
-1.390422103315e-01 4.312954301500e-02 3.495868261314e-01
-2.365392317948e-01 -3.833749848420e-02 1.462008427101e-01
2.950745479514e-01 1.448908096290e-02 1.006670934317e-01
-1.014946210498e-01 -3.011265727075e-01 -2.384678010844e-01
7.777827252034e-03 3.032523952401e-01 -1.037021373389e-01
-4.437929584837e-02 4.724768329370e-04 -2.418384585717e-02
3.474983777881e-02 5.682116206517e-03 -6.853511304086e-02
5.041932220354e-02 -7.852862423073e-02 -4.892196700053e-02
1.139768234504e-02 6.823900155830e-02 6.482379192973e-03
1.940811989452e-02 5.760128953246e-02 1.101700301408e-02
-5.043243070888e-02 -3.036568297968e-02 -2.122131567564e-02
7.209268715827e-02 2.785544819476e-03 -6.600951304428e-02
-3.766578323854e-04 -2.181296363177e-03 -8.077146636914e-04
Mode 28
-2.620396033153e-02 1.445009175309e-01 2.688111807257e-02
3.498063431822e-04 -1.573258169499e-02 -3.803967359360e-02
-1.047299322972e-02 -3.964133472144e-02 -5.671197434138e-02
-8.368697245166e-03 -4.535594677133e-01 9.725527667118e-02
-5.832550604953e-02 1.674341673159e-01 -6.683693634952e-02
3.851595178702e-02 -1.807492584611e-01 -4.940490667457e-02
3.556712187977e-02 3.179755595793e-01 3.978628018787e-03
5.622298352649e-02 -3.489039863802e-01 1.079683349329e-01
-2.734833550990e-02 5.607206316027e-01 3.233160213291e-02
3.328521321857e-02 -2.205368000179e-02 -2.824002140840e-02
-4.577125946732e-02 4.895609799173e-02 -3.915675880343e-02
-8.063850411709e-02 2.778103537561e-03 2.540306236738e-02
1.487039817567e-01 -1.694282285867e-01 -3.205164625089e-03
-1.132573596281e-02 6.163049763812e-03 -7.263613203992e-03
-2.431061161167e-03 -2.511551215100e-02 5.238768751146e-03
-3.839446660740e-02 8.840795231785e-02 6.526480768163e-02
-3.408754575744e-02 2.741722425935e-02 5.429542957934e-02
-4.335985019715e-03 -3.512597634155e-02 3.760341082225e-03
-1.268345561650e-02 1.690067848296e-01 -3.704951670573e-02
1.347376396689e-02 -1.047787308770e-01 -2.885681557825e-03
7.840639424500e-04 7.840841723978e-04 -2.017972311472e-03
Mode 29
-3.820942552961e-02 1.684689945421e-01 9.927358877858e-02
3.799792023094e-02 -6.107372749412e-02 7.520035128039e-02
8.734450341555e-02 -9.037049882576e-02 5.768917032327e-02
2.927277604152e-02 -1.068423609933e-01 -2.104869424942e-01
3.776640335771e-01 4.361256892712e-02 9.062189294668e-02
6.080490310510e-02 -2.137085127269e-02 9.833400344741e-02
-5.224026645492e-02 3.778248815832e-02 8.386599442342e-02
-3.673262961984e-01 -6.375284075342e-02 -2.938001686327e-01
-1.545237382192e-01 1.019735152525e-01 -2.498846654079e-01
-1.207111234785e-01 -2.481817749060e-02 1.125757134448e-01
1.781785267510e-01 -4.472751880984e-02 3.255591204988e-01
-1.150453545572e-01 -2.134001373433e-01 -1.764835784784e-01
-6.130578594792e-02 2.443447405378e-01 -8.922997780499e-02
5.063002636659e-02 -1.549473745649e-03 3.345696784482e-02
-1.473567683726e-02 -1.065730539707e-03 -4.481763682520e-02
-3.982690916465e-02 7.359874016190e-02 1.843718836373e-02
-1.385867416800e-02 3.301140870533e-03 -4.070478973265e-03
-5.286056476432e-02 9.845786181056e-02 3.119423977229e-02
1.001790326281e-01 2.212252141734e-02 5.196255000496e-02
-4.037966323537e-02 -2.518084123972e-02 -5.112064413197e-02
-7.192346669161e-04 1.121247178194e-03 8.154959458048e-04
Mode 30
-1.954772438176e-02 1.289427317833e-01 6.486494241146e-02
3.586893923284e-02 -7.795530749548e-02 1.643287674746e-02
6.400386533781e-02 -5.370073202692e-02 7.357905583022e-02
-1.593322357403e-01 -3.111431415624e-02 -2.019359920253e-01
3.864612118847e-02 9.253945816163e-02 -7.195766824552e-02
3.335964468438e-01 9.437186987104e-02 -1.275546058882e-01
-1.517763036296e-02 -9.257540216449e-02 3.957225771143e-01
-3.141646383218e-01 5.679730440465e-02 1.694562116990e-01
-2.545944673490e-01 -7.394357989299e-02 7.526279901833e-02
5.168813471324e-02 1.370791526292e-02 -1.330530933185e-02
-1.114235492818e-01 3.419522660291e-02 -2.435890769796e-01
1.448538774831e-01 1.945851991456e-01 9.070824024382e-02
1.053978326419e-01 -2.152314359710e-01 2.111410127556e-02
2.006923739719e-02 -1.518002727956e-03 9.173922175281e-03
1.711432055000e-02 1.794769825322e-02 -1.802769120466e-01
-3.655272085223e-02 6.943960499785e-02 2.578575319077e-02
-1.411578289543e-02 2.806121288698e-03 6.624782857506e-03
-3.971006586482e-02 5.626567844675e-02 1.950880008033e-02
-6.050188746308e-02 -2.266659309215e-01 1.546321927606e-01
4.389767748239e-02 -1.847293640517e-01 -7.885117135643e-02
-1.913568710607e-03 -2.023776514116e-03 3.167886699859e-04
Mode 31
9.474677313414e-03 -7.875297058168e-02 3.159377916122e-02
1.677134869157e-02 2.427550093384e-02 5.089631012125e-02
1.528075614000e-02 3.251660544536e-03 4.080820833525e-02
-6.275451902824e-02 1.856430493587e-01 -9.835888196443e-02
-1.267768652795e-02 -2.899931343827e-01 2.902851589875e-03
1.382285582158e-01 -2.875199893799e-01 -2.346847515247e-02
2.242026554295e-02 1.886019721410e-01 1.576434967720e-01
-1.556178882207e-01 1.362355446245e-03 3.671906949420e-02
-1.250256701331e-01 -1.745580978432e-02 -3.628052358139e-04
1.237093233488e-02 2.502683585679e-03 2.302244468869e-03
-3.311809434277e-02 1.187124047911e-02 -7.315824243738e-02
5.254595785440e-02 6.934167950411e-02 2.641128787657e-02
4.355435019266e-02 -7.851028642147e-02 1.700615763023e-03
1.032293518918e-02 -8.189378406809e-04 6.040901194952e-03
3.143228112625e-03 -3.052628727601e-02 -5.585476169370e-02
1.853888691755e-02 -5.751435592287e-02 -5.782027395163e-02
3.107482539524e-02 -2.872679572203e-02 -5.814652654407e-02
-1.912528181978e-02 8.205332067236e-02 1.426677704428e-02
-5.442316912846e-04 5.661586713853e-01 -5.020503301803e-02
4.917449045314e-02 5.190255420935e-01 -9.283798417006e-02
-4.216595086921e-04 8.384526268524e-04 -1.937229668021e-03
Mode 32
1.703397642241e-01 -3.739379544601e-01 1.858241549860e-01
1.315332594512e-02 3.741099794880e-01 1.495320873254e-01
-1.977774037720e-01 1.553514961635e-01 -1.589741335042e-01
2.867325888966e-03 -1.862165465792e-01 1.280655390829e-01
1.922874468358e-02 -4.005419011424e-02 -8.872062476345e-03
1.026102482190e-01 1.318671658821e-01 -9.556822170673e-02
-8.807769503017e-03 -3.063668027331e-02 3.754009701258e-02
-1.263564915542e-01 -8.021407139511e-03 -5.068815935012e-02
1.635431821968e-03 5.077914236734e-02 -2.792479177809e-02
1.701445177312e-02 -4.803664298748e-03 -1.195877247111e-02
5.335476623738e-03 1.556828913204e-03 1.586524551867e-02
-9.484589169107e-03 -6.344311229366e-03 -1.852456227601e-03
-4.515881236719e-04 3.196100675231e-03 -8.884027986186e-04
8.222963321588e-03 -3.805942828941e-04 4.245559941849e-03
2.971016651001e-03 7.044932435283e-03 -8.160214876150e-03
3.152483863775e-03 -1.457162118654e-01 -2.139333002741e-01
1.482559936609e-01 -2.962315532093e-01 -3.005591926317e-01
-1.244399586515e-01 2.625745158193e-01 6.327855356364e-02
1.112347300334e-02 9.116532287200e-02 -1.651665930514e-02
2.936838840244e-03 -2.555501395872e-01 -2.010199656611e-02
-2.564727002410e-04 -2.663676302547e-04 4.845794896240e-04
Mode 33
8.540491489951e-02 -8.711977138360e-02 5.401044345048e-02
-2.770087518017e-02 9.084601111996e-02 5.009025558798e-02
-6.376912451071e-02 6.004076078481e-02 -5.729700437264e-02
1.595149736479e-03 -1.062644801496e-01 3.641925917533e-02
2.077437770595e-02 3.523338178711e-01 -5.340730398381e-02
1.193476227826e-02 -3.609096207543e-01 1.120628388906e-02
-2.809613477198e-02 6.250727609108e-02 -4.584423256889e-03
-1.534992624284e-02 1.357861712510e-02 -1.212656485745e-02
3.966486081541e-02 -4.467605820942e-03 7.576592124700e-03
1.438700864133e-02 -6.493931976234e-03 -1.282714838470e-02
2.295766014318e-03 -3.079851742050e-04 7.395850054263e-03
-8.824968749692e-03 -7.477024508600e-03 -2.627167599020e-04
-1.229590682414e-02 1.471914725617e-02 3.094334626126e-03
1.159721038018e-03 -6.339895739386e-04 -6.465378927192e-05
2.409227406321e-03 -1.099211399523e-02 3.821695374593e-03
-2.327076261737e-02 2.116346080236e-03 -4.319159552929e-02
3.887220886968e-02 -1.257853569528e-01 -9.012653741667e-02
-5.643980517835e-02 5.782500400174e-02 1.511079056206e-02
-2.714222663370e-02 -5.502905984511e-01 1.040144137216e-01
2.137101075484e-02 5.699393181167e-01 -8.243861544445e-02
1.231303837806e-04 3.302838177790e-04 -2.713983885684e-04
Mode 34
-4.005286540430e-01 -7.635040063019e-02 1.029470743229e-01
4.115716892084e-01 2.100410980857e-01 -1.817288395746e-01
-2.730646106233e-02 -1.167990441566e-01 5.774154773429e-02
5.502338041892e-02 -1.015479475303e-01 -3.180940359623e-02
-1.007482094696e-01 5.846006665565e-02 2.472954263299e-03
-1.698173505604e-02 -1.241356924068e-02 7.582292511698e-02
4.852238287649e-02 1.283340234395e-03 9.623941223331e-04
-5.974843347980e-02 1.310957040700e-03 -4.387081287825e-02
-3.748998410864e-02 5.460092344509e-03 -1.267006703819e-02
1.897722533739e-02 6.367572956997e-03 6.536874176079e-02
-1.020390883647e-02 5.705594732034e-03 -3.331488494709e-02
-5.910173980576e-03 -6.217439982834e-03 -7.193638563325e-03
5.031685271994e-03 -9.596495796567e-03 -6.029424183079e-03
3.102553367706e-03 -5.234720085241e-05 2.317737547662e-03
-6.091240069708e-03 -7.703568582094e-04 -2.182750163631e-03
2.159432181431e-01 -3.950584930307e-01 -1.713177802928e-01
3.113763384275e-02 4.230700144705e-01 4.410169940561e-02
1.890202528824e-01 1.992333642581e-01 6.146784020265e-02
-3.836023864604e-02 -6.817366313150e-02 2.213700415230e-02
4.010972548578e-02 3.308958244323e-02 8.125135873521e-02
-4.053935164732e-05 1.710844079351e-04 -1.195906450185e-04
Mode 35
-4.008263832422e-02 -5.624625553692e-03 -2.151246553876e-01
-4.837080986465e-02 9.027327176227e-02 1.442906633568e-01
8.344734610329e-03 -3.988369981169e-02 -6.182771980492e-02
1.025123487386e-01 4.298253429209e-02 3.528904995411e-01
-2.555249016563e-01 -2.903605981472e-03 -6.242815448101e-02
2.785744004123e-01 -1.992832050404e-02 -1.472290265665e-01
-4.534951738238e-03 1.043544588508e-02 1.989405439963e-01
-4.104778587871e-01 1.589102664715e-03 -1.348080382495e-01
3.245673055747e-01 -1.527112925786e-03 -7.697487895713e-02
2.304656421753e-01 -1.698506054785e-02 -1.281647071484e-01
-9.046370056237e-04 -1.431410650107e-02 9.536313372954e-02
-1.169434730748e-01 -1.025942339130e-01 -9.185483695291e-03
-1.155441028799e-01 1.243987714367e-01 2.594069548247e-02
1.793256593473e-02 -1.080455815443e-03 5.944716001639e-03
1.773611743647e-03 1.901777923851e-03 -3.778372222325e-02
5.312068664380e-02 -2.136586914581e-02 8.405605626192e-02
-5.857505907070e-02 7.727088653242e-02 1.112664394114e-01
1.190137026410e-01 -2.469283685957e-01 -7.134036898608e-02
-7.863177044675e-02 -5.554523694922e-03 -8.429609797951e-03
1.333535005376e-01 -7.034026607488e-03 2.654052406858e-02
-7.589824763822e-04 -5.611713230952e-04 1.940615493756e-05
Mode 36
-4.901855414950e-02 -5.019537410601e-02 -1.931579214313e-01
-1.088652778723e-02 1.728767307567e-01 1.948192749362e-01
9.324361614033e-03 -5.536853759388e-02 -5.406415050437e-02
-4.834532654228e-02 2.936108198120e-02 2.877697899976e-01
2.931631597322e-01 1.798861120703e-02 1.328414732087e-01
1.419769071010e-01 -2.963399416904e-02 -1.481564435361e-01
-6.991943886416e-02 -1.923197635092e-02 -4.614914689558e-01
-1.821589974251e-01 -6.213530641429e-04 -1.046531534739e-01
-2.788081331450e-01 -5.897746941713e-03 2.040894314521e-01
-2.410045222681e-01 -5.855929553314e-03 1.800578063317e-01
6.021025035725e-03 2.032620315133e-02 -1.454711081093e-01
1.199031572732e-01 1.002772727267e-01 4.170017554525e-03
1.131761294113e-01 -1.122734958761e-01 -3.072524897116e-02
1.321322704374e-02 3.474307762651e-04 6.970419704628e-03
5.430666394040e-03 -2.808869334596e-03 9.123591715662e-02
5.791138070277e-02 -5.162792865236e-02 5.634521791235e-02
-3.976451463208e-02 6.004500676773e-02 6.937687409080e-02
1.205958224600e-01 -2.049715084563e-01 -6.112901867936e-02
9.375953232766e-02 -8.754451817805e-03 4.445928967734e-02
2.787828073442e-02 1.063233792206e-03 -7.982523604683e-02
1.504646001185e-03 1.801490016452e-03 1.651732288038e-03
Mode 37
7.473315212301e-02 4.825771431124e-02 1.365939232143e-01
-5.296799350641e-02 -1.999602441646e-01 -2.026747545031e-01
-1.351169752888e-02 6.515217195833e-02 2.064416186078e-02
1.287798359291e-01 1.377464351904e-02 -7.944139877655e-02
-8.282931308115e-02 -1.208540084861e-02 -3.664569825035e-02
1.007381118857e-01 4.384397702941e-03 9.398962205084e-02
-4.398712396290e-03 -9.772705947022e-03 -3.298199160318e-01
-3.135186679123e-01 1.907201928198e-03 1.237850329448e-03
9.338032227383e-02 1.961563130958e-02 1.965661342801e-01
1.741664089743e-01 -3.181058346164e-02 3.521993902531e-01
-4.094028986624e-02 3.833548130584e-02 -2.152194511466e-01
-6.433245515528e-02 -5.254387858507e-02 -3.873750249231e-02
-3.745539078928e-02 3.773230323134e-02 -2.253648263999e-02
1.076140862540e-02 2.642597013868e-04 1.431011787317e-03
-6.211885156345e-03 -2.678814820441e-03 5.113446999772e-02
-7.886128027739e-02 9.031966611144e-02 -2.966033583152e-02
3.083736479707e-02 -5.708165007891e-02 -4.846697863447e-02
-1.127831321919e-01 1.393601849836e-01 4.094557231110e-02
-7.892355331614e-03 2.327366199188e-03 -5.277301862966e-02
3.303493463915e-01 2.823576218364e-02 4.376618418142e-01
1.333390018520e-03 1.359434183239e-03 7.833797926105e-04
Mode 38
-1.044899611813e-02 1.596863203302e-02 5.520409817344e-02
4.491468441194e-02 -4.969390507060e-02 -1.023932825436e-01
3.424432510634e-03 -2.374260192727e-03 3.503001336411e-02
-6.560713940390e-02 -6.001907505298e-04 -7.422080902909e-02
1.874925199450e-02 -8.079665817579e-03 2.324526856071e-01
8.974985559034e-02 -1.935291394909e-02 -1.840243030121e-01
-2.074282349417e-01 -9.293319613706e-03 -2.626705450191e-01
4.518732000356e-02 3.268953030030e-04 1.065563613071e-01
1.613456112776e-01 2.636765921584e-02 2.802089208791e-02
2.739283695000e-01 -1.139374319592e-01 5.006419855211e-03
-2.625801313455e-02 1.217630275828e-02 -8.893777572551e-03
-7.533774869825e-02 -4.368094445516e-02 -8.498240578917e-03
-1.036650763395e-01 1.136274408977e-01 1.103700657918e-02
-8.785188068739e-04 4.406363628915e-04 -5.611424393755e-03
1.309555833916e-02 -8.622966657930e-04 4.723723166875e-02
-1.141715901037e-02 4.782923212803e-03 -1.550306413139e-02
1.144959938305e-02 1.557011755373e-02 -1.326106743976e-02
-1.878749896005e-02 6.277823093280e-02 1.918952687191e-02
-2.595682253313e-01 1.400073052668e-01 6.394428888533e-01
-1.307284190888e-01 -3.136819963340e-02 -2.800322216640e-01
9.752568085188e-04 5.191278017067e-04 8.348120883015e-04
Mode 39
-1.032030894487e-02 -1.020168819891e-03 -4.080132427749e-02
-1.661658150415e-02 5.869696242957e-02 9.167249383155e-02
8.429232704647e-03 -1.396471469946e-02 -1.135970034504e-02
-7.220286790186e-02 -2.068915061899e-02 -8.941712222123e-03
3.184877188350e-02 -5.591910815846e-03 -4.868206067051e-02
-6.380767763197e-02 9.089033114612e-03 4.509618865162e-02
7.231975850647e-02 -4.491189117337e-03 1.166400963013e-01
1.023120182494e-01 -7.132754233260e-03 -7.101341658577e-02
-9.484582193591e-02 8.329386098796e-02 -1.566784107778e-02
2.347569269624e-01 -7.483095039273e-01 2.555859269160e-01
-5.335176733867e-02 8.823124170414e-02 -1.758948649476e-01
8.513737287400e-02 1.804155681882e-01 1.114364571306e-02
-1.808337109491e-01 2.778005135770e-01 -1.114617210377e-02
-3.908075237498e-03 4.343963269465e-04 8.553004684085e-05
-4.452208088358e-03 5.452487966529e-04 -1.694577928215e-02
3.132655130994e-02 -2.382434578470e-02 2.413013072129e-02
-1.174916107029e-02 -1.368459597761e-02 -1.290189353011e-03
4.380795739724e-02 -5.915146099642e-02 -1.258907287066e-02
7.161357874079e-02 -2.669037605925e-02 -1.483675842405e-01
-8.226180808936e-02 -1.182972003781e-03 -7.010080022187e-02
-2.327628640401e-04 -3.712374839218e-04 -4.260077136006e-04
Mode 40
-7.564099077417e-03 2.743904988088e-02 4.586348132697e-02
1.618481080045e-02 -3.877939074634e-02 -7.397536893954e-02
-5.391775121284e-03 9.518672098638e-03 1.128996235861e-02
1.187418365970e-01 -4.666684264038e-03 -3.740630363750e-02
1.560457098134e-02 -2.905441043780e-03 3.228305737062e-02
5.130293056346e-02 -5.415469109770e-03 -3.250788931628e-02
-7.867725281657e-02 -8.319774661332e-03 -1.718169017004e-01
-1.315094134751e-01 1.171661667359e-02 2.133426480915e-01
-3.890797569577e-02 3.415332454213e-02 -3.292466666713e-03
-2.818201069959e-01 -4.048089574367e-01 -5.986410794026e-01
5.886834568465e-02 -3.807726502144e-03 2.437577469783e-01
1.733502819438e-01 2.030048726367e-01 9.613340911829e-02
-2.421353595455e-02 9.388546627246e-02 5.184142843937e-02
4.589965170897e-03 -7.578700148009e-05 3.088602272005e-04
6.039081418630e-03 -7.745895053025e-04 1.925387387338e-02
1.618300697128e-02 -1.815216434533e-02 -1.599371011951e-02
-3.711758221176e-04 -1.266781750303e-02 -6.240816627159e-03
-1.739657851479e-02 4.003352149221e-02 1.440222693618e-02
-1.523609698885e-02 9.471708999347e-03 5.357817587493e-02
2.058139747401e-01 1.879712303209e-02 2.469856847379e-01
3.930055796011e-04 6.105391906617e-04 7.284653911387e-04
Mode 41
-2.790329275018e-02 -2.367947216069e-02 -1.456458134026e-01
-3.424593541058e-02 2.767339632631e-01 4.426522290873e-01
4.066105452276e-02 -7.376349049362e-02 -2.925938806965e-02
-8.095632864112e-02 -1.026601320928e-01 -4.440784764715e-01
9.411874860041e-02 -1.103370162397e-02 -8.109081358459e-02
-4.914479426697e-02 1.300716692134e-02 7.920057403879e-02
-1.223218314621e-01 -4.457567486676e-04 -8.982182724436e-02
1.103213878899e-01 1.043304963491e-02 2.411695552216e-01
-1.200761155611e-01 -1.736888324539e-04 -3.506117903548e-02
3.085939600563e-01 1.233558473231e-01 -6.461878302090e-02
-2.458940638930e-02 -1.567810077309e-02 3.195504781816e-02
-1.015875366423e-01 -9.536943085482e-02 -1.903229867046e-02
-4.776702025336e-02 2.067950276945e-02 5.316038625043e-03
-4.147845261981e-03 2.781717386601e-04 -3.508361278220e-03
4.413754808868e-03 -2.658262156760e-04 4.138293238244e-03
9.686120469675e-02 -8.456803760311e-02 5.150417939006e-02
-4.359252237012e-02 -6.485528628162e-02 1.201447562146e-02
1.110554114530e-01 -1.868181265215e-01 -4.794361862366e-02
-1.549423448901e-02 1.445287285850e-02 6.493715435777e-02
1.894401497745e-01 1.770707331422e-02 3.050517608111e-01
4.414183974419e-04 2.425363500803e-04 2.573723675416e-04
Mode 42
2.034006228720e-02 2.558318408467e-02 -4.679112163381e-02
-8.318492078989e-02 8.142784821547e-02 1.960481544410e-01
1.099022830374e-02 -1.282309357741e-02 -4.524650439538e-02
4.394449509820e-01 -5.260290108695e-02 -2.018841173599e-01
-2.271270689359e-01 6.252069978254e-03 2.300102460697e-02
-2.082919745196e-01 6.848723554068e-03 -4.869067563590e-02
2.747262259139e-01 -2.542926404612e-03 6.775643900520e-02
-1.183547675756e-01 3.656033419147e-03 7.215348430710e-02
1.268845738229e-01 7.489492550703e-03 -2.077598038369e-01
-4.044635916613e-01 -6.876460200099e-02 2.947060927632e-01
1.240616669594e-02 2.054413658146e-02 -1.046874201818e-01
9.902397568469e-02 7.972021531994e-02 -6.553567162548e-03
7.607934409383e-02 -5.584408452419e-02 -2.956958967829e-02
1.559783782891e-03 -1.090146001803e-04 1.062835621225e-03
-5.438351157018e-03 -2.702501214612e-04 -6.366137978040e-03
3.964521783760e-02 -2.441880566522e-02 5.292713438770e-03
-2.357983681128e-02 -7.067982586187e-02 5.029094940070e-04
1.955704486832e-02 -1.073149088978e-01 -2.105254111115e-02
-2.091302209084e-01 4.115107924031e-02 2.976632249687e-01
-3.975366177271e-02 -4.988392888293e-04 2.724763158610e-02
-7.375113698249e-04 -1.875718832679e-04 -4.763030200615e-04
Mode 43
1.977331273238e-02 -6.576298467107e-04 1.195826300283e-02
-1.083995873323e-02 -3.838797061221e-02 -4.653970891793e-02
-7.073134190374e-03 1.379411816174e-02 -9.326173314943e-03
1.849096102834e-01 2.440557826437e-02 5.976548791102e-02
-5.087211579152e-02 4.243626222467e-02 2.523420659275e-01
-1.706787536372e-01 -1.421402247322e-02 -1.674282918073e-01
4.945110666279e-01 -2.151692639533e-02 -1.840034063655e-01
-2.331247266233e-01 2.223155886608e-02 3.475488122646e-01
-3.445128428355e-01 -4.314116234549e-02 -1.429078397657e-01
3.420209249138e-01 7.424219919473e-02 -1.190128649922e-01
-2.669937652494e-02 -1.257847855460e-02 5.317551530295e-02
-7.430448284021e-02 -6.621636110956e-02 -1.370373633615e-02
-5.444099824900e-02 3.350056758593e-02 7.806461976432e-03
1.005631584305e-05 7.496288365336e-04 2.151055021068e-04
-4.113204509668e-03 -3.317205361962e-03 1.950615620537e-02
-1.682687640789e-02 1.571583136389e-02 -1.449289966280e-02
1.110517951600e-03 9.723279737452e-03 1.616520245182e-02
-3.513689379138e-02 1.767434495058e-02 2.161833005592e-03
9.989005996638e-02 -5.394957481267e-02 -1.653679859608e-01
-1.226853029147e-01 -1.433319344931e-03 -1.522641684633e-01
1.464145041172e-04 5.432189132318e-04 -5.042408584534e-04
Mode 44
5.924586103025e-02 -3.904932872025e-01 -2.120632127139e-01
-2.347010710655e-02 6.083873595729e-02 9.329041958288e-02
-1.424369621816e-02 8.683810186924e-03 -2.465973163394e-02
8.397565455138e-03 -1.064801605966e-02 -3.922647172622e-03
1.230002658768e-02 6.367814823112e-03 2.980931497626e-02
-9.369423438583e-03 -5.920237797149e-03 -6.305249832030e-02
-4.615043200800e-02 2.139517157673e-03 2.350368482316e-02
3.053103094442e-02 3.856308091588e-03 8.165153908399e-02
1.057610087368e-02 -2.127210414234e-03 -1.401987443645e-01
-3.463544362753e-02 -2.657053172585e-02 5.309682788998e-02
-2.720021292110e-03 2.687414315329e-03 -7.996387251595e-03
9.827268875179e-03 1.050213496472e-02 -2.907204006807e-03
1.360357839920e-03 2.588816598879e-03 -4.267916112762e-03
-5.001023930860e-04 2.513093171729e-05 -9.428468831882e-04
3.124770623229e-03 3.827101970870e-04 -2.530698243648e-03
-2.328829432910e-01 3.032686260781e-01 4.143568331375e-01
5.655491128254e-02 3.364486653826e-01 1.859294781888e-01
9.953498316388e-02 5.091437796081e-01 -4.416287301001e-03
4.919376201793e-03 -5.173514827238e-03 9.536026871923e-03
5.492795845884e-02 4.127199046962e-03 5.902834985621e-02
-4.893968623411e-05 -1.648162531867e-04 2.152271462859e-05
Mode 45
1.795171170355e-02 -6.517167821025e-02 -6.748633134237e-02
-3.211731745033e-02 2.897065197572e-02 9.713917291713e-02
-9.445366808528e-03 1.062151237818e-02 -2.036947723473e-02
9.105278845307e-02 -3.848931186926e-02 -1.838184271536e-01
-5.217730136486e-02 -3.051326071014e-02 -2.450288779850e-01
-8.246233623428e-02 3.736266273748e-02 2.873183004387e-01
3.047482279574e-01 -1.210848587952e-02 -7.404210987914e-02
-1.591161754933e-01 -1.375109442890e-02 -3.114037382114e-01
-3.694552193994e-02 3.377034820835e-02 5.968533337351e-01
7.764073967772e-02 -5.787451778223e-04 -2.541414985456e-01
1.422627851466e-02 -5.378076795125e-03 4.005366668355e-02
-1.091448247002e-02 -6.058644977267e-03 2.282222172081e-02
-8.200683319349e-03 1.103729195393e-02 2.143412677934e-02
1.742799104767e-03 -1.000967203844e-04 4.356372289031e-03
-1.556579819344e-02 -1.623657944390e-03 7.159263328268e-03
4.158906664478e-03 3.193359398144e-02 1.302159556671e-01
-2.343202212130e-02 1.490391650879e-03 6.643991943674e-02
1.970259980005e-02 1.198132604456e-01 -6.391735637054e-03
-1.141812167051e-01 2.834340437717e-02 1.165240895886e-01
-2.027139079189e-01 -1.260682893780e-02 -1.439519102275e-01
-1.622540518742e-05 6.801434839065e-04 -2.466106341580e-04
Mode 46
-5.961552200456e-02 1.161935048757e-01 -1.061050068362e-01
5.821879799658e-02 -4.976540457304e-02 -7.936255779019e-02
-4.582804772870e-02 4.196599013479e-02 -6.376364216635e-03
-6.739126507739e-02 2.248302630465e-04 -2.220642509487e-02
-3.996824207663e-02 1.075244915367e-02 7.974084482138e-02
7.241260260266e-02 -1.685704818110e-03 1.611187720379e-02
-2.164896176649e-02 -2.441865772123e-03 -5.324017820712e-02
-3.097186294294e-02 3.678625080283e-03 7.354140032437e-02
1.027806933142e-01 1.938942195058e-03 -5.378630006724e-02
-4.403997033657e-02 1.571603046155e-02 4.728588959414e-02
1.395357552800e-03 -1.100765281629e-04 -1.035583448300e-02
1.392591054340e-03 -1.904314594747e-03 -2.793018865584e-03
7.072990355811e-03 -8.416631502087e-03 -3.965334553607e-03
3.634661391738e-04 2.790957961539e-05 -1.266157185226e-03
1.154258493921e-03 -3.103199387461e-04 3.007167720026e-03
4.122736528277e-01 -2.550447443434e-01 4.279913394966e-01
-2.739551389413e-01 -5.044432537311e-01 1.666568769923e-01
7.514510227837e-02 3.320751987022e-01 6.146697381331e-03
4.599061933960e-02 -1.625742128532e-02 -9.993515184069e-02
-2.809194484474e-02 -5.290346227338e-03 -6.736524862959e-02
1.505787247226e-04 1.452874843277e-04 1.227283226708e-04
Mode 47
1.853539778785e-01 -4.954976648551e-02 -9.993830926323e-02
5.245783006606e-02 6.212488866670e-02 1.142194164802e-02
-1.571176134941e-02 -1.582220337317e-03 -9.553052363507e-03
7.122248356586e-02 7.850836810351e-04 7.543483508311e-02
4.525185991482e-02 -4.747266131082e-03 -4.187247394380e-02
-5.709628823839e-02 -3.189996469079e-03 -5.794326417329e-02
-4.139805292192e-02 5.280932796965e-03 7.737607430059e-02
7.182357539915e-02 -3.887298653065e-03 -7.781339127658e-02
-1.309499857337e-01 -6.981122097767e-03 -3.912869548024e-03
4.915606202430e-02 -6.714368771116e-03 5.757199920240e-03
-5.649332027699e-03 -1.397770792511e-04 -4.123929100053e-03
-3.003750992746e-03 -1.170364133019e-03 -3.412025835681e-03
-4.638075747106e-03 5.437624925497e-03 -2.646552107552e-03
-4.763155082710e-04 -1.442176915197e-05 1.197471597413e-03
9.375545936076e-04 6.511518629010e-04 -4.251334486298e-03
9.019966605670e-02 -1.269470435527e-01 -2.174036749268e-01
-2.003739730395e-01 6.160262975015e-02 5.804334965301e-01
-6.369837057478e-01 5.831018500077e-02 -6.330396931245e-02
-3.424059894824e-02 1.348605623641e-02 9.396420501082e-02
5.602608021724e-02 5.973239555511e-03 8.492519742069e-02
-1.789625541742e-04 -2.726417856093e-04 -8.070639057468e-05
Mode 48
5.632427334783e-02 -5.492668672211e-02 -1.923922905268e-02
3.234180102563e-02 8.454901340676e-02 1.117921423196e-01
1.878225156121e-02 -2.754493709988e-02 1.144038297004e-02
-2.390052116973e-01 -5.467925237069e-02 -2.992968934956e-01
-1.624179826632e-01 2.023610839925e-02 1.288010510311e-01
2.507276229356e-01 1.562940460421e-02 2.438961541648e-01
1.100010330098e-02 -1.529210222676e-02 -2.466686676055e-01
-1.682929422421e-01 1.315387375141e-02 2.399867620566e-01
3.941338856423e-01 3.058774168471e-02 -3.386299508840e-02
-1.625159736449e-01 -3.787034017026e-02 3.346041687917e-02
1.180378161095e-02 4.168507708464e-03 -9.658150279935e-03
1.712747022715e-02 1.592839841089e-02 7.038037413285e-03
1.159490018253e-02 -2.082496760689e-03 1.973542102917e-03
1.859555551651e-03 1.204451651436e-04 -3.743356479031e-03
-1.214134685046e-03 -1.795952707547e-03 1.138820633929e-02
-6.376768204234e-02 1.297325435298e-02 -1.568353432536e-01
3.505742184478e-03 1.476529730962e-01 1.374837297377e-01
-1.904349858258e-01 -6.920657855530e-02 -2.331565378147e-02
1.059495982211e-01 -4.453328792165e-02 -3.046442697583e-01
-1.713923084489e-01 -2.366111778356e-02 -2.718868989360e-01
6.369483553613e-04 8.776572541193e-04 4.359601078477e-04
Mode 49
1.036220370952e-02 4.383884807340e-03 5.850665074391e-05
-3.464849040135e-02 -3.181908713782e-02 3.828202286232e-02
-1.699207802399e-02 2.662384288243e-02 -3.526466893337e-02
5.403885935783e-01 -1.240391871355e-02 -7.317035553939e-02
-3.277603712072e-01 2.235235308927e-02 1.344940673163e-01
3.526517331783e-01 1.314384294140e-02 2.251759917302e-01
-3.956381806312e-01 4.296643459083e-03 -5.437200323537e-02
1.791420300085e-01 -6.061292698106e-03 -1.011343945763e-01
-3.595605033734e-01 -2.291151645233e-02 -3.303533449272e-02
7.126100743979e-02 1.170951080760e-02 -1.148920424837e-02
-8.580139204682e-03 -1.712747334122e-03 4.209312723120e-03
-2.144466123816e-03 -2.686039001766e-03 -4.465765452095e-03
-2.297043288334e-03 -3.450438709461e-04 -3.136425470232e-03
3.460734746106e-03 -7.344076184460e-06 2.653089506610e-03
4.400926353928e-03 1.956639872591e-04 1.439233468047e-04
-1.141612691910e-02 2.110810236020e-02 1.673512259226e-02
8.339736749991e-03 -5.645947631204e-03 -1.591838752417e-02
1.863756140734e-02 -4.747752198785e-04 9.445364095564e-04
-2.141765508175e-02 -2.475116004536e-02 -1.428804581057e-01
-6.325951136633e-02 -1.844689962503e-02 -1.717407227411e-01
3.447008863924e-04 1.038811425020e-04 4.883321872722e-04
Mode 50
-1.151488391926e-03 -3.254848603879e-03 -1.436655991110e-03
2.097433092893e-02 4.202871875061e-03 5.687267106606e-02
-6.371172918206e-03 7.946468054737e-03 -1.142060639894e-02
1.065526519256e-02 -4.353304016745e-02 -3.115545369985e-01
-1.245162309054e-01 6.591796667896e-02 5.783916074652e-01
-1.130626902926e-01 -4.348574606377e-02 -4.635309985636e-01
-2.611337336379e-02 1.381147083209e-02 1.663253189414e-01
6.485688991098e-02 -1.682546743728e-02 -2.924380302529e-01
1.112122587803e-01 2.592530094461e-02 3.350438471647e-01
-2.127369609647e-02 -5.683077007083e-03 -4.941402332110e-02
6.694752070539e-03 1.395265654035e-03 -2.820051984898e-03
-2.622176688693e-04 7.635464675037e-05 7.161581605030e-03
2.882352790557e-03 3.794358874539e-04 5.117590197931e-03
-1.264516022369e-03 -3.945062067690e-04 1.406606238530e-03
5.081539858762e-03 1.793377483957e-03 7.056675861223e-03
-5.355746299175e-03 2.383430811799e-03 -6.041476942983e-03
3.251873947319e-03 1.242749367217e-02 2.467882378768e-03
-3.112890299797e-04 -9.638410112078e-03 -1.218092039359e-03
1.297790593557e-01 -3.169156427605e-02 -1.697034850311e-01
1.237307017276e-01 1.999039213518e-03 6.144462286198e-02
-7.148920968250e-04 -7.694347713703e-04 -7.558289943268e-05
Mode 51
-3.427788967777e-02 3.707071126908e-02 -1.062203536183e-02
4.872256964136e-01 -4.817229428901e-01 3.792301453211e-01
-3.751654381210e-01 3.668829950920e-01 -3.101881487001e-01
-3.182558079024e-02 2.371046391678e-02 5.416919363295e-03
2.473863042283e-02 -8.872668145594e-03 -2.260178453115e-02
-1.070787185195e-02 -7.046863871785e-04 8.218854430244e-03
7.745997795091e-03 -1.029155683062e-04 -4.257365966954e-03
-4.195109800874e-03 -1.790375989676e-03 1.486283003307e-02
-3.270154881649e-03 -1.301424716914e-03 -2.301710597864e-02
-3.663399406024e-03 -3.818372779877e-03 5.255290111428e-03
-1.808136631421e-03 9.553678171138e-04 -1.683690052134e-03
2.028853959338e-03 1.784741931603e-03 -4.528875685861e-04
1.371184332180e-04 7.103289413981e-04 -5.328353884004e-04
1.398671497177e-04 -1.396214695348e-05 8.777907657491e-05
-1.276659961875e-04 8.118114840610e-05 2.114280542204e-05
-1.580483028228e-02 1.038115475964e-02 -1.456649369697e-02
1.668950143578e-03 6.377094712053e-02 1.229153087652e-02
1.759768801462e-02 -5.244862904129e-02 -5.378540471114e-04
-2.191360990965e-03 9.260476972337e-03 2.377932395339e-02
1.255809569414e-03 1.643468022999e-03 8.631842362369e-03
-1.585840471444e-05 2.004502633209e-05 2.293335451413e-05
Mode 52
5.208949485366e-02 1.807097130078e-01 3.009507259743e-02
2.492264270596e-03 -2.279294378069e-03 -2.890637214078e-03
6.606340485541e-04 -1.192709964883e-03 9.129474269213e-04
-1.219829759907e-04 9.008438030791e-04 -3.329493639213e-04
-5.017433929599e-05 -1.562624888928e-04 7.916640205200e-06
-3.765424030950e-05 -8.167855632450e-05 1.543090683061e-04
-3.426063698030e-05 8.779970545250e-06 -2.970458002192e-05
1.229786630388e-05 -4.100153250436e-05 1.885714281083e-05
1.545348024548e-05 -3.057369844058e-04 -1.106900149527e-04
2.724250730642e-04 -8.068368241379e-04 -8.661569359635e-05
-4.038413048499e-04 -4.640909233096e-04 -1.374740734491e-04
3.411580900907e-05 1.351050125171e-04 2.699115889248e-05
-4.053209904876e-04 2.039803505033e-04 -6.393010558093e-05
8.332028857324e-07 2.783566402073e-06 8.633241893141e-07
-8.170639651691e-06 8.155670129337e-07 1.306685046564e-05
-5.527976507565e-01 -5.505520420691e-01 1.793379927213e-01
3.343516072649e-01 -9.872508826072e-02 1.462701900628e-01
3.060519799184e-02 4.022715566687e-02 -4.211384094719e-01
-3.740254853487e-05 2.022103088448e-04 6.854950161888e-05
1.077011579701e-04 8.680997028531e-05 -5.124739251711e-05
3.964802919572e-07 -1.047299753169e-06 -1.080951914404e-06
Mode 53
2.387497483502e-01 7.006214435350e-02 -1.519050051546e-01
-8.154693305784e-04 6.248927214830e-03 -1.400627184742e-05
6.432316527754e-04 -4.982805597482e-04 6.425141779689e-04
5.123503981922e-04 -1.628802130215e-04 -5.564438616975e-05
1.432975975903e-04 -2.291685411765e-05 1.414313045110e-05
2.357712690692e-04 -2.189682044742e-05 4.013631197038e-05
-2.142465509003e-04 5.949848814086e-06 1.050572129603e-04
3.968587358883e-05 1.779178412290e-05 -3.807050297416e-04
2.058165852137e-04 1.551505437621e-04 6.031229612244e-04
-5.327991622609e-04 6.234539713549e-04 -1.479583062077e-03
2.302246796681e-04 4.569036382780e-04 8.105221858173e-04
7.044562047856e-05 -1.739004495227e-05 1.929179794722e-04
4.516362285849e-04 -1.194145834164e-04 3.038103579037e-04
-2.499752636737e-06 -1.983652376502e-06 -5.040495960795e-06
-1.186225076240e-05 -2.077138717464e-06 -1.912486450855e-05
-3.647656324210e-01 -3.752610370387e-01 1.152906756801e-01
-4.344888211044e-01 1.523963458088e-01 -2.044698380164e-01
-2.716367828428e-02 -4.197320003353e-02 6.094975641400e-01
-1.299163249526e-03 3.189080703537e-05 -3.849489171806e-04
-4.117392970030e-04 5.863980393944e-05 2.005344181249e-04
1.947178255484e-06 2.568213298981e-07 -6.467891059600e-07
Mode 54
-1.727903835652e-01 7.219619846208e-02 -2.514785275791e-01
-1.154830420399e-03 5.230574250284e-04 -4.546052220593e-03
9.504842141429e-04 -1.716269076054e-03 1.886459750721e-03
8.003929438901e-05 6.385521656347e-04 7.081236093301e-04
3.486606426895e-04 -1.693477970614e-04 6.437336491673e-04
-5.968891503192e-04 2.842774914093e-05 4.518801893058e-05
2.237768592754e-04 2.057153188415e-06 3.543291256979e-05
-1.934325547146e-05 -1.698221263933e-05 2.655727709360e-04
1.170525897045e-04 -2.014839531837e-04 -1.974160918364e-04
8.038209255772e-04 -5.106090108623e-04 4.913159131212e-04
-4.320797761302e-04 -9.101214601259e-04 -2.318799242757e-04
-7.970666088175e-05 5.450999804044e-05 -4.735970587649e-05
-6.798514730850e-04 6.947918377268e-05 -2.596467965725e-04
-6.016530901241e-06 5.125386119772e-06 -2.282250375039e-06
-5.326598647849e-07 -1.396666228904e-06 -2.659871520076e-06
3.695330629668e-03 1.470892444369e-02 -1.455871901924e-02
6.374789329822e-01 -2.087895056161e-01 2.814320717789e-01
-4.273537748346e-02 -4.575754375921e-02 6.067198624390e-01
-1.684450474130e-03 2.026954591941e-05 -9.713800699376e-04
1.608628629416e-03 -1.155618342761e-04 -1.174967208765e-03
8.692660898182e-07 -9.054502364188e-08 -7.106880354111e-07
Mode 55
-1.721567975172e-04 3.767888487868e-04 -6.527168898107e-04
-1.867720772512e-03 8.222523778611e-04 -1.313253901912e-03
1.282529606483e-03 -8.567696374698e-04 2.771789586627e-04
3.976242480384e-03 -4.780364773351e-04 -3.932783712815e-03
-1.864390775758e-01 -5.454125131047e-03 -7.810273463182e-02
1.661663492384e-01 -1.836923363938e-02 -1.106661854409e-01
-4.915155129499e-03 -1.632068015712e-04 -3.919141850283e-03
-3.576558296500e-04 7.043658176293e-05 5.802707606675e-04
8.513970412225e-04 2.242965237945e-04 1.162386279059e-03
3.462859248217e-04 5.404029156980e-05 -2.867804490481e-04
-3.073050966472e-05 4.687388531068e-06 6.405321628345e-05
-8.286210638319e-05 -2.939127338163e-05 3.138815729092e-06
-1.032764297987e-04 3.678131263506e-05 4.710113092981e-05
5.552010473477e-06 1.605451751328e-05 3.398263629785e-05
-1.007059193361e-04 -7.830624589666e-05 7.255884303345e-05
-3.682920348867e-04 5.122321048188e-05 3.218110228423e-04
1.655149916835e-03 -6.393891726711e-04 6.343417551425e-04
-7.325248892639e-05 -5.763354108051e-05 2.118060572711e-03
6.186087709142e-01 1.957243040476e-02 2.837023540145e-01
-5.462616400604e-01 6.342805134292e-02 3.909629777020e-01
7.877320012765e-06 2.462668969386e-05 6.822981178646e-06
Mode 56
5.206266545071e-04 1.319545262688e-04 8.107689954048e-05
-2.073697033736e-03 9.838248345914e-04 -1.485819917368e-03
1.279081874463e-03 -9.022096129174e-04 4.196909886004e-04
6.586998074868e-03 -5.968648957884e-04 -5.158787562891e-03
-1.858167718901e-01 -7.685413487271e-03 -9.642302963626e-02
-1.653065504519e-01 2.077874039606e-02 1.305273322081e-01
7.648053694907e-03 1.666697841945e-04 4.992991529551e-03
1.077136301931e-03 -3.024938011719e-05 -2.961194942587e-04
1.396932298807e-03 1.378433156455e-04 -2.094989275423e-05
4.834054659827e-05 -1.136326307341e-05 1.786185359938e-05
-3.234727623777e-05 5.940116285330e-06 5.829450323128e-06
-2.198074109667e-05 -1.800829674327e-05 -1.159003433337e-05
-2.313236394761e-05 2.564181871993e-05 -4.502984008884e-06
3.394982683946e-05 -1.146811117025e-05 -1.745849904765e-05
-3.398628522348e-05 5.594319598811e-05 -1.886421710718e-04
-5.226340260767e-04 -1.430236364297e-04 4.049433025701e-04
-5.408806511762e-04 8.725642604024e-05 -3.347242607507e-04
-2.781090636683e-05 1.969757200110e-04 8.791324916625e-04
6.087881826895e-01 1.992403417829e-02 2.837849391124e-01
5.464453821456e-01 -6.421802432552e-02 -3.960690451873e-01
2.857904136329e-06 -2.691531448693e-05 -1.886134255511e-05
--
Dipole derivatives 
Mode 0
-2.144347743111e-02 -1.430734657506e-02 1.792914937075e-02
Mode 1
-7.094396369718e-03 1.467047806181e-03 2.143193150121e-02
Mode 2
-2.406351330727e-03 3.589750809311e-02 -6.358176410698e-03
Mode 3
-5.456572457758e-03 1.111936288981e-02 -2.713640549875e-02
Mode 4
1.716541500998e-03 1.886738767356e-02 2.834854399483e-02
Mode 5
2.418242681672e-02 -1.761277192672e-02 3.715021465920e-02
Mode 6
-5.927980828832e-03 5.827317516040e-04 6.681930072304e-03
Mode 7
1.667544908959e-03 4.092766913739e-03 2.161984378965e-02
Mode 8
-1.398827028985e-02 1.519840480897e-02 2.259519231924e-02
Mode 9
2.616634398235e-02 2.038087499491e-02 -6.017557002711e-04
Mode 10
-2.752155880047e-03 -3.976029558099e-02 1.638981429112e-02
Mode 11
-1.154720744787e-02 5.019443585185e-04 7.686247625075e-03
Mode 12
3.053964385205e-04 7.611290345539e-02 -1.102193480704e-02
Mode 13
1.858806344333e-02 7.110966289146e-03 2.561826307221e-02
Mode 14
-2.622469100616e-02 2.021660101312e-02 3.628141664824e-02
Mode 15
-6.552867936900e-03 -6.081624581790e-02 -2.551021953544e-02
Mode 16
7.797136691050e-03 2.035697033850e-03 3.045600008838e-02
Mode 17
3.226071161004e-02 2.100805683072e-02 -5.927473756694e-02
Mode 18
-2.079815197573e-02 -2.256781743567e-02 1.408472517093e-02
Mode 19
-5.897800869450e-03 -3.958148559407e-03 -3.229866818256e-02
Mode 20
-6.402443600073e-03 7.800430570808e-02 6.072172053558e-03
Mode 21
4.129751281324e-02 4.564511358720e-02 3.506326649650e-02
Mode 22
1.488817899864e-03 -1.975425957769e-02 9.148573926115e-03
Mode 23
2.500995922302e-02 -8.397700933704e-02 1.442846390086e-02
Mode 24
-3.077894711673e-02 1.813870525698e-02 -1.660773131387e-02
Mode 25
6.761416396495e-04 -6.787112951181e-02 1.219854443501e-02
Mode 26
-6.093983060435e-03 9.137518053382e-02 3.777187884512e-02
Mode 27
4.634341639193e-02 7.132100174455e-02 9.461897285987e-02
Mode 28
4.230128896150e-03 -2.029053626375e-03 -2.675014724307e-02
Mode 29
-5.533651586857e-02 -2.430716281789e-03 1.055259681641e-01
Mode 30
2.554848632083e-02 1.517760117444e-02 8.062670845168e-02
Mode 31
-1.170607061767e-01 7.366395528298e-02 -1.769690118533e-03
Mode 32
-4.237833748786e-02 1.133319275739e-01 2.120476230866e-02
Mode 33
6.265260537878e-03 4.910783390700e-02 2.231660798360e-02
Mode 34
-3.468371301392e-02 5.398627869285e-02 -3.909749245684e-02
Mode 35
-5.639709562446e-02 -8.396342685165e-03 -6.825239904821e-02
Mode 36
-8.294360332467e-02 1.835265053010e-01 1.906075937036e-01
Mode 37
9.046191997888e-02 1.488562544039e-02 -2.754556762604e-03
Mode 38
1.094192232149e-01 -6.647612848819e-02 -1.301571732759e-01
Mode 39
4.318354697759e-01 2.928351314699e-03 9.557354883343e-02
Mode 40
2.924930336930e-02 -4.805790907322e-01 -5.505000720585e-02
Mode 41
6.759122299528e-02 4.279687576430e-01 -1.608584110596e-01
Mode 42
-4.742900341482e-02 2.347640959398e-01 4.239152831191e-01
Mode 43
-5.859056900242e-03 -1.226585904810e-01 -2.497557368995e-01
Mode 44
-5.877959123227e-02 2.167582745527e-01 3.519385364330e-02
Mode 45
-9.447484176155e-02 -7.680322596360e-02 -2.903095132270e-02
Mode 46
8.576028133930e-02 -3.667734808513e-03 3.245759828599e-02
Mode 47
9.094377534286e-03 2.269543900727e-02 6.166250969624e-02
Mode 48
-7.946466733554e-02 4.844358086400e-02 1.384446540413e-01
Mode 49
9.773174104451e-02 6.149987206743e-02 -1.250906657320e-01
Mode 50
2.341437217455e-02 3.387039002400e-02 -6.687516550907e-03
Mode 51
4.032753104601e-01 2.417356124836e-01 2.965106610415e-02
Mode 52
-1.087398737262e-02 1.998049405600e-02 -2.259849399980e-02
Mode 53
1.644231191527e-02 -1.891286816829e-02 -4.707264287739e-02
Mode 54
-3.677085973232e-02 -4.160249039889e-02 -7.838132116957e-03
Mode 55
4.953251482614e-03 -1.026895118650e-03 5.204223902051e-03
Mode 56
-2.065254334595e-03 -9.158827771666e-03 1.297590454581e-02
--
Polarizability derivatives 
Mode 0
-8.974133663693e-01 2.757297939659e-01 -1.170427162049e-02
2.757297939659e-01 7.564200369977e-01 -5.885474630537e-02
-1.170427162049e-02 -5.885474630537e-02 1.437045766290e-01
Mode 1
1.035611226643e-01 -8.073288905042e-02 1.376461058883e-01
-8.073288905042e-02 -6.658597848409e-01 -3.595928310731e-01
1.376461058883e-01 -3.595928310731e-01 1.313194580756e-01
Mode 2
-6.967767980881e-02 1.993182083162e-02 5.393428242704e-01
1.993182083162e-02 -1.660241022347e+00 -5.839259630925e-01
5.393428242704e-01 -5.839259630925e-01 2.797269698517e-01
Mode 3
4.016112275671e-01 -9.683951922137e-02 3.260431067698e-02
-9.683951922137e-02 -3.924725663572e-01 -1.415360883713e-01
3.260431067698e-02 -1.415360883713e-01 -2.419989302752e-01
Mode 4
-5.263504475400e-01 -7.922854286292e-02 -1.910792063370e-01
-7.922854286292e-02 1.608367781631e+00 2.124358117596e-01
-1.910792063370e-01 2.124358117596e-01 3.581813124288e-01
Mode 5
5.432140363419e-01 8.477936277676e-01 -5.889584499247e-01
8.477936277676e-01 -2.634814166528e-01 5.814446460075e-01
-5.889584499247e-01 5.814446460075e-01 -2.293634640228e-01
Mode 6
3.279383556985e-01 2.269263756220e-01 -3.398209487668e-01
2.269263756220e-01 1.123581448828e+00 1.666898045529e-01
-3.398209487668e-01 1.666898045529e-01 -5.228429146017e-01
Mode 7
-2.312139347852e-01 -2.692401124086e-02 2.939557826420e-02
-2.692401124086e-02 -6.090144123026e-01 -2.019655617747e-01
2.939557826420e-02 -2.019655617747e-01 2.834698229122e-01
Mode 8
-2.701198421411e-02 1.915854522922e-01 -8.344919156201e-01
1.915854522922e-01 -9.023494940325e-01 -1.819640289143e-01
-8.344919156201e-01 -1.819640289143e-01 3.960989875276e-01
Mode 9
7.091749627913e-01 -4.307763199371e-01 -4.505593749686e-01
-4.307763199371e-01 1.086762509843e+00 7.378341618981e-01
-4.505593749686e-01 7.378341618981e-01 -7.468202840505e-01
Mode 10
2.766753136487e-01 8.974918552822e-02 -9.217568771369e-02
8.974918552822e-02 -7.183638463201e-01 3.213993206464e-01
-9.217568771369e-02 3.213993206464e-01 3.950014486711e-04
Mode 11
-5.937644640932e-01 -9.087084927369e-01 1.926666005643e-02
-9.087084927369e-01 -1.891921342597e+00 4.927661036426e-01
1.926666005643e-02 4.927661036426e-01 2.946233798449e-01
Mode 12
-5.761957967567e-01 -4.416831934083e-01 -2.594088832655e-01
-4.416831934083e-01 -3.564776584541e-01 -1.098566415341e-01
-2.594088832655e-01 -1.098566415341e-01 -9.362901442997e-01
Mode 13
5.779731428760e-01 8.989715353936e-02 3.583533662104e-01
8.989715353936e-02 9.064494981032e-01 -5.128490728365e-03
3.583533662104e-01 -5.128490728365e-03 6.376816011571e-01
Mode 14
-1.374715458354e-01 -6.740522926057e-01 -3.422641607683e-01
-6.740522926057e-01 3.322699904443e+00 -3.900086635018e-01
-3.422641607683e-01 -3.900086635018e-01 -9.064418129909e-01
Mode 15
-6.496354654366e-01 1.181963857355e+00 -2.702279698798e-02
1.181963857355e+00 -3.211749387885e+00 -2.532439655726e-01
-2.702279698798e-02 -2.532439655726e-01 -9.453940504320e-01
Mode 16
-3.435567094398e-01 -3.434007656397e-01 6.728331270811e-02
-3.434007656397e-01 -1.425930475155e+00 1.806243823624e-01
6.728331270811e-02 1.806243823624e-01 -1.415418054723e+00
Mode 17
6.170850633442e-01 4.420580547630e-01 -6.030184501812e-01
4.420580547630e-01 2.192834457286e+00 -3.730086868051e-01
-6.030184501812e-01 -3.730086868051e-01 1.015766357687e+00
Mode 18
-4.278840716669e-01 -5.897683084364e-01 4.507746050121e-01
-5.897683084364e-01 4.802182085644e-01 3.473476132900e-01
4.507746050121e-01 3.473476132900e-01 -6.965268040408e-01
Mode 19
9.373469300526e-03 -4.788063616097e-01 1.236260813409e-01
-4.788063616097e-01 2.540011210452e+00 6.853030025642e-01
1.236260813409e-01 6.853030025642e-01 2.463772160545e-01
Mode 20
6.823618447424e-01 4.119346434389e-01 2.444458159764e-01
4.119346434389e-01 -2.648632133325e+00 -3.186908557129e-02
2.444458159764e-01 -3.186908557129e-02 -2.353620353335e-01
Mode 21
-1.257843516915e-01 -4.147521439382e-02 -1.149469719149e-01
-4.147521439382e-02 -1.064606192287e+00 -4.407503246985e-01
-1.149469719149e-01 -4.407503246985e-01 -1.867199446636e-01
Mode 22
-2.686661813244e-01 7.490076418509e-01 -1.878131863286e-01
7.490076418509e-01 -2.139160706550e+00 -4.310581984664e-01
-1.878131863286e-01 -4.310581984664e-01 1.947045417366e-01
Mode 23
-4.494348669774e-01 -8.865136323730e-02 -5.505835547314e-01
-8.865136323730e-02 1.529715721756e+00 6.316253805652e-01
-5.505835547314e-01 6.316253805652e-01 -1.144290969632e-01
Mode 24
-1.801140941532e-01 -4.998272215720e-02 1.621424641100e-01
-4.998272215720e-02 1.045106039373e+00 1.756518798193e-01
1.621424641100e-01 1.756518798193e-01 2.692811994079e-01
Mode 25
-3.160746791822e-01 5.868586240117e-01 9.566089684001e-01
5.868586240117e-01 -2.547242454476e+00 -3.767892724232e-01
9.566089684001e-01 -3.767892724232e-01 -9.651679314148e-01
Mode 26
4.445542483721e-01 -1.487185440866e+00 -3.896116020543e-01
-1.487185440866e+00 4.367712132548e+00 1.598424323235e+00
-3.896116020543e-01 1.598424323235e+00 4.079827652469e-01
Mode 27
6.105911671098e-01 1.823960767196e-02 -3.549514755817e-01
1.823960767196e-02 -2.878447759575e-01 3.153061084369e-01
-3.549514755817e-01 3.153061084369e-01 1.117466561375e+00
Mode 28
-7.463397298362e-02 1.217380762947e-01 9.447949789680e-02
1.217380762947e-01 -1.827648508965e-01 6.403216708804e-01
9.447949789680e-02 6.403216708804e-01 8.860478845100e-02
Mode 29
9.867893983748e-01 8.321077932138e-03 -1.162197530253e-01
8.321077932138e-03 2.576465456013e+00 -3.485166192356e-01
-1.162197530253e-01 -3.485166192356e-01 8.348384748086e-01
Mode 30
6.295715689616e-02 2.363462133055e-01 1.440024955358e-01
2.363462133055e-01 -4.703252672989e+00 -8.319180188054e-01
1.440024955358e-01 -8.319180188054e-01 5.282398799520e-02
Mode 31
-8.849674902748e-01 7.561308312785e-02 5.555253379464e-01
7.561308312785e-02 -2.385997947799e-01 -7.696638164730e-01
5.555253379464e-01 -7.696638164730e-01 2.557051218148e-01
Mode 32
-1.111600160483e+00 4.236806396379e-01 2.541777920125e-01
4.236806396379e-01 -7.849436533665e-01 -1.315368236959e-01
2.541777920125e-01 -1.315368236959e-01 9.715115035317e-02
Mode 33
-4.497712508628e-01 1.132268613828e-01 1.339546332233e-01
1.132268613828e-01 -4.139690659821e-01 -5.968728492831e-02
1.339546332233e-01 -5.968728492831e-02 2.784772629158e-01
Mode 34
4.437959195670e-01 -1.298970336120e-02 5.232573749477e-02
-1.298970336120e-02 -8.336253987647e-02 2.192000289429e-01
5.232573749477e-02 2.192000289429e-01 -2.946804277141e-01
Mode 35
7.819193725301e-03 1.659241139063e-01 4.826543032343e-01
1.659241139063e-01 -1.484520620827e+00 -1.077361941472e-02
4.826543032343e-01 -1.077361941472e-02 6.998580064528e-01
Mode 36
1.490817436934e+00 1.222374040006e-01 -1.324495227892e+00
1.222374040006e-01 1.580534396071e+01 2.934468076584e+00
-1.324495227892e+00 2.934468076584e+00 2.378906255768e+00
Mode 37
5.510849646009e-01 -1.240866711335e+00 -1.131541778690e+00
-1.240866711335e+00 9.921551610433e+00 2.093904042376e+00
-1.131541778690e+00 2.093904042376e+00 1.450671495009e+00
Mode 38
4.089163240937e-01 -2.607994432842e-01 -2.763182695137e-01
-2.607994432842e-01 3.926272155286e+00 1.170595968978e+00
-2.763182695137e-01 1.170595968978e+00 3.436564686718e-01
Mode 39
5.398387935188e-01 -3.560022247490e-01 -6.254005363834e-01
-3.560022247490e-01 -3.852630803309e+00 -4.395314460626e-01
-6.254005363834e-01 -4.395314460626e-01 -4.427767713300e-02
Mode 40
1.232154701693e-01 4.620394753732e-01 -5.696805191482e-02
4.620394753732e-01 8.268828054916e+00 1.640248765910e+00
-5.696805191482e-02 1.640248765910e+00 5.374516845754e-01
Mode 41
1.093740675359e-01 -4.226098523199e-01 -5.955818926560e-01
-4.226098523199e-01 5.499001876854e-01 -2.700209768618e-01
-5.955818926560e-01 -2.700209768618e-01 3.740841688823e-01
Mode 42
-1.417487478090e+00 8.781900242542e-01 1.941886244541e+00
8.781900242542e-01 -1.266137052137e+00 -1.914320058118e+00
1.941886244541e+00 -1.914320058118e+00 -3.671540632959e+00
Mode 43
1.498538872213e-01 2.208908845665e+00 8.827556111167e-01
2.208908845665e+00 1.087839535759e+01 9.595781339353e-01
8.827556111167e-01 9.595781339353e-01 9.360332095500e-02
Mode 44
2.778097563525e-01 -8.414321137863e-01 2.643752836431e-02
-8.414321137863e-01 2.161017555800e+00 -5.180210318715e-01
2.643752836431e-02 -5.180210318715e-01 -1.333980996443e+00
Mode 45
3.784640862642e-01 -2.070422836335e+00 -1.178341548782e+00
-2.070422836335e+00 -2.681997311793e+00 4.966961057481e-02
-1.178341548782e+00 4.966961057481e-02 2.310470699630e-01
Mode 46
-2.461438001819e+00 1.204282291113e-01 -1.036209612188e+00
1.204282291113e-01 5.003978245018e+00 3.008867898193e-01
-1.036209612188e+00 3.008867898193e-01 2.555604444924e-01
Mode 47
-4.375218499343e-01 2.087942586183e-01 -6.641212666174e-01
2.087942586183e-01 -5.208086951136e+00 6.304583883646e-01
-6.641212666174e-01 6.304583883646e-01 1.904782744397e+00
Mode 48
4.783955801695e-01 -2.125074406389e+00 -6.214857043805e-01
-2.125074406389e+00 5.029904086848e+00 2.072513459429e+00
-6.214857043805e-01 2.072513459429e+00 3.992340744068e-01
Mode 49
-8.570814631323e-01 -4.613976220218e-01 2.906555624134e-01
-4.613976220218e-01 1.726790722464e+00 9.659210471117e-01
2.906555624134e-01 9.659210471117e-01 1.066433175981e+00
Mode 50
3.230702292479e-02 1.970619450533e-01 -8.704006164483e-01
1.970619450533e-01 -2.228611546877e+01 -7.547142749984e+00
-8.704006164483e-01 -7.547142749984e+00 6.736174359817e-02
Mode 51
-2.551434226821e+00 -3.089237297188e+00 -5.599792732499e-01
-3.089237297188e+00 -3.574968182944e+00 -8.763945406455e-01
-5.599792732499e-01 -8.763945406455e-01 -3.640937154157e-01
Mode 52
-3.676820655223e+00 1.419966115067e+00 -1.513458261656e+00
1.419966115067e+00 -1.010996333851e+01 6.610557483174e-01
-1.513458261656e+00 6.610557483174e-01 -5.529225505702e+00
Mode 53
1.565563160207e+00 3.398880890083e+00 -1.479112453381e+00
3.398880890083e+00 5.907464633047e+00 6.261681175923e+00
-1.479112453381e+00 6.261681175923e+00 8.856324736950e-01
Mode 54
-2.523619828650e+00 5.151212948206e-01 2.313163359271e+00
5.151212948206e-01 6.441884368054e+00 4.537466464620e+00
2.313163359271e+00 4.537466464620e+00 1.594073768426e+00
Mode 55
1.087051311994e+00 2.472152191879e+00 7.760495707869e-02
2.472152191879e+00 4.599980329938e+00 -2.428709541694e+00
7.760495707869e-02 -2.428709541694e+00 -3.613782671755e+00
Mode 56
3.044180167377e+00 2.937694027108e+00 -3.973282808370e+00
2.937694027108e+00 4.035694060087e+00 -2.680170687156e+00
-3.973282808370e+00 -2.680170687156e+00 8.391462329376e+00
--
