Number of atoms 
20
--
Anisotropy 
120.077
--
Frequencies 
22.906467886218
29.702824529923
47.556052567481
53.798812046106
70.938205720918
88.499996790568
144.156033371012
185.841503965952
197.656538419887
235.301455478842
285.688921437003
291.750011920061
302.250805838736
330.384658514359
343.962168097115
351.651442892777
399.120626260272
433.732230998740
487.003061308592
522.177050150377
532.930853234310
552.562854996381
587.242272340069
608.370416208835
615.730488198223
655.487464316720
699.628974281382
738.229339714474
765.601493733839
811.774823537114
863.038080232753
869.943573285978
930.026735797255
1006.251299978058
1086.370713775137
1124.588841984164
1146.894957929899
1181.488908138611
1192.668718874489
1235.211267937036
1267.709673912295
1314.984545981466
1332.965196585506
1378.796939782759
1459.765640921487
1495.326185335806
1584.211876259163
1614.762578417259
1648.491835885424
1823.335360785226
3194.158891994094
3216.814914603703
3577.620877970388
3714.252270156970
--
Displacements 
Mode 0
-1.705601372047e-02 1.811549043544e-01 -1.142469599057e-01
-6.345923939394e-02 6.992752215246e-02 -5.526478009843e-02
-1.900275559884e-01 1.263785204584e-02 -2.010838652322e-02
1.611660578003e-02 4.865830079070e-02 -5.290544075656e-02
4.837435515187e-02 1.283034201380e-01 -1.013443473486e-01
1.119800087260e-01 9.716718757095e-02 -9.777234099247e-02
1.452026977102e-01 1.272763896931e-02 -4.212029157992e-02
1.107744962604e-01 -4.924615158857e-02 6.988440333648e-03
4.949487955171e-02 -5.230863707641e-02 1.253859941962e-03
2.612010048351e-02 -1.863699886926e-01 5.727112621955e-02
1.379001978815e-01 -1.259014770515e-01 5.253276695509e-02
2.175970250475e-01 -2.508175375684e-01 -7.519370248179e-02
1.304328690880e-01 -5.791717064906e-02 1.251231358169e-01
1.994488105989e-01 -2.784894169797e-01 2.032370736186e-01
4.222218737725e-01 1.504029031024e-02 -7.053178065836e-02
-1.877384959666e-02 5.411561542787e-02 -3.152922378592e-02
2.263097124660e-02 5.793466351788e-02 -3.868255718103e-02
6.646129661742e-03 5.935287114380e-02 -4.077173409076e-02
4.020548280589e-02 4.023503302461e-02 -3.968357675696e-02
-4.305126953657e-01 1.352331873135e-01 5.021572763399e-02
Mode 1
-1.446878640438e-01 1.346469361138e-01 -2.176350214492e-01
-2.301108743615e-02 1.753233727197e-01 -8.938796487398e-02
7.336839009297e-02 3.914242434752e-01 2.560717654009e-02
-1.175628121509e-02 1.382263122968e-02 -1.049751265528e-01
-6.099361784635e-04 -1.399630577578e-01 -1.211320474517e-01
1.044713245477e-02 -2.101264325810e-01 -1.231206842314e-01
1.163276671490e-02 -1.462856101331e-01 -1.116915241576e-01
3.616605492423e-03 -6.642194464095e-02 -1.015050702681e-01
-9.305237917122e-03 4.500802841128e-02 -9.681501210394e-02
-2.511461070586e-02 2.549309580446e-01 -1.146077751425e-01
1.021070158968e-02 -5.677788410999e-02 -8.710043452241e-02
8.648070805338e-02 1.416590627162e-02 4.996115792823e-02
2.783136029484e-03 -2.618195435995e-01 -1.119278987407e-01
-3.813591142479e-02 4.013146919121e-02 -2.451133139735e-01
3.060613502817e-02 -9.274830231873e-02 -1.838023510080e-01
-4.125391558173e-02 6.878625043578e-02 -5.711868910639e-02
-6.134625966060e-02 7.032790835651e-03 -8.660036411201e-02
-2.104681087803e-04 -5.196261250186e-02 -3.719887681498e-02
5.186179410484e-03 -8.308651926254e-02 -3.844660139789e-02
6.410405605557e-03 -2.543095150637e-02 4.777211719682e-01
Mode 2
-2.833812078279e-01 -3.537935531448e-01 -1.887847383516e-02
1.000042153549e-02 -1.456138932619e-02 7.037064274506e-03
2.801651469781e-01 2.473319506969e-01 4.495675774308e-02
1.548499754078e-04 3.098433016142e-03 9.570236987000e-03
-1.301537993847e-03 -4.882662661037e-02 8.987272259432e-03
-1.601756268107e-02 -2.225895917696e-02 1.006658264986e-02
-2.332375149632e-02 2.428284358698e-02 3.197342241503e-03
-2.008570275719e-02 6.135552855168e-02 -3.334234136888e-03
-4.410559263619e-03 6.000692382846e-02 -1.173015312860e-03
7.216564525757e-03 1.199926384384e-01 -2.900673083545e-02
-2.739704228254e-02 -4.733865600356e-02 -3.302274582058e-02
-6.672976455965e-02 -2.852030974524e-01 -4.295297186924e-01
-1.975572982584e-02 2.629833436693e-01 -3.690765908431e-02
-2.976519738843e-02 -3.524186934814e-01 2.849362825651e-01
-5.275147817604e-02 3.250911740793e-02 5.616839264377e-03
-7.105091327080e-02 -1.011283818949e-01 -4.959677325916e-03
-1.289543340944e-01 -1.194232872936e-01 8.416686213738e-05
1.357621619932e-03 -3.350753018401e-02 2.583762203223e-03
-5.934870540191e-03 -1.485235306086e-02 4.908196707040e-03
8.580543083900e-02 1.051861314407e-01 5.482216970278e-02
Mode 3
2.825467618173e-01 3.448751257155e-01 -3.482052905923e-02
-9.358859942333e-03 1.330212145671e-02 -6.192690184437e-02
-2.537670309629e-01 -2.291562950111e-01 -1.122723224812e-01
-2.525931726657e-02 -1.678215565888e-02 -6.687707107960e-02
-3.210608492484e-02 -5.831509374763e-02 -5.236544475447e-02
-3.686741344425e-02 -9.473823724508e-02 -5.594318479347e-02
-4.150679315867e-02 -5.588733024989e-02 -5.866685471384e-02
-3.644499089802e-02 1.694384225514e-02 -6.562321969103e-02
-3.136181163451e-02 1.646637317022e-03 -6.830483816212e-02
-4.580310655702e-02 1.313090008486e-02 -7.006717834989e-02
-4.468192486007e-02 7.445005187216e-02 -7.393385791995e-02
-2.169919375201e-01 -3.073155896682e-02 -3.419033307746e-01
-5.241732348582e-02 4.492274090099e-01 -7.180274824071e-02
9.541947214843e-02 -6.793895101206e-02 1.202418335613e-01
-7.530694278728e-02 -8.000196619021e-02 -9.370260315170e-02
7.329210362879e-02 1.013053387510e-01 -9.143738171295e-03
1.192510279687e-01 1.103430943629e-01 -1.723772524928e-02
-7.811878867411e-03 -1.514400067136e-02 -1.144365134758e-02
-1.078536296126e-02 -3.896966750688e-02 -1.592422064806e-02
1.467178297161e-01 -8.917476797652e-02 3.200905373009e-01
Mode 4
1.565845191900e-01 -7.426442701601e-02 1.386436543352e-01
1.205208381657e-02 -1.000226952812e-01 -3.001847631627e-02
-7.979358616906e-02 -3.535207806049e-01 -2.316941098743e-01
-1.892127833965e-02 8.723240956051e-02 -1.238902310613e-02
-1.091512945069e-02 -4.410701673551e-02 -1.820822650042e-02
3.318040679238e-03 -3.826329187704e-02 -1.957830304219e-02
6.085952991900e-03 1.680204735225e-02 -6.501778782382e-03
-1.599958816163e-03 1.166517155881e-01 6.729302240812e-03
-2.378521853608e-02 2.567190650907e-01 7.636140717115e-03
-6.998851936722e-02 6.764719372025e-01 5.579371866069e-02
1.469729021543e-02 -5.028211478716e-02 2.240586735568e-02
2.395447517907e-01 -1.214261282871e-01 -1.890520581618e-02
-1.265199494310e-02 -2.254461442114e-01 5.554702630777e-02
-1.416085605413e-01 -1.370072553506e-01 7.666762639324e-02
4.692927229510e-02 1.298192891101e-03 -1.069508946849e-02
3.896643736283e-02 -6.792307607938e-02 3.478620364470e-02
4.622374760907e-02 1.633649226203e-03 6.892134061752e-02
-2.089744242672e-03 -4.284198656675e-02 -7.788203067147e-03
3.480954766922e-03 -2.929230974547e-02 -9.079345984133e-03
-4.415675985374e-02 9.701683881323e-03 -1.304066278977e-02
Mode 5
-1.516907623976e-01 -2.366724635836e-01 4.638384640322e-02
-3.829230410052e-02 4.567636688291e-03 -8.854039152977e-02
1.454982518774e-02 -6.852500660250e-02 -2.598251436048e-01
-1.281311632219e-02 2.510843539510e-01 -5.563965427949e-02
-1.680913998055e-02 4.643273898409e-01 -5.300724313287e-02
-6.842020042090e-03 3.938818788583e-01 -5.246123826971e-02
9.287155833974e-03 1.340215702935e-01 -5.022351616926e-02
9.222732183279e-03 6.976720811953e-02 -5.504023497854e-02
1.140707721156e-03 1.006908336428e-01 -5.460848985879e-02
1.462110273303e-02 -6.209538444380e-02 -8.367281808409e-02
1.108237005690e-02 5.771357646846e-02 -5.925521088211e-02
9.068135058474e-03 1.024561180097e-01 -3.510227708068e-02
1.814199906110e-02 5.260940922171e-02 -8.276960854309e-02
1.925789640796e-02 1.111941157327e-01 -1.130405761509e-01
5.721688450817e-02 -1.103480951167e-01 -7.719467967977e-02
-4.172442472706e-02 -1.267110119529e-01 9.504459415454e-03
-4.249806947050e-02 -3.250636972758e-02 6.434714953426e-02
-8.072544905076e-03 1.753076142475e-01 -1.533965925781e-02
-1.518778733569e-03 1.421215717798e-01 -1.617523055744e-02
1.185178063687e-02 -3.119655923835e-01 3.031552195411e-01
Mode 6
3.016249482358e-01 1.678915229598e-02 1.924952408828e-01
1.421999726270e-01 4.549781872202e-02 -6.399554168165e-02
4.695392523580e-01 1.685199662979e-01 -2.635802844684e-01
-1.529706089073e-01 -2.226198157978e-04 -8.003568075765e-02
-1.477986552421e-01 3.729218888831e-02 -8.750206677020e-02
-1.032260014565e-01 -2.256904391659e-03 -9.992084409127e-02
-8.276266866963e-02 -5.771830194574e-02 -8.408135950082e-02
-1.057712167120e-01 -8.384701600809e-02 -5.208830946691e-02
-1.546337992078e-01 -5.728045597791e-02 -7.002487698929e-02
-2.401231473832e-01 -9.014541434378e-02 -4.212660272208e-02
-3.923977553461e-02 -3.595723708114e-02 1.054745959123e-01
-9.340513253766e-03 -2.064735432369e-02 1.879168124721e-01
-1.948215678572e-01 6.713204643863e-03 3.097906129117e-01
1.708356027767e-01 -2.353003675615e-02 1.564973188611e-01
6.139278340627e-02 -3.904229333041e-02 -1.443963138834e-01
1.640073797548e-01 1.591476045425e-02 5.869923933847e-02
7.426690553866e-03 -2.327650428849e-02 6.950257202460e-02
-4.814561161056e-02 2.754995925080e-02 -3.214593482786e-02
-2.604180742268e-02 6.820646929405e-03 -3.502719645564e-02
-1.984515935083e-03 3.906370240390e-02 -5.825007525551e-03
Mode 7
-2.860089950493e-02 7.108923726353e-03 -1.923896011313e-01
1.853590499789e-02 -2.574701202963e-02 -7.017589554590e-02
-3.522886667277e-02 -7.710575951473e-03 6.462592743042e-03
5.528434270240e-02 -4.735661727530e-02 -6.060405057599e-02
3.071240334282e-02 -4.356999969202e-02 -7.340571158139e-03
8.208092777930e-03 4.638994347574e-02 9.746964303341e-03
-1.563681168859e-02 1.150613236276e-01 -3.323026958372e-02
4.013901691872e-02 1.526462109226e-01 -8.676751422221e-02
3.533950466055e-02 2.620367599767e-02 -8.153539762358e-02
2.383451118249e-02 -8.842831638064e-02 -7.101917932690e-02
1.380230201350e-01 6.448467901176e-02 4.425651636140e-02
4.995292832376e-01 1.291416165840e-02 6.147812362873e-03
5.126026296924e-03 9.462612620379e-03 2.643351187315e-01
2.272525299603e-01 2.020588913302e-02 1.415326568743e-01
-6.556340458100e-01 5.976961351684e-02 -4.345046898936e-02
-2.649674240764e-02 2.083671042264e-02 -5.226696171718e-02
1.601311045711e-02 3.192427362121e-03 -6.986163231775e-02
1.401417078912e-02 -2.932600726519e-02 4.696256531921e-03
-3.635531421250e-04 1.234574713479e-02 7.246374487513e-03
-2.979001353200e-02 -8.115892815737e-02 3.944611181707e-02
Mode 8
1.031513760216e-01 5.953785034791e-02 -5.906439221287e-02
2.538749210379e-02 -4.944623547505e-02 -2.681551939170e-02
1.057220767191e-01 5.516575545098e-02 2.531629346852e-02
-5.476137541641e-02 -1.251717506091e-01 -3.824461504667e-02
-4.680661176533e-02 -1.717255605159e-01 -5.587355768655e-02
-3.272082572790e-02 5.477425294976e-03 -5.034534570823e-02
-2.243657051378e-02 2.582223456155e-01 6.227671763171e-03
-5.166893763659e-02 3.915626240211e-01 2.640901697423e-02
-5.333903429444e-02 5.938049913715e-02 1.748646580340e-04
-6.732128267931e-02 -2.731570279767e-01 9.570101737210e-03
-6.651506335539e-02 1.806276119875e-01 -8.016998897078e-03
3.094152256721e-01 1.050134544602e-01 -1.446762256270e-01
-7.146547782622e-02 -1.244269167103e-02 -4.960283841614e-02
-5.075281780992e-01 6.137446775239e-02 9.319849028633e-02
2.987031570757e-01 1.001807415412e-01 2.990509695954e-02
4.805097201243e-02 6.061702485734e-02 -1.228650445031e-02
3.326955009563e-03 -1.591560856991e-02 -4.661315216518e-02
-1.284839071567e-02 -1.019633271749e-01 -2.300610878696e-02
-3.383220414347e-03 -3.207372532537e-02 -2.305969365948e-02
-1.104118838311e-03 -1.640336708114e-01 6.857109482288e-02
Mode 9
-9.315545596231e-02 -1.702165030014e-02 3.106041350226e-01
-6.960121968693e-02 2.055025270256e-01 2.827201975874e-02
-9.253476400580e-02 4.280554649555e-03 -2.521827118440e-01
-1.392625241007e-02 4.083300187098e-01 4.979266764097e-02
1.635381137061e-02 2.768160775396e-03 1.619002904092e-02
5.141890571198e-02 -4.673580287728e-01 -8.097800778861e-03
3.442848049509e-02 -1.945048912408e-01 -3.065591179892e-03
2.949841413483e-02 9.251630858199e-02 2.534940889134e-02
1.378602992638e-02 1.562418672186e-01 3.258783828193e-02
6.602697712478e-02 -3.351258867914e-01 -1.649502392714e-03
3.800350832501e-02 4.700832769948e-02 8.448951186101e-03
1.462349496146e-01 2.834580080880e-02 -3.295816837113e-02
9.115284113030e-02 1.196970458448e-02 -3.961481498246e-02
-8.665745299529e-02 2.162550868646e-02 3.011933934143e-02
-9.505003716191e-02 -1.006641528304e-01 -2.771977278238e-02
-3.800825945584e-02 -1.245789390716e-01 7.685084604386e-02
-6.293520500193e-02 2.238418118222e-02 1.596212151758e-01
4.431071910977e-03 -1.062444165865e-02 2.484436384516e-03
2.007415354857e-02 -2.500914759866e-01 -7.972686883648e-03
2.978358273357e-03 9.284714688139e-02 -3.950635242704e-02
Mode 10
4.426730731293e-02 5.515747548794e-02 -4.960521926538e-02
-5.967903391118e-02 1.514764373822e-02 -1.438608860142e-01
1.205577731019e-01 8.194055776046e-02 -3.004394524017e-01
-1.487434749846e-01 -5.400863435796e-02 -9.778729833889e-02
-1.107109826375e-01 -6.827058177206e-02 -1.199663808139e-01
7.291732832086e-02 3.197550854426e-02 -7.861108102215e-02
1.452945393275e-01 5.574650123326e-02 8.981980532836e-02
1.487911541139e-01 -4.413370443927e-02 1.226899034368e-01
-4.668775036307e-02 -4.687668995782e-02 9.273159917203e-02
-2.646720278709e-01 -9.912990551835e-03 4.064403397890e-01
1.305697670858e-01 -2.662978288999e-02 2.267443385623e-02
-1.040821111192e-01 -1.640348430456e-02 1.055031280528e-02
4.422382238743e-01 1.430278564296e-02 -2.679232892304e-01
-1.851714650709e-02 -1.806617903967e-02 -2.966597234331e-02
-2.229983781594e-01 1.847493509102e-01 2.252583979309e-01
4.833115269155e-02 3.674448178736e-02 -9.701737234413e-03
-4.149845867063e-02 -2.007964938529e-02 -2.387149891617e-02
-4.263748797698e-02 -2.765721366357e-02 -5.794196489109e-02
5.086425886738e-02 2.891530632492e-02 -6.474202670760e-02
-6.982184277563e-03 -7.060370839685e-02 9.902667889064e-03
Mode 11
1.320095080021e-02 1.336008611355e-02 -2.787517158013e-01
6.554701144524e-02 1.907533631122e-03 -1.369540277476e-01
5.146103331445e-02 -3.971654817814e-02 -1.851388895005e-01
1.263548842177e-01 4.480037730753e-02 -5.151704136827e-02
1.367482673303e-01 4.913515072978e-02 -5.727219910877e-02
8.976545473278e-02 -8.050087847239e-03 -5.438980876543e-02
7.196304392791e-02 -2.688538552984e-02 -5.106458169255e-02
1.649783963754e-03 1.307031784082e-02 7.220345822609e-02
1.172655505203e-01 2.696706192768e-02 2.110372980047e-02
2.736152819081e-01 1.872496191370e-03 -1.260948938634e-01
-7.190244452313e-02 -2.020618722815e-03 2.168047336446e-01
-3.173758940071e-01 6.776888268241e-02 3.686191769319e-01
1.026525282544e-01 1.716970481970e-02 5.307095088858e-02
-3.925255826805e-01 -1.286973942252e-01 3.788661768326e-01
-1.244331822928e-01 -6.078795346967e-02 -1.455076477468e-01
-4.701203171702e-02 1.377141333659e-02 -7.874367731556e-02
3.018808313210e-02 7.201510577154e-04 -1.019380968324e-01
4.347186598506e-02 1.675082066786e-02 -9.544509995945e-03
2.103964873660e-02 -9.669393087438e-03 -8.003058449206e-03
-4.884789018345e-04 1.929493824319e-02 5.589869588540e-04
Mode 12
-6.302034141750e-02 5.203662438448e-03 -3.249618884138e-01
5.782751709765e-02 7.855538725123e-02 -2.091212303196e-01
3.777685837248e-02 -2.339455939506e-02 -3.661096324196e-01
8.861690596286e-02 1.426429792262e-01 -8.464626131471e-02
-1.849018396873e-02 -4.463153650951e-02 9.867339292615e-02
-1.289030324829e-01 -1.204952947704e-01 1.197768196456e-01
-1.157828071643e-01 1.974002588732e-02 1.741161586894e-01
-3.091180001064e-02 -2.086843410356e-02 -9.281431817901e-03
9.484435989688e-02 5.616212928629e-02 -2.727433965351e-02
1.130293952090e-01 -3.913446980920e-02 -2.919209604964e-02
-7.425443508063e-02 -3.791799330712e-02 -6.330747385024e-02
-5.915977480380e-02 -3.782031492644e-02 -4.013795891904e-02
-2.883015296381e-01 -5.450888528780e-02 1.352006914870e-01
1.511907645402e-01 6.173031066544e-03 -9.463797503180e-02
1.519363636459e-01 2.027159606611e-01 5.248690475511e-01
-5.449028370250e-02 1.655018657073e-03 -9.020333569787e-02
6.386057882813e-02 4.603837895559e-02 -8.459559260101e-02
2.046208345701e-02 -3.729502192442e-02 7.525638278942e-02
-3.444127685813e-02 -6.615881662222e-02 3.151377637784e-02
2.366588390781e-03 -5.155779965668e-02 -6.427479726410e-03
Mode 13
2.172282796477e-02 5.596574279495e-02 2.295993422855e-01
-7.738743583570e-02 5.900800281442e-02 6.656239603195e-02
-9.629784397162e-02 1.627105582319e-02 2.338752105096e-02
-4.747415988070e-02 4.797413584724e-02 2.566884627763e-02
-2.019112370237e-02 -1.633012667659e-01 -3.371182859090e-02
-2.269065544257e-02 -1.028713521721e-02 -3.723628529226e-02
-3.472855593864e-02 1.885864959760e-01 -4.332443418545e-02
-4.683392038674e-02 -1.072951098177e-02 -4.764055843396e-02
-6.680459153022e-02 2.694113746423e-02 -6.903184441570e-02
1.288216801512e-01 1.977345897039e-02 -4.100906743163e-01
3.559998367166e-02 -5.728104232224e-02 4.444691364811e-02
-1.303247493918e-01 -1.271069867665e-02 1.468022272184e-01
1.547187259110e-01 -3.636234971367e-02 -6.334083849615e-02
1.574044679477e-01 -7.742998167552e-02 7.550889532907e-02
4.791728072695e-02 6.405477766401e-01 -4.321897177683e-02
-5.092295124927e-02 -7.823212082086e-02 5.193440428258e-02
-1.626189464370e-01 -7.644605793002e-02 5.986615841759e-02
-8.196688350554e-03 -1.002392273323e-01 -2.198901651154e-02
-8.039252459939e-03 -1.060143292719e-02 -8.996485226806e-03
-8.451607473950e-03 -2.454618477594e-01 4.500677593680e-02
Mode 14
-2.833258633322e-01 -1.818943087875e-01 1.275085902221e-02
-2.246359781487e-02 3.031682397013e-03 -1.180360521184e-02
4.129429637291e-03 5.296631473622e-02 -7.338034013017e-03
-6.883773059199e-02 -6.588764607994e-02 -9.672685296500e-03
-1.061656554719e-01 -4.791441832258e-03 3.179589342402e-02
-7.876841705374e-02 -3.054552302220e-02 2.768651212822e-02
-6.115603989010e-02 -3.323590987278e-02 2.307801639390e-02
-3.188893763539e-02 -1.077533199803e-02 -2.113046736810e-02
-7.924211578597e-02 -5.653579744723e-02 -5.818546878109e-02
1.266262011203e-02 4.423628651866e-02 -2.499942074343e-01
5.263924844626e-02 1.582622215848e-02 3.279793446131e-02
8.446824179508e-02 3.693754882949e-02 7.779590125983e-02
2.150185249117e-01 3.892861222929e-02 -1.105358373225e-01
-1.121242820193e-02 -3.353488517534e-02 9.454828542776e-02
4.183673642794e-02 -3.016681604464e-03 9.719459677043e-02
3.438739719358e-01 2.084698645310e-01 5.444202962454e-02
5.530154839660e-01 4.023394803895e-01 1.840788293258e-01
-2.314894835578e-02 3.255028483379e-02 2.858814097821e-02
-1.919053642142e-02 -1.705919460286e-03 2.253733019724e-03
6.371995961359e-04 6.985361316297e-03 -4.885625942993e-03
Mode 15
1.136236457356e-01 1.083589664258e-01 -2.472205908353e-02
-5.065811059569e-02 -3.649545389896e-02 -2.109985463378e-02
-1.154224327180e-02 -1.419428475558e-02 -3.180925158227e-02
-1.099790118678e-01 -7.516819238258e-02 -1.217928773607e-02
-1.736542097989e-01 4.963884445458e-03 6.968243156537e-02
-1.705236080997e-01 5.522159874684e-02 8.075533014342e-02
-1.313717755854e-01 -4.188768539848e-02 8.849433089772e-02
-6.422266959562e-02 2.131991399454e-03 -2.615240013280e-02
-1.297512010021e-01 -3.426694662343e-02 -8.397831922188e-02
1.128880704023e-02 3.484157899960e-02 -4.093544337045e-01
8.200246783448e-02 2.307693292840e-02 3.266620388682e-02
1.575305132758e-01 5.428008743036e-02 9.702504383334e-02
3.127543735105e-01 4.574785961675e-02 -1.759757277515e-01
3.244113868187e-02 -3.818561517569e-02 1.150166229013e-01
6.916201416780e-02 -4.172164562919e-01 3.356935607253e-01
-1.361613032702e-01 -5.743119761866e-02 -2.657847357697e-02
-2.640665625746e-01 -1.880350124526e-01 -1.008284183022e-01
-4.786016355655e-02 9.267024972932e-04 2.639426929203e-02
-4.259432074188e-02 2.910768222700e-02 1.308645655944e-02
5.255281190554e-03 1.539099587493e-01 -2.901013272863e-02
Mode 16
4.183785266904e-02 9.941361588541e-03 -4.986722290323e-02
1.645694731272e-02 -2.620179455533e-02 -1.058580990315e-03
1.678599327959e-02 -2.130533665959e-02 2.215049152639e-02
-2.040700655535e-03 -8.189496358596e-02 2.864146381665e-04
-3.296202831417e-02 3.352996862405e-01 4.221412653003e-02
-2.325470046637e-02 -1.613588421512e-01 1.728266600928e-02
-9.113696078972e-03 -4.158998997208e-01 5.091967996711e-03
-1.232169355503e-04 -2.658160245037e-01 -1.202197643189e-02
-1.230361552847e-04 -3.009776618594e-01 -2.064649988968e-02
-3.090755360457e-02 1.331365043912e-01 -2.035342562642e-02
-6.546830979194e-04 7.124365958539e-02 7.251617709521e-04
3.229849340556e-01 4.215958821484e-02 -2.559827035914e-02
-3.150249088695e-03 2.337815719530e-01 1.489925648850e-02
-2.930004405212e-01 3.297084626657e-02 1.921178916790e-02
2.841263916645e-02 3.776023979895e-01 2.824825071029e-02
-6.562272003325e-02 -3.436260481508e-02 -2.231677842938e-02
-6.442126976525e-02 -5.661002279245e-02 -4.251476098075e-02
-1.826325619910e-02 2.612841421000e-01 2.196414414535e-02
-9.072835793764e-03 -2.348850413742e-03 7.764790559325e-03
-2.074004043010e-03 -8.929584427632e-02 -6.075780761269e-03
Mode 17
-7.259708083940e-02 6.422544414743e-02 3.036058182773e-01
-2.267574009378e-01 8.769500919362e-02 -7.644385302664e-02
-9.914935997484e-02 1.500559850235e-01 -2.275003690546e-01
-1.077924912404e-02 -2.147781099250e-01 -6.081286048805e-02
7.449285307057e-02 -1.779432279585e-01 -1.858779706423e-01
1.248536400372e-01 1.678151841213e-01 -1.316527263422e-01
1.574264940354e-01 4.773134812655e-02 1.887016153864e-02
8.058296946815e-02 -1.332027886572e-01 6.161929098223e-02
1.228381727007e-01 -2.600098401277e-01 6.507788718882e-02
3.128964896181e-01 9.880726963656e-02 -1.162850172914e-01
-3.354878021112e-02 1.785865941004e-02 6.493169305015e-03
7.355263386589e-02 -4.203203576514e-02 -8.453887579929e-02
-2.059464937639e-01 8.447083442161e-02 1.714807992406e-01
-1.641718627345e-01 7.796574411848e-02 -7.892968001679e-02
-8.248223690952e-02 -1.369769003467e-01 2.156235148126e-01
1.369755742545e-01 -7.712630040502e-03 9.359262389959e-02
-1.168323479307e-01 1.375851277137e-02 1.585746226906e-01
1.145939976516e-02 -4.131847758675e-02 -7.242846499756e-02
5.166564798369e-02 1.254915046867e-01 -5.987016929119e-02
-1.545661171607e-03 3.550070056656e-02 -3.220989774673e-03
Mode 18
-9.788585675741e-02 6.978797238624e-02 1.889796828078e-02
-8.518835639455e-03 1.682725367278e-01 -3.565148572299e-02
-1.348933408834e-02 1.949879600498e-02 -2.872225320586e-01
9.077773765010e-02 -5.810818677208e-03 6.815615754587e-02
1.537631258498e-02 -2.876918668486e-01 2.514314856382e-01
-2.079828903974e-01 1.867413722467e-01 2.357178439131e-01
-2.388256610009e-01 7.770787719751e-02 3.669925109667e-02
-9.085791949494e-02 -1.871315803432e-01 -9.128358935594e-03
8.925913909798e-02 -1.278087640069e-01 5.418289209097e-02
5.441759049956e-02 1.114352066731e-02 2.279396582382e-01
-1.360046846478e-02 -3.702031720987e-02 -3.150799671148e-02
2.151639810167e-01 1.570387516431e-02 1.348908681717e-01
7.596735561961e-02 2.020546396042e-01 -1.181895083874e-01
-3.520581134706e-02 -7.863901914648e-02 -3.445355729628e-02
8.940071608764e-02 -2.045095502895e-02 -3.823349656708e-01
-1.004089611269e-01 -7.840821259780e-02 -5.320713124797e-03
-1.069596105107e-02 5.231669252378e-02 4.608417834718e-02
3.712570377753e-02 -1.492913286781e-01 1.284941945939e-01
-9.882729571972e-02 1.128463880256e-01 1.206935352468e-01
-1.606203986602e-04 -5.608422700424e-03 4.163858868374e-03
Mode 19
-7.775130300310e-02 8.564155825527e-02 4.151623751703e-05
-1.895521199530e-01 -1.010458146105e-01 -7.342989066106e-03
8.327219950849e-02 2.562735667036e-04 -2.131082879710e-01
-7.217379583474e-02 -1.922810250050e-01 9.119031606754e-02
-9.292173618907e-02 1.608530558371e-01 1.161448159848e-01
-1.215367332576e-01 -1.119650130688e-01 9.017158058589e-02
-9.905067801967e-02 -5.053566432296e-02 7.063091610217e-02
-7.877514825653e-02 1.996198931750e-01 1.596840312145e-01
3.395357864537e-02 -1.173570287313e-01 1.957308175344e-01
2.834788603811e-01 5.153983660851e-02 2.277153761650e-02
2.998008890799e-03 1.098967472614e-01 8.846344041669e-02
-1.019722538286e-01 -4.968121095543e-02 -2.850484253659e-01
1.049979872204e-01 -3.170265575883e-01 1.445934894834e-02
1.807344636626e-01 2.492549379392e-01 1.339908412329e-01
1.813097950531e-02 4.210211849654e-02 -2.570916810537e-01
1.127132527185e-01 2.332125222192e-01 1.973937589527e-02
-1.055271237829e-01 -8.392495436620e-02 -1.015111224418e-01
-2.823941180787e-02 1.284453466487e-01 4.671436668519e-02
-4.260630020564e-02 -5.574072393258e-02 3.583994969146e-02
1.446078930732e-03 -9.901687865748e-03 9.776991598198e-04
Mode 20
-6.001308669255e-02 4.441567128715e-02 -1.111479168315e-01
1.812039451197e-02 -4.085889948983e-02 1.106775347292e-01
1.286872010441e-01 -1.114704118946e-01 -6.850900314823e-02
-1.089868621012e-01 1.487935847382e-01 1.454460321482e-01
-5.512154406918e-02 -9.976552137422e-02 7.490101141268e-02
1.218805379699e-01 8.235807201665e-02 8.390658679376e-02
1.088298349856e-01 -5.622451822604e-03 2.477594898451e-02
2.449154746964e-02 -1.397502451993e-01 1.040974930631e-01
-1.672990640546e-01 1.632193707990e-01 6.480359274653e-02
-4.268097411826e-02 -4.491530661125e-02 -2.311341325933e-01
6.834543537675e-02 -1.013015878090e-01 1.751668444123e-01
-4.890938973404e-03 -4.162098048982e-01 -7.989269333448e-02
1.644757649721e-01 1.950753544449e-01 2.918417209565e-01
-1.971768342773e-01 3.101973540638e-01 -2.980297195164e-01
6.138715719814e-03 3.455330937683e-03 -8.109877142045e-02
-7.252192150492e-02 1.432467906883e-01 -2.873705601965e-02
6.185808984277e-02 -1.158216325142e-02 -1.363405240141e-01
-3.055655212314e-02 -1.111933281333e-01 -2.183511947641e-02
4.321191854731e-02 3.308625440262e-02 1.312472442347e-02
-8.877741610891e-04 -7.571514803342e-04 -6.755733428273e-04
Mode 21
-7.601218063874e-03 -4.146489128113e-02 1.309875009707e-02
-1.442236156451e-01 -2.035642765908e-01 4.608615913250e-03
2.156992854654e-02 -2.126976482954e-02 6.737998798408e-02
-4.443033559084e-02 9.777141485984e-02 -1.718872917437e-02
-4.369182553161e-02 4.191566116841e-02 -1.002495390178e-01
-1.251418819783e-01 1.808764554300e-02 -1.011803313307e-01
-6.607365915383e-02 -1.131406723187e-01 9.925950938903e-03
-4.981321611519e-02 -4.642376509086e-02 3.540679460937e-02
6.732143513341e-02 3.362961002256e-01 1.247152230118e-01
2.403110132268e-01 -7.022187811234e-02 1.068398038526e-01
-5.040319046814e-02 -1.151212641939e-01 -8.889803749930e-02
1.544898864865e-01 1.164682400635e-03 2.451019736424e-01
-9.997126256646e-02 2.452050093644e-01 -1.277361395265e-01
4.234413488346e-02 -2.078135194824e-01 -1.521748719623e-01
-1.437180462225e-02 3.872930642961e-02 6.779132670958e-03
3.529433457924e-01 4.065206489263e-01 5.109485333452e-02
-1.581427494261e-01 -1.897974281086e-01 -1.546935337141e-01
-1.061191835972e-02 -5.685097296160e-02 -3.320998490989e-02
-3.293996717132e-02 1.230225476622e-03 -3.473258391737e-02
-1.199261589016e-03 -4.081035052658e-03 -2.731499159257e-03
Mode 22
1.965015803714e-01 -9.651252613111e-02 -1.746790136752e-02
6.388697609006e-02 -1.429053824566e-02 -1.630078386106e-01
-1.196300024117e-01 1.274898865306e-01 2.297157336573e-01
1.700715178513e-02 -2.061079790811e-02 -2.050067873323e-01
-1.151381617356e-01 2.684270499831e-02 -1.773221253450e-01
-3.744558146930e-01 -1.897365543461e-02 -2.120884263381e-01
-2.253680292974e-01 -3.608927253442e-02 8.561906285186e-03
-9.624787442063e-02 2.746157066838e-02 4.768734423178e-02
1.384513000146e-01 1.179094526988e-01 5.599112941268e-02
2.525853689535e-01 -1.494703078002e-02 1.618246608024e-01
2.269695155821e-02 -4.612100725111e-02 1.244004367014e-01
-2.659794299477e-02 -2.773754388183e-01 -1.164228140761e-02
2.220601940173e-01 5.320142668138e-02 1.193841571366e-01
-4.534218641071e-02 2.166064002391e-01 -8.567292599225e-02
4.314031143810e-03 9.574858052705e-03 1.322112143506e-02
-2.543288544077e-02 -3.154144911363e-01 -2.382027564174e-02
6.975503562708e-02 8.197804004313e-02 1.592968448996e-01
-1.478061241836e-03 1.588643633881e-02 1.733790779792e-02
-1.058254588363e-01 -2.033011019965e-03 -6.832019457562e-02
-1.188989142907e-04 -6.725741864402e-04 -7.426269859350e-04
Mode 23
-1.452267450419e-02 2.722513202876e-02 -9.031070546890e-04
-2.255755544819e-02 -1.803034030144e-02 2.604540592081e-02
3.839905286531e-02 -1.549778836442e-02 -2.651868666736e-02
-1.362308872636e-02 -7.944969806759e-02 3.150337890858e-02
-2.765448397658e-03 2.466103373925e-01 6.483050725417e-03
2.062467375325e-02 -3.082682633415e-01 -2.228757809170e-02
-2.225413927472e-02 5.422573190371e-01 1.129526211785e-02
-2.547093928776e-02 1.880968028435e-01 2.483382664702e-02
8.630509758493e-03 -3.301146977559e-01 2.239049443301e-02
1.810332532709e-02 1.201378464837e-01 1.105765750418e-02
-1.011946918876e-02 -1.391504995518e-01 -1.168582032741e-02
2.260635495390e-02 -1.830454034937e-01 2.387909221640e-01
-9.670087238564e-03 2.309473706630e-01 -8.752635829831e-04
1.370172143002e-02 -1.234665684694e-01 -2.602152975147e-01
-7.062812325602e-03 -9.660691878963e-02 -3.558367169093e-02
-4.578003744085e-02 1.639610201212e-03 -4.256388916778e-03
9.373061341867e-03 5.835570039529e-03 -1.367993892269e-02
-7.888431737726e-03 1.287503305753e-01 -2.932856077364e-03
1.309182398678e-02 -3.124725499893e-01 -1.350993455408e-02
7.815994625947e-04 9.679048236565e-03 6.221240077542e-03
Mode 24
-4.180583682014e-02 1.692127288679e-01 -2.304096916972e-02
-4.487045330011e-02 -8.585026788253e-02 2.204434546860e-01
2.581833906898e-01 -8.650344265637e-02 -3.984538718170e-02
-2.024503812129e-01 -3.687145480928e-02 1.172910847994e-01
-1.398954728398e-01 -2.686115960066e-02 -1.799947627313e-01
-1.546519102870e-02 3.823056563585e-02 -1.848806663510e-01
7.038905363791e-02 -7.108001881736e-02 2.001970971157e-02
-5.501259477904e-02 -4.556742490303e-03 1.649009261537e-01
-6.713528817665e-02 6.865546171776e-02 2.468962569097e-01
2.505184502626e-01 -8.817466879261e-03 -6.928311180891e-03
-8.818916172765e-02 -4.545461959997e-03 -5.576940986276e-02
1.248465368456e-01 8.795450034584e-02 3.780091399657e-02
-1.633602094627e-01 1.982861943692e-02 -1.903734766779e-01
1.354853466027e-01 -9.656134257935e-02 6.842493675604e-03
-4.461664489019e-02 1.012433766172e-02 8.288817875364e-05
-4.719098348543e-01 -1.624183609155e-01 -5.322188267198e-02
2.774683349489e-01 1.806537861444e-01 -3.399431090950e-02
-6.588350859937e-02 8.220875745179e-03 -9.876674880050e-02
2.177072734049e-02 4.781536727910e-02 -9.259741257447e-02
-1.371665514345e-03 -2.757118993863e-04 -1.316530409608e-03
Mode 25
7.260697125796e-02 4.449370582037e-02 3.453840138204e-03
-1.463520888836e-01 -6.601616413246e-02 -1.893316023074e-01
-5.670685856919e-02 1.658197514569e-01 -7.411579251482e-02
-3.003184065683e-02 -3.993845731145e-01 -2.930797795834e-02
-9.310697453464e-02 4.446690756420e-02 2.041279194462e-01
1.623185590763e-01 -8.064948942736e-03 2.419654028880e-01
1.300728735024e-01 -2.491061265368e-01 9.826338164995e-02
1.050793766258e-01 3.492571076763e-01 2.727924245275e-02
-3.598991053415e-02 3.067386815816e-01 -5.357936448681e-03
-2.316988880125e-02 -6.512808822741e-02 -8.482124531830e-02
4.581573198262e-02 -8.828701010583e-02 -5.158313305422e-02
-6.940801328866e-02 -5.167091677725e-02 1.549567153387e-01
-5.973849161693e-02 1.113536566095e-01 5.727314016425e-02
1.475779697719e-02 -1.699007807591e-01 -2.046628182173e-01
1.333776559302e-02 4.999417985430e-02 -1.083097565321e-01
-1.750458516726e-02 -2.236197461786e-01 -1.270337305767e-02
-2.234535863818e-03 8.505916520799e-02 1.414951208471e-01
-3.354572695198e-02 1.372850556075e-01 6.395419741976e-02
5.651118379062e-02 9.829263221507e-02 5.675768315781e-02
-9.682321551629e-05 -4.492295713124e-03 -3.092226202973e-03
Mode 26
1.904056640600e-01 -1.408032222907e-01 -1.379590924310e-01
5.211395977949e-02 -3.223901126111e-02 -1.864263608879e-01
-1.153635166481e-01 8.440403475861e-02 1.463742056042e-01
-2.133179656722e-01 2.243894312715e-01 -6.043331693580e-02
-4.393130416261e-01 1.585508375696e-03 1.212117531630e-01
7.424268908316e-02 -1.380977181929e-02 1.501352729468e-01
1.793186415517e-01 1.791870872682e-01 2.350790270705e-01
1.797794034818e-01 -2.531638596142e-01 1.244827425304e-01
-3.585060366963e-02 -8.211227536216e-02 1.132754137373e-01
1.704092775721e-01 3.371123117931e-02 -6.066845255179e-02
6.040885977845e-02 3.899653329671e-02 -5.681993664156e-02
1.771909522041e-02 2.096312559038e-01 -1.050585264398e-01
-1.071230095199e-01 -4.709447654104e-02 4.098711840107e-02
-3.352821145621e-02 -9.125044920498e-02 2.814521293657e-02
-1.149349526532e-02 -2.276338911398e-02 -1.997612878713e-01
1.308918952316e-01 -1.123232229998e-01 -3.451745238246e-02
4.472804044805e-04 -2.314670170010e-02 3.354364252557e-02
-1.333559117824e-01 -1.287924562058e-01 3.672185524386e-03
9.407355380663e-02 -1.169786628982e-01 -5.947871317987e-02
6.089385003803e-04 1.814021004524e-03 8.873728627004e-04
Mode 27
1.273832937321e-01 -9.795054065427e-02 -1.117006541040e-01
2.564577774127e-02 3.028335560654e-02 -1.745571269211e-01
-1.143554382357e-01 9.441689484278e-02 1.204699507322e-02
1.397969575665e-02 1.498809481691e-02 7.077513486789e-02
1.452073839000e-01 1.136328795426e-02 7.606959707585e-03
2.002184999148e-01 6.667789719728e-03 5.579985923774e-02
8.570152281462e-02 1.255513059874e-02 -6.583306031025e-03
-1.609308471997e-01 -4.964257466436e-02 1.671093828016e-01
-1.134916797237e-01 3.660023659582e-03 1.248826608204e-01
-9.296267955927e-02 -3.353922207323e-03 -7.758811485107e-02
-2.993562439319e-01 -8.454238352751e-03 1.263298149877e-01
1.837735333345e-01 -3.260069561556e-01 1.232475139758e-01
-2.059095157242e-01 3.082136059065e-02 -4.623701743946e-01
1.710676586432e-01 3.110348693829e-01 2.045552745860e-01
-1.462886641371e-02 9.110836554101e-05 -4.358069928475e-03
1.449433033580e-01 -1.093605352423e-01 -2.493554843762e-02
-3.173852433379e-02 -5.241181285946e-03 6.328973863134e-02
3.079298268416e-02 -1.792228464294e-02 -2.937317803681e-02
4.713615422665e-02 -1.439440028071e-02 3.573285163844e-02
-1.108109802833e-03 5.158172472578e-04 -8.657305771686e-04
Mode 28
-7.553861291060e-02 -1.345626380773e-01 -3.859995068888e-02
4.269086212803e-01 4.102609504781e-01 1.075858111596e-01
-1.170176688393e-01 -1.670486747361e-01 1.399169932716e-02
-7.283146827546e-02 7.321259508447e-02 -2.742884397149e-02
-2.119711208529e-01 -1.486411753532e-01 -5.068069959074e-02
-3.137073983810e-02 8.726639297296e-02 -6.287122081097e-02
8.052125259367e-02 -2.404365048660e-01 6.241759397137e-02
2.031091719542e-02 4.361134472051e-01 9.296100652377e-02
-1.288254739378e-02 -2.787903660944e-01 3.638768609622e-02
7.199404960079e-02 4.068985650684e-02 -8.153347137740e-04
-1.397142267004e-02 -2.164084759180e-02 -1.598004638340e-03
-2.550885616876e-02 -9.736636561881e-02 9.961837900668e-02
-4.573247132145e-02 4.151530682311e-02 -3.694591384720e-02
5.637665871417e-02 -4.557527342157e-02 -8.933215900470e-02
-1.088070739548e-02 1.805403087696e-02 -2.862050869083e-02
7.328707248112e-02 1.033748906523e-01 4.238925702633e-03
-8.762018369419e-02 -9.518546814761e-02 -5.189692518468e-02
-8.081811256352e-02 6.734199445958e-02 -3.256283257671e-02
2.524117145520e-02 1.730711612926e-01 -7.127364962633e-02
-4.633852119351e-04 -1.040811696071e-03 -1.490594918183e-03
Mode 29
1.239734295260e-01 3.237367765396e-02 -1.983882163260e-02
-3.035118975914e-01 -3.264420691908e-01 -9.764581103008e-02
6.637930995446e-02 1.250820329062e-01 5.831181662970e-02
6.396972659527e-03 4.105200754278e-01 4.210274956179e-02
1.073889240756e-01 -3.387306236971e-02 6.595118596322e-03
-6.927551664946e-03 2.112866123315e-01 3.540628124145e-02
-1.575846691809e-02 -2.866226642226e-01 -1.155796090847e-02
-2.464188839944e-02 3.514320348910e-01 1.766928438206e-02
3.032344855487e-02 -4.147743519081e-01 -1.313549595050e-02
-5.513405146909e-02 6.603656111807e-02 -2.134167031835e-02
1.301713849054e-02 -1.139610338465e-03 -9.968953857761e-03
-3.357707476443e-02 -3.240710128897e-02 4.548537341126e-02
2.104511474531e-02 1.674410961149e-02 2.773764517077e-02
2.270963243746e-02 -5.618761492487e-02 -7.580425945655e-02
1.696410685541e-03 3.008701971321e-02 1.170300312200e-02
-1.128976292602e-02 -5.623719483984e-02 -1.318095406027e-02
8.947633194235e-02 3.851239923805e-02 -1.660610644203e-03
5.461784342698e-02 -2.964475654594e-01 7.005895825991e-04
-1.057457989244e-02 -1.159872660063e-01 2.647979851685e-02
3.778809709123e-04 -1.703443051635e-03 -1.958283353613e-03
Mode 30
1.338441353412e-01 -1.114764688201e-01 -1.571902441637e-01
3.170496943338e-02 7.292135038135e-02 -1.044019035085e-01
-9.342245008723e-02 6.796352643358e-02 -2.843840024674e-02
-1.346849472826e-02 4.393093153503e-02 2.631691730427e-01
3.412411111257e-01 -5.967191541687e-02 -1.133910303566e-01
-4.625487317573e-02 -9.201357065174e-02 -9.144917495379e-02
-6.945463125054e-02 4.409199673032e-02 1.254034704787e-02
-2.214518629250e-01 -1.581458597744e-02 2.885694270110e-01
-2.219518234153e-01 -1.887329077167e-02 3.352933292294e-01
-9.414840177673e-02 -1.453694418934e-03 -1.349792815214e-01
2.835830486560e-02 -1.919859586305e-02 1.606184836353e-02
2.123788073005e-02 2.775054671368e-01 -1.506169773578e-01
1.340250517549e-01 -8.904125025017e-03 1.743135575493e-01
3.093109046775e-02 -2.411749653099e-01 -2.075775516259e-01
-9.175058592377e-03 -9.512394010076e-03 -6.011994568918e-03
1.376497586941e-01 -9.593745147097e-02 -3.761194222213e-02
-1.338345241021e-02 -1.364444644502e-02 3.007796641165e-02
8.345390513348e-02 1.547345507026e-01 -4.137571501194e-02
-8.541861858914e-02 1.811435018494e-01 7.592398741026e-02
-4.276644464161e-04 9.502201005337e-04 -1.393620831106e-04
Mode 31
5.540118134568e-02 1.241227748130e-02 1.914507632827e-02
-1.750809532118e-01 -2.070945577291e-01 -1.757676260817e-02
5.420125666682e-02 4.511858226448e-02 5.788033992892e-02
-9.706353077944e-03 3.096564372253e-01 -6.522226417133e-02
-6.505889283496e-02 -2.555326001692e-01 3.468072849651e-02
3.201169970788e-02 -2.990875865735e-01 3.293905418651e-02
7.457213292185e-03 1.549195069571e-01 1.881498459178e-02
7.168780022475e-02 3.761995412298e-02 -7.465473141450e-02
7.541784472656e-02 -7.388627112284e-02 -1.001462199723e-01
1.356969523989e-02 1.386596416155e-02 2.824856560221e-02
-5.824691063354e-03 6.803647102468e-03 -5.594707623486e-03
-8.306360414042e-03 -8.067785325526e-02 4.743540511305e-02
-3.965877801058e-02 4.106085682455e-03 -4.802353810241e-02
-7.827251371580e-03 6.230016529116e-02 5.230200906444e-02
8.837714351160e-03 -3.203623430210e-02 -1.646211986410e-02
-3.408122189591e-02 2.988957656340e-02 1.308197767429e-03
4.818671619501e-02 -1.088856424418e-02 -4.459378794149e-02
-4.383029921200e-02 4.388189114589e-01 4.644271021019e-02
-1.096995493970e-02 6.065186370052e-01 2.850519917150e-02
-6.990140094828e-04 1.347112439545e-03 1.564092991829e-03
Mode 32
-6.452444188750e-02 5.117513597623e-02 7.922165652412e-02
-1.037617629506e-02 -3.333091088565e-02 3.220547679743e-02
3.890383303910e-02 -3.357599689179e-02 1.534984321004e-02
1.724958347575e-01 -8.406101940491e-03 -1.344705429941e-01
1.858114925456e-01 1.432521270462e-02 -1.116171913230e-01
-3.109508621882e-01 -2.075969889984e-03 -1.396082208304e-01
8.251525901575e-02 -4.344716507526e-03 6.114516796106e-01
2.816192355289e-01 -1.392799243236e-02 2.360663015307e-01
9.214790583316e-02 2.629925584996e-02 3.657172848023e-03
-2.845314024285e-01 -9.518981042548e-03 -2.235335159344e-01
2.773320160114e-02 8.855109134843e-03 -2.740799702340e-02
1.908998143805e-03 -4.122223520011e-02 3.170878731436e-02
-1.037187841398e-01 2.950375258416e-03 -6.214854344892e-02
2.632576173387e-03 3.164321185395e-02 3.733477294408e-02
-1.801652543610e-02 -5.809460202412e-03 -1.841295039225e-01
-4.774234265810e-02 5.282849052687e-02 2.101320416771e-02
-2.399288106781e-03 4.545667995238e-03 -8.506549951994e-03
1.348910661493e-01 1.041742386683e-02 1.344963469753e-01
-3.167671820350e-02 -1.825639809921e-02 -1.242231250470e-01
1.532480014783e-04 2.846838550411e-03 -1.738055442035e-03
Mode 33
4.083839757074e-02 -3.134668483577e-02 -9.781354854742e-04
-4.082772601382e-02 -3.013935200060e-02 -1.421220638292e-03
-8.369860732963e-03 2.399638410900e-02 5.230779882384e-03
-6.190363564943e-03 8.323464116653e-02 -4.494203093901e-03
2.187474791360e-02 -3.917951954568e-01 -2.159752060347e-02
-6.634356331144e-03 3.327649829694e-01 3.484522892250e-02
-4.280155850553e-04 -4.096372417432e-02 -4.717724213244e-03
-5.850694833256e-03 -2.883926335582e-02 -1.110638933489e-02
-3.258809020381e-03 3.779879788825e-02 1.182804460558e-03
5.772826074934e-03 -6.221897422236e-03 3.704555272380e-03
-2.936145109407e-03 -5.351383061623e-03 -1.380258729760e-04
1.957536410257e-03 4.732822622730e-03 -3.905489188468e-03
3.398448170539e-03 -1.942346411140e-04 1.754298007940e-03
-2.344028294492e-03 3.882174230295e-03 4.353591540562e-03
-1.941093978780e-05 9.213223684925e-03 2.274724805323e-03
-9.976779849260e-03 1.758336137873e-02 -1.603425331979e-03
2.069422908826e-02 -2.455241357583e-02 -3.327483120412e-02
-4.077640352889e-02 6.530980735278e-01 2.467691877764e-02
2.390975485710e-02 -5.329302014677e-01 -1.698184861315e-02
1.380793906336e-04 -2.868908486009e-04 -1.982104959362e-04
Mode 34
3.003502456881e-01 -3.673413467157e-01 2.135978361637e-01
-8.723838766402e-02 1.439975449743e-01 2.677227164822e-02
-2.670672952435e-01 2.723051793473e-01 -1.249279337663e-01
-2.988967375489e-02 -9.072946831975e-02 -3.430291024229e-02
5.141535108445e-02 4.473397329411e-02 -1.209577678292e-02
1.313857277878e-02 -1.064304415294e-02 3.844223480793e-02
-2.682355603348e-02 -2.253184935777e-03 3.097172484312e-02
2.072663548493e-02 1.011073061673e-03 -1.232064040512e-02
1.281844206773e-02 1.685616158579e-02 -1.142156689861e-02
2.558719042209e-03 -3.644698455401e-03 -1.234924766879e-03
1.713259136122e-02 8.879337614951e-03 -2.310429723798e-02
-5.112638075616e-03 -1.428605801015e-02 1.062385484188e-02
-5.362493455311e-03 -6.682734484700e-04 -4.413684876004e-04
-4.557443737508e-03 7.897588831514e-03 1.032684130896e-02
2.440936057573e-03 -1.657277112465e-05 -6.927380902332e-03
-3.001178524840e-01 2.122194778182e-01 3.256815909115e-02
3.988592809179e-01 -2.232621733469e-01 -4.069656067779e-01
7.615846669159e-03 -5.151347140715e-02 -3.122714049845e-02
-2.384035934070e-02 6.344104737868e-03 5.306847969161e-02
9.877569144611e-05 9.052746515234e-05 -5.430662817578e-05
Mode 35
-8.055226977044e-02 4.805521043795e-02 1.512039947413e-01
5.557278336864e-02 -6.192967836240e-02 -6.778649955774e-02
2.491517997851e-02 -2.782245101698e-02 5.904392955452e-02
1.376117118006e-01 2.815483997998e-02 -3.944020618389e-01
-1.034422789965e-01 -2.059197639551e-03 1.396993106577e-02
2.395151825244e-01 3.136100518874e-03 8.768177380233e-02
-3.297453785775e-02 -7.024405513482e-03 8.021090346102e-02
-3.604406103113e-01 -3.126209588322e-03 1.693054389081e-01
1.633141751353e-01 9.416751839827e-04 -2.964190990396e-02
-7.759526722065e-02 -4.875894206963e-04 -3.441612643789e-02
-4.187469868442e-01 -1.565223226764e-01 2.406280248717e-01
8.390587032015e-02 1.954586731534e-01 -1.409790666745e-01
1.944372945567e-01 7.522362714546e-03 8.069784610786e-02
7.622101975274e-02 -8.964623800362e-02 -1.275011238934e-01
-4.460550001995e-04 1.312372628616e-03 -2.165568474034e-02
-1.234422276858e-01 1.062257816042e-01 3.734561397280e-02
1.819301935613e-02 -4.698908720624e-03 -2.743324883466e-02
1.812383513743e-02 -6.482961491481e-03 9.672416067151e-02
1.988511091531e-01 1.857356704292e-02 -1.527067665863e-01
-5.691167177509e-04 3.900706860200e-04 -7.869997344445e-04
Mode 36
-4.300994089161e-02 3.549109529850e-02 4.175467248880e-03
3.812950949468e-02 3.496664874702e-03 9.912844906208e-04
3.431009978011e-02 -4.505384116768e-02 3.497019455848e-02
-7.137600872162e-02 1.276348377107e-02 -1.044844431344e-01
1.149723716074e-01 1.897404462194e-02 -2.923873521687e-01
1.739493268636e-01 -9.855361231050e-03 2.669824513880e-01
-1.927724164419e-01 -2.249574472099e-02 3.921517958291e-01
-1.076612380757e-01 -9.794316650074e-03 -8.753646750848e-02
2.519618610843e-02 1.968434206337e-03 -6.415794845665e-02
3.857540027538e-02 7.978943432918e-04 2.958295078097e-02
-7.443253572655e-02 8.510488393957e-02 -2.199674212614e-01
-9.521227306920e-03 -6.427161262845e-02 5.088510927171e-02
1.034081477145e-01 -1.215763697161e-02 8.398287566069e-02
-4.902406754233e-03 1.719697625599e-02 3.909169103710e-02
1.282859923351e-02 -1.756925514976e-03 -7.047169815948e-02
3.790543045171e-03 -1.094748251985e-02 2.494056411185e-03
-1.736907447883e-02 2.855595050242e-02 3.498248981924e-02
-1.964999073573e-01 8.648683882583e-03 -5.772890475152e-01
-8.011287243826e-02 -1.161088279690e-02 2.869419081957e-01
8.638955310430e-04 1.397752297838e-03 -1.054478884766e-03
Mode 37
-3.651458209701e-02 2.392911164998e-02 3.895615213705e-02
4.161945840648e-02 -1.192137053412e-02 -3.451419496205e-02
1.678562488173e-02 -2.636585558174e-02 3.284746977096e-02
-5.794071959178e-02 8.273590321119e-03 -1.408262839898e-01
2.298186764305e-02 6.589212094204e-03 -7.724914284435e-02
-6.144785248405e-02 -1.088049869474e-02 8.757856661396e-02
2.439443091616e-02 -8.607474104583e-04 -9.865566300845e-02
1.748825431930e-01 7.876197664821e-02 8.654701024824e-02
-1.309910202473e-02 -1.865555022611e-02 -1.667617378809e-02
7.406142245809e-03 6.747904233656e-03 -1.065648032756e-02
1.719646529948e-01 -6.481862441036e-01 2.994919621044e-01
3.016329946842e-02 2.523603292865e-01 -1.477432234404e-01
-1.568068206597e-01 6.215993570922e-02 -1.263726672786e-01
-3.534570100414e-02 1.495470839925e-01 6.474877187319e-02
3.934960806322e-03 4.626403967185e-03 1.035592929700e-02
-3.326757721458e-02 2.679103266849e-02 1.007263961887e-02
-5.356275574543e-03 8.481367892196e-03 7.340853994197e-03
-3.015856276754e-02 3.240986568066e-04 -1.042703598182e-01
-2.425848930707e-01 -2.854016726526e-02 3.503442791518e-01
-1.227562034060e-03 -1.310513550324e-04 -5.229919525747e-04
Mode 38
7.401535053273e-02 -4.644008708838e-02 -9.902396636228e-02
-8.945070226115e-02 4.124540741044e-02 9.638770848837e-02
-2.508279548309e-02 4.093402969997e-02 -6.316207133830e-02
3.435107132029e-02 -2.773477769039e-02 2.963108544413e-01
2.222199808008e-02 7.600661379519e-04 5.382793926014e-02
2.243019555762e-02 -9.136999115316e-04 -9.178134754923e-02
-7.943959487145e-02 -1.575605223338e-02 2.161859741505e-01
-9.300528803345e-02 6.900854588659e-02 -2.071398195089e-01
-8.015994216610e-03 -7.931375521838e-03 -8.002412163835e-02
3.008085929695e-02 3.567094949987e-03 5.072696846446e-02
-7.404247085018e-02 -5.477623973224e-01 -2.805183465732e-01
1.813598566442e-02 1.327966367311e-01 -3.503656955358e-02
9.407923988836e-02 4.161093242857e-02 7.947454810551e-02
-4.720999798504e-02 2.207476301795e-01 1.858350353731e-01
3.309860138501e-03 1.205780697470e-03 -2.372015654876e-02
8.599344347719e-02 -7.570211396417e-02 -2.514531580028e-02
6.476962392622e-03 -9.946150471682e-03 -5.263576706752e-03
-2.999767956502e-02 1.317486995269e-03 -5.262070271611e-02
2.533032846170e-01 3.308410051112e-02 -3.825394321544e-01
-6.424422842092e-04 7.852957075515e-04 -8.109231280402e-04
Mode 39
-4.655060198417e-02 2.801559589896e-02 6.987964955868e-02
7.555942259233e-02 -2.897739377188e-02 -9.896588565853e-02
1.091941005421e-02 -2.392187272745e-02 4.155350658319e-02
-1.003038049897e-02 1.528455132896e-02 -1.616413088514e-01
-7.552863451308e-02 -2.525958522828e-03 -3.295853106606e-02
-2.263565597776e-02 -4.014577536068e-03 2.062370469234e-02
2.071566960068e-01 1.825043594102e-02 -2.081489302043e-01
-1.128559933979e-02 1.128539867398e-02 1.108435034010e-01
2.886925001476e-02 -1.561279055249e-02 2.788235943373e-01
-7.419212427103e-02 1.059012272146e-03 -9.015628459957e-02
-1.822753329994e-01 -1.383483067753e-01 -6.528963753818e-01
1.711734711237e-03 -4.176316731577e-02 8.421382408972e-02
1.611638990069e-01 1.968998031679e-03 1.723223267530e-01
-2.267291242697e-02 1.438752314955e-01 1.777070317837e-01
-7.111225165156e-03 9.174426606794e-04 2.798643223297e-02
-6.713633689493e-02 6.080835183677e-02 1.732575163300e-02
-7.574654757687e-03 3.511099317619e-03 3.423443417573e-03
9.166675461239e-02 -3.381391643162e-03 2.240110297949e-01
-1.677962730410e-01 -1.896251860880e-02 2.348317828814e-01
2.787577009086e-05 -9.729238820312e-04 8.002479024626e-04
Mode 40
-5.729033082864e-02 3.212158088336e-02 7.863588636888e-02
1.198219640385e-01 -4.167865801345e-02 -1.213197021415e-01
1.172451764635e-02 -2.854313313857e-02 5.734174531101e-02
-2.018659316793e-01 2.552388322640e-02 -2.260326139803e-01
2.028890428669e-01 1.364499406546e-02 -1.561266457529e-01
1.384176100834e-01 -3.115168904272e-03 1.228172978907e-01
-4.343787217104e-02 -1.195684330351e-02 1.923005615417e-01
-2.280583044695e-01 2.190216968472e-03 -1.290161675267e-01
-4.657200476144e-01 -3.296639971169e-02 -4.048904973976e-02
2.392405677098e-01 9.030235312263e-03 1.474033384439e-01
3.322646662552e-01 -1.753023338193e-02 -5.581469781594e-02
-3.250094802655e-02 -2.632264584354e-02 1.959203149409e-02
-8.514464616241e-02 5.155788014728e-03 -4.333826267154e-02
-3.848204794678e-02 3.946384161304e-02 3.845463481685e-02
5.229600658099e-03 -9.842392149131e-04 -2.155181258642e-02
-8.671565701456e-02 7.781533989338e-02 1.943234089866e-02
-1.894085081541e-02 9.250800368543e-03 1.811645250055e-02
2.640832321224e-01 -2.708002479172e-03 3.522417603671e-01
1.162263512726e-01 1.116839188768e-02 -5.780131282789e-02
3.287190320633e-04 9.085358699206e-04 -6.113996291010e-04
Mode 41
7.054429938745e-02 -4.250271244082e-02 -1.193657446197e-01
-1.135964802965e-01 7.455396843686e-02 2.335525336860e-01
6.022336493365e-03 1.607415832134e-03 -3.968820747076e-02
-1.910907809277e-01 -1.065628967405e-02 1.507174108491e-02
6.426159696120e-02 1.232123667141e-02 -8.967351910334e-02
-8.409880255712e-02 -8.660272772026e-04 -2.800432395089e-02
2.507460873228e-01 7.748194291332e-04 1.614409991571e-01
1.846340021889e-01 1.711185843348e-02 -2.350259539836e-01
-2.109975027960e-01 -3.939308298015e-03 -2.176763899321e-01
1.637500417121e-01 4.247487666762e-03 1.143531783591e-01
-5.461043427065e-01 1.400150796090e-02 1.388948269946e-01
4.945778085540e-02 4.539770295688e-02 -4.066935733619e-02
1.663018472667e-01 -6.973266603453e-03 7.580762008365e-02
5.604441020139e-02 -5.774977250990e-02 -6.509031937583e-02
-1.882384877745e-03 -4.922397567887e-04 -1.401390813011e-02
1.099757457065e-01 -1.012254619194e-01 -2.896446500350e-02
-3.138949234667e-03 -1.252887440636e-02 -8.360139591772e-03
1.374420208161e-01 -1.119431375704e-02 2.158675558822e-01
-1.794407192024e-01 -1.858415999474e-02 2.170366066404e-01
-1.644882151905e-04 5.250106225639e-04 -4.389915549737e-04
Mode 42
-3.144758641639e-02 2.356879342334e-02 8.536881584173e-02
3.890082990716e-02 -7.716803494313e-02 -1.402852394692e-01
-2.160729232483e-02 3.897392386548e-02 -1.530906686784e-02
4.774450219878e-01 6.914491634700e-03 1.224080213504e-01
-1.669378161905e-01 3.645069433663e-04 -1.730007413027e-01
-2.922271659400e-01 -2.690156348264e-02 1.915667175466e-01
4.687713106701e-01 1.442319771573e-02 4.545973123166e-02
-2.093917432950e-01 1.083279627764e-02 -3.597855400228e-01
-2.094639524817e-01 -2.101720485446e-02 2.086929016817e-01
6.665890462037e-04 -7.043485740313e-05 2.766168355418e-02
1.969578134346e-02 7.778686869534e-03 1.225091018939e-01
-5.639516681738e-03 7.221861490737e-03 -1.612688556124e-02
1.920201238389e-03 6.734386306621e-04 -2.223179931799e-02
-4.498867429353e-03 -1.494405314165e-02 -2.363366288640e-02
-5.198715300916e-03 -5.982721465815e-05 -2.070478750433e-03
-6.832478808774e-02 6.430824309292e-02 2.028784959235e-02
9.570115334663e-03 2.240040145218e-03 -2.978941546141e-03
-9.141577964960e-02 2.087433870623e-03 -1.306008908464e-01
-2.481643159815e-02 8.326340790392e-03 -3.971339065026e-02
2.033657038274e-04 2.637776362283e-04 -2.941638975245e-04
Mode 43
1.117770186852e-01 -5.914702630734e-02 -1.962216485960e-01
-3.084574680537e-01 1.806916951628e-01 5.392485159632e-01
5.172787999685e-02 -3.167398053956e-02 -6.570471106947e-02
1.499485056165e-01 -2.012347576550e-03 -3.044489351659e-01
-1.183032231299e-01 1.300698921548e-02 -1.747600576858e-01
5.859777591154e-02 -5.883454748656e-03 1.695719113476e-01
5.423789302781e-02 4.281270357751e-03 -1.869236607383e-02
-2.395072067660e-01 -7.141198691781e-03 8.357013423418e-03
1.186507480452e-01 2.151634158676e-03 1.550879259977e-01
-8.669847853953e-02 -3.893079077336e-03 -5.544739332685e-02
2.487010534004e-01 8.991274284249e-04 -1.366169790599e-02
-2.236727472301e-02 -1.464643290596e-02 9.140324778615e-03
-6.355475170066e-02 2.678624143688e-03 -3.669945607790e-02
-2.423055091880e-02 1.536899597177e-02 1.475718323926e-02
5.409538394603e-04 -5.859985537045e-04 -2.671455433146e-03
2.446981831555e-01 -2.382281267273e-01 -4.571662979093e-02
3.267036194152e-02 -3.707029182961e-02 -7.321543012800e-02
5.227379403619e-02 -1.372962643373e-02 1.244408736053e-01
2.065715508065e-02 8.584521571863e-05 5.144736165619e-02
2.351677121452e-04 -5.452093822944e-05 2.101064721149e-04
Mode 44
-1.788322476274e-03 7.822148123301e-03 6.518153288627e-03
-2.651867461209e-02 -3.394350474295e-02 2.045346227660e-02
-1.491281739320e-02 3.277530290843e-02 -2.936635143387e-02
1.762204449417e-01 -2.765615783190e-03 6.405077829878e-02
-1.204901486778e-01 -1.646503532027e-02 2.474492685846e-01
9.429808637075e-02 2.556773181682e-02 -4.025362249092e-01
2.539806557698e-01 2.529382643643e-03 1.782005385729e-01
-4.066252601896e-01 -2.835401333487e-02 2.784167529745e-01
-7.885175725580e-02 1.425135753381e-02 -4.414531557704e-01
8.139617479741e-02 5.847310702204e-04 9.988337403265e-02
1.676719552844e-01 1.534141619824e-03 -1.063358202519e-01
-3.750127149638e-03 -3.255735401413e-03 5.613201797904e-03
-1.598521004177e-02 6.388438744956e-04 2.956319798276e-03
-5.215242529896e-03 8.673171290657e-03 1.043322669488e-02
-1.560839242267e-02 -2.562315227230e-03 -9.607953476947e-03
1.506752350673e-02 -1.806540890431e-02 1.617801470454e-03
8.544681545732e-03 -7.438621012263e-03 -1.921439956229e-02
-9.490596724256e-02 -1.797409711221e-03 -2.446242551286e-02
-2.223045069497e-01 -2.585460821453e-02 2.319711276678e-01
-2.459543385969e-04 6.385914202926e-04 -8.040162435560e-05
Mode 45
7.128780801609e-03 -1.190600805850e-02 2.141060189256e-03
5.928018853338e-02 -2.620837115290e-03 -1.294098185342e-01
-1.085544486084e-02 -3.523181274776e-03 1.263193788519e-02
-1.481251733453e-01 -1.952821992369e-02 3.273987098900e-01
-2.055545504968e-01 -1.791581940671e-03 -2.013250004291e-01
2.670894455332e-01 2.161929383875e-02 -1.920640519121e-01
-6.112407291246e-02 -1.491248529559e-02 2.367081355176e-01
-1.670587814432e-01 7.274642965614e-03 -3.468650244161e-01
4.303175209119e-01 1.812621312040e-02 1.728359367036e-01
-1.449978721598e-01 -5.274819050694e-03 -7.507638994275e-02
9.070125810904e-02 4.178066667528e-04 1.339087404758e-01
-1.307101780235e-02 9.751402811260e-04 -9.914975341249e-03
-1.922865254349e-02 1.798067320186e-03 -3.499786420428e-02
-1.335891336080e-02 -4.030134097540e-03 -1.217787141568e-02
2.005792096532e-03 -1.244372405175e-03 -1.039064719012e-02
-5.097508750032e-02 6.285508428892e-02 -1.036213614056e-03
-2.258324418217e-02 1.144573070192e-02 4.212678277082e-02
1.054417701749e-01 -4.460881647349e-03 2.960149110739e-01
-1.169420217360e-01 -1.794171275852e-02 2.402364394110e-01
1.422589436057e-04 8.771364695496e-04 -5.280286239484e-04
Mode 46
-2.606452928391e-01 2.387376001363e-01 2.179995537439e-01
6.869627142807e-02 1.232889084267e-02 -2.073342502799e-01
5.518689456107e-02 -7.190212100955e-02 6.676108099127e-02
1.135070881892e-02 -5.678319663825e-04 5.193025154663e-02
-1.836086348518e-02 -3.018974623562e-03 -6.688793674194e-03
3.775993314742e-02 3.086385849639e-03 -3.601294954650e-02
-4.785891865716e-02 -3.027189068663e-03 1.653303171242e-02
3.867954138944e-02 2.552063429005e-03 -3.160995935775e-02
-3.137292302326e-02 -2.168766681559e-03 2.922382309931e-02
5.821645946488e-03 4.063226263543e-04 1.654941437220e-03
-1.857802702827e-02 -1.295777993869e-04 8.871890527747e-03
1.167321252659e-03 7.893585073727e-04 -9.758692725918e-04
3.689484993439e-03 -1.104960287469e-04 8.298372789280e-04
1.265826241044e-03 -1.084999126806e-03 -1.453950214900e-03
9.834005495455e-04 1.758095260697e-04 3.359447552059e-04
3.213466181085e-01 -4.711061438452e-01 6.809224376014e-02
2.341306120038e-01 -1.721906264257e-01 -5.817591244811e-01
5.081426823764e-03 7.876282260806e-03 2.371177632909e-02
-5.489928134010e-03 -1.355411969665e-03 1.512478934216e-02
8.816573360256e-06 7.770172668986e-05 -1.216074109966e-04
Mode 47
1.888625379300e-02 -8.025027225163e-03 -4.461744470183e-03
-6.624337727914e-03 -6.384301813157e-02 5.017471996983e-02
-3.685698902545e-02 6.078116688069e-02 -5.599115686447e-02
5.098310485126e-01 3.379432469931e-03 1.338767640122e-01
-3.283205557095e-01 2.411992400057e-04 -2.808893249088e-01
2.719965475730e-01 1.631157688650e-02 -5.833827096099e-02
-4.067490895027e-01 -1.668760726466e-02 -6.249707160984e-03
2.980549191086e-01 6.362555987906e-03 1.502712110219e-01
-3.358979417433e-01 -1.554848346124e-02 -3.383055987420e-02
4.892370359656e-02 1.768382150736e-03 2.878212802232e-02
-7.353154846363e-02 -1.679939448515e-03 -3.111346692594e-02
6.544677248376e-03 6.459393885804e-04 2.922741275482e-03
7.121016678275e-03 -7.598495015892e-04 1.305003091357e-02
7.366859596068e-03 -3.229898439522e-04 2.534573761353e-03
6.751774721441e-03 8.095706646648e-04 -1.208456167642e-03
-1.532149033769e-02 3.051377645706e-02 -1.674300190350e-03
-2.009686064606e-02 6.798638876213e-03 3.600258568201e-02
1.264706843779e-02 -5.964785329239e-03 1.582944050226e-01
1.195823850847e-04 -6.711028044135e-03 1.135555270257e-01
2.251862584375e-04 -4.348351287241e-05 -1.726833585846e-04
Mode 48
-7.484710651009e-03 7.089828777208e-03 9.433698463267e-03
2.314225901575e-02 2.023216739564e-03 -7.091794747502e-02
-2.847656325432e-03 -2.073109356715e-03 4.921874380395e-03
-1.044254042639e-01 -2.117442276684e-02 3.412499389174e-01
-7.176187179454e-02 1.796363084515e-02 -4.563032567730e-01
-1.656115049782e-01 -2.792126815838e-02 4.093824190313e-01
1.289540842028e-01 1.468585545840e-02 -1.454070600467e-01
-9.025271842627e-02 -2.111082475004e-02 3.499398432486e-01
2.121254547329e-01 3.163881964287e-02 -4.429269827519e-01
-6.778214162198e-03 -2.039104186948e-03 3.493311249983e-02
2.240680685465e-02 2.231394229833e-03 -5.267686347023e-02
5.252338962380e-03 2.807987988745e-03 4.267810485925e-04
-5.267184498263e-03 -3.340987928637e-04 6.440576286072e-03
5.492893951098e-03 -1.555825412355e-03 1.654374860290e-04
-1.082494791572e-03 1.676770784857e-03 -7.700164409117e-03
3.482297549992e-03 -7.227556572617e-03 2.233540154951e-03
6.490354222383e-03 -7.557749391477e-03 -2.094456242603e-02
1.097182587249e-01 1.586290321667e-03 1.242038857127e-01
8.905048753534e-02 8.083392587527e-03 -6.975058762212e-02
-7.281925444980e-05 -8.504655154656e-04 2.946512117710e-04
Mode 49
-8.871473684941e-02 9.752104263943e-02 -2.468320385493e-03
4.789932441312e-01 -5.161593870824e-01 3.698054928384e-01
-3.186788921724e-01 3.613378707241e-01 -2.915021414431e-01
-7.796205836006e-02 2.269013444404e-02 -3.034774350780e-02
1.899119214419e-02 1.223292820755e-03 -1.213989913156e-02
-1.444043292810e-02 -3.981270235829e-03 1.983018557561e-02
1.715319558994e-02 1.706016595843e-03 -3.945082584857e-03
-2.124845752296e-02 -1.391620937275e-03 -9.550376281825e-03
6.256552754307e-02 -3.288297966643e-03 2.740672606253e-02
-1.621646137534e-02 1.536346602096e-03 -1.457876593321e-02
1.150513500946e-02 -1.220456494402e-03 4.315521156979e-03
-1.440714523607e-03 -1.834260915710e-04 -1.785065107853e-05
-2.755132946521e-03 3.018014261815e-04 -2.387430906872e-03
-1.634437991147e-03 8.136892353182e-04 5.055353460967e-04
-2.374051690877e-04 -9.855361842658e-05 1.752166170262e-04
7.964976037449e-02 -1.002462955218e-01 6.556963787754e-03
-3.347635361252e-02 9.518668141411e-03 -1.807405919616e-02
6.733884286512e-03 4.075225561385e-03 -3.965060602611e-03
3.066514842503e-03 9.301221489339e-05 -4.642624825502e-03
2.537346408358e-05 1.101777452350e-05 2.865296378030e-05
Mode 50
1.370669307167e-03 -2.050323467390e-04 -1.131960588779e-04
-2.063173978236e-03 1.241951959293e-04 1.620325164772e-03
1.632287865087e-04 2.391044838862e-04 -6.986601958063e-04
7.716263025330e-03 -5.681596136501e-05 6.609867969674e-03
-2.477777964642e-01 -1.984638427679e-02 1.159497314868e-01
7.510084647815e-02 1.363341729228e-03 3.943584085889e-02
-1.001096059286e-03 -1.698047896055e-04 1.871989635728e-03
4.913103856947e-05 7.251950580623e-05 -7.560275965932e-04
1.844852616217e-03 6.565734883046e-05 -7.599136402539e-04
-4.452292410441e-04 -1.977744634230e-05 -1.020373480644e-04
-2.433018764750e-04 -3.934919167773e-05 1.874005171893e-04
3.638933896174e-05 2.317713196325e-05 -6.107850330538e-05
3.079282603554e-05 4.223096026547e-06 1.029908043018e-05
2.661905602209e-05 1.002160233278e-05 -5.478353229462e-05
-1.211438738535e-04 -4.237229444810e-05 -8.169213896269e-05
7.174207669555e-04 -2.687622109225e-04 1.599718027799e-03
-1.155502699341e-03 -2.464744917185e-05 -1.550474496857e-03
8.175726663655e-01 6.659757689052e-02 -3.947258410134e-01
-2.465649834187e-01 -2.602032396320e-03 -1.672481634134e-01
-1.809859738114e-06 4.444584474193e-06 2.806839187634e-06
Mode 51
3.743633982090e-04 -5.358305986330e-06 -1.329433582178e-04
-7.344107184388e-04 4.289125499231e-05 7.139725287086e-04
-5.590628512404e-06 1.249495047984e-04 -3.689669724744e-04
4.537465848204e-03 -1.155719851943e-04 3.092647729575e-03
-8.079457749201e-02 -7.083386892151e-03 5.146386518287e-02
-2.278276209344e-01 -2.198084572221e-03 -1.616364235464e-01
9.303858898537e-03 8.462684488439e-04 -6.915770991829e-03
1.200502627341e-03 -4.787309894861e-05 9.112277766367e-04
9.330344964511e-04 9.843708719297e-05 1.756181759988e-04
3.770491049832e-05 -5.487190250642e-06 1.001207063297e-04
1.360535293623e-04 -4.857875231255e-05 -2.402981292605e-04
-1.528342942359e-05 -1.921553640412e-05 5.436238702272e-05
-6.591351407176e-05 2.864548122627e-06 9.383604187252e-06
2.435640543089e-06 2.706920611459e-05 7.763224135397e-05
1.285170132056e-04 1.256897613251e-05 3.239872055929e-04
2.295271483047e-04 -4.563654984793e-05 2.482275197783e-04
-1.873134199521e-04 -2.336085431655e-04 -2.075035769650e-04
2.629531513288e-01 2.149410267382e-02 -1.308638231769e-01
7.469116615455e-01 7.838976234214e-03 5.175871638759e-01
3.990624017088e-06 -1.963216674027e-05 2.144918982933e-05
Mode 52
9.518504668393e-02 -1.264957509605e-01 -1.191190847345e-01
-6.587403743887e-03 2.700428737883e-03 2.558170527717e-03
-1.765511715070e-03 2.315008128992e-03 -1.054828651397e-03
6.056686416301e-04 1.602961816715e-04 1.330299310854e-03
2.974379397061e-04 4.278060619361e-04 4.292389302847e-04
-1.583143726634e-04 -3.268777211201e-05 -8.987389498191e-05
-5.583447274571e-05 2.769727647665e-05 1.237649696945e-04
5.424897235058e-05 3.598730564036e-05 1.624777970805e-04
1.780893335763e-04 -2.217708187505e-04 -3.764787123449e-04
-6.479172115953e-05 5.927903726106e-06 9.453843584065e-06
1.796499370023e-04 4.395421862087e-05 -1.312436007893e-04
-3.563710340144e-05 -3.567789992525e-05 3.502893958601e-05
-4.759494364950e-05 -4.175671699366e-06 1.251527328296e-05
-4.084601866462e-05 1.991338151813e-05 4.467191455413e-05
-3.107983104498e-06 -2.292007048057e-05 -3.794660088424e-05
-6.417551271572e-02 -3.691037537401e-02 7.429734197114e-01
-2.620219688524e-01 4.883547506398e-01 -3.099002266592e-01
-2.092212654802e-03 2.505240768626e-04 6.833547835680e-04
2.761654717361e-04 -2.077947849311e-05 2.825828096962e-04
9.143821819114e-07 -2.367954061913e-06 9.217403302574e-06
Mode 53
-6.805201450509e-02 1.582622930158e-01 -2.552239552201e-01
1.080470567526e-03 5.663221448624e-04 -4.059608867294e-03
1.261480136800e-03 -1.326418483789e-03 8.812096782157e-04
-1.553268831595e-04 1.787096215574e-04 7.440069089036e-04
1.543387469761e-04 -1.021470205950e-04 -1.320875478703e-04
-5.395115396090e-05 -4.474444122768e-05 1.097521995850e-04
1.754063436234e-04 -1.135188957063e-05 -3.290114974286e-05
-4.361068715603e-05 9.998650479237e-06 -1.793353198026e-04
-3.466952103624e-04 -2.331476622422e-04 1.162387015083e-04
5.505280217228e-05 5.372586066941e-07 5.302801501561e-05
3.409551868035e-05 -1.424104705511e-05 -1.470627055182e-05
-1.254476142072e-06 1.305361043386e-05 -3.380649043424e-06
-1.355030222574e-05 3.782660015298e-06 -4.348670138320e-06
-1.141992261172e-05 1.021694718037e-05 1.019792943996e-05
-5.319318511354e-06 1.655719571227e-05 1.275833942793e-05
-5.275845110351e-02 -2.181223801194e-02 6.106749877704e-01
2.983678171800e-01 -5.641229589095e-01 3.488816132075e-01
8.804945354975e-05 -8.941479557604e-05 7.445245689407e-05
-8.698976508450e-05 -3.749390977802e-05 -1.403531970972e-04
1.343205237964e-06 2.088904043477e-07 -4.549340484328e-06
--
Dipole derivatives 
Mode 0
2.311271109509e-02 1.052939786388e-02 -1.394894626276e-02
Mode 1
-1.387337236335e-02 -2.066843179710e-02 -2.196689207474e-02
Mode 2
-2.701910915311e-02 -1.628071003392e-02 -3.250841572262e-02
Mode 3
2.409027098222e-02 2.462782790936e-02 4.539080839209e-02
Mode 4
-1.624653799158e-02 3.683495825018e-02 1.252604699351e-02
Mode 5
-1.518353469602e-02 2.744600531551e-02 9.620981268192e-03
Mode 6
-2.859379581600e-02 2.273581036878e-02 -2.021407896955e-02
Mode 7
2.268333648331e-02 -1.782830049542e-02 -5.586349250365e-03
Mode 8
5.794114766788e-03 -1.212654028592e-02 -1.619499193711e-02
Mode 9
-5.754937438308e-02 5.377587463414e-02 1.013132232839e-02
Mode 10
-3.513256513701e-02 3.858571386442e-03 5.564583765535e-03
Mode 11
1.845841116039e-02 -1.174003974202e-02 1.264353460771e-02
Mode 12
-2.133374594519e-02 6.285710733460e-03 2.425181928248e-02
Mode 13
-7.310365589745e-02 1.057486350232e-02 -6.820638140732e-02
Mode 14
1.707176096167e-01 3.087757313234e-02 3.089636597736e-01
Mode 15
-1.042622356314e-01 4.580482874971e-03 -1.531131823570e-01
Mode 16
-2.284156958750e-02 -5.604672589722e-04 -4.578162925657e-02
Mode 17
-4.817710683888e-02 3.180022181457e-02 2.876623978388e-02
Mode 18
-3.740554753492e-02 4.004863069351e-02 -3.678446401600e-02
Mode 19
1.450188767442e-02 7.168542364594e-02 -2.362450875524e-02
Mode 20
-3.401942508517e-02 5.268111674393e-02 3.587169639668e-02
Mode 21
5.952987847570e-02 -1.331037234707e-02 -4.263412495489e-03
Mode 22
-2.730249037083e-03 -7.150797463802e-02 -8.187912854432e-02
Mode 23
-1.568558829072e-02 -4.358918048934e-02 -2.967921086693e-02
Mode 24
-1.094409821454e-01 9.976574212425e-02 -9.979435792434e-02
Mode 25
6.552974250404e-03 -2.109541091381e-02 1.371074468833e-02
Mode 26
6.285177227291e-02 -1.223471993418e-01 -9.627525297182e-03
Mode 27
1.025232503268e-02 3.618740874078e-02 -9.483260746721e-02
Mode 28
4.432562129286e-02 6.550592307606e-02 3.474074979981e-02
Mode 29
-5.547326558662e-02 -8.669577928223e-02 -2.452558069241e-02
Mode 30
1.994449289937e-02 8.052443795512e-02 -2.317476259127e-03
Mode 31
6.811606212010e-02 3.579079764216e-02 -1.860853372671e-02
Mode 32
-4.885606909689e-02 2.992931595761e-02 1.682847500673e-01
Mode 33
-1.128931686834e-03 2.178762933649e-02 -4.431162372814e-03
Mode 34
-1.508304337737e-03 1.291066179786e-02 -2.914124298566e-03
Mode 35
-1.327673197780e-01 7.948581132524e-02 -1.554645697767e-01
Mode 36
1.153740262335e-01 -6.291053448441e-02 -1.274772297537e-01
Mode 37
-3.299901718463e-01 -1.614178346370e-01 1.350042238523e-01
Mode 38
-1.427923907608e-01 -2.250254950774e-01 -8.709646704002e-02
Mode 39
1.118160135815e-01 -2.948555234440e-01 -1.465335213879e-01
Mode 40
1.374114450005e-01 -2.213286197103e-01 7.168569030675e-02
Mode 41
-1.768712734474e-01 3.599813468786e-01 -4.334970908064e-01
Mode 42
1.176439479314e-01 -1.355620670279e-01 2.088160642294e-02
Mode 43
-1.722816192708e-01 3.006350812754e-01 2.611054550021e-01
Mode 44
3.798851835096e-02 -1.231992414978e-01 -6.332799943510e-02
Mode 45
-2.931078491038e-02 3.260830411842e-02 3.240329362715e-01
Mode 46
1.032350609709e-01 -3.863969800455e-01 2.641705766576e-02
Mode 47
-7.349905142956e-03 1.405468119089e-02 -2.177496305950e-01
Mode 48
1.884411818943e-01 -2.235698965482e-01 -1.708796904457e-02
Mode 49
-3.760946555780e-01 -1.738775831536e-01 4.256471810454e-01
Mode 50
-3.444912646780e-02 2.591463030652e-02 -1.810310550453e-02
Mode 51
-1.864318327024e-02 7.458517570242e-03 -5.637689230270e-03
Mode 52
-5.370835835484e-02 2.485974650856e-01 -2.398804201433e-02
Mode 53
-1.769932648891e-01 5.855557156750e-02 9.890442112306e-02
--
Polarizability derivatives 
Mode 0
-6.166909715449e-01 6.109532642552e-01 -7.188266150661e-01
6.109532642552e-01 3.735677802303e-01 -5.205573214231e-01
-7.188266150661e-01 -5.205573214231e-01 3.050415832500e-02
Mode 1
-1.317733443487e+00 7.455849961660e-01 7.874015242875e-01
7.455849961660e-01 1.045022403036e-01 6.679920275009e-02
7.874015242875e-01 6.679920275009e-02 1.033415251068e-01
Mode 2
1.534424319425e-01 -5.002859564446e-01 2.547890880760e-01
-5.002859564446e-01 -2.798339609736e-01 -2.191350063917e-02
2.547890880760e-01 -2.191350063917e-02 4.431893712388e-01
Mode 3
-4.492827894712e-01 9.254208105821e-01 5.427671239149e-01
9.254208105821e-01 7.254249099036e-02 2.386520298950e-01
5.427671239149e-01 2.386520298950e-01 -7.339480620660e-01
Mode 4
2.454825685887e-01 2.764302786713e-01 3.997687681734e-01
2.764302786713e-01 -3.833545510846e-02 2.477571029385e-01
3.997687681734e-01 2.477571029385e-01 -2.759371860196e-01
Mode 5
-1.872113574694e+00 -3.011661011029e-01 -1.515940296264e-02
-3.011661011029e-01 6.062340550513e-01 -6.067009284071e-01
-1.515940296264e-02 -6.067009284071e-01 -2.147870366453e-01
Mode 6
-5.944408864077e-01 1.845817245598e-01 -2.344537782189e-02
1.845817245598e-01 4.990390760962e-01 1.111853112862e-01
-2.344537782189e-02 1.111853112862e-01 1.352576235789e-01
Mode 7
-4.255913188653e-02 -7.750696454535e-02 5.074166488343e-01
-7.750696454535e-02 -7.639430806879e-01 3.020109317291e-01
5.074166488343e-01 3.020109317291e-01 1.819986693599e-01
Mode 8
-9.530325318572e-01 9.244334821438e-02 4.164322348708e-01
9.244334821438e-02 -1.183031604753e+00 2.034888563899e-01
4.164322348708e-01 2.034888563899e-01 -5.603315036032e-02
Mode 9
1.054147262852e+00 -2.808644729052e-01 4.464306676263e-01
-2.808644729052e-01 1.147385572222e+00 6.212685413351e-01
4.464306676263e-01 6.212685413351e-01 2.375945964614e-01
Mode 10
6.674637197657e-01 -3.563287977104e-01 -1.811159171788e-01
-3.563287977104e-01 -3.865137507149e-01 -2.704547240226e-02
-1.811159171788e-01 -2.704547240226e-02 4.203732021817e-01
Mode 11
-9.597714223344e-01 8.953220428383e-01 -1.172728951652e-01
8.953220428383e-01 -7.316566005692e-01 3.796906273271e-01
-1.172728951652e-01 3.796906273271e-01 -1.316359912249e-01
Mode 12
1.893142074444e+00 -3.710868179369e-01 -4.967120902655e-01
-3.710868179369e-01 -8.657922279585e-01 -2.050835280149e-01
-4.967120902655e-01 -2.050835280149e-01 -9.892043706450e-02
Mode 13
-2.571833895679e+00 -2.035532925068e-01 1.024877941043e+00
-2.035532925068e-01 -7.715220980586e-01 -6.609173960530e-01
1.024877941043e+00 -6.609173960530e-01 -1.381353657116e-01
Mode 14
8.946997767257e-01 2.800607223452e-01 -1.126239501507e-01
2.800607223452e-01 2.198463715887e-01 3.496881479434e-01
-1.126239501507e-01 3.496881479434e-01 1.774405536618e-01
Mode 15
4.426873358350e+00 -1.072307148089e+00 -5.223368778488e-01
-1.072307148089e+00 5.121570939065e-01 -5.644921967370e-01
-5.223368778488e-01 -5.644921967370e-01 5.878052537056e-01
Mode 16
-9.555896145111e-01 2.875301221021e-02 -1.329916595237e-01
2.875301221021e-02 -3.350870964386e-02 -5.296022864084e-01
-1.329916595237e-01 -5.296022864084e-01 5.347277488634e-02
Mode 17
2.535783632051e+00 -7.551867571664e-01 -1.103433174264e+00
-7.551867571664e-01 1.409141040386e-01 3.259458717153e-01
-1.103433174264e+00 3.259458717153e-01 1.322749466535e-01
Mode 18
-2.488612750220e+00 4.355741369022e-01 1.300519087883e+00
4.355741369022e-01 5.749974751423e-01 -5.138943710089e-01
1.300519087883e+00 -5.138943710089e-01 1.215022167105e-01
Mode 19
-3.377767433674e+00 6.796145226911e-01 7.036688489488e-01
6.796145226911e-01 4.954714731927e-01 -3.859801111002e-01
7.036688489488e-01 -3.859801111002e-01 9.162505730703e-01
Mode 20
-1.375296973540e+00 8.012381270036e-02 8.615040110221e-01
8.012381270036e-02 3.493878031752e-01 -1.524892531765e-01
8.615040110221e-01 -1.524892531765e-01 -3.702073302679e-01
Mode 21
-2.206857424981e+00 7.843138372236e-01 3.131457051016e-01
7.843138372236e-01 6.318061563344e-01 5.529174736879e-01
3.131457051016e-01 5.529174736879e-01 1.041116328668e+00
Mode 22
7.254502461633e-01 -1.919303939838e-01 -4.159770874729e-01
-1.919303939838e-01 -7.649004483970e-01 4.519502279087e-01
-4.159770874729e-01 4.519502279087e-01 1.891428387373e+00
Mode 23
-6.623334075141e-01 -6.773252630474e-02 2.093737964246e-01
-6.773252630474e-02 2.947132668047e-01 2.441641546030e-01
2.093737964246e-01 2.441641546030e-01 2.647716094083e-01
Mode 24
5.771044922827e-01 -2.204311455441e-02 1.969789166524e-01
-2.204311455441e-02 3.195951164372e-01 -5.072343220514e-01
1.969789166524e-01 -5.072343220514e-01 6.865538467126e-01
Mode 25
-1.780369460919e+00 8.593764928978e-01 1.198838752381e+00
8.593764928978e-01 -5.821975331151e-01 -5.749544693286e-01
1.198838752381e+00 -5.749544693286e-01 -1.246061011877e+00
Mode 26
-3.975182504829e+00 8.886857817905e-01 1.766756507257e+00
8.886857817905e-01 2.887126859190e-01 -4.028576718105e-01
1.766756507257e+00 -4.028576718105e-01 -9.007329390700e-02
Mode 27
-3.088676938221e+00 8.921726642832e-01 6.069523778303e-01
8.921726642832e-01 -1.691111171161e+00 -6.961078187587e-02
6.069523778303e-01 -6.961078187587e-02 -2.087512067124e+00
Mode 28
2.835753634668e-01 -2.630231345407e-01 -2.462410478553e-01
-2.630231345407e-01 1.039767946499e-01 -9.180396664058e-02
-2.462410478553e-01 -9.180396664058e-02 6.358987230225e-01
Mode 29
-5.755481464683e-01 -2.392939413933e-01 1.123334725996e-01
-2.392939413933e-01 2.350117019365e-01 5.408293319055e-01
1.123334725996e-01 5.408293319055e-01 -3.978075184163e-01
Mode 30
-2.678789383737e+00 1.201673738975e+00 -6.057999508363e-02
1.201673738975e+00 -8.353274269512e-01 7.605926198008e-02
-6.057999508363e-02 7.605926198008e-02 4.648203790902e-03
Mode 31
-3.966378444372e-01 -5.695558003735e-01 -3.115156827091e-01
-5.695558003735e-01 6.298320322050e-01 -7.372023413080e-03
-3.115156827091e-01 -7.372023413080e-03 -8.406286310013e-02
Mode 32
-9.550927742880e+00 4.090831547678e+00 3.161153893151e+00
4.090831547678e+00 -1.048660895907e+00 -9.817958174116e-01
3.161153893151e+00 -9.817958174116e-01 -1.582168681119e+00
Mode 33
-1.039813754388e+00 1.063288439433e-01 1.442065151649e-01
1.063288439433e-01 6.980566230350e-02 1.859117020244e-01
1.442065151649e-01 1.859117020244e-01 -8.977935399132e-03
Mode 34
-7.337794465308e-01 2.405207558586e-01 8.493027887905e-01
2.405207558586e-01 -1.893830210936e+00 4.962008841121e-01
8.493027887905e-01 4.962008841121e-01 -1.304067707588e+00
Mode 35
-6.344030626592e+00 2.517296646947e+00 1.682654812265e+00
2.517296646947e+00 -8.139712332276e-01 -1.014144340895e+00
1.682654812265e+00 -1.014144340895e+00 -1.694401968513e+00
Mode 36
-9.325233746618e+00 4.140752018792e+00 2.294003131235e+00
4.140752018792e+00 -2.072282087034e+00 -1.165400124361e+00
2.294003131235e+00 -1.165400124361e+00 -7.887423354527e-01
Mode 37
3.328613974086e+00 -1.531338750314e+00 -1.120157705175e+00
-1.531338750314e+00 2.300105822879e-01 8.231458713927e-02
-1.120157705175e+00 8.231458713927e-02 5.562412357824e-01
Mode 38
-5.825652397796e+00 1.990328090546e+00 1.563736788429e+00
1.990328090546e+00 -1.969701354969e+00 -3.171506546648e-02
1.563736788429e+00 -3.171506546648e-02 -5.895120347808e-01
Mode 39
4.466053312808e+00 -1.799383911943e+00 -1.615099483790e+00
-1.799383911943e+00 1.723330488988e-01 4.211856688301e-01
-1.615099483790e+00 4.211856688301e-01 1.212961965781e+00
Mode 40
-1.130982488752e+01 5.446460256309e+00 2.810613370903e+00
5.446460256309e+00 -2.932645426946e+00 -1.329117102422e+00
2.810613370903e+00 -1.329117102422e+00 -3.111073972717e+00
Mode 41
-3.956622528604e+00 1.526162913211e+00 1.382407406747e+00
1.526162913211e+00 -1.210098087050e+00 -7.103437804148e-01
1.382407406747e+00 -7.103437804148e-01 3.004375403779e-01
Mode 42
-1.793377278320e+00 1.158498109688e-01 -1.429595996390e+00
1.158498109688e-01 6.403238642148e-01 -2.043256535642e-01
-1.429595996390e+00 -2.043256535642e-01 2.555411623749e+00
Mode 43
6.510422252947e-01 1.597042433870e+00 -7.863759976250e-01
1.597042433870e+00 -2.976795999818e+00 -9.330506304755e-03
-7.863759976250e-01 -9.330506304755e-03 -3.870474368879e-01
Mode 44
-4.562201627279e+00 2.079290968980e+00 2.939256050210e+00
2.079290968980e+00 -1.425932758939e+00 -3.883424214544e-01
2.939256050210e+00 -3.883424214544e-01 -1.311615579101e+00
Mode 45
-4.767898092666e+00 9.677782534872e-01 2.058377126265e+00
9.677782534872e-01 1.541933916441e+00 -8.699801006173e-01
2.058377126265e+00 -8.699801006173e-01 -3.906041430451e-01
Mode 46
1.267871507329e-01 -9.713485511938e-01 -4.763395552622e-01
-9.713485511938e-01 -5.976424628130e-01 8.508953693002e-01
-4.763395552622e-01 8.508953693002e-01 3.226612326287e-01
Mode 47
-1.271821692573e+00 -4.554787624593e-01 -9.292667534856e-01
-4.554787624593e-01 8.778474918638e-01 -1.913168940817e-01
-9.292667534856e-01 -1.913168940817e-01 4.754001411332e-01
Mode 48
1.893596605380e+01 -1.050299684268e+01 -8.088013079207e+00
-1.050299684268e+01 5.662051593554e+00 5.106166265033e+00
-8.088013079207e+00 5.106166265033e+00 4.754237330643e-01
Mode 49
-5.695210096549e+00 2.815376847231e+00 3.447568569317e+00
2.815376847231e+00 -2.678343248463e+00 -1.110046276128e+00
3.447568569317e+00 -1.110046276128e+00 -2.523279619485e+00
Mode 50
-3.511607608603e+00 3.027471098041e+00 -3.388990814471e+00
3.027471098041e+00 -2.740277246803e+00 3.218002609692e+00
-3.388990814471e+00 3.218002609692e+00 -1.402349395693e+00
Mode 51
-8.886802789306e-01 9.863204912853e-01 -1.929617970383e+00
9.863204912853e-01 -1.494413431472e+00 1.068451718384e-01
-1.929617970383e+00 1.068451718384e-01 -8.484444596323e+00
Mode 52
6.639274038384e+00 -4.677880058793e+00 -2.606476593971e+00
-4.677880058793e+00 1.092027570587e+01 -1.436408530060e-01
-2.606476593971e+00 -1.436408530060e-01 1.919276667895e+00
Mode 53
1.588808650990e+00 -5.990161061937e+00 5.409896608141e-01
-5.990161061937e+00 4.184522405760e+00 2.746107621787e+00
5.409896608141e-01 2.746107621787e+00 -1.100870239837e+00
--
