Number of atoms 
21
--
Anisotropy 
59.878
--
Frequencies 
19.472626449257
28.241265514817
51.901527364857
55.723685428920
96.560355896547
109.704305604863
173.674978358627
176.609105968631
215.766665385392
299.349995246177
323.867626963844
345.384035964609
364.013149834682
417.111909868818
444.118898453362
491.692558007942
523.713615186460
590.500458906609
596.162524941165
609.226734274979
654.129192655137
670.022076293397
757.629280846409
805.823563560264
817.025012904170
831.543041315194
908.899384836164
953.574096240063
970.755156584236
1009.234114275725
1018.939646009293
1080.522979707838
1098.495099142245
1130.347291415386
1158.164986843169
1165.364414811326
1201.925400427647
1215.305871600470
1235.038568835576
1278.529250949924
1313.744077060518
1332.444167714634
1362.601695627864
1372.562157048319
1460.370474149590
1467.170488048625
1493.030850343512
1495.888236822636
1629.151039061382
1660.157624465738
3039.324207089247
3071.968046110574
3129.661891088267
3158.929942435264
3160.079121456543
3178.674926737829
3203.760074015916
--
Displacements 
Mode 0
-3.587895848367e-02 -5.206404875778e-01 -7.646647151380e-02
-1.071109020291e-02 -2.186017072602e-01 -4.774495335162e-02
-6.924478253557e-03 -1.031170133395e-01 -6.066387599177e-02
8.359652821584e-02 -6.778871390391e-02 3.589929092294e-03
1.586304772416e-01 -8.307829550607e-02 3.806138528585e-02
2.627213516657e-01 -4.790841147272e-02 1.211393939450e-01
2.894393875891e-01 1.876043082935e-03 1.681600937692e-01
2.321547268102e-01 1.867697669284e-02 1.411613363356e-01
1.152308793108e-01 -1.626661815976e-02 5.040171577102e-02
2.832738266712e-02 5.856436413423e-03 2.036845613897e-03
4.724237384650e-03 -1.464345419422e-01 -1.012372738912e-01
-1.092249933933e-01 1.214309548447e-01 -3.935810973259e-02
9.763078015962e-02 6.988624708694e-02 8.110554758293e-02
-2.878633756585e-01 3.366557462583e-01 -5.890065089111e-02
1.027591340368e-02 -6.522125824365e-02 1.940487593585e-03
-1.469103630595e-02 -6.477802905842e-02 -2.699850901376e-02
-3.571390187582e-04 -1.441992800251e-02 -1.809833398611e-02
-2.129800138239e-02 -2.473784020994e-02 -3.235993812784e-02
3.976254517413e-02 -3.558709692410e-02 6.179290743624e-04
9.349527578599e-02 -1.706704232546e-02 4.350945991257e-02
1.080080807185e-01 8.843909516176e-03 6.875442511517e-02
Mode 1
7.146061055553e-02 3.027761388803e-02 1.553351982011e-01
-3.370198286498e-02 -1.360459243936e-01 9.511852563500e-02
-5.667624559193e-02 -1.204536925055e-01 1.696285521685e-01
-7.590639469030e-03 -7.450546900432e-02 1.300129581511e-01
1.178022046995e-01 -8.880072511021e-02 2.199129679202e-01
1.434588158748e-01 -5.865607338145e-02 1.740076858370e-01
4.109154980004e-02 -1.204721625915e-02 3.656290096436e-02
-8.180076500586e-02 4.186760745932e-03 -5.206287642922e-02
-9.916251197191e-02 -2.529337924008e-02 -4.448282975081e-03
-2.141368144528e-01 -1.858124809151e-03 -8.654591876386e-02
-4.337955126991e-01 -1.412588108298e-02 7.391700749372e-02
-9.381523066476e-02 -1.033528939242e-02 -1.564933506375e-01
-4.047211250027e-01 4.516600217895e-02 -3.269925836727e-01
3.049871048951e-01 1.255294830427e-01 -1.264531933907e-01
-1.957224553578e-03 -5.604833883235e-02 -7.121940630608e-04
-2.595422284658e-02 -5.509339836183e-02 4.265421970539e-02
-3.503788931565e-02 -5.787444117563e-02 4.922329269201e-02
-1.821490068384e-02 -2.435650562433e-02 7.530952466847e-02
5.689023699355e-02 -3.498886884802e-02 9.548351195538e-02
7.038291641456e-02 -2.019649112806e-02 7.091165092444e-02
1.641644307812e-02 3.884318573668e-03 -1.285427129078e-03
Mode 2
-8.791937870625e-02 7.030599672019e-01 3.112273361364e-02
-1.558792095490e-02 -8.854589390482e-02 1.656129902109e-02
-9.154917865625e-03 -1.105542418347e-01 -9.459778548838e-03
1.408977252979e-02 -9.159611780375e-02 -2.548875203075e-02
4.577174612013e-02 -1.036436747591e-01 -2.644541684479e-02
1.117729736663e-01 -8.377475621394e-02 3.004327924111e-02
1.490891515457e-01 -5.267104928361e-02 8.963451343168e-02
1.211441980318e-01 -4.533145917509e-02 8.610414827521e-02
4.787724950251e-02 -6.220981352473e-02 2.382219654375e-02
-1.783152030229e-02 -5.260436672228e-02 -3.054749929650e-02
9.084670750635e-03 -2.962460993164e-01 -2.819501978012e-01
-2.991959708470e-01 1.300607315457e-01 -1.005135603387e-01
1.257669892462e-01 -2.259312965267e-02 1.765476226846e-01
-3.337144259978e-02 -3.358288721532e-02 7.613530348923e-03
1.702106594633e-02 -6.582020196936e-02 -6.139624053905e-02
-2.237535233971e-02 -6.630561404184e-02 7.757820190352e-02
1.003395134190e-03 -4.114973923712e-02 -2.112461777890e-03
-4.739689760861e-03 -2.711261903029e-02 6.816136860880e-03
7.389932647421e-03 -3.744884670956e-02 -1.690495231390e-02
3.992968179462e-02 -2.631696944519e-02 1.034981800943e-02
6.047686862253e-02 -9.940470825076e-03 4.196581773154e-02
Mode 3
-1.073397152393e-01 3.377758286435e-01 -1.126363374979e-01
4.351575259572e-03 -2.411858793228e-02 -6.814117151628e-02
9.395341016751e-03 -3.698739795052e-02 -7.686616900455e-02
3.182168446581e-02 -3.219858399949e-02 -5.049902848713e-02
5.333757814333e-02 -3.002014883337e-02 -1.982147131234e-02
1.357447728649e-01 -2.149909605929e-02 1.025565314693e-01
1.989740059281e-01 -1.641054087576e-02 1.941736325941e-01
1.796372394413e-01 -2.143220385483e-02 1.588768615474e-01
7.878471893872e-02 -2.950300663998e-02 1.751723608464e-02
9.099570348488e-02 -3.025920247677e-02 3.336018431351e-02
3.482425166691e-03 1.841722528625e-01 3.700425376639e-01
4.704042033538e-01 -2.406194909033e-01 8.335520955845e-02
-9.819489302842e-02 -5.757982237987e-02 -2.771106159691e-01
-2.802940383598e-01 -3.392884062338e-02 -8.707938989634e-02
1.202057256964e-02 -2.453364883817e-02 -4.666609829940e-02
-5.194221228257e-03 -2.532410656613e-02 1.531710215920e-02
-9.941356138634e-04 -1.427803281911e-02 -2.217575198722e-02
3.812786457627e-03 -9.079043616868e-03 -1.668506206878e-02
4.534287751364e-03 -1.003505442354e-02 -2.150717000578e-02
4.548395853156e-02 -5.096486713049e-03 3.978816857933e-02
8.050359224210e-02 -2.273377253225e-03 8.964046711040e-02
Mode 4
-1.463240303817e-01 5.990599939483e-02 3.222210886697e-01
8.995817876686e-03 -1.335936282575e-01 1.932732142042e-01
6.731528224548e-02 2.603188260984e-02 7.137841985683e-02
1.156728289245e-01 4.458994085654e-02 1.000719379117e-01
2.518171580765e-01 6.698206062169e-02 3.137081188361e-01
1.554857889899e-01 4.542724320673e-02 2.035025140517e-01
-9.934496278497e-02 -2.293814835664e-03 -1.665980108938e-01
-1.716772849902e-01 -1.848190882441e-02 -2.989416953341e-01
-1.704355865156e-02 1.071124585647e-02 -1.024089734016e-01
8.875087367269e-02 -6.742650181523e-03 -2.315359626468e-02
2.697129120855e-01 1.284131265442e-01 -7.686342909152e-02
7.389740079546e-02 -1.170362654500e-01 6.768968728534e-02
1.840909108439e-01 -6.666520056379e-02 9.123844189146e-02
-2.134069775408e-01 -1.123065549421e-02 -2.429691249284e-01
4.587050480335e-02 -6.883159183015e-02 4.707143452985e-02
-2.218042775685e-02 -6.677378723813e-02 8.884076210126e-02
4.548388226709e-02 3.555876649239e-02 2.024897300656e-02
-1.077783784286e-02 1.108666438655e-02 -1.792413626511e-02
1.202481152917e-01 2.918066037629e-02 1.600252048494e-01
7.420817610239e-02 1.902156438264e-02 1.081143694578e-01
-6.906447526132e-02 -7.082219199807e-03 -1.016560965509e-01
Mode 5
1.644224249755e-01 8.661977438470e-02 -5.946575373098e-01
1.517833715071e-02 -6.731207813298e-02 -3.488855101449e-01
-7.526145822266e-02 -2.841026474799e-02 -1.121617515271e-01
-8.837792951932e-03 -1.966240553650e-02 1.886129390975e-02
1.246123712253e-01 2.100377390932e-03 2.233165132968e-01
1.188240498986e-01 1.286040386743e-03 2.099267104867e-01
-6.106198135316e-02 -1.990696183758e-02 -5.188962477291e-02
-1.519379190888e-01 -3.213429378834e-02 -1.919098983244e-01
-9.253841446969e-02 -2.916775306670e-02 -9.858857145867e-02
-6.061392968631e-02 -1.976081714517e-03 2.620200016433e-02
1.868342762068e-02 1.173548305083e-01 3.457735316503e-02
-1.747265360767e-01 -1.477786559781e-01 1.795094353942e-01
-9.899153354043e-04 7.159080357640e-02 1.339296991257e-01
3.333094872032e-02 7.133832987184e-03 2.224787438289e-01
7.162050378592e-03 -3.555839651331e-02 -1.360946120480e-01
-2.443225974398e-02 -3.603551398165e-02 -1.019114497990e-01
-8.069120846011e-02 -9.584994475604e-03 -3.485634990685e-02
-1.075595492987e-02 -5.250725337152e-03 -5.907763149597e-03
6.815241301656e-02 6.468946089600e-03 1.119186683416e-01
6.910136089523e-02 4.206977664047e-03 1.095309721958e-01
-3.545432056555e-02 -8.187359391814e-03 -3.953293119484e-02
Mode 6
-9.872145381631e-02 -6.669078914315e-02 2.114699572933e-01
-7.724651078483e-02 1.959691300393e-01 1.022155488230e-01
-1.085524813923e-02 1.930464358031e-02 -1.490735101289e-01
-1.634838749996e-01 -3.842925627425e-02 -2.925557720991e-01
-8.916545376111e-02 -1.872088815483e-02 -1.625009157000e-01
1.298732519542e-01 3.211891334294e-03 1.603349725516e-01
1.863256681437e-01 -6.026861394240e-03 2.381917615584e-01
6.743390167682e-03 -3.339995833238e-02 -5.131162518552e-02
-1.607720065331e-01 -5.329418867643e-02 -2.888317915646e-01
-9.905664665049e-02 -2.376042975558e-02 -1.149572508173e-01
9.608513574927e-02 2.568783923879e-01 -1.309137436251e-01
-2.680682439537e-01 -3.526528190893e-01 1.553614497654e-01
-7.791038798554e-03 7.451119894360e-02 1.143353111947e-02
1.495041277993e-01 8.985756203303e-03 2.970946744834e-02
-5.639243645747e-02 9.563617954962e-02 7.461845522937e-02
3.311044828443e-02 9.782992761075e-02 9.076365069715e-03
6.906123543891e-02 5.707390530604e-03 -4.074030100100e-02
1.510216164974e-03 -8.058412573778e-03 -7.140747413360e-02
-3.368833238631e-02 -4.235319209128e-03 -5.816268125875e-02
7.830518060452e-02 7.187288588731e-03 1.091686958480e-01
1.107730869201e-01 2.734978239417e-03 1.565859216484e-01
Mode 7
6.271545240816e-02 1.252552740221e-02 -7.106791972148e-03
2.865354434905e-01 4.868990834213e-01 1.693697828155e-02
2.958313251153e-01 6.121829470040e-02 4.414177902901e-02
1.383135580107e-01 -5.481555546541e-02 5.579464700048e-02
1.211528715052e-01 -3.682748382200e-02 7.781236821749e-02
7.172752483603e-02 -5.401738968614e-02 6.489309886189e-03
1.989323255011e-02 -9.590487544391e-02 -7.774282641231e-02
6.745866483758e-02 -1.116436835903e-01 -8.291786027990e-02
1.119584933840e-01 -1.075149999683e-01 1.399982288295e-02
-2.452889816780e-02 -5.024487348805e-02 5.722039411754e-02
-2.228014906520e-01 -2.160816804174e-01 1.481724615374e-01
-1.578265162778e-01 -6.107210861223e-02 1.194194816616e-01
-1.705980275137e-02 2.257974784958e-01 3.408955045984e-02
-2.028961531782e-01 -2.463063610410e-02 -1.233025565586e-01
-1.279253363496e-02 2.305019046480e-01 8.166075090641e-02
1.933735585687e-01 2.281041020256e-01 -4.848154392357e-02
6.377637113545e-02 1.232345986048e-03 1.287808125618e-02
1.470955902443e-01 -6.348711024005e-03 4.813950055133e-02
4.374073956215e-02 -5.205069954337e-03 3.622470953825e-02
1.666944834946e-02 -1.403372519965e-02 2.809554694956e-03
-1.611161163404e-02 -3.476214392149e-02 -4.187170238236e-02
Mode 8
8.800527750978e-02 -1.121749943026e-02 -7.330094001196e-02
-3.364144323922e-02 3.288943417602e-01 -2.633761073406e-02
-1.227739143046e-01 -1.534875628889e-01 2.668096439132e-01
-1.318286443156e-01 -1.081363174098e-01 1.034629144189e-01
3.657906415521e-02 -2.102534264769e-01 1.625631144644e-02
1.980249239805e-01 -1.043880987261e-01 -4.118734066330e-02
1.571121050304e-01 9.227608010652e-02 -5.962876576065e-02
-5.950334405647e-02 1.840804072093e-01 -1.617153986456e-02
-1.596620880400e-01 8.329357112883e-02 5.802160463469e-02
-3.993013358615e-02 3.389346006528e-02 5.798867018607e-03
1.969977045356e-01 1.806595377324e-01 -1.355445203244e-01
1.207047605354e-01 1.327718526066e-01 -1.153803600184e-01
-5.516414844406e-02 -3.964165327225e-01 1.032922444154e-01
-8.366467978626e-02 -1.429078408854e-02 -1.323909860847e-02
-1.225024399123e-01 1.735401100828e-01 1.795557383932e-02
7.860403713375e-02 1.719575188331e-01 -6.677758791307e-02
-1.150868503106e-01 -1.392517966432e-01 7.843002966955e-02
4.390103123732e-02 -4.301997594087e-02 1.972463226279e-01
1.633695516884e-02 -1.049874492592e-01 8.680480397534e-03
1.014902544748e-01 -4.779462545047e-02 -1.985969638029e-02
8.479521937931e-02 5.746713780935e-02 -3.169671432659e-02
Mode 9
4.063042798113e-01 2.399758592799e-02 -2.211897828159e-02
2.092659361964e-01 -1.393235133441e-01 3.140012903169e-02
1.054469101469e-01 -1.133746292730e-01 3.575826285144e-01
1.184169022884e-01 1.344153246284e-02 1.026357559391e-01
-7.632890375195e-02 4.527212119612e-02 -1.847725438517e-02
-2.223174914783e-01 -1.060623435326e-02 -4.374140385841e-02
-3.947270469525e-02 -3.552549877395e-02 2.078868878692e-01
1.561970412597e-02 -7.687031703879e-02 1.347888112285e-01
2.455631079947e-03 -2.730108862706e-03 -7.839469088907e-02
-8.620157079531e-03 4.127041669923e-02 -1.436455006714e-01
1.677073002962e-01 2.621733322399e-01 -1.930854479629e-01
-1.404031998741e-01 -1.472182179921e-01 1.088869772981e-02
5.219927406739e-02 2.052130491748e-01 -1.459887398191e-01
-2.112409409896e-01 -2.022157385716e-02 -5.431072669395e-02
7.050850412161e-02 -6.704423266107e-02 -4.251641691952e-02
1.583395555311e-02 -7.032833661094e-02 1.756384374304e-02
-5.271036588534e-02 -1.560391210780e-01 1.056916998642e-01
4.654606528130e-02 5.969428663556e-03 2.340324116655e-01
-3.139740968051e-02 4.336135092344e-02 -1.529668085708e-02
-1.082583745469e-01 3.995504908764e-04 -4.851631360394e-02
1.415565286341e-02 -1.678252423032e-02 1.224972690834e-01
Mode 10
-1.313025057244e-01 -2.589090898027e-02 -5.776427278958e-03
-2.215481687110e-01 1.174160226810e-01 -2.099813014716e-02
-2.556558428273e-01 -2.086533555804e-01 1.560663868561e-01
-8.305516278572e-02 -3.275177704207e-02 -1.406387396529e-01
-4.645688298334e-02 -1.223998101622e-02 -3.155418820960e-02
-5.329662536400e-03 -5.377713916274e-02 2.055643853762e-01
-1.163809120059e-01 -1.011436755551e-01 4.506414178165e-02
-1.261963027897e-01 -1.298312665661e-01 -8.005697837005e-02
4.665239477626e-02 -1.989416936650e-02 -5.802986250501e-02
1.791562199796e-01 3.181478293469e-02 -3.365416199963e-02
1.040858546651e-02 -1.912312736594e-01 2.108055314610e-02
2.505982208385e-01 9.836521890573e-02 -9.870850431060e-02
3.012221339016e-01 4.673648301776e-01 -9.846513235929e-02
6.199246213077e-02 3.407212771022e-03 2.397532857171e-02
-1.438050563874e-01 8.310917992633e-02 -2.759165677340e-03
-8.036225908011e-04 8.196556768209e-02 -3.077074264534e-02
-1.354055895090e-01 -2.103178430864e-01 4.915563086125e-02
-4.727950455136e-02 -1.875267464566e-02 1.956238781072e-01
-1.314517635187e-02 2.335401991732e-02 -4.635214219856e-03
2.368112192674e-02 -3.423749010302e-03 1.243685324176e-01
-4.666113157606e-02 -3.625977540941e-02 8.992512094871e-03
Mode 11
-5.396217744611e-03 1.049384022903e-02 2.391864625796e-02
1.640890346796e-01 -4.292568867572e-02 1.074836920353e-02
2.074550891297e-01 -1.076237433097e-01 -2.101584161578e-01
-2.078635983025e-02 -2.294397748869e-01 -7.070633118546e-02
-1.121216731468e-01 -2.000569915462e-01 9.539699521350e-03
-7.537816442276e-02 -2.236096419818e-01 1.768246046511e-01
-1.220210442519e-01 -1.770730133761e-01 8.793288325807e-02
-1.331304062704e-01 -1.981879369546e-01 -1.220388619176e-02
-8.852437461775e-03 -8.781293081232e-02 -3.046700073224e-03
-2.208937071142e-02 1.431847844972e-01 4.578852174994e-02
7.533000150729e-02 3.866963295444e-01 9.054897968675e-02
4.275024482688e-02 4.932833418569e-01 -1.765525379824e-01
-4.872834080594e-02 5.111092984134e-02 7.413177930594e-02
-3.073687456267e-03 1.413488308914e-04 -8.769781240554e-03
4.710729658119e-02 -5.706047643151e-03 1.853256150617e-02
7.357444122376e-02 -5.782376351763e-03 2.255060439775e-02
1.215937163871e-01 5.645360514971e-02 -6.221664298814e-02
7.059270395917e-02 -7.177043251390e-02 -1.521497194301e-01
-4.246123230217e-02 -2.937812654753e-02 -7.970524107083e-03
-9.484948725429e-05 -6.317738816310e-02 8.051718187074e-02
-3.733732238672e-02 -5.248406891612e-02 2.373997846430e-02
Mode 12
-4.679861746232e-01 -2.525498030041e-02 -8.515065731385e-02
-9.020906114655e-02 1.021266543933e-01 -5.305091554943e-02
-5.621525848658e-02 -5.204448250493e-02 -6.167391112929e-02
7.157972948427e-02 -7.039405153860e-02 1.779370582896e-01
1.801367766144e-01 -8.555821796214e-02 3.001989426942e-01
-1.543973202184e-01 -1.352936094757e-01 -1.975862255197e-01
-6.889854872402e-02 -8.322263567381e-02 -6.497866846182e-02
1.748594655565e-01 -3.645079594717e-02 3.303690000623e-01
4.274316718266e-02 -2.735997918619e-02 8.120660469267e-02
-1.342456274343e-02 2.591059805484e-02 -8.664894761903e-02
1.793933428808e-01 2.200374031818e-01 -1.759541329509e-01
-1.126250755423e-01 -1.151644447370e-01 2.710507642846e-02
-2.284511562699e-02 1.560183445963e-01 -1.695730324605e-01
1.594299104368e-01 1.547510418411e-02 3.152106377774e-02
-6.977483750978e-02 7.122329458918e-02 2.244429888360e-02
3.573764092669e-02 7.092124407630e-02 -2.684300288392e-02
-3.590924885494e-02 3.334036141779e-02 -2.019335532022e-02
-2.216670263250e-03 -3.042043736671e-02 -3.970799119055e-02
9.085361973580e-02 -2.041182665779e-02 1.441508726479e-01
-1.062629023355e-01 -4.971745425962e-02 -1.544770450543e-01
-4.183436727110e-02 -2.154890109129e-02 -6.457816620090e-02
Mode 13
6.117102117437e-01 6.075435751893e-02 2.025739717587e-01
-2.302593719404e-01 7.102843104089e-02 2.924741941661e-02
-1.720597549921e-01 5.052059072577e-02 -2.458770292300e-01
-1.792693968514e-01 -8.033660477958e-02 -1.768547146712e-02
5.591800745758e-02 -1.326239129082e-01 1.659135509687e-01
2.233040901146e-02 -1.141858214369e-01 -4.868589784158e-02
-4.337590541738e-02 -2.024689971998e-02 -1.163069321161e-01
3.332866406316e-02 5.378468729435e-02 1.881320634371e-01
-6.579289880185e-02 3.632817805976e-03 7.861855334020e-02
1.759430773259e-02 3.726800365120e-03 -1.489783884569e-03
5.762184164545e-02 -6.710383539239e-02 -1.118403463292e-01
1.006422762069e-01 -6.884894946095e-02 2.062987519572e-02
1.547939679158e-02 2.096921688101e-01 -8.226820543277e-02
-1.551295972191e-01 -1.645263012166e-02 -1.299980248992e-02
-9.024356269953e-02 3.486022765017e-02 1.106268999469e-02
-4.582075025960e-02 4.472487051756e-02 -1.866849507860e-02
6.737081505219e-02 1.745106152938e-01 -7.385239134839e-02
-7.213183775519e-02 -3.505461310273e-02 -2.469054977631e-01
4.743232394421e-02 -6.191308822897e-02 9.122971282774e-02
1.645921614420e-02 -4.412165509006e-02 -3.686784551674e-02
-2.552029536107e-02 8.074260108593e-03 -9.408553426856e-02
Mode 14
-1.652950933930e-01 -1.181463311142e-03 -1.020229253317e-01
1.496316539524e-01 -5.003308846230e-02 1.177867000442e-02
1.334587983707e-01 1.061495273902e-01 3.019242665270e-02
-3.285407370286e-02 -8.603237012237e-02 3.664681816660e-01
-2.314227691537e-01 -2.140030093164e-01 -8.925538752767e-02
7.721254558112e-02 -1.042465030746e-01 4.671107939044e-02
7.900896007813e-02 1.098332811631e-01 9.529538578940e-02
-2.875372221617e-01 1.640245796397e-01 -1.345314422655e-01
-1.272699052381e-01 7.508447334668e-02 1.947131598361e-01
-1.106367835581e-02 2.002580710184e-02 1.554946076359e-02
8.053677638326e-02 -1.646622335196e-01 -2.632453773170e-01
2.141738286832e-01 -1.696344239072e-01 1.000435752106e-01
-2.469975788142e-02 2.965690837415e-01 -6.839229150671e-02
3.696862422685e-02 4.734020089108e-03 1.058534907209e-04
8.001226760011e-02 -3.488426389937e-02 6.356451023456e-03
7.385465573149e-03 -3.840351950105e-02 8.577205925362e-03
4.912242729154e-02 1.972782297459e-01 2.523558167359e-03
5.954455078438e-02 -2.945616992328e-02 -1.275856940137e-01
-1.400327566481e-01 -1.174417050602e-01 -1.369618462875e-01
5.818637768197e-02 -5.345053815845e-02 -2.032130959001e-02
7.280363359976e-02 6.343714830822e-02 3.062489091548e-02
Mode 15
-6.553714113733e-02 -1.437088288517e-02 -3.036497767243e-02
1.830361539779e-01 -5.076898888367e-02 1.786339853890e-02
1.499195863271e-01 -7.630269486644e-02 -1.445248639852e-02
-1.627957245304e-01 -9.246115745766e-02 -1.809385069618e-01
2.636854100985e-02 -2.330865483553e-02 2.322889995687e-01
-1.489000054769e-01 1.493575312663e-02 -1.456484023552e-01
-1.865524583727e-02 1.496731689016e-01 4.852655965962e-02
5.598667482944e-02 1.515518893452e-01 1.495771197878e-01
-2.744066810129e-01 4.296220865488e-02 -2.728761105883e-01
-1.033731927255e-01 2.804301544897e-02 -6.091468242198e-02
-3.000954661929e-01 -5.419903933825e-02 -6.305137681499e-02
3.436887187777e-01 -1.206024502256e-01 -1.539395159483e-01
1.475701458599e-01 9.065319131498e-02 3.762052645742e-01
1.071144359667e-02 1.492326693483e-03 -4.305286175522e-03
8.700399715848e-02 -3.802265214493e-02 -2.143443873257e-03
3.238717651955e-02 -3.681509713498e-02 2.748708004150e-02
5.134130549442e-02 -6.658966383509e-02 -2.195158814410e-03
7.218805053839e-02 -2.852918566308e-02 2.419301231209e-02
1.054439880084e-01 1.242844035043e-02 2.102472528598e-01
-1.392794765075e-02 -1.120048184258e-02 -6.061347666654e-02
4.987399365789e-02 5.418767647541e-02 8.337584162101e-02
Mode 16
-4.037309433504e-02 -1.031301652474e-02 1.936333799631e-02
1.841751631883e-01 -5.237349434430e-02 -4.193377113138e-03
1.361475749002e-01 -2.528992395195e-01 -7.573783575069e-02
-1.255872893457e-01 -1.270946644928e-01 -3.173532226920e-01
-1.339493038163e-01 2.794344044508e-02 3.844053405723e-02
9.373820158625e-03 1.279933678422e-01 1.939265171534e-01
-2.182828701427e-01 2.042214185406e-01 -1.530689824360e-01
1.455340096268e-01 1.623299015854e-01 1.296167991016e-01
7.510969380640e-02 8.788838319671e-02 1.055712608922e-01
7.615467372911e-03 6.275866092364e-02 1.254241604259e-01
1.898196270734e-01 -1.744267105908e-01 -2.057593931257e-01
1.334070484791e-02 3.444350024585e-02 3.053575340717e-01
-2.790397309667e-01 -1.586796632856e-02 -1.854546908280e-01
4.518228984663e-03 2.296032669273e-04 -3.935902834583e-03
3.900277884017e-02 -6.502622256361e-03 -1.894897340786e-03
8.570179918406e-02 -9.107954026141e-03 2.766242196754e-02
3.955687399693e-02 -1.944228037369e-01 -1.687771112972e-02
6.943810949060e-02 -5.477491553448e-02 7.972558261378e-02
-6.257714204636e-03 5.268848657695e-02 6.217227903536e-02
8.886738580571e-02 2.656146060142e-02 1.121113955519e-01
-1.394428569902e-01 4.135750403629e-02 -1.271437373136e-01
Mode 17
5.098791855454e-02 3.379937226517e-02 1.358263287021e-01
-7.269637084080e-02 -4.196691512133e-02 -1.246320183224e-01
-3.208713584779e-02 -3.916629586810e-01 -2.151052107420e-01
2.359685595645e-01 -1.789634048314e-01 2.181011483683e-01
-2.013509191622e-01 1.269375171763e-02 1.586701717548e-01
-1.289727608223e-01 1.835999098478e-01 2.915895272213e-02
-3.329573901188e-02 3.047329602662e-01 1.349131347183e-01
1.123866617903e-01 1.322877783680e-01 -2.754588086021e-01
1.476615773573e-01 2.734170701731e-02 3.257172081990e-02
1.954093293378e-02 -9.081455154093e-03 -7.839934205807e-02
-1.056163858954e-01 6.013790070974e-02 8.719653103840e-02
-7.718046685334e-02 -1.076232385339e-01 -1.003695423814e-01
1.620307005962e-01 -7.294750345635e-02 1.754083828460e-02
-7.639052531231e-03 -1.784001914486e-03 1.960948984563e-03
-1.876329955530e-01 1.097308454162e-01 1.700066053852e-02
1.677749206954e-01 1.045813995695e-01 -5.023360650632e-02
-1.735999288328e-02 -1.801440819837e-02 -6.676417087188e-02
-3.275813637411e-02 -1.211784275679e-01 -1.145219090731e-01
-1.368747991133e-01 4.608953303017e-02 -6.305583661721e-02
-2.802272871467e-02 1.219523595569e-02 -1.131689402244e-01
-4.918727027315e-02 5.291664412344e-02 7.030660553531e-02
Mode 18
-3.480522369526e-02 -1.074594582754e-02 -9.389265187932e-02
1.159086810961e-01 -1.122572362102e-02 9.500142446238e-02
7.505968307397e-02 6.021362128209e-02 6.962203168269e-02
-2.397701543861e-01 -6.653118693132e-02 -4.326959498834e-02
-1.208683435017e-01 -1.229678830536e-01 7.542596679506e-02
4.100899781182e-02 -2.853399079884e-02 8.678140024468e-03
-5.052477751976e-02 1.608619530327e-01 -6.684280276756e-02
-5.865121510292e-02 2.030371018630e-01 1.434706705059e-01
-1.371184514860e-01 7.246179699527e-02 1.158373970810e-02
1.967976459542e-01 -1.224588371808e-01 -9.146325638833e-02
9.043399035099e-02 -4.538200346194e-02 4.255968757944e-01
-3.733128088398e-01 -5.328018400678e-03 -1.724124635290e-01
3.951612171578e-01 -4.706459782924e-02 -3.145156036568e-01
4.528220245239e-03 8.870751888513e-04 -2.230737989164e-03
8.507788869572e-02 -4.326567766789e-02 4.914231643638e-03
-2.599026623998e-02 -4.077337637233e-02 3.187235846001e-02
5.803085071382e-02 4.221455082947e-02 2.091359168015e-02
5.196858564577e-02 -1.678786916256e-02 -2.307066160031e-02
7.644988761292e-03 -6.512915821195e-02 8.078053912488e-02
9.201735753892e-02 -3.072317306778e-02 1.737583166214e-02
7.476102114769e-03 7.103796906496e-02 -4.393841827201e-02
Mode 19
-9.529282052719e-03 -3.587531952887e-03 -1.184671587744e-02
3.358523038552e-02 -1.188159351523e-03 1.304872918688e-02
9.055820932486e-03 3.298179281482e-02 2.974700417811e-02
8.082886247361e-03 2.616460493488e-02 1.843465362765e-02
-9.049606922886e-02 -1.355477960730e-02 -1.909758093706e-01
1.941565509329e-01 3.265868137857e-03 2.641920951729e-01
-1.628275915287e-01 -4.171451564266e-02 -2.449087756403e-01
1.147349896567e-01 1.189820226349e-02 2.445569896238e-01
1.603368770804e-01 2.960100931874e-02 2.615084317331e-01
-1.014295084869e-01 -8.335890738969e-03 -1.563916731620e-01
-2.589343333237e-01 2.789249534010e-01 -9.430182566460e-02
1.981657993521e-02 -3.061554659416e-01 -2.522599442997e-01
1.552843920344e-01 1.284898914349e-02 2.271595410480e-01
1.069033303356e-03 3.661402910210e-04 -6.940971569019e-04
2.555118467890e-02 -1.242901522617e-02 -2.915512991069e-03
-1.197553102859e-02 -1.529827418783e-02 8.707560095587e-03
-3.073915180342e-03 -1.145234702539e-02 9.488958403666e-03
1.040084887362e-02 1.300667696110e-02 2.996940323117e-02
-1.010779243079e-01 -1.926940626649e-02 -1.650406363905e-01
6.116851743511e-02 6.595186428931e-03 9.957996360241e-02
-1.800902833645e-01 -2.190042191365e-02 -2.780894525558e-01
Mode 20
-3.245641537256e-02 -1.362469598854e-02 4.634059710875e-01
1.850460994227e-01 2.205255922717e-02 -5.905657456029e-01
-1.396538631107e-02 3.130221596121e-02 -2.079630389704e-01
3.925456020635e-02 7.633563605910e-02 3.092488396929e-03
1.504811343255e-01 -2.365530582403e-02 -8.920914859696e-02
3.444848222415e-03 -1.575863689305e-01 -8.509342433404e-03
-1.149486986534e-02 -2.389443897598e-02 3.825563220804e-02
-2.566824057314e-01 7.458010964337e-02 1.338492023685e-01
-4.700807242991e-02 1.385550968010e-01 3.027911797345e-02
4.226084118507e-02 3.699247877925e-02 -3.490133192510e-02
-5.672583197631e-02 -2.467203571910e-02 2.332739455962e-02
-4.547029486624e-02 -2.013405319237e-02 5.333468093119e-02
8.297711325885e-02 -4.808567443922e-02 -5.367494146499e-02
-1.462736590112e-03 -1.255158542957e-05 -2.296891037760e-03
1.313908643021e-01 -2.486724552183e-02 -1.311008977860e-01
2.092501996224e-02 -4.465979679903e-02 -9.133502019602e-02
-2.377569063097e-01 -1.119066155089e-01 -6.609902769190e-02
7.684425318833e-02 3.289403281037e-02 1.332342871264e-01
3.448543061385e-02 2.235741711104e-03 -3.723935987046e-02
-3.023164437035e-02 -3.390759208428e-02 1.997381965842e-03
4.694600730483e-02 3.702790451360e-02 -2.027220168296e-02
Mode 21
-2.942116248014e-02 -2.159244715462e-02 1.897919242914e-01
5.080891587463e-02 5.192207495047e-02 -2.670519120166e-01
-3.735056136343e-02 1.997575038243e-01 3.231391116258e-02
-1.906597582023e-01 -7.713995926527e-02 8.498557047659e-02
-3.097516901627e-01 -2.280377184085e-02 1.793082639523e-01
6.316475398383e-02 2.450469805540e-01 -4.108751798227e-02
9.548666230572e-02 -1.099693331785e-02 -1.084882381457e-01
3.483418425648e-01 -1.181914387553e-01 -1.762813932577e-01
-5.225433128839e-02 -2.899370859375e-01 2.766371276285e-02
-8.643859982217e-02 -1.609148197310e-01 6.842993939305e-02
2.301804383900e-01 2.792316262548e-02 6.142823418556e-02
2.308348153335e-02 2.055365426145e-02 -2.233260452806e-01
-1.309035304202e-01 1.778314417193e-01 6.909559551134e-02
1.307864637830e-03 6.603227675173e-04 -7.195241142497e-04
1.378888765746e-01 -6.568620147711e-02 -9.179924745969e-02
-1.070667831024e-01 -7.570580996842e-02 -2.791712488647e-02
-1.451972835789e-01 -1.974098623207e-02 6.784252326490e-03
6.252059219004e-02 5.664987881543e-02 1.174562622983e-01
-6.634159700551e-02 -8.625750217451e-02 7.782171977673e-02
8.322398594453e-02 4.781237200722e-02 -1.534384237192e-02
-3.588402345589e-02 -6.218375725847e-02 1.665132955278e-02
Mode 22
1.014565297652e-03 2.134989321282e-02 -1.652751196348e-02
8.138209045673e-02 -1.115248822187e-01 3.999404761437e-02
2.722950945259e-02 -2.187262558523e-01 -8.627415062768e-02
2.605865235615e-02 1.075909463607e-01 -1.999354424634e-02
1.935279091912e-01 1.720570665744e-01 -1.192416777351e-01
6.000068552989e-02 1.197593256102e-01 -5.375403846683e-02
4.371226853898e-02 -2.018966325247e-02 -3.989340293042e-03
-2.551599628605e-01 5.871206791276e-02 1.450212266886e-01
-1.201754129398e-01 2.003242783684e-02 9.915107279130e-02
-1.112337342435e-01 -2.236304544974e-01 9.441307687827e-02
3.657026663483e-01 -9.349652969073e-02 2.098776351064e-01
-4.908456528935e-02 -1.316159382501e-01 -4.101274650813e-01
-2.777782503917e-01 2.306957878335e-01 1.696237950845e-01
-4.857536836796e-04 -4.006784749580e-04 -7.429346900494e-04
-1.057301061564e-01 6.770206980202e-02 6.454066321556e-02
1.726899458495e-01 6.752673438336e-02 -2.310984932320e-02
4.455371909906e-02 -5.064035203934e-02 -2.449441474375e-02
-3.174009969539e-02 -5.193163994070e-02 -5.058442885374e-02
4.044980772798e-02 5.206548080685e-02 -6.139542001693e-02
-6.458690323343e-02 6.860781244352e-02 -2.270265900820e-03
3.606103412894e-02 2.250459632005e-02 -3.533085137481e-02
Mode 23
-2.306440124379e-02 3.575311860479e-02 5.565698582430e-02
6.763246913268e-02 -1.556603332607e-01 -1.228648897781e-01
-1.627397328111e-02 -7.260158536683e-02 1.242320665984e-01
1.227818911201e-01 4.738145556728e-02 2.942842839936e-01
-1.039030439768e-01 4.695656155651e-02 -1.456028327398e-01
1.319662625032e-01 1.084482073297e-01 1.059084162162e-01
-8.537183861215e-02 -9.524881663924e-02 -2.079830875255e-01
1.705039355842e-01 -2.807602836366e-02 2.803807687371e-01
-3.501402825317e-01 -6.541751672348e-02 -4.825145628449e-01
2.142504659356e-02 1.855942873773e-02 -3.560365307332e-03
-1.823878239058e-03 -7.999227970944e-02 2.145975950230e-02
4.232011887236e-02 1.495718512757e-01 1.352651298124e-01
3.515568843218e-02 -2.579626457904e-02 -6.006398797824e-02
8.979464407819e-04 -2.897089861310e-04 -6.569063259153e-04
-1.516874314100e-01 9.061466477744e-02 4.441391124636e-02
1.649260799908e-01 8.007450336536e-02 -1.361875069104e-01
-7.487165799168e-03 1.744408815590e-01 2.691749192162e-02
-6.289380956654e-02 -4.636513107052e-02 -1.249830481156e-01
-6.060603331785e-02 -1.496878407487e-02 -9.103201292455e-02
4.063002530595e-02 4.843881296792e-02 8.487993081777e-02
-3.841446202077e-02 -3.673825465997e-02 -6.138548741540e-02
Mode 24
1.169536701334e-02 -1.926753587121e-02 -3.046944307250e-02
-3.108779113748e-02 8.658421281723e-02 6.756442384326e-02
7.957127074285e-03 5.869220341770e-02 -5.007825355705e-02
6.621443352146e-03 -2.216463972218e-02 -6.552468351978e-02
1.217311099311e-01 -2.844017575101e-02 1.675200498059e-01
1.091637328943e-01 -6.313864798924e-02 2.300967276797e-01
4.160247666062e-02 6.993088351256e-02 1.428533313781e-01
3.253807941699e-02 3.393828814076e-02 -1.013252054867e-02
-1.174783479256e-01 3.741659971662e-03 -2.283727417307e-01
-1.399096288050e-02 -1.015587409532e-02 -5.878187722587e-04
7.469449267593e-02 -7.893963261823e-02 6.135410655647e-02
1.053862703115e-02 4.856378582810e-02 7.970039310039e-03
-4.488112389241e-02 1.170736359620e-02 9.294043197711e-03
-4.593392917393e-04 1.144276759869e-04 3.208555688654e-04
8.518568653771e-02 -5.101654462525e-02 -2.799994528642e-02
-9.987925786567e-02 -5.151887584604e-02 7.839253782703e-02
-3.209090275555e-03 -8.993266347177e-02 -1.104679057065e-02
3.539024484027e-02 3.301700508795e-02 8.041796731686e-02
-2.493638459516e-01 -2.939082517140e-02 -3.618722527666e-01
-3.319177704134e-01 -7.564407286879e-02 -4.962624460741e-01
-2.218101091422e-01 -2.023523545133e-03 -3.072114543737e-01
Mode 25
-6.346451966161e-03 1.418816250775e-02 -4.518708141703e-03
1.614536410148e-01 -1.036956968632e-01 2.968626740616e-02
-1.350310082639e-02 -1.545423207928e-01 -5.665156536636e-02
-2.974670127887e-01 3.250275999744e-02 -3.731202084147e-02
-4.218246625287e-02 1.629398187358e-01 1.626613647061e-01
1.673984767791e-01 3.882651513003e-01 -1.414765922013e-01
2.727739207404e-01 -2.674628362171e-01 -1.649040717097e-02
-2.327043288183e-01 -1.389067793791e-01 3.542115672051e-02
-7.667508086861e-02 -1.087972857916e-01 2.446936056507e-01
3.927074583656e-02 2.865826171870e-02 -3.037729848781e-02
-1.809334516107e-01 1.102255516588e-01 -1.229174553279e-01
2.657123238120e-02 8.010106502717e-02 1.753713774884e-01
2.083877672996e-01 -5.165239218438e-02 -1.277456779936e-01
-2.075401987203e-04 -1.316211155648e-04 -1.712702846196e-03
-3.404623906491e-02 3.790875781140e-02 5.434834928387e-02
1.446115730531e-01 3.576780139261e-02 -1.836174893996e-02
1.925286121570e-02 -5.424344175898e-02 -1.556985941438e-02
4.246558846529e-03 -5.600682588725e-02 -2.852559572571e-02
-5.483417304518e-02 -8.840578779989e-02 -3.279175179059e-02
-1.346831091405e-01 1.391915220940e-01 -1.572967531707e-01
-1.378997782419e-03 -1.002291276981e-01 -9.146919159363e-02
Mode 26
-5.220560784543e-02 6.075802580008e-02 7.873596164494e-02
1.717748896590e-01 -2.863478616901e-01 -2.017222437887e-01
-6.302328341471e-02 1.609527592284e-01 3.627473647382e-01
-2.002647264633e-01 3.715980509074e-02 -2.742617170434e-01
5.365156927323e-02 -4.450190240921e-02 1.489161985190e-02
-5.051455061112e-02 -1.703406103037e-01 7.493293155558e-02
2.157175472101e-02 6.964922690344e-02 1.541336884167e-01
1.050243109186e-01 4.854401280504e-03 -1.725942022713e-01
1.346044484805e-01 2.932490793559e-02 8.553776329437e-02
1.344842269227e-02 7.514587245647e-03 2.057320777618e-02
1.309199238889e-03 1.147382820340e-02 -9.092496037989e-03
-1.025677249957e-02 -3.920201247910e-02 -3.791346569364e-02
-3.211600744553e-02 -2.272775227726e-03 2.236184446529e-02
1.720196892561e-03 -1.532195853744e-04 -1.918508537167e-03
-1.923044431270e-01 1.288631569122e-01 1.057482576733e-01
1.799048984081e-01 1.106514941572e-01 -3.548813777427e-01
7.973533521694e-02 2.343032528204e-01 9.915107828964e-02
-1.400398804162e-01 2.713326337037e-02 -1.439356966848e-01
5.133134458817e-02 2.270350223643e-02 6.230860963418e-02
-9.212572926339e-02 -7.643586213066e-02 -1.393595915035e-01
-1.100568135131e-01 3.228049379463e-03 -1.125576120884e-01
Mode 27
-3.850763294990e-02 -5.981223515558e-02 7.100498739589e-02
-1.328836131119e-01 2.723866774779e-01 -2.358036027724e-01
1.166620704723e-01 -2.679062943057e-01 3.314686762376e-01
-1.603925584802e-02 -9.757179866411e-02 -4.455899924792e-02
5.789657333381e-02 8.478802751612e-02 -1.197210627551e-01
3.151228196696e-02 1.370180899077e-01 -1.399963084767e-02
3.305271848717e-02 -1.812020786275e-02 8.261492581051e-02
-6.187164087246e-02 -2.269004243726e-03 2.294972783615e-02
2.479272485034e-02 1.009256712332e-02 -1.139463567638e-03
1.358212914233e-02 5.397466542931e-03 5.768291982570e-03
-9.874851456705e-04 8.100929570887e-04 2.342669785334e-03
-7.322425690090e-03 -7.659132684265e-03 -9.767080406025e-03
-1.517572015118e-02 1.084385188686e-03 8.672844963450e-03
2.461559333788e-03 7.426290429660e-04 4.624717230935e-04
2.524877593665e-02 -1.005385926500e-01 -4.180462561696e-01
-2.378594423242e-01 -1.050524480401e-01 1.057224761161e-01
2.738859243348e-01 2.473825547858e-01 8.962548472840e-02
7.982056373162e-02 -2.282149054256e-01 -2.510097731250e-01
9.235316649330e-02 7.078630223127e-02 7.370471263198e-02
-7.230313313287e-02 6.545043300428e-02 -1.853768760544e-02
-8.973836138520e-02 -2.489350703475e-02 -9.479135165748e-02
Mode 28
-1.902454535590e-02 -5.120136614690e-03 2.386455310349e-02
4.769121354060e-02 1.869184043260e-02 -6.708386828515e-02
-1.681190998984e-02 -2.253725490212e-02 1.344958736713e-01
-1.026932526641e-01 -1.813767932527e-02 -1.321853131906e-01
2.166435577192e-01 3.653397238051e-02 2.561634014391e-01
1.823088881273e-02 2.958572661297e-03 3.424394919274e-02
-2.311421236356e-01 -2.103028429776e-02 -2.991420035266e-01
3.874094315430e-02 3.096138663999e-03 1.700309001208e-02
5.206725135675e-02 6.681111352378e-03 5.795137919052e-02
1.627598293073e-02 2.802822319745e-03 2.112242484649e-02
-1.039353352287e-02 1.459157230700e-02 -1.287656315352e-02
-7.627653574379e-03 -1.857437459197e-02 -1.670193146149e-02
-5.363799300269e-03 -7.233262908777e-04 2.853277204126e-03
7.501954797493e-04 1.881824631311e-04 -6.182245561876e-04
-1.136953791695e-02 -4.016054075133e-03 -8.009178044796e-02
-2.805313766251e-02 -1.591935285945e-02 -2.800990353457e-02
8.715284079511e-02 6.883683114104e-02 3.745642739923e-02
-1.540612842877e-02 -4.091860599627e-02 -7.397813348581e-02
-2.947309591668e-01 -3.098496957699e-02 -4.445973575604e-01
-1.421231038971e-02 3.282059439140e-03 -4.215591475834e-03
3.295072403816e-01 3.424349039519e-02 5.011141906507e-01
Mode 29
-1.142036038236e-02 -4.225913656277e-02 -2.304663170745e-02
4.900096350760e-01 1.644583561567e-01 1.572714500648e-01
-5.116350251039e-01 -1.359387247531e-01 -3.803923143877e-02
-1.049435127334e-01 6.744094206373e-02 5.598561218077e-02
1.167778417373e-01 3.484153001255e-02 -6.132913927604e-02
-7.930603868203e-02 -7.864765594898e-02 -8.362517647155e-03
-3.045234872085e-02 9.047472886128e-03 7.840254688536e-02
1.620268089526e-01 1.029261817062e-03 -1.138000683513e-01
-5.260189777218e-03 6.535994463145e-03 -1.690010317187e-02
7.151103210137e-03 1.298621747566e-02 1.793181016514e-02
6.329197448788e-04 -2.351210703870e-03 -1.761483939385e-03
8.760668325952e-04 -5.742767448791e-03 -9.951741392181e-03
-2.027378490586e-03 -4.336701973145e-03 -6.877463950925e-04
-5.555065606766e-04 4.697511095834e-05 -3.858404904921e-03
1.767537968419e-01 -4.382642542674e-02 -1.409145358200e-01
1.558108266234e-01 -4.956657848929e-02 3.016166859822e-01
-2.112305977256e-01 1.864332141648e-01 -2.173693579487e-02
-1.707866112142e-01 -7.375381057806e-02 -1.447818270334e-01
1.667492115530e-02 7.728521374498e-03 -4.313677397826e-02
-1.034968930150e-02 5.978042667221e-03 1.014585077734e-01
-8.049327370976e-02 -2.404410870057e-02 -2.895364676579e-02
Mode 30
4.101627925459e-03 -5.428685828809e-03 -8.305707265357e-03
4.218302188759e-02 2.339208726625e-02 3.418277848339e-02
-5.917009736383e-02 -2.191106949196e-02 -4.152286656090e-02
1.064866155205e-02 1.178657873463e-02 3.924752591699e-02
-1.460656561428e-01 -1.710854236238e-02 -2.379308728230e-01
2.173134136573e-01 2.051108975297e-02 3.212627255378e-01
-1.436170583932e-01 -1.558812599632e-02 -1.966895000140e-01
1.412491778213e-02 -1.647999457738e-04 -1.202352959815e-02
2.860322504985e-02 2.747533105318e-03 4.736393731184e-02
7.024312023001e-03 2.565762271183e-03 1.227404997602e-02
-6.149071799532e-03 8.217467334435e-03 -7.084897644241e-03
-3.444351187845e-03 -9.707400940282e-03 -8.171170563634e-03
1.106572347121e-03 -4.675592896205e-04 -7.544748585375e-04
-2.336079586083e-04 -4.920285502699e-05 -2.857926959603e-04
3.113467581458e-02 -8.064056513454e-03 -8.380429438051e-04
2.978893730109e-02 -1.364491736665e-03 5.545851264818e-02
-6.202134312601e-02 1.717898850687e-02 -1.344056466376e-02
-1.724153319225e-02 -4.979558350479e-03 -8.195896318034e-03
2.566779713412e-01 3.435055399780e-02 3.648236197537e-01
-3.368699749271e-01 -4.026662450144e-02 -4.747675385959e-01
2.115458126436e-01 2.145494368838e-02 3.173339179785e-01
Mode 31
8.169174452462e-03 1.530045224787e-02 -7.370796971173e-03
-6.362983520066e-02 -2.822290546994e-02 -3.131384359771e-03
3.352702434399e-02 3.983154921007e-03 -2.494595275186e-02
-1.047369973847e-01 -1.895662912240e-02 7.362451748869e-02
3.933798894119e-01 -5.167369864548e-02 -2.648782814466e-01
7.250527536123e-02 1.370644643027e-01 -6.586249224213e-02
-3.344909857441e-01 3.052014994169e-01 2.088651867362e-01
6.458226171581e-02 -6.666587910537e-02 -3.974406970984e-02
-1.443873965015e-01 -2.693716844464e-01 1.259738043408e-01
-8.347551340918e-02 -2.571697739866e-01 3.062643390513e-02
-6.155952117580e-02 9.852739830752e-02 -7.198746094616e-02
4.536756216795e-02 1.181286023624e-01 9.446415758601e-02
1.123703442183e-01 2.514302015228e-02 -7.212027550014e-02
-1.839286310925e-04 1.762605282602e-04 4.616331320001e-04
5.565527672356e-02 1.790709877826e-03 1.408157887102e-01
-4.113473831431e-02 6.166819553936e-03 -7.100053104983e-02
-3.306872882287e-02 -8.113223530989e-03 -9.029788058199e-03
1.405626151833e-01 -6.442874542696e-02 1.801897229699e-02
1.417692869628e-01 -2.009196208563e-01 -7.619664274473e-02
7.318304216764e-02 2.579646855895e-02 -4.672367483195e-02
-2.405626976901e-01 -3.210585828128e-02 1.658764434757e-01
Mode 32
7.063945933066e-03 3.825298586219e-03 -3.373262494931e-03
-9.476147934021e-02 -2.722669992690e-02 -2.310995167597e-02
1.139201582118e-01 -6.656255018046e-02 -4.434136359996e-02
-1.494300767144e-01 7.972638439133e-02 1.104605953111e-01
9.361879810903e-02 1.346845426461e-01 -7.534880968780e-02
-2.269151901588e-01 -2.492553735189e-01 1.775342913257e-01
1.695035056711e-01 -6.419991306631e-02 -1.191438381293e-01
2.759223645715e-01 1.897084483386e-01 -2.014424400171e-01
-2.499374788138e-01 -8.458726697287e-02 1.805115053283e-01
-1.192891447658e-01 -1.631164731912e-01 4.456564480493e-02
-2.400941119332e-02 4.489959182598e-02 -2.916030910046e-02
2.453302801742e-02 6.216941367532e-02 5.086974283277e-02
1.342915065669e-01 1.289676178720e-02 -8.580840991489e-02
1.066238883193e-06 7.942874784312e-05 6.396351122930e-04
-5.231415654045e-03 -1.692697002219e-03 4.561705206315e-02
-1.373562594968e-02 -1.992189267899e-03 -2.343225483747e-03
4.236697392023e-02 -5.607264174690e-02 -1.131882072871e-02
1.411012688943e-01 -7.045256357734e-02 2.019145895996e-02
6.755170794814e-03 2.079815536334e-01 -2.922214776095e-02
-3.983248768001e-01 1.018152075309e-01 2.699480425712e-01
1.720717091915e-01 8.988414574103e-02 -1.201825239922e-01
Mode 33
-1.096127536418e-02 -3.649449414103e-02 1.520935253780e-02
2.913317274303e-02 -7.992544699084e-03 -2.170680532602e-02
4.907494973447e-02 7.084535889682e-02 -6.205296461671e-03
7.545863702709e-02 1.453841156751e-01 -4.032255499841e-02
-7.464916255802e-02 7.797730241755e-02 3.755857383181e-02
2.945634485543e-02 -1.579092358470e-01 -4.863803508972e-03
1.707640128099e-02 1.435145101826e-01 -2.323196173737e-02
-6.233589311221e-02 -3.547074852447e-02 4.592005243551e-02
-1.111337668144e-01 -2.351216013565e-01 9.033356768507e-02
-6.023908686640e-02 -3.303339539217e-01 6.468103818668e-02
-6.798174458414e-02 1.109256754514e-01 -8.543928816044e-02
4.599999904433e-02 1.178644460666e-01 8.260680130891e-02
8.399737401810e-02 3.299735848375e-02 -5.768159969219e-02
5.578385615192e-04 -2.207354473743e-04 -3.058509206570e-04
-2.350854046863e-01 8.332353258805e-03 -3.581430236346e-01
1.799386604795e-01 4.773750730277e-03 2.285540869774e-01
1.547756881990e-01 -1.221957247183e-01 8.406916975649e-03
-2.283674239804e-01 1.647483145797e-01 1.565910840185e-02
-4.549482234661e-02 2.774265911922e-01 1.422121174555e-02
2.941941841723e-01 -2.049345837866e-01 -1.861856961413e-01
5.519594161543e-02 8.931380130626e-02 -4.442958605073e-02
Mode 34
5.042091652114e-03 3.029029587069e-02 -1.245131696001e-02
3.867266418494e-02 3.268653870913e-02 3.513794279936e-02
-1.553876867916e-01 -9.721035638763e-02 3.760280155205e-02
1.542261465948e-02 -1.154572951858e-01 -2.216871644829e-02
-5.749119215164e-02 2.029365677704e-01 2.214080036799e-02
6.292615486680e-02 -7.786330967047e-02 -3.680213457903e-02
3.224834821300e-02 -1.832852937372e-02 -2.794686588948e-02
-9.307442285527e-02 2.716058718943e-02 5.864584215229e-02
7.810877362045e-02 -9.556523163385e-02 9.229994948056e-04
-9.035639584385e-02 -1.657498794124e-01 -2.349061438147e-01
2.364275195303e-02 6.257947826325e-03 3.210265193408e-02
4.528795385189e-02 9.947226484598e-02 1.083574925496e-01
-1.507021297933e-02 1.763922387274e-02 3.718572802353e-02
-4.711716225124e-04 3.966964105618e-04 -1.706527720825e-04
2.368674940935e-01 -8.079757323327e-03 3.181361087291e-01
-1.935796792909e-01 -2.167636190476e-02 -2.144235242253e-01
-1.377233165059e-01 1.547037021235e-01 6.333354760784e-04
2.030272825493e-01 -1.867614583268e-01 -3.712895354740e-02
-6.669443891745e-02 5.100138708201e-01 -8.308318906112e-03
2.472604367555e-01 -1.489192898083e-01 -1.557642756315e-01
6.387004204919e-02 4.209712248701e-02 -4.061871064454e-02
Mode 35
5.920947599179e-03 9.667289998284e-03 -9.306913019095e-03
-2.925909274323e-02 1.787454125777e-02 -6.558521428083e-03
9.723149368738e-03 -3.000199882063e-02 1.736769989300e-02
1.461027570787e-02 -4.749161452141e-02 9.057778184721e-03
4.811927270596e-03 6.415265432742e-02 -5.062347953057e-04
1.468483711958e-02 -2.164592954855e-02 -8.379978893235e-03
2.113970648730e-02 7.864036270855e-03 1.238747815382e-02
-2.011889779097e-02 1.266177009507e-02 1.893745856056e-02
-7.192959751559e-02 -6.522165922428e-02 -8.650771144258e-02
4.392405421135e-01 9.545676062556e-03 7.064757276005e-01
-1.918969736388e-01 1.503512126996e-01 -2.156898073207e-01
-1.020064159702e-01 -1.449792833555e-01 -2.223145423875e-01
-2.273138999076e-02 -2.559802308453e-03 -7.644822340481e-02
4.193226520038e-05 2.483885375082e-04 -5.189210132384e-05
9.838072136454e-02 -1.656643366124e-03 1.483735572875e-01
-5.625866720174e-02 -1.040852264857e-02 -3.122153831066e-02
-9.765315140738e-02 1.794162158614e-02 -1.258374274323e-04
3.806776798431e-02 -4.256082527147e-02 -2.840963211400e-02
-2.082617055679e-02 1.655120874426e-01 -1.459608520871e-02
5.683931960943e-02 -3.829383683690e-02 -4.572951074328e-02
6.583231485331e-03 1.616676349506e-02 -3.201806277122e-02
Mode 36
-3.518699380656e-02 1.883222903260e-02 4.032610478512e-02
2.665871849091e-01 1.081562005024e-01 1.218166490462e-01
-2.842280383127e-01 -7.364734692380e-03 -7.178671675305e-02
2.092944951149e-01 -7.328585517300e-02 2.899621908439e-02
-2.625619485506e-02 -7.799688712269e-02 -1.137246015073e-02
-4.168756313978e-02 6.081908386856e-02 2.380261728856e-02
4.028878802911e-02 8.890985474790e-02 -3.765811364664e-02
-6.334404294987e-02 -1.575731314535e-02 4.350939523138e-02
-2.306386583734e-02 -7.015435483156e-02 -8.651796434802e-03
-3.591214565403e-02 -1.147828871565e-01 7.656770966292e-02
-2.336181466626e-02 3.796776393569e-02 -3.485072260955e-02
1.429204709641e-02 3.180053624636e-02 1.218748175452e-02
4.060319153658e-02 1.005363938894e-02 -3.142203688359e-02
-2.566306966086e-05 3.041807841221e-04 -2.123983019675e-03
1.019339226518e-01 -2.453953880527e-02 -8.119969023105e-02
-3.241224674262e-01 5.765631844056e-03 -4.988608375778e-01
3.964799001378e-01 -2.479068391063e-01 6.746066677628e-03
-2.276849782868e-01 7.847184587592e-02 -2.196701612842e-02
2.072411971115e-02 -8.122425933764e-02 2.937472477266e-02
-1.148294820710e-01 7.633903101969e-02 7.790267756941e-02
8.285572164657e-02 9.065629223642e-02 -5.678173638047e-02
Mode 37
-8.598630072798e-03 4.312382951789e-03 1.487469265938e-02
3.420725270868e-02 5.481555363605e-03 8.679245267473e-03
7.338693141323e-04 -9.930551703177e-02 -1.011872180311e-01
-1.778720721770e-01 2.344188284371e-01 1.877400336780e-01
2.251704077482e-02 1.259437297685e-01 -4.270769211039e-02
5.211689047001e-02 -1.300910872219e-01 -2.557029083460e-02
-6.118397463839e-02 -1.687654019741e-01 5.367457331953e-02
1.828041267958e-01 -8.054984483236e-03 -1.245413571866e-01
-1.650383006760e-01 1.050005866220e-01 9.144340310333e-02
-1.664745047948e-01 4.161358235453e-01 9.517832613346e-02
7.813358976159e-02 -1.084242942941e-01 6.638134276635e-02
-2.564703528837e-02 -1.164559230539e-01 -9.083670983560e-02
9.156541761173e-02 -4.606739852135e-02 -5.951091224619e-02
6.063201487858e-06 -1.902330478857e-05 -4.066023808342e-04
1.083270445050e-02 -1.308564956004e-02 -3.985731205637e-02
-7.463633168908e-02 5.522384080564e-03 -1.384560719634e-01
2.909614429309e-01 -1.937449432921e-01 -1.233761775230e-02
4.374371588001e-02 -3.724565768378e-02 2.151849373366e-02
2.198536387489e-03 1.385702471081e-01 -1.363727915161e-03
2.629299762042e-01 -1.744635782887e-01 -1.626789410007e-01
-2.038101963204e-01 -2.298913735446e-01 1.616889399802e-01
Mode 38
-2.134272342636e-03 1.555707924938e-03 5.254291790728e-03
-2.788905767626e-03 -4.520236530552e-03 -2.153270116727e-02
-2.764196488362e-02 -1.209125780882e-01 -4.757166423505e-02
-1.608666006714e-01 3.647699499559e-01 1.308440366982e-01
-8.938527928452e-02 5.107191301302e-02 4.833013732575e-02
-1.710098705066e-02 -1.312571996339e-01 2.226862406545e-02
-1.908082646509e-02 -6.659650183618e-02 1.878229286206e-02
8.324869459873e-02 2.374572607247e-02 -5.976257318450e-02
7.561967067260e-02 1.514923708699e-01 -7.542462373371e-02
4.983841347443e-01 -3.429682063758e-01 -2.393770136669e-01
-9.754928675652e-02 8.308184028564e-02 -4.167552672563e-02
-1.913764193993e-02 6.786200408433e-02 6.519848652046e-02
-2.589246795335e-01 4.968969397230e-02 1.634933226795e-01
8.392722983120e-05 1.241477362210e-04 -2.890886423865e-04
3.475433400180e-02 -1.320464923644e-02 1.492250864278e-02
-6.478949314467e-03 3.559601848924e-03 -3.274247946324e-02
1.955382472861e-01 -1.323923764431e-01 -2.821730446730e-03
1.552120540101e-01 -1.345553253825e-01 -2.676601651658e-02
1.343719745976e-04 -2.468539814414e-01 3.004041640715e-02
7.010125890578e-02 -8.372894147100e-02 -3.983288017654e-02
-5.199717340725e-03 -2.160001398052e-02 7.234821906756e-03
Mode 39
1.774806453711e-02 6.970538434002e-03 -2.629395449335e-02
-1.129234300244e-01 7.030788825631e-02 -3.058763727138e-01
-9.582849986610e-02 -1.185072468739e-01 1.308251170705e-01
1.264697908751e-01 2.403625587605e-01 -8.263435783137e-02
-7.484867041707e-02 -3.421794583863e-02 5.125509270867e-02
-9.013346737800e-02 -6.009346572922e-03 6.347875426440e-02
5.366172733280e-02 9.037361418499e-02 -4.576792373471e-02
-1.694350531988e-02 -1.571110483036e-01 2.394009271379e-02
1.152371257281e-03 3.864385362482e-03 2.997960089433e-03
-2.350386427434e-01 8.767743671715e-03 1.084076133515e-01
2.782758902397e-02 -1.051853616959e-02 2.749459684003e-03
1.910150373018e-02 3.513334252225e-03 -3.006580319256e-03
1.043856249280e-01 -9.631720242504e-03 -6.458359843070e-02
3.119200435645e-04 3.813245446265e-05 2.813356359549e-04
3.313882597548e-01 1.851849170300e-02 4.688595008525e-01
1.120242268156e-01 -4.355638443562e-02 2.885753552834e-01
2.730435894295e-01 -4.872414737215e-02 4.758997500276e-02
-1.204576941353e-01 -3.069825232234e-02 -9.166320236231e-02
-5.085076771024e-03 -2.170313853311e-01 1.997372623846e-02
7.040810823559e-02 -5.690156704805e-02 -4.283140662372e-02
1.156432119940e-01 1.167577044989e-01 -8.727099679607e-02
Mode 40
6.204698389518e-03 -1.553698195829e-03 -1.099542700807e-02
-2.398658900582e-02 -1.127572768954e-02 -2.023429564735e-01
-1.465054125595e-01 1.985209695489e-01 4.898413453002e-02
2.102388085767e-03 -3.525192420425e-01 7.953186293872e-02
6.067133951495e-02 -9.653566365099e-02 -4.406477238087e-02
1.040104526237e-01 5.624896778518e-02 -7.759390649915e-02
-7.921347520970e-04 -8.871049773168e-02 6.439062862950e-03
-1.061242843509e-02 1.936620217508e-01 -7.529484729768e-03
-5.978160267544e-02 5.532016705492e-02 3.132069775902e-02
2.090582210772e-01 -6.869946573718e-02 -1.425178355713e-01
-2.358534287528e-02 1.180734875103e-02 3.590849740580e-03
-1.068663280055e-02 1.597920878239e-02 2.305665661798e-02
-8.995603618833e-02 1.604297990176e-02 5.990104107278e-02
3.081350718257e-04 -8.543712740868e-05 -5.596329432869e-05
8.620368916913e-02 4.268142844188e-02 2.029000994922e-01
1.448581004211e-01 -3.417535201122e-02 2.474080679787e-01
3.259133094902e-01 -1.793746787109e-01 3.750279765555e-02
-1.508391727037e-01 1.223569702870e-01 1.669514554664e-02
-8.553398526755e-03 3.313787658510e-01 -1.239743852963e-02
-1.352022952762e-01 1.111647334818e-01 8.688925719879e-02
-2.222791371751e-01 -2.346742808740e-01 1.720372088546e-01
Mode 41
6.401273985297e-06 3.501226480741e-03 -7.731653333741e-04
3.642039860797e-04 5.283925263955e-02 4.737977507023e-02
1.101589740093e-01 -1.011216771857e-01 2.248003457972e-02
1.985517448528e-01 1.427352254153e-01 -1.780960894942e-01
-9.137357820496e-03 -2.905124529485e-01 3.978694848615e-02
-1.380912356319e-01 9.507065313197e-02 8.851900570292e-02
2.264762363483e-01 2.893711114349e-03 -1.566010798419e-01
4.968578087733e-02 -1.349925746520e-01 -2.115134602825e-02
-2.433357850232e-01 4.262341257585e-01 1.350291578773e-01
-5.677805530300e-02 -2.934713166957e-01 4.603946244944e-02
-2.535534632513e-02 4.018894409681e-02 -2.378588350780e-02
1.136948231081e-02 4.534402788565e-02 3.352063359905e-02
4.486277167221e-02 3.129704067981e-02 -3.069612998398e-02
-6.597665596868e-05 8.565912526089e-05 4.268228420177e-05
3.518014080713e-02 -8.158392218039e-03 1.159764305517e-02
-1.031368084235e-01 -4.854773332133e-03 -8.502820512535e-02
-2.072404872860e-01 9.396952718567e-02 -8.131980863924e-03
-1.041081043724e-01 1.770195802039e-02 -6.789085275493e-02
-2.650491703184e-02 8.987144905354e-02 -1.301066754196e-03
3.686411426916e-02 -1.775396949212e-02 -2.669353177411e-02
-2.538076287874e-01 -3.153798231300e-01 1.973759672045e-01
Mode 42
-1.858974213830e-03 -4.391332810575e-03 3.919009280136e-03
3.641047815024e-02 -1.121939798878e-01 1.296246024779e-02
-2.934943642563e-01 1.818731466854e-01 -4.230581116884e-02
9.294155087123e-02 2.786193077296e-02 -3.723350962428e-02
7.191279066856e-02 -2.287276467056e-01 -2.931397497324e-02
-1.236850024252e-01 1.481547228637e-01 7.226679720046e-02
1.207337227580e-01 2.336044016194e-01 -1.010007175444e-01
-3.253646199016e-03 -3.741465481088e-01 3.028412209020e-02
-1.526295637998e-01 5.038443531713e-02 8.561705661200e-02
1.170068517857e-01 1.618140290421e-01 -3.509281333287e-02
-7.314522238025e-04 -2.808287260693e-02 1.669394730582e-02
-2.435324721773e-02 -4.453166774301e-02 -2.637478412042e-02
-4.187577655535e-02 -4.344171282045e-03 2.314904138174e-02
3.045845878160e-05 -7.862852680911e-05 -2.208204977342e-04
-1.449749072869e-01 2.290053388533e-02 -9.156242836914e-02
1.141789871359e-01 -2.530358800577e-03 7.566153857880e-02
2.159984688980e-01 5.010206720694e-02 4.496002769670e-03
4.912342331546e-01 -2.018116055748e-01 1.551275899752e-01
1.992195067464e-03 1.705159601506e-01 -9.866853244281e-03
1.199833630715e-02 1.993145100930e-02 -1.369157498164e-02
7.382603663395e-02 9.864685483903e-02 -5.481755256875e-02
Mode 43
-1.878747459763e-03 -3.748628349455e-03 3.558445975638e-03
2.059441100845e-02 -8.339726837015e-02 1.379857910774e-02
-2.195483035910e-01 1.193852882085e-01 -3.191871578087e-02
7.041084536018e-02 -5.379060611818e-02 -2.900221521213e-02
-9.870182195577e-02 7.247629907864e-02 5.912854191064e-02
7.153929168718e-02 -4.944995867661e-02 -4.639078562065e-02
-3.607975700711e-02 -2.060871683664e-01 4.175090444357e-02
-4.898085302239e-02 2.467355188288e-01 1.250726760801e-02
2.594747670471e-01 2.150908917167e-01 -1.950050533238e-01
-3.497063541017e-01 -3.188160687696e-01 2.975706440521e-01
-6.322800243301e-03 5.662963879336e-02 -5.470628083957e-02
3.576035030535e-02 4.597956464206e-02 1.322838184833e-03
1.487612141397e-01 3.609110155760e-03 -1.030833932589e-01
2.551963381243e-05 3.944809756186e-05 -1.056525385727e-04
-9.947520207319e-02 7.726309835311e-03 -7.726791408846e-02
9.259374996358e-02 7.683912696944e-03 4.681064431271e-02
1.609000419774e-01 7.657069586410e-02 1.329746133604e-03
3.553348577479e-01 -1.343447066103e-01 1.513635211667e-01
-1.055503473105e-02 -1.368199532177e-01 2.859177511393e-02
-1.945711665316e-02 3.609145096679e-03 1.193398691333e-02
-8.710075058047e-02 -1.337257961712e-01 7.205939022622e-02
Mode 44
3.133399578746e-03 -9.666819023263e-04 -7.842305548162e-03
2.487208214156e-01 -4.429698676294e-03 -8.207895032348e-02
1.885502115465e-02 9.079453035591e-02 2.475048616533e-02
-1.163259388140e-02 -1.542599838211e-02 2.686809919764e-02
1.011857682091e-02 1.226067799794e-02 -1.395387345280e-02
-1.492448673017e-02 2.272510384287e-02 7.744495967820e-03
-2.510216989560e-02 -3.626954481690e-02 2.066033104582e-02
1.986217803488e-02 -2.184718760375e-02 -1.201222013253e-02
1.181047201806e-02 6.493136900996e-02 -1.280726280973e-02
-3.783788952429e-02 -1.582599922397e-02 1.206989102680e-02
4.701325712671e-03 -2.708569203081e-03 2.056700602738e-03
2.972582251482e-03 1.740604399447e-03 1.746960024175e-03
1.175680956109e-02 -4.485087963722e-04 -6.482246538372e-03
-2.035862480148e-04 -3.179865385996e-05 -2.249055446987e-04
-4.516056291136e-01 3.833810381480e-01 2.037242080670e-01
-4.293089648602e-01 -3.753746556843e-01 2.322860003426e-01
-1.087106001549e-01 -2.330813413542e-01 3.251995433411e-03
3.973394511323e-02 -8.675605358890e-02 -2.383006890961e-01
1.701378616032e-02 -2.728616140058e-02 9.846264035894e-03
2.955861349917e-02 -1.109033369119e-02 -1.950778087936e-02
3.996416795194e-02 3.388442756263e-02 -2.979252058445e-02
Mode 45
-1.451212310147e-03 -3.055544121334e-04 5.649202416096e-04
-9.341609082139e-02 -1.628115666337e-02 5.699393942821e-02
6.042414309562e-03 2.400619755275e-01 1.379420366674e-01
-3.968777538228e-02 -4.755296519273e-02 6.266662681643e-02
1.885532652505e-02 -4.306079564677e-02 -1.444851084641e-02
1.840538412561e-03 5.078916709704e-02 -5.412931263630e-03
-2.365321667463e-02 -8.116885354781e-03 1.620218785880e-02
9.686364683289e-03 -8.423590493402e-02 9.629005442798e-04
7.062541731791e-02 1.292979216370e-01 -5.547792316716e-02
-9.454576123205e-02 -3.429363717140e-02 3.361696078598e-02
1.108330491980e-02 -5.044048522278e-03 3.013715365139e-03
7.548384722070e-03 4.546484993767e-03 3.790203216148e-03
2.677292353463e-02 -1.928406849330e-03 -1.484591409954e-02
4.565418303928e-05 -2.978716392448e-04 8.491494636984e-05
1.497482812944e-01 -1.595109091770e-01 -1.290656248279e-01
2.129110130665e-01 1.649290693963e-01 -7.310577331395e-02
-2.015086634429e-01 -5.355326895702e-01 4.251105270170e-02
8.893283785897e-02 -2.102194687267e-01 -5.631722505834e-01
-4.449787906441e-03 7.264266435979e-02 -6.893076431102e-03
1.125780126575e-02 1.253546726148e-02 -5.749144507598e-03
4.858863917706e-02 5.098406407137e-02 -3.839674483253e-02
Mode 46
4.114743398574e-04 4.956294616944e-04 -1.756556255350e-04
1.742600813709e-02 8.294689883725e-03 -6.498172119992e-04
6.964853401045e-02 -1.077063116827e-01 -2.849278741594e-02
-2.019106804465e-01 3.299784825955e-01 1.057972915603e-01
-1.266971588090e-01 -1.984862395276e-01 1.050248202512e-01
3.275885322896e-01 -1.920717195938e-01 -2.104332252246e-01
5.904704404220e-03 3.381179349731e-01 -2.972802067085e-02
-1.031173505942e-01 -2.084854810237e-01 8.564617296695e-02
2.558471148316e-01 -5.760265782206e-02 -1.659394825509e-01
-1.011510893592e-01 8.899074107455e-03 6.355092781779e-02
9.662527885372e-03 5.073758053550e-04 -6.424649359224e-03
1.005743123164e-02 1.037093909721e-03 -5.162758943328e-03
1.680133575116e-02 -9.458620693796e-03 -1.036647325792e-02
-3.030458924437e-05 -1.219834433964e-05 -4.719035694750e-05
-1.839207497408e-02 2.378888538730e-02 2.079588021127e-02
-5.306588550747e-02 -2.961821084426e-02 -4.348472184418e-03
-4.675731002015e-03 -8.472847594661e-03 -9.602307404264e-03
-1.298108358177e-02 -1.520050577921e-02 -8.498038756353e-03
-8.162017955053e-02 2.681166336545e-01 2.901154202043e-02
-3.026772829303e-01 1.618943520315e-01 1.962047735142e-01
-1.537950267477e-01 -3.822714825607e-02 1.092604537374e-01
Mode 47
1.036521747036e-04 4.131212445144e-04 9.598201569155e-04
-9.227772955565e-03 9.542459499121e-03 -1.632721785131e-02
9.513465299881e-02 -5.996604169385e-02 -7.112287477048e-02
-2.741537422572e-01 -1.164834537331e-01 1.901468961229e-01
1.006686022042e-01 -1.450100975877e-01 -5.549043746778e-02
4.798756367720e-02 1.949098562141e-01 -4.960205975617e-02
-2.215120724386e-01 -1.476889205180e-01 1.649586340840e-01
1.492513827682e-01 -2.744580352467e-01 -8.111907726235e-02
6.538673416210e-02 4.674819493141e-01 -7.791512069310e-02
-7.597329735315e-02 -1.741403724243e-01 6.568611026651e-02
-6.156887454481e-03 1.698336928911e-02 -1.256218312934e-02
7.425326495243e-03 1.619765816221e-02 6.776998081032e-03
2.425943407949e-02 9.309650494208e-03 -1.693121291726e-02
5.147981717526e-05 3.598679618078e-05 2.680201070752e-06
2.169238343215e-02 -4.131132235521e-03 1.421414622662e-02
-6.039916739507e-03 6.886795812157e-04 -6.832640380463e-03
7.590498930369e-02 8.092029363277e-02 -1.778880089651e-02
-1.539115445288e-01 1.512427428928e-01 1.581326439459e-01
1.052210063863e-02 2.049957658425e-01 -2.608177120267e-02
6.884398186101e-02 4.058280108840e-02 -5.174386592478e-02
2.520107859853e-01 2.625877590611e-01 -1.930880551008e-01
Mode 48
-3.294477290430e-04 -4.226187943074e-05 6.656519648813e-04
3.814763515022e-03 -1.982769348750e-03 -9.078590120127e-03
5.366014795310e-02 1.922168544062e-03 -3.474310990318e-02
-3.535098238521e-01 -1.773703915724e-01 2.554496724558e-01
1.766541817137e-01 1.106937327200e-01 -1.316204327740e-01
-3.673051327067e-01 4.119814169923e-02 2.501836485913e-01
3.521339385653e-01 2.118853138470e-01 -2.590693901146e-01
-1.483031018148e-01 -7.932720987744e-02 1.065704450209e-01
3.239186814597e-01 -1.112725290758e-02 -2.162999943031e-01
-5.369558024732e-02 -2.271225216004e-02 3.575181282265e-02
3.497378177636e-03 4.075771891077e-03 -6.375724450889e-03
7.177911194218e-03 4.279475783451e-03 -8.548207030312e-04
1.988518157033e-03 -5.462547005540e-03 -8.543173629449e-04
1.391299344077e-05 -1.531608640006e-05 -2.953556421579e-05
-5.641180067043e-03 5.909518120826e-03 1.421015880483e-03
-1.536667038217e-03 -5.255125482842e-03 4.563014274256e-03
3.456689170821e-02 -1.716439235242e-02 -6.304228233779e-03
-7.887768895846e-02 7.260568340368e-02 4.365153250150e-02
6.714971976482e-02 -5.034116007471e-02 -4.006999339838e-02
1.023068474968e-01 -1.113388842064e-01 -6.230154796761e-02
-8.663906309532e-02 -1.370734762272e-01 7.115343141160e-02
Mode 49
2.686417302729e-04 -2.457381772070e-04 -6.237461567195e-05
-6.954575156036e-03 -1.995656109971e-03 -3.331363269503e-03
-1.320198668548e-02 4.043188806121e-02 7.644888147183e-03
4.868919384991e-02 -3.408614855025e-01 -2.510035765488e-03
-1.064709499262e-01 5.554346239523e-01 2.418744660902e-02
1.987266566459e-01 -3.092171001750e-01 -1.111121421051e-01
4.068162947080e-02 2.522057534301e-01 -4.764599982358e-02
4.389147564165e-02 -3.848551725164e-01 4.294463559629e-04
-1.800321993061e-01 3.014562734183e-01 9.823647787049e-02
1.971800367136e-02 -3.844722468202e-02 -9.506338008261e-03
-4.576448060669e-03 7.906474434755e-04 1.643857770555e-03
-3.506072082728e-03 5.670742327802e-04 2.932496763012e-03
3.240928902938e-03 9.518413967283e-03 -2.801839144794e-03
2.996656950009e-07 2.510506143914e-05 6.087169854377e-05
1.820065339264e-03 -3.254070487115e-03 -1.806310841422e-03
9.918130536031e-03 4.305577558277e-03 5.484169211805e-03
5.605312629989e-04 4.082488472518e-03 9.883397455005e-04
-1.489250545916e-02 2.242803586636e-02 1.310593724289e-02
4.277985118500e-03 -1.994426018833e-01 1.768904463066e-02
-8.556643343073e-02 -2.310854131068e-02 6.181530488044e-02
-6.420819313395e-02 -5.091696940103e-04 4.487406712046e-02
Mode 50
2.809509676777e-04 -5.077039652689e-05 1.480436138181e-03
-2.464263426354e-02 5.850284482332e-03 1.340688632481e-02
-1.352899680982e-02 -5.777829117434e-02 -2.485742278728e-01
4.025130986515e-04 9.158840494546e-04 -7.528904620153e-04
-1.070293990022e-03 2.156974011831e-03 1.734484153917e-03
8.782099554731e-04 -9.460357344624e-04 -3.816423302737e-04
-2.959408923050e-04 -5.580207479211e-04 2.480847761606e-04
2.281438274282e-04 1.044844583321e-04 -4.094303152773e-04
-1.451867691607e-03 -3.188334209379e-04 3.905148930707e-04
-5.616656930974e-04 -8.999352116047e-05 -1.372068060407e-04
-1.626304974448e-04 -6.483827627536e-05 4.428422126072e-04
-2.825965788450e-04 1.439134124449e-04 2.914647448788e-04
1.492727143169e-04 6.167291555491e-05 -4.435333106443e-05
1.915986257853e-05 1.128110441569e-05 9.261907188314e-06
3.766588339606e-02 6.857314214252e-02 -2.383159400513e-02
4.468084445216e-02 -8.618935479650e-02 -3.232040863832e-02
-4.045460936414e-02 2.637419966822e-02 9.339986673721e-01
9.311161043268e-02 1.656612405936e-01 -7.653069291395e-02
3.760059980929e-03 -9.431412097031e-04 -4.040688256437e-03
-5.776632948772e-05 -6.064205741559e-04 -1.922254579921e-05
-1.162652735141e-03 1.439578779282e-03 4.811222834271e-04
Mode 51
-1.285807843268e-03 1.395057330336e-04 3.012411598406e-04
1.899088194737e-01 5.963182139453e-03 -1.223606074152e-01
-9.828158502847e-03 -1.740742760491e-02 -2.948582329292e-02
-1.284955059438e-03 1.991678581282e-03 9.629288162317e-04
-4.683933692720e-03 7.193329019122e-05 2.747377284964e-03
2.054770565167e-04 -4.580220480878e-05 -1.199472909617e-04
1.947746208425e-05 1.450125967875e-04 5.548246881001e-05
-2.126077594703e-05 -9.833997172010e-05 -7.994261285307e-05
1.045445842273e-04 -1.542900602266e-04 -2.359755654352e-05
-3.353171350031e-04 7.588300657259e-05 -4.799339356776e-06
8.018278523198e-06 -3.765881060011e-05 1.342277436298e-04
-7.787062487714e-05 8.944343097712e-06 5.709637648550e-05
6.999607707337e-05 -1.112303369391e-05 -1.958274242780e-05
6.715494651795e-05 -1.906463899989e-05 4.920039136666e-05
-3.303380737064e-01 -5.765621070142e-01 2.157414733763e-01
-3.047115223925e-01 5.526282060454e-01 2.072546655106e-01
-2.237003638307e-03 1.972456144741e-03 1.168222396651e-01
2.964594890444e-02 5.514343490215e-02 -2.127785344644e-02
1.377218947057e-02 9.995608882922e-04 -1.021212032759e-02
-5.859085979030e-04 -1.601411883067e-03 3.332745189147e-04
6.159513901047e-05 -2.625535642327e-04 -1.089309866995e-05
Mode 52
4.116135599522e-05 1.231600974960e-03 1.180595020091e-04
3.953771365936e-03 -3.098253210626e-01 -5.234419216901e-03
2.672252658885e-02 4.816565990866e-02 -3.490446650067e-02
-5.996449821299e-04 -5.652712407859e-04 -8.027568224718e-04
8.422908429674e-03 4.551924370065e-04 -5.244340454731e-03
-5.084199451623e-04 -8.717234863875e-04 5.178793671398e-04
2.617284230538e-04 -4.586248950277e-04 -1.977462687626e-04
3.545682004125e-06 -6.713208105763e-05 3.119960056456e-05
-3.390119546843e-04 3.274455113321e-04 2.475958833178e-04
-4.706879160710e-05 -2.797368340746e-04 3.779249735055e-05
2.232479354005e-04 4.429783358901e-05 -3.370410939642e-04
4.567447510687e-04 7.520589217957e-05 -8.901502847985e-05
2.621964173046e-05 3.723934120710e-05 -2.105727556828e-05
-1.562121024476e-05 1.204041833248e-04 -2.149083596035e-05
3.096383451625e-01 5.107025576975e-01 -2.019577459807e-01
-3.231298503561e-01 5.500453474622e-01 2.199616601541e-01
-1.342295251023e-03 5.063135057880e-03 5.980760536019e-02
-9.323669403619e-02 -1.712785149414e-01 6.402029053377e-02
-2.640779190825e-02 -1.954914190814e-03 1.789945294212e-02
1.643493893338e-03 4.592013909867e-03 -1.459569642252e-03
-9.222591624421e-04 1.475691983924e-03 4.699353305690e-04
Mode 53
1.742428032958e-04 -1.920268137674e-04 4.473173555906e-04
6.447047125492e-03 6.987033671843e-02 -5.207988856225e-03
1.199482108662e-01 2.205943433004e-01 -1.302702243963e-01
1.748778653027e-03 -2.217798192792e-03 -1.181518435731e-03
-4.969965427570e-03 -1.526662564936e-03 3.719761848168e-03
5.398244617407e-04 -1.094202464073e-03 -2.403210322536e-04
-5.886029051884e-03 7.756449526629e-03 3.465130201220e-03
-2.865667189523e-04 4.402109409259e-04 1.804920832344e-04
6.935000241070e-05 1.715509133645e-04 -3.766624095512e-04
-5.256522096787e-04 2.782177854323e-04 1.878688240573e-04
1.205948068861e-03 -2.227419911821e-04 -1.377411000209e-03
1.917375028380e-03 -9.712970750362e-05 -5.379163309409e-04
9.981815872208e-05 -6.718630846974e-05 -4.250997680348e-05
1.857275554406e-05 -5.483193724878e-05 3.159956259401e-05
-8.778651041636e-02 -1.403131350371e-01 5.255041643268e-02
6.187320087376e-02 -1.023881217512e-01 -3.913192644427e-02
-3.185410105870e-03 1.264617426898e-02 1.812441498984e-01
-4.253433984073e-01 -7.578142495134e-01 2.811692395752e-01
1.689802660114e-02 7.141852364863e-04 -1.185715864175e-02
5.196059888954e-04 2.204352111360e-03 -5.979756791947e-04
1.785198579760e-02 -2.706699278160e-02 -1.026016531823e-02
Mode 54
1.275879064975e-06 6.169978655709e-06 -1.496314185087e-05
-8.909751002025e-05 -1.947894173392e-03 1.380959458853e-04
-4.085728407865e-03 -7.779217452099e-03 3.857854340694e-03
-1.420537315541e-04 1.075582175762e-04 4.615873864823e-05
1.524588818868e-02 1.417536655000e-03 -1.066347822401e-02
-7.471394119443e-03 -5.110803387832e-02 9.558600039617e-03
-1.543724471477e-01 2.200407075407e-01 8.932443102027e-02
1.880372797016e-03 1.202108395184e-03 -1.399162149854e-03
9.224064787199e-04 -5.965785405000e-03 -9.813499361391e-05
1.674475056477e-04 -7.337591483833e-04 -3.488626574695e-05
-1.397231984664e-04 2.388962810500e-04 -6.968081503780e-05
-1.109250203427e-05 2.486901272392e-04 1.253049988680e-04
1.116900427237e-05 2.193599753351e-04 -2.423359183139e-05
-7.922103328420e-07 2.571782944200e-06 5.979472412963e-07
2.189914687874e-03 3.423048163676e-03 -1.298447374673e-03
-1.982726136731e-03 3.183623084852e-03 1.149578174628e-03
-1.044864732331e-04 -3.879533753532e-04 -3.947434306766e-03
1.478425361510e-02 2.629358997414e-02 -9.814456784382e-03
-5.282377623715e-02 -4.337417705852e-03 3.678506056563e-02
5.557218951080e-02 1.755999825565e-01 -5.344898671271e-02
4.929558771621e-01 -7.428998020467e-01 -2.821718907652e-01
Mode 55
-9.750213596097e-07 -7.038785844222e-05 1.402633386941e-05
3.177521775406e-03 1.177460248262e-02 -1.844073885941e-03
2.742542506539e-03 3.382172611695e-03 -4.003593312828e-03
-1.554873009720e-03 -9.777925334151e-03 2.056329083157e-03
2.236278568580e-01 2.206229189163e-02 -1.567317896694e-01
-3.277306135794e-02 -6.570074600144e-02 2.841991492933e-02
2.098207782797e-02 -2.828272791686e-02 -1.223516792336e-02
-2.919981518426e-04 6.094041998899e-04 1.512812573256e-04
-1.827402671990e-03 1.468601031793e-03 1.137325323561e-03
-1.048403796359e-04 -7.389917717607e-04 1.602209226971e-04
-3.869062186456e-05 1.536258585868e-04 -7.757739833246e-05
4.690493685340e-05 1.522741083252e-04 2.640783137479e-05
1.281522595395e-04 5.539786609402e-05 -9.397251975640e-05
-2.511904293744e-06 1.252188426323e-08 1.983082726880e-06
-1.878377201717e-02 -3.003535826744e-02 1.205675272799e-02
6.506316427649e-03 -1.213777042225e-02 -4.772420683504e-03
-6.028236428282e-04 2.039942607650e-03 9.190134464678e-03
-6.971698014989e-03 -9.705822859088e-03 4.776027788549e-03
-7.440258831634e-01 -6.582670182653e-02 5.182555848805e-01
8.667958890881e-02 2.470404671747e-01 -8.119630140034e-02
-6.163005491504e-02 9.227646617887e-02 3.523037170421e-02
Mode 56
1.410380836324e-05 1.484258502065e-05 2.279252416904e-06
-6.732546272650e-04 -1.692389707129e-03 2.880701885728e-04
-6.477837874947e-04 -4.024575303666e-04 9.210129670194e-04
1.242472480833e-03 4.905660079302e-03 -1.289539659343e-03
-7.791963926063e-02 5.046938655680e-03 5.345985656708e-02
-8.435163038571e-02 -2.523174480479e-01 7.989099045616e-02
3.776976280135e-02 -3.695449500944e-02 -2.320468041273e-02
-3.287828309391e-04 1.804580512071e-03 1.013080535134e-04
9.694993239759e-04 1.515782500053e-03 -7.867950864884e-04
-1.268800604737e-04 3.103518785509e-04 3.142816630648e-05
5.911091472842e-05 -9.451209290698e-05 6.438563398303e-05
-3.105808641445e-05 -9.952081798323e-05 -5.657148360312e-05
-3.394719422215e-05 -1.068973350925e-04 3.230564220018e-05
-2.511160753059e-07 -2.891986104935e-06 -3.208644555418e-07
3.068300539933e-03 5.020853195268e-03 -2.001892841706e-03
-4.047487641525e-04 1.135905912407e-03 5.790975800803e-04
3.532211632530e-04 -6.606529438081e-04 -2.130648957333e-03
1.009261265381e-03 1.542502110970e-04 -6.719037707734e-04
2.359877377458e-01 1.743278284417e-02 -1.640684531048e-01
2.751757643597e-01 8.115945983557e-01 -2.598170359765e-01
-8.704249777533e-02 1.246132402010e-01 5.036141562352e-02
--
Dipole derivatives 
Mode 0
1.407273597809e-03 1.607047320395e-02 2.249378653691e-03
Mode 1
2.225992151642e-02 -1.025220088356e-02 1.711303783460e-02
Mode 2
1.372771098073e-02 -4.127868786482e-02 8.382905719105e-03
Mode 3
-1.641257461518e-03 -1.807156169458e-02 -1.836992498378e-03
Mode 4
4.111599445007e-03 -3.062163675987e-03 3.992659622812e-03
Mode 5
3.130010641632e-03 -5.865368564388e-03 3.129568228239e-02
Mode 6
9.153946524053e-03 1.467348342667e-02 -3.665121613342e-03
Mode 7
3.996567989293e-02 1.833410926171e-02 8.534212398281e-04
Mode 8
-2.421946158649e-02 -1.229833963629e-02 1.199287833173e-02
Mode 9
-2.605329688780e-02 -1.313211765750e-02 -5.995736582923e-04
Mode 10
-1.904507012483e-02 -5.279998684444e-03 2.416490883004e-02
Mode 11
5.809897602799e-03 -4.172993156397e-02 1.597200239848e-02
Mode 12
-1.681941659984e-02 -1.713573712351e-02 -2.795951719495e-02
Mode 13
-2.197374544146e-02 -2.788313706835e-03 -1.856454336016e-02
Mode 14
4.024906139863e-03 2.415596951085e-03 1.615237579075e-02
Mode 15
-3.523918654658e-03 3.853651154822e-03 -6.914678572281e-03
Mode 16
-3.255987586689e-03 1.851854236298e-02 1.178138331995e-02
Mode 17
-1.097649733855e-02 2.133837564209e-02 -1.100650257045e-02
Mode 18
4.079150531391e-02 -1.304502587545e-04 3.308334702011e-03
Mode 19
-1.511352138170e-02 5.096595253337e-04 -4.754175880688e-02
Mode 20
6.773058404054e-02 1.875592189014e-02 -4.996635038233e-02
Mode 21
-9.653641013021e-02 -8.864731348199e-02 3.563681242713e-02
Mode 22
-5.284765294379e-02 -4.544488067700e-02 4.339287798505e-03
Mode 23
-2.192148892608e-02 8.320384361575e-04 -6.795108973566e-02
Mode 24
-7.744255714776e-02 -1.635291599627e-02 -1.441295877085e-01
Mode 25
-3.760794285570e-04 -2.144733758957e-02 -4.161515470753e-02
Mode 26
-4.616770990530e-02 4.555326996062e-02 -4.232125462306e-02
Mode 27
3.583307248028e-02 -1.993211787322e-02 -4.899339288396e-02
Mode 28
-6.009520544242e-03 1.131393598896e-02 -1.934880716555e-02
Mode 29
-3.939219969127e-02 -8.642633216805e-03 6.314130544102e-03
Mode 30
7.760567027322e-03 -4.854864721521e-03 2.786004045150e-02
Mode 31
-1.329364353644e-01 -1.538666755157e-01 4.711834941392e-02
Mode 32
-1.622109540811e-01 -1.077701614273e-01 3.509029518377e-02
Mode 33
-8.230400615895e-02 -1.860823624190e-01 2.442477909191e-02
Mode 34
2.385982824753e-02 -8.209267634653e-02 -1.754421200735e-01
Mode 35
2.553304222335e-01 3.411206600429e-02 4.243723818632e-01
Mode 36
-1.728596230361e-02 -9.293123926223e-02 5.449156218498e-02
Mode 37
-1.687349658334e-01 2.511030940172e-01 8.801875449197e-03
Mode 38
3.190309382694e-01 -1.609158947951e-01 -7.667796855429e-02
Mode 39
-2.776929596822e-01 -1.033256724272e-02 -1.064148355043e-01
Mode 40
5.984887864858e-02 3.567322185584e-03 -1.454620312608e-01
Mode 41
-8.250138500527e-02 -2.206812232699e-01 7.672586176188e-02
Mode 42
8.477509419985e-02 1.661988497293e-01 -3.738263482852e-02
Mode 43
-2.613588732751e-01 -2.050722550448e-01 1.499302996669e-01
Mode 44
-1.404075701837e-01 -4.199048314379e-02 -6.951195323122e-02
Mode 45
-5.832601405851e-02 -2.603913991061e-02 -3.014593686641e-02
Mode 46
-1.450363282711e-01 1.186551702422e-01 1.863724327806e-02
Mode 47
-7.437790030891e-02 1.451243811356e-02 3.478560769306e-02
Mode 48
4.948328559801e-02 -3.821637378379e-03 -2.096546352678e-02
Mode 49
1.586843275394e-03 2.571844935365e-02 2.628575238955e-02
Mode 50
-6.372519983024e-04 -4.771551013110e-02 -8.791178755881e-02
Mode 51
4.356323577758e-02 -1.638124302915e-02 -1.234020485503e-01
Mode 52
1.467240277184e-02 -7.085576042526e-02 -1.073559168933e-02
Mode 53
-1.462221049075e-02 5.546599228537e-02 -5.103653233999e-03
Mode 54
-5.622549911530e-02 1.041967711282e-01 6.662360683265e-03
Mode 55
7.864956294401e-02 -4.027567358146e-02 -2.158584872280e-02
Mode 56
-1.310537483132e-02 -8.944716552327e-02 3.021501719632e-02
--
Polarizability derivatives 
Mode 0
8.100655389980e-01 -9.473091439711e-01 4.769527497937e-01
-9.473091439711e-01 -2.630761851454e-01 -9.810600914801e-01
4.769527497937e-01 -9.810600914801e-01 -4.269767546390e-03
Mode 1
-5.342690250649e-01 -3.977387719165e-01 -1.705715409212e-01
-3.977387719165e-01 -1.193005952592e-01 -5.073047230877e-01
-1.705715409212e-01 -5.073047230877e-01 1.000866564924e+00
Mode 2
-1.474122181064e-02 4.633970959536e-01 4.692463909302e-02
4.633970959536e-01 -8.130391749229e-03 -1.308663304878e-01
4.692463909302e-02 -1.308663304878e-01 -9.927733149545e-02
Mode 3
4.684408902549e-01 2.086574858371e-01 3.164848600815e-01
2.086574858371e-01 -8.875312237991e-02 -3.737758161485e-01
3.164848600815e-01 -3.737758161485e-01 -2.054069531548e-01
Mode 4
-8.290021823698e-01 -3.779745145493e-02 -2.576729824763e-01
-3.779745145493e-02 -6.537024945591e-02 5.505606434225e-03
-2.576729824763e-01 5.505606434225e-03 1.643325716373e+00
Mode 5
-7.185887075017e-01 -6.262747596519e-02 -1.181561209206e+00
-6.262747596519e-02 -2.229716086176e-01 -5.406995616044e-01
-1.181561209206e+00 -5.406995616044e-01 -3.902161415039e-01
Mode 6
7.256548466199e-02 -9.927149294319e-01 5.647587757722e-01
-9.927149294319e-01 -3.751352983969e-02 -1.341109068722e+00
5.647587757722e-01 -1.341109068722e+00 2.663732327508e-01
Mode 7
5.870260277377e-01 2.897679635082e-01 2.358805648450e-01
2.897679635082e-01 3.023305627605e-01 7.086252695447e-01
2.358805648450e-01 7.086252695447e-01 4.033835454013e-01
Mode 8
1.140227284592e-01 -2.502350469452e-01 -2.039867390024e-01
-2.502350469452e-01 2.803514880778e-01 4.228880132643e-03
-2.039867390024e-01 4.228880132643e-03 2.107273755774e-01
Mode 9
1.632890151216e+00 2.878280467561e-01 6.061555743817e-01
2.878280467561e-01 -2.803695085985e-02 -2.771897345236e-01
6.061555743817e-01 -2.771897345236e-01 4.236718909708e-01
Mode 10
-2.022928693237e-02 1.400752441033e-02 -4.495560122309e-01
1.400752441033e-02 3.516805980989e-01 -6.093780855302e-01
-4.495560122309e-01 -6.093780855302e-01 2.640862526506e-01
Mode 11
-1.245234595190e-01 4.418929884801e-01 2.393236140410e-01
4.418929884801e-01 1.131054347790e+00 -5.797828732040e-01
2.393236140410e-01 -5.797828732040e-01 -2.404921204980e-02
Mode 12
-2.336069491318e+00 6.744053925937e-01 -1.507816575535e+00
6.744053925937e-01 6.128792740609e-01 6.433985796381e-01
-1.507816575535e+00 6.433985796381e-01 -4.471802572800e-01
Mode 13
2.108624359124e+00 -9.972232478729e-02 9.174127784404e-01
-9.972232478729e-02 4.762679531177e-01 -1.186862068023e-01
9.174127784404e-01 -1.186862068023e-01 1.114573394388e+00
Mode 14
-7.885759949112e-01 6.949599918299e-01 -3.830261121766e-01
6.949599918299e-01 -1.022728642254e-02 2.264218271868e-01
-3.830261121766e-01 2.264218271868e-01 -3.421049635013e-01
Mode 15
2.802354967273e-01 5.631764940174e-02 4.890886329898e-01
5.631764940174e-02 -6.714912960044e-01 -5.651879844465e-01
4.890886329898e-01 -5.651879844465e-01 1.703972589128e-01
Mode 16
-3.430682342413e-01 2.748574742704e-01 2.465456975992e-01
2.748574742704e-01 -1.280581493864e+00 -3.314304369259e-01
2.465456975992e-01 -3.314304369259e-01 3.815272957414e-01
Mode 17
2.704222272596e-01 1.041818282616e+00 -2.811461971896e-01
1.041818282616e+00 -1.762286261220e+00 3.335217358416e-01
-2.811461971896e-01 3.335217358416e-01 -7.399232427111e-01
Mode 18
4.019786157426e-01 -1.992877690818e-01 -5.634850850646e-01
-1.992877690818e-01 -1.532974914538e-01 -3.268041141381e-01
-5.634850850646e-01 -3.268041141381e-01 1.161120799415e-01
Mode 19
1.717804035544e-01 1.744333433511e-02 1.814411551548e-01
1.744333433511e-02 6.088763818033e-02 4.102067259965e-02
1.814411551548e-01 4.102067259965e-02 -2.647339981132e-01
Mode 20
7.138461612009e-01 1.059912465163e-01 1.408301416620e+00
1.059912465163e-01 -2.718935260430e-01 -7.889513758537e-02
1.408301416620e+00 -7.889513758537e-02 -1.712875393053e+00
Mode 21
1.872390169195e+00 -3.291422109803e-01 2.854543358315e-02
-3.291422109803e-01 -1.170306776743e-01 -2.605979152875e-02
2.854543358315e-02 -2.605979152875e-02 -5.749942344718e-01
Mode 22
-2.823453439814e+00 2.109562542243e-01 -8.937840475457e-02
2.109562542243e-01 -1.736208251908e+00 1.472969348641e-01
-8.937840475457e-02 1.472969348641e-01 -1.420047048717e+00
Mode 23
-9.551200552563e-01 1.935476327838e-01 -8.057178147426e-01
1.935476327838e-01 -5.660573428992e-02 4.547593977281e-01
-8.057178147426e-01 4.547593977281e-01 -6.642057130721e-01
Mode 24
-1.496038669653e-01 4.009063742936e-01 1.521792359322e-01
4.009063742936e-01 2.334612977606e-01 4.699266122189e-01
1.521792359322e-01 4.699266122189e-01 -1.772112427897e-01
Mode 25
6.080039021163e-01 -6.154295241380e-01 1.904005584670e-01
-6.154295241380e-01 -9.202666545938e-02 2.215046449707e-01
1.904005584670e-01 2.215046449707e-01 -2.086029907213e-01
Mode 26
5.641623848586e-01 8.180933305064e-02 2.026356369818e-01
8.180933305064e-02 7.794264538023e-01 -4.752925830148e-01
2.026356369818e-01 -4.752925830148e-01 -1.305702559890e+00
Mode 27
6.147413512114e-01 3.640817451178e-01 1.086099979478e+00
3.640817451178e-01 -1.112788506171e+00 9.694957833754e-01
1.086099979478e+00 9.694957833754e-01 -7.012269639822e-01
Mode 28
5.730449375235e-01 -2.038028399164e-01 8.120561521734e-01
-2.038028399164e-01 -9.790727407469e-02 -5.588200593661e-01
8.120561521734e-01 -5.588200593661e-01 -9.445127657683e-01
Mode 29
-2.270364313798e+00 7.262116752407e-01 -2.013994548201e+00
7.262116752407e-01 -2.104335686524e-03 8.586667716175e-01
-2.013994548201e+00 8.586667716175e-01 -1.147049920357e+00
Mode 30
-1.099165108970e-01 7.051656979770e-02 -3.914981976351e-01
7.051656979770e-02 -9.725565513233e-02 1.953570801783e-01
-3.914981976351e-01 1.953570801783e-01 5.865606499667e-02
Mode 31
-1.921013655520e+00 1.133934194615e+00 5.497739370459e-01
1.133934194615e+00 -2.414909866442e+00 -3.357166670745e-02
5.497739370459e-01 -3.357166670745e-02 -3.547535535630e-01
Mode 32
3.079086888351e+00 8.319023071965e-03 -6.549362110385e-01
8.319023071965e-03 3.175267733128e-02 -1.888787692493e-01
-6.549362110385e-01 -1.888787692493e-01 7.951343503185e-01
Mode 33
-5.486539736096e-01 3.742106833087e-01 2.587690336554e-01
3.742106833087e-01 7.174644394696e-01 1.029147482361e+00
2.587690336554e-01 1.029147482361e+00 -3.671158151350e-01
Mode 34
-6.162205751744e-01 -9.166758823569e-01 -2.412363410439e-02
-9.166758823569e-01 1.994286443489e-01 -2.992059135695e-01
-2.412363410439e-02 -2.992059135695e-01 -5.773549426342e-02
Mode 35
8.533431894585e-01 -7.080367659899e-01 2.555893922322e-01
-7.080367659899e-01 -1.405570549559e-01 -8.477741446035e-01
2.555893922322e-01 -8.477741446035e-01 7.164869524147e-01
Mode 36
-2.580707489941e+00 1.195543835811e+00 -5.779456712390e-01
1.195543835811e+00 -1.508744416757e+00 -1.136157935787e+00
-5.779456712390e-01 -1.136157935787e+00 -2.104397715247e+00
Mode 37
-1.294874709564e+00 -5.910223167846e-01 -1.259088521969e-01
-5.910223167846e-01 9.601077200159e-01 -5.294288080365e-01
-1.259088521969e-01 -5.294288080365e-01 -1.232794914772e+00
Mode 38
1.377861223195e+00 -1.871832962946e-01 1.198582783625e-01
-1.871832962946e-01 2.294861303353e+00 -8.628872505600e-01
1.198582783625e-01 -8.628872505600e-01 3.102673877085e-01
Mode 39
2.165672069497e-01 -5.544773897131e-01 -1.489715024323e-01
-5.544773897131e-01 -1.360782510896e-01 -3.643713214893e-01
-1.489715024323e-01 -3.643713214893e-01 4.590348740612e-01
Mode 40
-3.441083874268e+00 8.853551879941e-01 3.212097051165e-01
8.853551879941e-01 -4.692936342256e-01 -5.646940177764e-02
3.212097051165e-01 -5.646940177764e-02 9.340350425647e-02
Mode 41
2.262240456122e+00 -1.075177116635e+00 4.097777620739e-01
-1.075177116635e+00 2.264180411284e+00 -1.859480316081e-01
4.097777620739e-01 -1.859480316081e-01 2.751755012905e-01
Mode 42
-1.312583329596e+00 9.040076001523e-01 -1.257997035680e+00
9.040076001523e-01 -2.028243722929e+00 1.640317444764e+00
-1.257997035680e+00 1.640317444764e+00 -1.458440309395e+00
Mode 43
-6.233633241776e-01 1.389882489272e+00 -9.054678190918e-01
1.389882489272e+00 1.463745165273e+00 2.557013328824e-01
-9.054678190918e-01 2.557013328824e-01 -2.225947026752e-01
Mode 44
-3.791369089002e-01 -1.326877465059e-01 -3.296127019180e+00
-1.326877465059e-01 -1.615126837637e+00 -4.751502605879e-01
-3.296127019180e+00 -4.751502605879e-01 -1.660942636520e+00
Mode 45
1.716554583147e+00 -6.980110013816e-01 9.419558963227e-01
-6.980110013816e-01 -8.034548820579e-01 -2.110913495542e+00
9.419558963227e-01 -2.110913495542e+00 -7.024552238679e-02
Mode 46
1.405517673803e+00 -2.842326553086e-01 -1.608334985599e-01
-2.842326553086e-01 4.007845110987e-01 -5.820151186499e-01
-1.608334985599e-01 -5.820151186499e-01 1.578414760877e-01
Mode 47
8.876308903298e-01 3.644446883329e-01 3.416099217533e-01
3.644446883329e-01 -2.166422613400e-01 4.070285312453e-01
3.416099217533e-01 4.070285312453e-01 6.582485582299e-01
Mode 48
9.760389294136e-01 -8.685980986437e-01 5.864085169585e-01
-8.685980986437e-01 3.629750935263e+00 -5.651697517410e-01
5.864085169585e-01 -5.651697517410e-01 2.558495896622e-01
Mode 49
-2.496520307083e+00 4.098119530171e+00 -6.843702276835e-01
4.098119530171e+00 -2.696776658336e-01 -6.257087168853e-01
-6.843702276835e-01 -6.257087168853e-01 3.450128496614e-01
Mode 50
2.288660595355e+00 -7.972288378522e-01 4.392791381029e-01
-7.972288378522e-01 2.453496500403e+00 2.969812316090e+00
4.392791381029e-01 2.969812316090e+00 1.163218831611e+01
Mode 51
3.333191043823e+00 -1.652754092819e+00 -8.349263934369e-01
-1.652754092819e+00 6.196774952867e+00 8.987662930478e-01
-8.349263934369e-01 8.987662930478e-01 5.564812721676e+00
Mode 52
6.403989275899e-01 -3.894244935982e+00 -6.515734531122e-01
-3.894244935982e+00 1.301975785590e+00 3.579373296419e+00
-6.515734531122e-01 3.579373296419e+00 9.345544044400e-01
Mode 53
-1.669780680173e+00 -2.123790589402e+00 3.912130178287e-01
-2.123790589402e+00 -5.159662584732e+00 -1.090809145816e-01
3.912130178287e-01 -1.090809145816e-01 2.630332641026e+00
Mode 54
5.556001600882e+00 -6.393257591522e+00 -1.108055683842e+00
-6.393257591522e+00 6.727073954372e+00 1.738913418877e+00
-1.108055683842e+00 1.738913418877e+00 3.409042644705e-01
Mode 55
5.297703522255e+00 7.305171999621e-01 -2.384170616481e+00
7.305171999621e-01 -3.535380534187e+00 4.120192187000e-02
-2.384170616481e+00 4.120192187000e-02 1.995203452120e+00
Mode 56
-3.505689687572e+00 -1.180051985698e+00 1.694920929448e+00
-1.180051985698e+00 -1.159574110149e+01 3.202838465289e+00
1.694920929448e+00 3.202838465289e+00 -2.189786580922e+00
--
