Number of atoms 
16
--
Anisotropy 
96.052
--
Frequencies 
3.917821816869
53.694516681567
70.491203256199
126.960516116852
179.275755864861
191.894629422149
211.258866200454
218.849949566021
282.197882238551
332.234529291448
363.726615612054
377.668603975176
471.202441637224
531.675201677377
535.771882673510
624.220873313024
680.060843424910
771.764014225541
794.450491077335
830.239731856143
901.935137462308
983.267797071022
1058.729819872787
1097.092259177905
1131.816638522657
1172.254591850224
1194.896834985158
1210.284685290803
1326.530450604720
1344.167625296159
1410.951630413218
1449.172727811767
1454.887999173587
1474.632935833352
1507.448178709864
1602.794363181720
1609.924395777063
3040.228698120861
3124.773372537318
3160.374947716251
3164.600584469844
3224.513509230042
--
Displacements 
Mode 0
1.206678134536e-01 -2.426961402973e-01 -1.201300331294e-01
1.814367752689e-01 -1.787838173087e-01 -7.683679511244e-02
1.236416331438e-01 -1.012738918869e-01 -1.612931306140e-02
6.400124849552e-02 -1.646762174678e-01 -1.699178540224e-02
2.821195223210e-02 -1.200407376675e-01 3.377597987131e-02
5.847933419866e-02 -4.399240385654e-02 8.825211601068e-02
1.257812361241e-01 8.282731403228e-03 8.853088302534e-02
1.599054811496e-01 -5.288016610626e-03 3.705661036066e-02
4.265677979847e-01 1.391505029468e-01 6.106156016868e-02
2.778465597050e-01 1.687118452654e-01 2.576696235305e-01
4.571161612866e-02 -7.710457379006e-02 -4.542139346770e-02
1.237922379398e-02 -7.590754298746e-02 -2.852184419098e-02
3.946968180228e-02 -7.751544671361e-02 -4.274125080656e-02
-6.718498354674e-03 -4.565229796956e-02 9.109358595397e-03
8.929834305530e-03 -7.351453469321e-03 3.761396992934e-02
-5.170578656785e-01 1.126450350338e-01 -1.292234833528e-01
Mode 1
8.658686453782e-03 6.255114045768e-02 -1.191937495310e-01
1.096895406821e-02 1.749565937883e-01 -1.456458354467e-01
7.663843506688e-03 -2.761455597324e-02 -1.154638864474e-01
1.153952084657e-02 -3.008112194197e-01 -1.077841821352e-01
1.364000392548e-02 -4.282777403501e-01 -1.014702675200e-01
1.308948254371e-02 -3.024513502352e-01 -1.212201881786e-01
8.116960711618e-03 -5.352814910747e-02 -1.363532903936e-01
3.314214445303e-03 4.948273054846e-02 -1.255727828536e-01
-5.941527281107e-03 1.284815425312e-01 -2.078823966894e-01
6.720880161131e-03 1.504696281650e-01 -3.014339096234e-01
3.381301134171e-03 7.361402529710e-02 -3.836113070532e-02
1.346333107315e-02 -1.486747322862e-02 2.085205997560e-02
-9.777164051922e-03 -2.218246669343e-02 -8.448480042956e-02
4.826282847528e-03 -1.894382560517e-01 -2.515172834945e-02
4.285734523345e-03 -1.174400835108e-01 -3.596809404448e-02
-2.124599562798e-02 1.072602732434e-01 4.702116492266e-01
Mode 2
8.833569022838e-04 4.503800318533e-01 4.790000590726e-02
-8.603977251173e-03 1.845284969025e-01 7.332782752178e-02
-1.046509806741e-02 -2.563370911287e-02 7.322552996819e-02
-1.910669792910e-02 -1.385120785975e-01 8.649622173681e-02
-2.403095783363e-02 -1.837428480440e-01 8.934587595133e-02
-1.820754571618e-02 -5.972247232541e-02 8.558974003562e-02
-8.421511006099e-03 3.806464478867e-02 7.954343564173e-02
-7.490784102488e-03 -4.893200486433e-02 7.558059693750e-02
-3.157878062726e-03 -1.321901752578e-01 1.198257271922e-01
3.053715746438e-02 6.002070485459e-01 1.309076306048e-01
6.325561012816e-04 1.942375278202e-01 1.015927602361e-02
6.741763032440e-02 1.320086216014e-01 1.995876295497e-02
-6.497729691210e-02 1.338384400341e-01 7.697796548645e-03
-9.564474116828e-03 -8.736939776232e-02 2.786238482330e-02
-5.295330173669e-03 -7.771924967572e-03 2.485109488689e-02
1.351317631594e-02 -2.834599263865e-01 -2.652346535095e-01
Mode 3
1.097175505698e-02 3.922163730438e-01 -1.104326172251e-01
7.777037086266e-03 -6.239702794726e-01 -1.415620202846e-02
1.397669578314e-03 -2.826043059843e-01 -1.183487894015e-02
4.389934976436e-03 -1.132705239867e-01 -2.581138237964e-02
1.440746272197e-02 7.634571175753e-02 -3.982193734325e-02
1.639586890623e-02 5.315219559610e-02 -3.670402968340e-02
1.180965153221e-02 -6.804852638260e-02 -2.858989970023e-02
3.044209764649e-03 -1.657999729470e-01 -1.093746019775e-02
-4.066061369646e-03 5.367636955957e-03 -1.011176026032e-02
6.940222965569e-03 -5.385067992122e-02 -9.605458375053e-02
6.458418647430e-03 3.421678762313e-02 -3.121525733363e-02
9.671469529526e-02 2.470864048623e-01 -2.367248205256e-01
-9.327098954134e-02 2.790399636058e-01 1.493460642494e-01
6.607697485605e-03 7.082482493896e-02 -1.446228163073e-02
5.512470607162e-03 4.832348006942e-02 -1.163670366530e-02
-2.057067534282e-02 1.786366048891e-01 1.246372541498e-01
Mode 4
8.811485343209e-03 6.937233587813e-02 -7.310311446640e-02
3.272080238513e-02 -4.789445971025e-02 -2.272025496486e-02
1.010931663315e-02 -1.437518245108e-01 1.172846153869e-02
-2.242130446072e-04 -2.667794433631e-01 1.729525988136e-02
1.425583666722e-02 7.258716864999e-02 -6.288140308148e-03
2.485532480739e-02 3.332911385193e-01 -2.165553638412e-02
2.015942667963e-02 1.061166618763e-01 -9.188056256024e-03
1.126690132803e-02 -4.561913100646e-02 7.167817884130e-03
-7.564933321739e-02 -4.288347580027e-02 1.668704458661e-02
2.090669655379e-02 -1.493081043516e-01 1.373401357041e-02
2.006846267677e-02 5.034613967883e-01 -6.456521061931e-02
2.103980159707e-01 -1.941241711067e-01 3.501618703260e-01
-2.288913442938e-01 -2.377228850692e-01 -3.597920471987e-01
5.073662176432e-03 2.630414827705e-02 -2.110459894152e-03
9.460741554338e-03 1.621487527199e-01 -9.394181428449e-03
-1.082824026800e-02 4.961077959392e-02 1.802823844897e-02
Mode 5
-1.872403877623e-02 6.970495414981e-02 4.824363415428e-01
-2.446576731431e-01 -8.119720436336e-02 1.155053698882e-01
-9.142711563555e-02 -2.491101272150e-02 -8.552651566563e-02
-4.446382334092e-02 -8.050613729483e-02 -7.829862241947e-02
-7.438640748446e-02 -7.430638808385e-03 -4.888955075724e-02
-7.466604342495e-02 5.840164992169e-02 -4.186954160040e-02
-1.016159415008e-01 5.765063124792e-02 -3.469863196718e-02
-7.462410449970e-02 7.260697257787e-02 -9.127845983145e-02
6.013327977987e-01 2.175094919590e-01 -1.724121785012e-01
-1.917684983827e-01 -4.969666346557e-02 -2.591335813283e-02
-7.236970825878e-02 8.037518199880e-02 2.055676052796e-01
9.435038212547e-02 5.137746208394e-03 1.747870570289e-01
1.686096065650e-02 6.686285561573e-03 1.260319263371e-01
-2.959191724044e-02 -6.601495440660e-03 -1.447872035875e-02
-1.943304452913e-02 2.124268802298e-02 -1.578793112795e-02
2.831253209618e-02 -8.552009559759e-02 -1.018534887449e-02
Mode 6
-7.823572657517e-02 -4.217083895750e-02 -2.401977549573e-01
5.801238151370e-02 -4.682771553512e-02 1.160280988512e-02
-2.009309448940e-02 1.613005272877e-02 1.109950255697e-01
-1.592474714392e-02 2.308173528725e-01 1.110640564659e-01
1.245771280791e-02 9.573210899491e-02 8.726193817090e-02
2.416951960324e-02 -1.748962235178e-01 1.118344540319e-01
-1.222756556492e-02 -1.452481178100e-01 1.090051820849e-01
-1.804668737154e-02 -9.620728382320e-02 1.571899404568e-01
3.809898725178e-01 2.546736942685e-02 3.078837394930e-01
-3.510390122775e-01 1.038175206625e-01 -5.106291544608e-01
2.385700316493e-02 9.707858350499e-02 -1.231783020834e-01
-1.467114145509e-02 -6.443978600990e-02 1.580217360756e-02
-1.122506883165e-01 -7.806850257018e-02 -1.593765035320e-01
8.209356672907e-03 7.002491137811e-02 2.305210328040e-02
4.505889698168e-03 -7.323629464968e-02 3.636784479915e-02
1.129232230080e-02 -1.315883040065e-02 -9.934923672362e-03
Mode 7
-3.968198515337e-02 1.815929093264e-02 -1.585355005363e-01
6.016988388921e-02 2.167745102452e-01 3.741450119201e-03
-3.081995226218e-04 -2.019892029830e-03 8.366977467012e-02
-1.244437586835e-02 -4.378763972901e-01 1.189972577925e-01
1.696325462819e-02 -1.406937640430e-01 7.936154412506e-02
4.353422103717e-02 4.262298130816e-01 3.975101551383e-02
1.189914109671e-02 2.899613073104e-01 4.427972023574e-02
2.399598477775e-03 1.575857478771e-01 7.750889682182e-02
1.180779630151e-01 6.181019156126e-02 1.500421601183e-01
-1.927056352560e-01 -2.096471125743e-01 -1.901518627030e-01
1.472633939920e-02 -2.258696653939e-01 -6.076519283584e-02
-1.530959683130e-01 1.010799829714e-01 -2.156334191184e-01
7.956929157982e-02 1.175287692446e-01 9.924451232611e-02
5.683034678971e-03 -1.184366965575e-01 2.806729505501e-02
1.613350859100e-02 1.892345718978e-01 6.651951645152e-03
1.385012026622e-02 -7.106259227872e-02 -4.391863661520e-02
Mode 8
-3.510140464721e-02 3.159188968006e-02 -1.126876062650e-01
4.944223322989e-02 -3.568012888693e-01 9.795408571936e-02
2.278152837301e-02 1.870707949089e-01 8.289961442130e-02
3.406747477534e-02 1.174574699773e-01 1.003079387621e-01
4.757128918070e-02 -1.091079400046e-01 8.275976097726e-02
2.184206220274e-02 -1.537219206350e-01 3.895217799111e-02
7.866653802757e-04 2.585154144367e-01 6.554531559720e-03
5.583092250268e-03 5.053219664472e-01 -5.437039215485e-03
-1.697195958615e-01 4.659107927864e-01 -5.212745452310e-02
-4.195973845933e-02 -6.978368718890e-02 6.767564300386e-02
2.324880637495e-02 1.092555493760e-01 -7.237970769582e-02
5.483091066139e-02 -7.316259665650e-04 -8.991147494574e-03
-1.318689801034e-01 -3.220671163487e-03 -6.425403934251e-02
2.105420575324e-02 -9.728814832366e-02 2.893218977781e-02
9.149215741901e-03 -1.510291628470e-01 6.820259623316e-03
4.890820643247e-02 -2.553547367790e-01 -7.727856460595e-02
Mode 9
-4.989664891524e-01 -7.368075569141e-03 -1.734592779161e-01
-2.836076437465e-01 9.512454579577e-02 2.509634613935e-01
-1.588853804077e-01 -4.854202299334e-02 1.325192649109e-01
7.208791805185e-02 -2.438462972888e-02 1.609401782241e-01
2.046323415607e-01 4.801700307198e-02 -3.579316741028e-02
1.224856157021e-01 4.406035426808e-03 -1.875911499223e-01
-1.899663093211e-02 -1.041920894132e-01 -1.673668502323e-01
-1.467988600155e-01 -1.076358321011e-01 -2.480094356372e-02
1.586044644165e-01 1.355386617655e-01 -7.451590935316e-02
3.221350994053e-01 1.177453332316e-02 1.180804066696e-01
-6.122758167811e-02 -2.451361959100e-02 -1.357201973215e-01
-2.357127749035e-01 2.829641602369e-03 -6.726887857066e-02
-2.048337151760e-01 -7.845148821356e-03 -6.457064525325e-02
1.109780254098e-01 4.676655488112e-02 -7.766619200559e-03
5.641982288942e-02 2.792710528779e-02 -8.603682877849e-02
8.440859471514e-03 -3.025923289150e-02 4.363922293687e-03
Mode 10
1.345893734978e-01 -1.024012620939e-02 7.917810468895e-03
1.032863929441e-01 1.887769071304e-01 -6.448231230104e-02
4.527856191935e-02 -2.054293728445e-01 1.129306387946e-02
-4.049927546720e-03 -1.325261274590e-01 2.433885835944e-03
-1.871907048375e-02 2.027189431766e-01 1.698533284673e-02
-2.368253899964e-02 3.247643112886e-02 3.272856517820e-02
-2.384470009340e-02 -3.060599247580e-01 4.660428287156e-02
8.916206748284e-03 -2.733636683451e-01 9.262403592157e-03
-1.933376750032e-01 7.097814251807e-01 -1.972924733272e-02
-6.780940410824e-02 6.904393101978e-02 1.349409587228e-02
2.432812415173e-02 -4.421539449039e-02 1.969378089634e-02
7.816401658266e-03 -3.175979756534e-03 -5.689778764513e-04
9.336884238009e-02 -1.612842043742e-03 1.145985359216e-02
-7.962157513439e-03 1.850314204589e-01 -3.464791002725e-03
-2.927494551155e-03 9.776971334948e-02 3.981426012999e-03
3.966754760187e-02 -2.120419501174e-01 -1.303734719033e-02
Mode 11
7.802704852473e-02 -1.220376517095e-02 -1.253262896421e-01
1.805414589211e-01 2.721291537324e-02 1.153984220677e-01
1.236555589654e-01 -2.841106774339e-02 9.924015040127e-02
2.493882253241e-01 -1.091587451789e-02 1.285129441645e-01
2.190890423973e-01 2.300539442364e-02 1.565891573398e-01
9.839547028274e-02 -1.239114701956e-02 1.502483081770e-02
-1.678484884046e-01 -5.033830866216e-02 -7.611229248008e-04
-4.026270998515e-02 -6.768012096847e-02 -1.209021894836e-01
7.206728284472e-02 -1.479454406884e-01 -5.047983246521e-01
-5.315740982452e-01 6.195992390785e-02 2.975450000564e-01
6.038228620343e-02 -1.156752902199e-02 -7.510274316174e-02
-1.911091598720e-02 -2.260439109320e-03 -4.185522337024e-02
-9.378369669517e-03 -4.947930835820e-03 -4.154568809774e-02
7.056213753918e-02 2.381584845245e-02 4.506164283004e-02
7.365057575675e-02 1.721121030498e-03 -6.409106784130e-02
-1.237399439710e-02 6.470655826703e-02 1.766651079649e-02
Mode 12
4.604457001288e-04 -1.414745437909e-03 -3.702721230476e-03
-1.017267008893e-01 -2.392119899673e-02 -2.086185958730e-01
-4.691229117805e-02 5.437622240927e-03 -1.833787186831e-01
2.482046269042e-01 4.218299384338e-02 -2.260787671312e-01
2.758085172703e-01 -7.998730380483e-02 -2.611992714161e-01
2.476012489593e-01 -4.569821030167e-03 -2.148726161469e-01
-4.226442000267e-02 5.338801043489e-02 -1.275008352134e-01
-6.937503374806e-02 -3.672225346924e-02 -1.834952817026e-02
-2.751124768930e-02 6.847901532378e-02 5.286832813208e-01
-3.203039302679e-01 2.808750688634e-02 2.842009658403e-01
-3.873428273161e-02 6.819878484061e-03 3.869792515757e-02
3.609964819509e-02 -2.387640035851e-03 6.008709313929e-03
3.183555267015e-02 -1.473266070522e-03 2.340693755210e-03
7.969236922652e-02 -6.004704024833e-02 -7.411928507449e-02
9.464715232976e-02 -1.841868181182e-02 -9.894775722980e-02
4.123231246480e-03 -2.268942235881e-02 -4.322175956481e-03
Mode 13
2.847560543925e-01 -1.430269401075e-02 -3.748512247881e-02
2.428812342135e-01 -3.544405875563e-02 4.143470579435e-02
-2.987727336400e-02 4.250909244444e-02 2.407032172638e-01
-2.606677209659e-01 2.330475191382e-01 2.732050516208e-01
-5.351979068374e-02 -1.978523780356e-01 -1.837116637216e-02
-2.201529260166e-01 1.137282794086e-01 -3.892088546247e-01
-1.399300512843e-01 6.893488694528e-02 -3.339304059124e-01
-1.962807702280e-01 -2.241650907264e-01 -3.512479116765e-02
9.510894065653e-02 6.361384477276e-02 1.041087501673e-01
5.915337740497e-02 -1.879389411622e-02 5.296849715414e-02
7.627546017740e-02 3.725384163256e-03 -3.720669859961e-03
9.201873587759e-02 -9.170965599154e-03 -1.782076757916e-03
8.359970154129e-02 -3.499409688959e-03 -9.041056983800e-03
9.142108075929e-02 -1.797899582718e-01 1.131329409466e-02
-4.434344170693e-02 2.947571719061e-02 -1.447080024603e-01
3.285941597685e-03 -6.239459903665e-03 3.201375674535e-03
Mode 14
-1.313879171960e-01 -6.355573986210e-03 1.412801548887e-02
-1.004943622112e-01 -5.579831909241e-02 1.467408907513e-02
3.408657420401e-02 2.233809290092e-02 -1.008094381438e-01
1.324266705844e-01 4.040053724617e-01 -1.419198697799e-01
-2.252060205235e-02 -3.812329580271e-01 9.080827628320e-02
8.642373376773e-02 2.724795238651e-01 2.040067242894e-01
6.866259119080e-02 1.457873881852e-01 1.659007989564e-01
8.161934751094e-02 -4.658796931690e-01 2.942082372293e-02
-6.461613506643e-02 1.631337553852e-01 -1.489985859419e-01
9.001579770879e-04 -3.797389898683e-02 -5.223158023073e-02
-2.852289599464e-02 1.111395386929e-02 -7.128906533799e-03
-3.976784982367e-02 -5.411375731738e-03 8.428286203812e-03
-5.483902132605e-02 -9.211234971366e-03 -5.980555456764e-03
-7.241170915177e-02 -3.446941911462e-01 3.600430674204e-02
1.571436553457e-02 7.872386684496e-02 7.488975447008e-02
2.995309888049e-03 -2.036348284753e-02 8.515700143358e-03
Mode 15
-4.869904999607e-03 1.093080820023e-02 -1.481367942185e-04
1.145031049384e-02 1.781698622759e-01 1.140908004497e-02
4.113746171914e-04 -5.162552772208e-01 3.447427374842e-02
-2.312885813917e-03 7.388586811756e-02 -6.839902849524e-03
-7.092111061948e-03 1.417460867156e-01 -2.536628627903e-03
-2.559552882265e-02 -2.804915937531e-01 2.053688868009e-02
3.494106748394e-02 6.834116081983e-01 -4.374423384204e-02
6.677725712033e-03 -1.811309050428e-01 -5.481671503989e-03
4.855179636604e-03 2.143329677412e-02 -1.042663683347e-02
-4.430885887212e-03 -7.478535142035e-02 5.325780516073e-05
4.036464793272e-03 -2.045331278323e-02 -4.431628694133e-03
-3.572143805536e-02 -2.922823509529e-03 6.363311135234e-03
2.254642189282e-02 -5.676038830778e-03 -7.436473618610e-03
-8.314811932964e-04 1.294249765902e-01 -6.248808920697e-03
-1.630344385562e-02 -2.562467378838e-01 1.885046674858e-02
-1.960014869868e-03 -1.450000897541e-03 1.477974577581e-03
Mode 16
1.095209382601e-01 -4.686534421319e-03 -3.966402218971e-02
-1.916460637583e-01 -3.156347162145e-02 -5.751894425148e-01
-3.181757187699e-01 4.049163201079e-03 1.011448493162e-01
1.577262137013e-03 2.113211099081e-02 2.559463335579e-01
2.039451662850e-01 9.341933250989e-03 1.950009263831e-01
2.106459512521e-01 -8.424507100099e-03 1.477225093995e-01
-1.270816240194e-01 3.935965320811e-02 8.558603272225e-02
-2.692006880331e-01 1.195338096993e-02 1.791840700272e-01
2.045710399824e-02 -5.718727356522e-03 -1.631799714764e-01
1.559631073559e-01 -1.490697716301e-02 -4.347003428108e-02
-1.224497224139e-01 1.255672610649e-02 1.476471209578e-01
1.639694841854e-01 -1.123991779582e-02 2.006970303903e-02
1.667126261091e-01 6.796104731371e-03 1.793762672729e-02
7.540922634156e-02 6.818287912758e-03 5.896952787097e-02
9.600285970586e-02 -1.318176223580e-02 -6.218151693902e-03
6.121821836652e-05 -9.146367498201e-04 -2.448849462004e-03
Mode 17
2.495101257519e-02 -4.792960515685e-03 -3.455070229299e-02
-1.836968927004e-02 -2.160125820581e-02 1.916987120315e-03
7.948420834797e-02 1.101024009763e-01 -1.212052411350e-01
4.345057090888e-01 -9.542656763816e-02 -1.591825898030e-01
-5.055366417021e-02 8.204442809757e-02 4.791702467991e-01
-2.778036332028e-01 -1.396667541291e-02 4.000756566500e-02
-3.841890465272e-01 5.665495461252e-02 -7.185018957727e-02
-1.770424413714e-01 -6.781110904922e-02 -2.930920413224e-01
1.126925663096e-02 3.627783449042e-03 2.115991663156e-01
2.022529875910e-01 -1.793622766255e-02 -9.819278567021e-02
7.873055900433e-03 1.115250568887e-03 -1.163504209268e-02
4.221753284218e-03 4.084491501449e-04 -1.188741960110e-02
-3.213752355646e-03 -3.854614575536e-05 -8.735202440631e-03
-1.087789349761e-01 1.218362496586e-02 1.341416381754e-01
1.302107659004e-02 -4.691045431336e-02 -1.293316918487e-01
-3.668185507848e-04 3.012197409133e-05 3.578027935246e-04
Mode 18
3.882633792617e-03 9.593816223866e-03 -6.660693227074e-03
-1.370574721144e-03 1.175936212127e-01 -1.387086749557e-02
-8.993671163383e-03 -6.485101707409e-01 2.181727927066e-02
8.371545234756e-02 3.527844421789e-01 -4.873972742894e-02
-1.508334820904e-02 -2.316581950970e-01 9.701912486779e-02
-4.065018155111e-02 1.397956067743e-01 -6.944726452338e-03
-7.983524499651e-02 -2.529623461300e-01 1.003547485151e-03
-1.408091108994e-02 4.739518483700e-01 -7.609273906374e-02
6.772020993229e-03 -4.678211657919e-02 4.988160632818e-02
3.532418710460e-02 4.153160397424e-03 -1.650870948123e-02
-4.766005647082e-04 -9.602025431931e-03 3.844107948368e-04
-1.663968304589e-02 -4.145736351352e-03 7.538110438158e-03
2.121325503995e-02 -6.239603179128e-03 -9.825371041854e-03
-1.731726449918e-02 -1.570055804940e-03 2.332307556528e-02
1.282581859937e-02 1.884389731758e-01 -3.875658683794e-02
-1.315612209045e-03 3.416634591365e-03 -2.392292529647e-03
Mode 19
-1.360455625765e-03 -1.633479399969e-03 5.162704343588e-04
-8.221536029547e-04 -3.265702393628e-02 3.722544193667e-03
5.952328694462e-03 1.369846249405e-01 -9.580627660304e-03
2.728254596863e-03 5.329526858093e-02 -8.308629983858e-03
-6.200512819579e-03 -2.334942267611e-01 1.698728764303e-02
-1.451793369189e-02 -3.582196588069e-01 2.704937195043e-02
5.444461486835e-03 2.022567874918e-01 -1.438454205571e-02
-8.636046841872e-04 -5.436358543076e-02 -4.304726696354e-04
-1.393312753951e-03 1.987242233577e-03 1.872638223344e-03
-1.005653802276e-03 -3.016135479281e-02 1.991531366837e-03
2.768037124411e-04 6.327347760121e-03 -9.397838124125e-04
3.651276684749e-03 -1.052446589590e-03 7.573637237201e-04
-5.568415916147e-03 -8.623693665760e-04 -3.551589724381e-04
1.171012026577e-02 3.964512174640e-01 -2.365546165139e-02
3.354486551490e-02 7.660166253341e-01 -4.588045523177e-02
2.219222717291e-04 -3.258656758408e-04 -4.019779506161e-04
Mode 20
-3.201417855134e-01 1.383372918400e-02 9.891144075014e-02
-5.738008969960e-02 -2.558094611019e-02 -3.764462584165e-01
1.848663179404e-01 1.323322218243e-03 2.699169898992e-02
4.581425051127e-03 1.249375266086e-02 2.083191167023e-01
8.459128862059e-03 2.441294792894e-02 3.433149793733e-01
-2.420238826121e-01 -5.686078619479e-03 -2.088650094003e-01
3.572420777167e-01 -3.015735668403e-02 -1.809943582254e-01
4.095656305107e-01 -1.932964444051e-02 -7.707909263537e-02
-1.675328250412e-02 2.690797362428e-03 3.443082189802e-02
-1.580937663920e-01 1.278287984044e-02 5.025904178581e-02
-1.693502031627e-01 1.139754139482e-02 1.060212531630e-01
-8.838738850577e-03 -3.141070400337e-04 4.214206175421e-02
-8.662917179849e-03 6.764047738337e-03 4.150527546212e-02
1.055568063344e-01 -3.206569756276e-03 1.125296613836e-01
-5.103949459262e-02 1.726897272829e-03 -8.918118584510e-02
-2.707660423673e-04 1.687487507545e-04 8.811330021843e-04
Mode 21
5.399814953780e-03 1.128872406866e-03 -2.933211480886e-03
-1.830333658568e-03 1.608904539587e-02 2.422730472651e-03
-9.004298705685e-03 -9.621984058292e-02 8.917084094284e-03
9.103134342514e-04 -2.819680586906e-02 1.093012180099e-03
1.696693700504e-02 4.536519633923e-01 -3.327966874157e-02
-1.168800614302e-02 -2.917173442199e-01 1.988371957273e-02
3.217834794276e-04 9.406047313736e-03 5.463771505412e-04
-4.982940240206e-04 3.770188303591e-02 -7.572954293529e-04
1.159046774160e-03 -5.587109417237e-06 -2.213530381483e-03
1.824051019778e-04 -3.491316892708e-03 6.963766387136e-05
1.124678679389e-03 -1.872634496377e-03 -2.532326314999e-04
-1.902669566026e-03 -3.521178771653e-04 3.745534951318e-04
5.262293986613e-03 -4.398307886895e-04 -1.531713269975e-03
-2.314773060273e-02 -7.297085988019e-01 4.300664288923e-02
1.400037314541e-02 3.995884122230e-01 -1.883749009039e-02
-3.011418511948e-04 8.479981583719e-05 1.342441251942e-04
Mode 22
2.153308701109e-01 -1.476669724670e-02 -1.468468152535e-01
-2.388496304858e-01 1.270700185891e-02 1.087594439570e-01
-1.378627890059e-01 5.216341469025e-03 7.619279824081e-02
4.333743210128e-01 -2.019493604987e-02 -1.509967562033e-01
-1.287952076054e-02 -5.993634414949e-03 -9.434198293467e-03
-3.703663353084e-01 1.874804712737e-03 -2.092333676470e-01
2.617681202141e-01 -9.909246776030e-03 -3.554471945673e-02
-7.306115656019e-02 3.044941407922e-02 5.232519197753e-01
5.751965015659e-03 2.097058828014e-03 -1.220692071572e-01
-3.918807804820e-02 2.092901404598e-03 1.393145789453e-02
9.686524958747e-03 3.655643487921e-04 9.156480524843e-03
5.465467074417e-02 -1.153670503395e-02 -2.382455950899e-02
5.578433962745e-02 5.363139451099e-03 -2.566776328476e-02
4.490809304958e-02 4.103271863963e-03 2.564666168668e-05
-2.346750054244e-01 1.651776386307e-02 1.184795167392e-01
5.843987308928e-04 -2.718704365183e-03 -1.979952653099e-03
Mode 23
3.970361630142e-01 -2.815679601363e-02 -2.785557723946e-01
-5.082717059290e-01 2.920215604856e-02 2.710876210884e-01
-1.339693669503e-01 2.815786822977e-04 -1.051994395733e-01
-1.835071271575e-01 8.221094527106e-03 6.340746987575e-02
-2.103934083339e-02 1.461416234826e-02 2.236941522782e-01
1.575052358235e-01 -8.565473153813e-04 6.836101909419e-02
2.768738088700e-01 -2.361416166089e-02 -1.286392724933e-01
1.524974446140e-01 -2.068617934285e-02 -3.277193784445e-01
-2.971278234602e-03 -1.240599946730e-03 7.075393502777e-02
-7.091810605758e-02 7.041927850437e-03 3.254908861091e-02
2.005637646058e-02 4.842231882313e-04 1.161956012466e-02
1.138798413007e-01 -2.709482074595e-02 -3.805483079063e-02
1.158674546503e-01 1.617460450314e-02 -4.186017848761e-02
-5.344291674501e-02 8.433202610610e-03 6.494667690666e-02
9.295109771814e-02 -7.073650570749e-03 -3.696204928720e-02
-4.430522024238e-04 2.087458169851e-03 1.781235077259e-03
Mode 24
4.173482913142e-02 6.059513289035e-03 9.788392816660e-02
2.305361518852e-02 -2.209504215979e-04 1.023769895834e-03
-1.121003799873e-02 -7.176787245257e-03 -8.767835307415e-02
-1.068347029224e-01 -6.327658662223e-03 -1.558752907520e-01
-1.684558614045e-01 2.311018085357e-02 2.106125412658e-01
1.453910338550e-01 -1.695163001855e-02 -1.609599709025e-01
7.244970222654e-02 3.424036096560e-04 -5.491724175995e-03
9.440824776626e-03 1.916441104517e-02 4.160127236097e-01
-2.088117527406e-04 2.341849727022e-03 -7.852124272621e-02
-1.067927108697e-02 4.729658702244e-04 1.378632931643e-02
1.270202095174e-01 -9.092445610667e-03 -8.830298636768e-02
-9.454948514149e-02 2.248465098762e-02 -1.921587488275e-02
-9.638597720407e-02 -2.078085556015e-02 -1.544601988566e-02
-2.870331565037e-01 8.456540437899e-03 4.149610475026e-02
4.065253514584e-01 -4.988528296471e-02 -5.855625251095e-01
4.703984447853e-04 -1.959848394407e-03 -1.292460399832e-03
Mode 25
8.544444436155e-03 4.285772119356e-01 -3.000855507871e-02
-3.135609232328e-03 -2.211735956139e-01 1.534844287670e-02
-7.600831991205e-04 5.881842306917e-03 -3.648887112545e-04
-4.033522020672e-04 -1.014455762019e-02 3.631892366669e-04
-2.548320946107e-05 -4.100049590214e-04 2.845856875109e-04
1.943712090665e-04 7.743811575680e-04 1.140497100149e-04
4.360832670543e-04 9.716817312189e-04 -4.090798536579e-04
6.240261079923e-05 4.882829994439e-03 -4.393465209783e-04
-2.644988686399e-04 -2.445722804823e-04 6.701340063521e-05
-1.138176190630e-04 -2.988604477635e-04 3.841972767539e-05
-4.824057638866e-03 -2.882245775714e-01 2.043458724167e-02
-4.593287148195e-01 -1.208336324589e-01 3.414857595303e-01
4.508583328191e-01 -1.883069391693e-01 -3.187048047313e-01
-5.201771281770e-04 5.294568379891e-04 -3.317347458456e-06
4.035681761520e-05 -1.852002761705e-03 7.899009110042e-05
5.478121663968e-05 9.828584671913e-06 -2.469051387669e-06
Mode 26
2.245670562949e-01 2.081757114957e-02 3.557766708987e-01
-9.125889886477e-02 -1.465324732241e-02 -2.370720235587e-01
-8.988357582795e-02 -4.409667209040e-03 -9.780734906738e-02
-1.704535237660e-02 4.432647683069e-03 5.461021691889e-02
4.989750693655e-02 5.467094512411e-03 1.220528524214e-01
2.758082921520e-02 5.733558811892e-04 2.864014907399e-02
1.339158735295e-01 -1.379635161934e-02 -1.123276702106e-01
-1.155891903346e-01 2.680485352465e-03 -6.747882501423e-02
2.715694039091e-03 -7.315550871469e-04 1.670630751800e-02
-2.284898486369e-02 2.560650137493e-03 1.595071409597e-02
4.684270331309e-01 -3.194583090163e-02 -3.071543250137e-01
-3.432056705851e-01 1.022793398588e-01 -1.049030154349e-01
-3.499221505952e-01 -1.017582145703e-01 -8.867542835600e-02
1.002070683896e-01 -6.557616746867e-05 4.743030443929e-02
-1.244463918019e-01 1.804854125358e-02 2.128701672412e-01
-1.857811986768e-08 3.739340036475e-04 2.555100476292e-04
Mode 27
1.480777367557e-01 -3.165139337048e-03 -8.821688740321e-03
-2.393181705278e-01 5.786615947561e-03 1.299698583469e-02
8.503803697782e-02 -1.309812077732e-02 -1.750330545968e-01
-7.022336298544e-02 9.476256610694e-03 1.180274432031e-01
1.244998772153e-01 -1.253485824458e-02 -1.268736927742e-01
-2.389460637659e-01 1.485133898864e-03 -1.264119304998e-01
-3.007366359135e-01 4.511345916208e-02 4.779823349799e-01
2.986132940910e-01 -9.541781405617e-03 3.215271369792e-02
-1.730975137208e-02 1.534220253267e-03 -8.982628204702e-03
6.281050790538e-02 -7.481710145167e-03 -5.305643718223e-02
8.744749312435e-02 -5.748034740660e-03 -5.059627182568e-02
-5.274332385614e-02 1.331009308620e-02 -3.345421156836e-02
-5.252143700556e-02 -1.622854218955e-02 -3.188532174666e-02
4.966657122567e-01 -1.634471348651e-02 3.557614882849e-03
6.724062235755e-02 -1.800942841554e-02 -2.647425093741e-01
-3.989439079246e-04 -6.025374315385e-04 -2.405817398225e-04
Mode 28
4.452197662855e-03 -2.350212055607e-03 -3.808750786103e-02
-4.076986846198e-02 1.046857255050e-03 -1.662296031948e-02
3.009209758177e-01 -2.761965798345e-02 -2.961320881673e-01
1.798302410738e-01 1.954708889711e-02 4.066581831801e-01
-3.617943765370e-01 8.321370778559e-03 -6.172044461247e-02
1.606417038731e-01 -2.613216908255e-02 -2.922175386987e-01
2.296769435563e-01 1.306637052304e-02 3.373371081471e-01
-4.249702863863e-01 1.008353979897e-02 -1.096677190717e-01
3.897792506498e-03 -2.664405587120e-03 8.360194366902e-03
-5.778323315184e-03 -9.714141262519e-05 4.687227348973e-03
-6.660202616532e-02 4.597260272647e-03 5.457494586445e-02
-1.332059322778e-02 -4.586826387620e-03 -4.571971917227e-03
-1.315630034104e-02 3.848462090411e-03 -6.248680857655e-03
-6.225736657692e-02 1.890526813378e-03 -6.092447859199e-03
-2.746805223900e-02 7.440659391530e-03 2.500193427441e-02
8.910023542412e-05 7.402180743034e-04 1.438329711113e-04
Mode 29
1.842609685527e-01 -2.163029280412e-03 1.716079082405e-02
-2.740202450194e-01 -6.903816058984e-03 -1.807527819746e-01
1.674412189389e-01 2.315727289900e-02 4.214569137513e-01
1.834227523014e-01 6.276180275079e-03 1.950945103378e-01
9.487172492823e-03 -1.976407844698e-02 -2.987705568764e-01
-7.085873359791e-02 2.904411245797e-03 -1.129574149758e-03
-1.552875171048e-01 9.800035870797e-03 5.439231892426e-02
2.224116122413e-01 -1.191597505471e-02 -1.120521891496e-01
1.859507828212e-04 -5.966465614645e-04 9.539340531253e-03
1.238037964280e-02 -1.464254743202e-03 -1.369569612682e-02
-3.275392749125e-02 6.206220406006e-03 8.439916922328e-02
-1.680612829910e-01 3.188717925711e-02 -6.466644201227e-02
-1.701462132833e-01 -3.441799068893e-02 -6.030150330533e-02
-5.404696904213e-01 9.095661122033e-03 -1.519511827209e-01
1.512676271772e-02 -5.094803975627e-03 -6.688093282788e-02
-2.273657908638e-04 1.039182266853e-04 -3.486861019487e-05
Mode 30
-1.901690106159e-01 1.112220301267e-02 1.147378600666e-01
1.621818742108e-01 -2.954531427050e-03 1.246574628214e-02
-5.138466949500e-01 1.443944090523e-02 -4.152674982630e-03
2.147779279460e-01 4.406475451480e-03 1.821285223421e-01
1.829667558096e-02 -1.105954624784e-02 -1.436206398547e-01
-1.852296619355e-01 7.156661588305e-03 -2.156816192251e-03
2.114211758493e-01 4.036460188031e-03 2.251693827018e-01
8.988692206934e-02 -2.067514488359e-02 -2.565654814018e-01
-5.670287801215e-03 -7.172292015549e-04 1.609294448680e-02
-1.661744516693e-02 8.116841785378e-04 -7.362510803708e-03
2.598921316528e-01 -2.250859582422e-02 -2.735719826625e-01
2.559550609934e-01 5.257611761268e-02 -2.641126524830e-02
2.557547646027e-01 -6.566602569135e-02 -1.603412754974e-02
-1.775244767115e-01 4.424250252256e-03 -6.456231374882e-02
5.905996481562e-02 -1.283513974920e-02 -1.829428483734e-01
-3.138445008516e-04 1.522945938650e-03 1.249894704227e-03
Mode 31
-1.292291190404e-01 -4.595562647120e-05 -1.393547585396e-02
-1.357489973441e-01 4.389019992743e-03 2.896030606073e-02
1.393301443616e-01 -2.045674136961e-02 -2.602207080223e-01
-9.830885991918e-02 1.341879553307e-02 1.633982992274e-01
1.484033026736e-01 3.438363906843e-03 1.293699465954e-01
1.574286802549e-01 -2.331308432632e-02 -2.762904925158e-01
-3.382686758168e-01 1.251418861420e-02 -5.189788850975e-02
2.229966227771e-01 4.510447182944e-03 2.283192096943e-01
-7.255958543183e-03 2.200862823472e-03 -1.515915096103e-02
2.283440431951e-02 -1.966135835147e-03 -3.535097260990e-03
2.354033068012e-01 -1.726557766388e-02 -2.728880892045e-01
2.028022211409e-01 -5.392716747667e-02 1.149618139837e-01
2.152516302622e-01 6.311406989157e-02 1.099869339190e-01
-3.348594215364e-01 1.096690543114e-02 3.977419076103e-03
-1.984629146277e-01 2.536325538470e-02 2.777932511968e-01
7.639904896252e-05 -1.143656247978e-03 -5.617105714954e-04
Mode 32
9.945788750172e-04 1.787924795678e-01 -1.300118690210e-02
-2.826685471798e-04 5.068625483504e-02 -2.960597097698e-03
1.793465126302e-04 2.026623064732e-03 -2.632249817373e-03
-5.886163445845e-04 -9.059982906323e-05 1.700290738878e-03
1.684493398758e-03 -2.014511113784e-03 1.162334805703e-03
9.126696515020e-04 1.339180212165e-04 -2.291308711067e-03
-2.947675846700e-03 -9.380136145378e-05 -4.180062401969e-04
2.637831399599e-03 -2.027688485462e-03 1.799447611191e-03
-3.199187955604e-05 7.408272502414e-05 -6.157613945633e-05
1.877071051036e-04 6.736022590931e-05 -4.921508221291e-05
-1.079684240125e-02 -7.041015849930e-01 4.737534854874e-02
4.485243290619e-01 -5.092034226220e-02 1.841726822934e-01
-4.422239970950e-01 -5.882247276222e-02 -1.742945078583e-01
-3.378863037811e-03 -1.014003848980e-03 2.126770849224e-05
-1.655288189949e-03 2.535126654536e-03 2.118779265655e-03
-1.295823729254e-06 -1.480615547979e-05 -1.618487925649e-05
Mode 33
3.317261704426e-02 -1.258440937752e-02 -1.629594604994e-01
-3.791708587368e-02 -6.369771734801e-03 -1.007189594257e-01
2.600008450485e-02 6.714757701488e-03 1.170882978246e-01
3.985094233407e-02 -2.457469686324e-03 -1.942111423236e-02
-2.271972439872e-02 -3.538235207114e-03 -6.810832419833e-02
-6.421738510763e-02 8.224042904974e-03 9.131087462795e-02
9.674498183871e-02 -3.234683763033e-03 2.045765388393e-02
-8.037982067162e-02 -1.418088517831e-06 -7.201899305343e-02
3.038199839430e-03 -9.551970443931e-04 5.392012025534e-03
-4.842218093038e-03 3.763100651515e-04 -2.820745844836e-04
1.717944261767e-01 -1.798856799520e-02 -1.932838122573e-01
-1.215953569232e-01 -3.441801181219e-01 5.276901910204e-01
-1.065640644592e-01 4.223387492728e-01 4.714019343158e-01
5.207335467192e-02 -2.974430297944e-03 -1.762147495980e-02
5.793302810427e-02 -7.954693054704e-03 -8.758348013451e-02
-2.767176530954e-05 2.653992110687e-04 3.330471924432e-05
Mode 34
1.652059904079e-01 -8.965367101844e-03 -7.361006820036e-02
2.921099475855e-01 -4.389474969729e-04 8.285456289256e-02
-4.362648902608e-01 -5.858435252783e-03 -2.689829485922e-01
-4.695104862030e-02 5.740681579398e-03 6.856061702936e-02
2.278995791677e-01 -4.787094077049e-05 1.314098407129e-01
-1.621000596825e-02 -1.437429590078e-02 -2.449048514206e-01
-1.291109911793e-02 1.195778619425e-02 1.868846862693e-01
1.436185638632e-01 -9.988585612958e-03 -3.929093319771e-02
-9.215708785353e-03 6.809914417169e-04 -9.170084882532e-05
2.043408564265e-03 -5.044279345318e-04 -6.651137186643e-03
-2.439865025460e-01 2.401335031693e-02 2.755565421951e-01
-2.964275610513e-01 -8.720365024231e-02 7.578235318839e-02
-2.948664726032e-01 1.093604303274e-01 6.132016969112e-02
-2.356731487791e-01 9.621993937945e-03 1.010694220912e-02
-1.208118656293e-01 1.112596195938e-02 8.770945912626e-02
-2.307013657024e-04 4.785296099571e-04 5.780244764637e-04
Mode 35
-7.024988089840e-03 1.546374641430e-03 2.077193396965e-02
-7.471582645577e-03 -4.107268874349e-03 -5.651524292836e-02
-1.575130270794e-01 3.408194127637e-02 4.635012726561e-01
3.510186673000e-02 -2.176594855939e-02 -3.326254523983e-01
-3.193568800541e-01 2.213802570274e-02 1.813959132294e-01
3.522525905419e-01 -4.048615715897e-02 -4.311842497324e-01
-7.815482635926e-02 2.107673012702e-02 2.878607382329e-01
1.420409064379e-01 -1.504369820855e-02 -1.528403363530e-01
-1.548582716301e-03 -1.444427626927e-03 -5.587795597786e-03
-1.332084533559e-03 2.243001923701e-04 -1.361560481888e-03
4.324434558005e-02 -3.592832990730e-03 -3.727563438997e-02
2.165471622325e-02 6.918481494922e-04 1.127038088945e-02
2.133510243473e-02 -2.405162982817e-05 1.131894394122e-02
1.464230582788e-01 2.221018875871e-03 8.802943699254e-02
-7.818448778662e-02 1.315204869875e-02 1.514083442456e-01
-3.705154269271e-04 8.166389023374e-04 3.381888891554e-04
Mode 36
-4.478702496083e-02 2.221966664373e-03 1.694641438562e-02
-6.034662524777e-02 7.520544841978e-04 -7.634595914579e-03
2.492056081834e-01 3.907895408246e-03 1.632693347426e-01
-3.171312634854e-01 -8.123502321457e-03 -2.907070654553e-01
5.302223710611e-01 -9.849957266597e-03 1.282003925925e-01
-1.933305577050e-01 -6.763675476055e-04 -1.467507378912e-01
2.327593553301e-01 9.999310018696e-03 3.458762745325e-01
-3.366933358990e-01 5.852496010763e-03 -1.243855850744e-01
4.968544341476e-03 -2.079122892276e-03 -2.463353640000e-04
2.000676866587e-03 -6.268631873811e-04 -1.162182478275e-02
2.683135219787e-02 -3.321915385413e-03 -3.954130198453e-02
6.199169968818e-02 2.747539737123e-02 -2.675296822806e-02
6.110203954604e-02 -3.357564686399e-02 -2.225253522131e-02
-2.009564282518e-01 4.838120115862e-03 -9.986046571616e-03
-7.495257100388e-02 1.090191513043e-03 -3.823283525421e-02
-3.495044862476e-05 4.759041394573e-04 -1.065093981659e-04
Mode 37
-1.102339441692e-01 1.064166113635e-02 1.102145358329e-01
-1.190032678257e-02 3.756323666703e-04 1.729888052540e-03
9.078613522628e-03 2.038364802189e-04 5.895118204354e-03
3.157492964102e-04 -1.303310803551e-04 -1.960439315740e-03
3.508814392265e-04 -3.441732218950e-06 9.866455306519e-05
1.331518118535e-04 9.410860391098e-06 8.928742047449e-05
3.929740946459e-04 -1.948345165957e-05 2.972242511563e-04
-1.851357668820e-03 -6.280150612991e-05 -2.115011008828e-06
1.412696885447e-05 1.934338178496e-05 -2.529016547217e-04
-6.017519364434e-05 1.278202545490e-06 -1.011292910750e-05
3.150551774967e-01 1.642191594421e-02 3.109985237639e-01
3.227543063503e-02 -5.369187064454e-01 -3.175017252308e-01
5.294738231320e-02 4.821981964441e-01 -3.919378062772e-01
-1.215116335224e-04 -5.375971009108e-05 -9.525598055655e-04
-1.413805167131e-03 3.423367343036e-06 -1.092838454472e-03
1.254203395916e-05 4.390835912451e-06 4.895217086210e-06
Mode 38
-6.640254517362e-03 -3.119940654010e-01 2.263181520548e-02
-2.205524877985e-05 1.521873728122e-03 -9.274305281427e-05
3.282160546289e-05 7.202055164272e-04 -6.743569406206e-06
6.939117867914e-05 1.411640676741e-03 -9.560320269624e-05
-1.499318347177e-05 -3.475469145255e-04 4.594007387867e-05
8.227895659024e-06 -1.257637960880e-04 1.196242655361e-05
-6.948824049268e-06 -6.615972720255e-05 2.331256356099e-05
-8.363501505121e-06 -5.811149634115e-04 -5.201151867220e-06
5.190111475650e-06 2.435963009959e-05 8.675778815462e-06
1.663531866005e-06 1.550446143992e-05 -2.136760736859e-06
7.457613527816e-04 -1.346888664375e-02 1.983129359707e-03
-2.900596723316e-02 5.694383264705e-01 3.546008344341e-01
5.093932743684e-02 5.099639088422e-01 -4.340632938907e-01
9.421730845535e-06 1.974729927134e-04 -7.473458851363e-05
-3.556808897224e-05 2.758728875842e-04 -5.075485216366e-05
9.421345573942e-07 -2.284306292776e-07 -2.761980834404e-06
Mode 39
-1.656744525704e-02 -1.647479551764e-03 -2.736095634945e-02
-9.363696702873e-04 -8.493843507847e-06 -5.691173078879e-04
3.372948781434e-03 3.381026739004e-04 6.066218458762e-03
-2.379808602533e-03 4.184017091792e-05 1.761308968403e-04
3.795409584971e-02 -1.863296209767e-02 -2.835939577547e-01
1.543348357881e-02 7.514536551907e-04 2.349160888474e-02
3.916879258366e-04 2.443290792758e-05 1.379113849619e-03
-5.579418828805e-04 -4.844305010875e-05 -1.514485591225e-04
2.324101029230e-05 2.369141774581e-05 -2.642084629808e-05
1.527172144855e-04 -2.725909453841e-05 -1.685393911648e-04
6.196446287032e-02 3.257964690939e-03 6.154660404937e-02
-1.900592576925e-03 2.567156403959e-02 1.442958959843e-02
-2.891283622420e-03 -2.326083360529e-02 1.808647350295e-02
-9.583806842657e-02 6.059418719576e-02 9.390711107158e-01
-8.804495336980e-02 -1.143466364290e-04 -6.374982333884e-02
1.168650438838e-05 4.285769385350e-06 9.198958770574e-06
Mode 40
-1.629453310591e-01 -1.579979514424e-02 -2.658624584534e-01
1.030931807091e-03 7.251360382040e-05 1.508290025419e-03
2.389160119949e-03 -1.988919888873e-04 -2.666445216222e-03
-8.106234126370e-04 3.148099978405e-05 1.649165467719e-04
-3.440054566082e-03 1.912547564347e-03 2.937364130611e-02
-2.425291035873e-03 -6.092603243477e-05 -2.680191930379e-03
-1.084471867720e-04 -1.484375580542e-05 -3.172209828509e-04
2.027702084558e-04 3.923644026022e-06 3.135827891151e-04
-4.582361208621e-05 4.402854350598e-06 2.584923396884e-05
-5.662091011213e-05 8.847213048239e-06 4.792295617032e-05
6.001783530721e-01 3.178342362907e-02 5.998924602878e-01
-1.862642415804e-02 2.554218012169e-01 1.392904164162e-01
-2.869798042544e-02 -2.326678938657e-01 1.761842554632e-01
9.698684053078e-03 -6.188276500871e-03 -9.596276059263e-02
1.092340497328e-02 2.475614934657e-05 8.012990955159e-03
-2.624644191882e-06 -2.158908495983e-07 1.992863494359e-06
Mode 41
1.985769726937e-05 4.160343921113e-05 9.161706246670e-04
2.975882389566e-04 1.165743044905e-05 1.684847851748e-04
8.305476905264e-04 -3.524847704236e-05 4.127916157616e-04
1.450812362741e-03 9.477742809172e-05 1.850837907065e-03
1.685390028019e-02 -2.960584117461e-03 -3.786052319921e-02
-2.438674729156e-01 5.826869377087e-04 -1.610706304965e-01
-2.999162409845e-03 8.834007729131e-04 1.332703278168e-02
1.606888181374e-03 6.102972819699e-05 9.992326400112e-04
2.700144916292e-05 -2.703489491185e-05 -3.575652380069e-05
6.804959116291e-04 -6.596479482581e-05 -5.469121234637e-04
-9.071689069954e-04 -5.973388254750e-05 -1.057645616083e-03
1.633465681315e-04 -1.609408696202e-03 -8.738877992074e-04
2.303099993581e-04 1.525722526690e-03 -1.156947740503e-03
-1.456160525281e-02 6.825326935762e-03 1.040232506452e-01
7.895580078946e-01 -1.613931238460e-03 5.274147057552e-01
-1.991374825638e-06 -1.743089653622e-07 -5.711616401404e-06
--
Dipole derivatives 
Mode 0
-2.743404404826e-02 1.548831565380e-03 3.019345349512e-03
Mode 1
-3.980277915005e-03 -1.559669493367e-02 6.440184347427e-03
Mode 2
1.044331106625e-03 1.958272064349e-02 -4.851097503897e-03
Mode 3
2.138204406897e-02 6.196892180580e-02 -2.656912943758e-04
Mode 4
1.333608376687e-02 3.583232688329e-02 -2.874226194929e-03
Mode 5
1.164502679514e-02 2.419147820508e-03 4.237353875430e-02
Mode 6
-1.939798167655e-02 6.216683243265e-03 -1.079278421752e-02
Mode 7
-3.352543167941e-03 2.349323537762e-02 -2.286161382240e-03
Mode 8
-1.102326020024e-02 7.463977115150e-03 -3.208058210459e-03
Mode 9
-5.955652256975e-02 2.886680420817e-02 -9.293632585454e-03
Mode 10
2.053641517326e-02 -5.611507697545e-03 -7.250685330606e-03
Mode 11
-3.385942679463e-03 -3.206690535073e-02 -7.489503583478e-02
Mode 12
5.418153901174e-02 2.236268829233e-02 4.060313595785e-02
Mode 13
1.844751355807e-02 -1.822653334980e-02 -5.885451242570e-02
Mode 14
-3.569192810980e-02 -4.886396976805e-02 5.695207229030e-03
Mode 15
-3.443769632219e-02 -4.031369696881e-02 6.744132177811e-03
Mode 16
3.139942833863e-02 -6.000753255967e-02 -3.363992370217e-03
Mode 17
-9.504992936175e-02 2.950524903161e-02 4.813965357387e-02
Mode 18
-3.364122175295e-02 -3.947973777961e-02 4.900343033889e-02
Mode 19
5.167276023951e-02 1.339279780620e-01 -1.589008502009e-02
Mode 20
1.239107353036e-01 -3.673413194212e-02 2.073344638515e-03
Mode 21
-4.072565702358e-03 -6.037339261880e-03 8.181020328471e-03
Mode 22
1.756662602710e-01 -9.825187793144e-02 -4.388222310072e-02
Mode 23
3.065551058009e-01 -7.549836537226e-02 -1.316495229240e-01
Mode 24
1.297368328639e-02 -2.058279382994e-02 1.189523901629e-02
Mode 25
9.034785434022e-03 2.484819274101e-02 1.833611823639e-03
Mode 26
1.256089518591e-01 -3.566123524577e-02 1.252041622071e-02
Mode 27
5.829740689605e-03 -5.431521510976e-02 -6.736387876610e-02
Mode 28
4.529000405614e-02 3.235486947407e-02 1.308254036683e-01
Mode 29
1.549175019708e-01 -1.146312836202e-01 -7.046792918218e-02
Mode 30
-4.126591401534e-01 2.787810842299e-01 1.127498085516e-01
Mode 31
-1.206618844962e-01 -1.281941330882e-02 -1.502125142100e-02
Mode 32
-2.867319946196e-02 -7.988467909702e-02 9.175223095988e-04
Mode 33
2.397278276238e-01 -1.026212200358e-01 -3.632764148302e-03
Mode 34
-3.437866325055e-01 1.789525194070e-01 1.119066922763e-01
Mode 35
-6.882682322746e-02 5.944749880648e-02 3.278687309814e-01
Mode 36
4.564035817690e-01 -1.694409792884e-01 3.062642267239e-02
Mode 37
-1.896371112969e-01 9.227322648214e-02 1.080478362927e-01
Mode 38
-4.241844526194e-02 -1.264775609512e-01 1.164049529118e-03
Mode 39
-4.898664178289e-02 1.763882362538e-02 -1.356847109619e-01
Mode 40
-8.622250380675e-02 3.725122174910e-02 -5.148790494531e-02
Mode 41
-3.654245941475e-03 -7.176950039290e-03 -3.830495493607e-02
--
Polarizability derivatives 
Mode 0
6.958832729815e-01 8.747149608944e-01 5.434321204884e-01
8.747149608944e-01 -8.056361856974e-01 -6.483935271451e-01
5.434321204884e-01 -6.483935271451e-01 1.942134336436e-01
Mode 1
-2.877503391980e-01 -2.769770221965e-01 -7.132200557576e-01
-2.769770221965e-01 2.818221708313e-02 -1.934561313101e+00
-7.132200557576e-01 -1.934561313101e+00 -1.612879375784e+00
Mode 2
1.838256472117e-01 -6.788322891253e-03 -1.049009909531e-01
-6.788322891253e-03 4.464467246038e-01 1.825144196244e-01
-1.049009909531e-01 1.825144196244e-01 9.345288418573e-01
Mode 3
-1.659037328042e-01 -5.688761503884e-02 6.488456367180e-02
-5.688761503884e-02 -4.638459545736e-01 -4.137310552511e-02
6.488456367180e-02 -4.137310552511e-02 -4.881040846145e-01
Mode 4
4.283151154699e-01 4.784917164838e-01 1.786016388228e-01
4.784917164838e-01 -7.241654474702e-01 3.727119340088e-02
1.786016388228e-01 3.727119340088e-02 -1.697977189522e-01
Mode 5
-1.514753809701e-01 3.730752369276e-01 -8.623625888632e-01
3.730752369276e-01 4.674180451162e-01 3.278126782899e-01
-8.623625888632e-01 3.278126782899e-01 2.062776280924e-01
Mode 6
-6.169248570894e-01 3.233244774837e-01 1.009753047717e-01
3.233244774837e-01 1.826402605210e-02 5.897096240525e-01
1.009753047717e-01 5.897096240525e-01 1.144056324321e+00
Mode 7
1.138287376432e-01 5.405186520870e-01 1.820452817287e-01
5.405186520870e-01 4.051532683033e-01 6.247312856295e-01
1.820452817287e-01 6.247312856295e-01 1.054675120144e+00
Mode 8
-3.308508548158e-02 1.407524087663e-01 2.927602213599e-01
1.407524087663e-01 2.325368376180e+00 3.235721212726e-01
2.927602213599e-01 3.235721212726e-01 1.730585155847e+00
Mode 9
1.737651462859e+00 -3.897755868255e-01 -7.292945663308e-02
-3.897755868255e-01 7.451973861808e-01 5.535399144039e-01
-7.292945663308e-02 5.535399144039e-01 5.762508249603e-01
Mode 10
-3.834118992209e-01 6.322816182957e-01 7.083792689184e-01
6.322816182957e-01 1.438256294849e+00 1.370429598604e+00
7.083792689184e-01 1.370429598604e+00 2.166096331579e+00
Mode 11
-1.313337126122e+00 6.612949777764e-02 3.745254835143e-01
6.612949777764e-02 -1.695790974945e+00 -2.572960661150e+00
3.745254835143e-01 -2.572960661150e+00 -3.217498123208e+00
Mode 12
-2.865017786314e-01 7.320718368274e-01 1.538225782124e+00
7.320718368274e-01 1.180891918588e+00 1.928781880572e+00
1.538225782124e+00 1.928781880572e+00 7.894840169283e-01
Mode 13
-1.106389750168e+00 4.414525510167e-01 -7.825956298489e-01
4.414525510167e-01 1.550952259121e-01 8.449137570270e-01
-7.825956298489e-01 8.449137570270e-01 6.410438908474e-01
Mode 14
6.009223977705e-01 -5.897990332953e-02 7.533160091937e-02
-5.897990332953e-02 -7.234099397798e-01 -1.461825596648e+00
7.533160091937e-02 -1.461825596648e+00 4.419249847354e-01
Mode 15
-9.094383588569e-02 -2.154062414897e-01 -2.954479818540e-01
-2.154062414897e-01 2.378533769619e-01 1.882046249884e-01
-2.954479818540e-01 1.882046249884e-01 -7.602154128129e-03
Mode 16
1.002560041758e+00 -6.317168459475e-01 3.629440074011e-01
-6.317168459475e-01 -1.741555818337e+00 -3.159087396772e+00
3.629440074011e-01 -3.159087396772e+00 -3.398775349130e+00
Mode 17
-6.873426549170e-01 4.324227031153e-01 4.705742688810e-01
4.324227031153e-01 3.429178263169e-01 1.505635315066e+00
4.705742688810e-01 1.505635315066e+00 3.256152280913e+00
Mode 18
-5.829371242212e-02 2.285816672048e-01 8.788602808146e-02
2.285816672048e-01 -6.299286039668e-02 7.852597638124e-01
8.788602808146e-02 7.852597638124e-01 1.465736180300e+00
Mode 19
4.396687920368e-01 5.601230450410e-01 3.531683962684e-01
5.601230450410e-01 -6.174889093191e-01 1.741194093364e-01
3.531683962684e-01 1.741194093364e-01 -7.636148277582e-01
Mode 20
1.043791909488e+00 -4.406623763064e-01 -9.471449053202e-02
-4.406623763064e-01 8.150343480046e-01 1.271144786920e+00
-9.471449053202e-02 1.271144786920e+00 3.391121842147e+00
Mode 21
-4.458722533477e-02 -3.736079313153e-04 -3.264031878806e-02
-3.736079313153e-04 4.805329396209e-01 8.044893221527e-02
-3.264031878806e-02 8.044893221527e-02 7.159042162458e-01
Mode 22
-3.486475291561e+00 9.253488248565e-02 -1.096533982471e+00
9.253488248565e-02 -2.872466919328e+00 -5.195075435692e+00
-1.096533982471e+00 -5.195075435692e+00 -9.406202643909e+00
Mode 23
1.751359278696e+00 4.181824672997e-01 1.662643720919e+00
4.181824672997e-01 2.785693259916e+00 4.233338598580e+00
1.662643720919e+00 4.233338598580e+00 9.111525578296e+00
Mode 24
-6.484089801688e-01 -9.376215442945e-01 -2.877547511124e+00
-9.376215442945e-01 -1.212621036006e+00 -2.476501149844e+00
-2.877547511124e+00 -2.476501149844e+00 -4.469856682757e+00
Mode 25
-5.630286965440e-01 -6.390409613536e-01 3.765374492730e-01
-6.390409613536e-01 4.941901776410e-01 9.111786420021e-01
3.765374492730e-01 9.111786420021e-01 5.263360845129e-02
Mode 26
-1.169329602259e-01 4.440720788738e-01 4.049885107200e-01
4.440720788738e-01 6.135340316878e-01 4.537595418326e-01
4.049885107200e-01 4.537595418326e-01 2.973457317021e+00
Mode 27
-2.265444429125e+00 -6.954689269704e-02 -6.563952249542e-01
-6.954689269704e-02 -1.404024476333e+00 -1.584524107495e+00
-6.563952249542e-01 -1.584524107495e+00 -3.920271083155e+00
Mode 28
-1.256493761697e+00 -2.237305971943e+00 -4.990931873044e+00
-2.237305971943e+00 4.148717032634e+00 5.422772536197e+00
-4.990931873044e+00 5.422772536197e+00 9.552004672095e+00
Mode 29
-1.140200392235e+00 -1.608617566065e-02 -1.697007234899e+00
-1.608617566065e-02 -8.956172796169e-01 -5.205620960538e-01
-1.697007234899e+00 -5.205620960538e-01 -4.207354640715e+00
Mode 30
-1.545742743279e-01 1.578278939135e+00 2.305039716024e+00
1.578278939135e+00 4.537520302987e+00 7.043599956030e+00
2.305039716024e+00 7.043599956030e+00 1.228890792445e+01
Mode 31
-1.936317107424e+00 -1.049286012306e+00 -2.036192230245e+00
-1.049286012306e+00 -2.521956217525e+00 -3.771797027573e+00
-2.036192230245e+00 -3.771797027573e+00 -6.031894600045e+00
Mode 32
2.116438432924e+00 2.728614712163e+00 -1.525911433973e-01
2.728614712163e+00 -2.736889876677e+00 -4.476142120983e-01
-1.525911433973e-01 -4.476142120983e-01 -6.051400080035e-02
Mode 33
-5.459832516337e-01 -9.452497343535e-02 -1.186944830703e+00
-9.452497343535e-02 -1.319613190453e+00 9.623453470751e-01
-1.186944830703e+00 9.623453470751e-01 3.307117576599e+00
Mode 34
4.099008388623e-01 3.680800757065e-01 -4.044646081531e-01
3.680800757065e-01 1.778706908817e+00 3.892875422559e+00
-4.044646081531e-01 3.892875422559e+00 7.334358675553e+00
Mode 35
-1.996979988216e+00 1.360669378485e+00 2.240300440398e+00
1.360669378485e+00 2.742308781769e+00 6.411541767240e+00
2.240300440398e+00 6.411541767240e+00 1.673939361245e+01
Mode 36
-1.884449726912e+00 2.120082080967e+00 1.072606014360e+00
2.120082080967e+00 5.836143162300e-02 2.027547073115e+00
1.072606014360e+00 2.027547073115e+00 4.458245292776e+00
Mode 37
-7.427462041610e+00 1.303342416685e+00 1.548648538140e+00
1.303342416685e+00 -6.756083981493e+00 -2.082122287324e-01
1.548648538140e+00 -2.082122287324e-01 -4.229436141759e+00
Mode 38
-1.839976375098e+00 -2.228794799140e+00 1.806905141401e+00
-2.228794799140e+00 3.143581501290e+00 5.152100694016e+00
1.806905141401e+00 5.152100694016e+00 -1.640354828597e-01
Mode 39
-7.312034019371e-01 5.213117600344e-01 6.483394841751e-03
5.213117600344e-01 3.509895143717e-01 5.210736975621e-01
6.483394841752e-03 5.210736975621e-01 1.405450928110e+01
Mode 40
-6.100719928868e+00 3.638634493648e+00 -4.237301791336e+00
3.638634493648e+00 1.695878154130e+00 2.122529169978e+00
-4.237301791336e+00 2.122529169978e+00 -4.599230319351e-01
Mode 41
7.141455562981e+00 -1.832500738828e+00 5.527953789870e+00
-1.832500738828e+00 7.653913375181e-01 -1.326370076030e+00
5.527953789870e+00 -1.326370076030e+00 6.726803858819e+00
--
