Number of atoms 
21
--
Anisotropy 
142.275
--
Frequencies 
20.933712790350
25.574206655554
40.517495995532
57.475202216541
80.109429512915
105.227936188050
129.324351671082
139.010677642242
173.824366423956
186.531110265534
194.343248813377
248.058517363853
256.230281106413
288.583627428116
328.952863317938
342.261907038828
365.370751587170
397.194742361331
458.767385010418
470.869168627984
487.118398689667
538.532903318014
590.245927159438
619.120219494657
683.380573703609
720.868737499763
744.111104215948
748.192437365125
783.220276637387
834.974800386258
896.634237520025
901.110345358174
949.027869989938
1005.610821241268
1092.929826387554
1121.902541447900
1169.136181811724
1205.445609493306
1228.558624475570
1262.250900499030
1311.804806067617
1376.057376884273
1404.469295155885
1424.485649956958
1469.476914322804
1469.984030536757
1479.717896549223
1525.940403212672
1597.315327006973
1643.012431070220
1690.055077096705
1899.518315227216
3018.746230757236
3101.503670328341
3163.249408660926
3219.306280277870
3249.090605666027
--
Displacements 
Mode 0
-7.399097234333e-02 2.512977183458e-01 -7.953658364533e-03
-9.108661034485e-02 2.234385847975e-01 -1.207967337845e-03
-6.956918635514e-02 1.277459410348e-01 7.598023816467e-03
-4.984513415199e-02 9.310329009203e-02 3.687778168272e-03
-3.740976282566e-02 7.232374542804e-03 1.537120759437e-02
-3.666441589664e-02 -5.695776738006e-02 1.428134568940e-02
8.907288093401e-02 1.542949308485e-01 -5.724000620589e-03
-1.856076317649e-01 -3.339752147023e-01 4.870856318316e-02
-4.057741899659e-02 -2.796624765325e-02 2.676564646807e-02
-6.643666548898e-02 2.231656188421e-02 3.132921105669e-02
-7.724264542940e-02 8.858220856771e-02 1.818972834557e-02
-1.951406094829e-01 1.738163158167e-01 3.326198161045e-02
-3.249696729412e-02 -1.120446511045e-01 9.777737509354e-03
-4.706524126032e-02 -3.392847085739e-01 -2.074578094728e-01
-5.204815590090e-03 1.646572455518e-01 4.467628488305e-01
-2.410328409667e-02 8.891451043376e-02 -3.009835872988e-03
-5.142561697693e-03 7.249506084977e-02 -6.667200268324e-03
-3.389428906192e-02 7.068596191285e-02 1.399595101706e-03
-1.327097914408e-02 3.559099361159e-02 -8.491178643707e-04
-2.188477883961e-02 1.897755323230e-03 1.270557929969e-02
2.749715368811e-01 -1.704275899500e-01 -1.843544633072e-01
Mode 1
8.764054850541e-02 -1.627551084857e-02 8.894319100563e-02
1.269375810714e-01 -7.860434774841e-02 5.658433329414e-02
9.448149710765e-02 -7.546381450613e-02 1.952556996759e-02
5.137846075618e-02 -3.058921128960e-02 1.936436643300e-02
3.015879800185e-02 -2.516804950209e-02 -1.804097879701e-02
-3.605798670993e-02 1.684519228542e-02 -2.088798102535e-02
2.865486016868e-02 2.202422253932e-01 4.752217117180e-02
-1.814911400534e-01 -1.553560092896e-01 -8.430968614475e-02
5.623289156347e-02 -5.609973505847e-02 -5.385298799734e-02
9.692542642853e-02 -1.106449101685e-01 -5.566401976779e-02
1.177119950281e-01 -1.254010569782e-01 -1.794320679492e-02
3.143119594158e-01 -2.989521038704e-01 -2.973967182383e-02
1.509068093724e-02 -5.578746628490e-03 -1.049865434581e-01
-1.097670944723e-01 -1.447646928030e-01 -2.953770527395e-01
2.637347096807e-01 4.785071305062e-01 5.825515120158e-02
3.179484578753e-02 -5.935181968986e-03 3.237020468696e-02
2.720600928513e-02 1.106479153745e-03 3.578895444189e-02
1.288748779197e-02 2.203572833117e-03 1.899459626077e-02
7.963983547570e-03 1.928143178626e-03 1.496249315856e-02
3.385487103646e-02 -3.762019857212e-02 -2.520025430745e-02
-3.332795589170e-01 7.213062565536e-02 9.630928495788e-02
Mode 2
-3.437722736464e-02 -2.490641980694e-01 -2.047562959517e-01
-6.343460955306e-02 -1.932378706001e-01 -1.907578067937e-01
-4.466286011606e-02 -8.762402911702e-02 -1.264082405435e-01
-9.826999737186e-03 4.076872830494e-03 -1.188480203014e-01
4.736891377435e-03 5.060106286901e-02 -8.119945576070e-02
2.816329548604e-02 2.372167013229e-01 -8.966879181041e-02
1.475828091660e-01 5.391925529573e-01 -3.474580798133e-02
-8.046285559559e-02 1.313060830659e-01 -1.555500914980e-01
-1.076172099405e-02 -2.190262211781e-02 -5.384206488411e-02
-4.998219961890e-02 -6.233592559768e-02 -5.920374771381e-02
-6.611657646514e-02 -6.329180267145e-02 -9.213756681663e-02
-1.683855844702e-01 5.773959999866e-02 -1.500458017230e-01
1.687659664467e-02 -7.238135520917e-02 -1.788686203394e-02
7.963091561646e-02 -1.371227872636e-01 -6.118445379750e-02
-5.276727592336e-02 -1.534121925719e-01 1.052795705161e-01
-1.454369552602e-02 -1.026037344744e-01 -6.828867146965e-02
-3.067629969256e-02 -6.886026092617e-02 -4.865887032772e-02
1.975089894805e-02 -6.527882886086e-02 -7.025064901648e-02
6.293135273336e-04 1.620373171346e-02 -3.959888260780e-02
-1.932201422328e-02 -2.303326255569e-02 -9.976187474326e-03
1.098949507716e-01 2.251064606688e-02 3.691391832682e-01
Mode 3
-4.868221417008e-02 5.153149677181e-01 -1.305841513986e-01
-6.259012611510e-02 1.584127274270e-01 -1.565991176136e-01
-3.159300475083e-02 1.373686968731e-02 -1.180640505649e-01
1.065551708131e-03 9.108587380784e-03 -1.199794908751e-01
1.717019852230e-02 -3.133453381210e-02 -9.372379709753e-02
7.038951419104e-02 -3.765729956836e-02 -1.040752728045e-01
5.139600641262e-02 -1.338758020038e-01 -1.554976098604e-01
1.504666371720e-01 4.521668347910e-02 -7.211063980283e-02
2.972040514923e-03 -6.003297489034e-02 -6.798825787030e-02
-2.556766120370e-02 -1.202685994120e-01 -7.647059801509e-02
-4.397693502092e-02 -9.246069653006e-02 -1.007208163675e-01
-1.075039479971e-01 -9.972122538661e-02 -1.614656323184e-01
-2.089246693327e-03 5.439450535891e-02 -2.199642389963e-02
-5.262261639529e-02 1.604085356008e-01 6.086834685078e-02
8.977102546807e-02 1.764002672566e-01 -1.285364853124e-01
-2.165850773120e-02 1.989671560349e-01 -3.920511249631e-02
6.262911652565e-02 1.689694363185e-01 -2.097243086488e-02
-8.243869390939e-02 1.677157616243e-01 -5.264245964640e-02
4.176787669620e-03 1.319935342254e-02 -4.036796990090e-02
-1.073278115277e-02 -4.413515261072e-02 -1.694121520382e-02
-2.277327224112e-03 -1.969998570676e-01 4.313406766257e-01
Mode 4
1.063404912076e-02 -5.899684376732e-02 -1.658978968639e-02
-3.607197080060e-03 2.528794369755e-02 1.025457387579e-02
5.261786247480e-03 3.758725848604e-02 2.641382434437e-02
2.024188624540e-02 2.327559573441e-02 2.405440286903e-02
3.681151794004e-02 1.058434653764e-02 6.450537762694e-02
1.489715087125e-01 -6.222969105405e-02 7.823568584667e-02
4.132706747160e-01 2.729987843735e-01 -2.960338440529e-02
-3.489742809388e-03 -4.760724432525e-01 2.151489578839e-01
1.575707981346e-02 4.880628386405e-02 8.152784211258e-02
1.269362915671e-02 7.113940206505e-02 8.186226194285e-02
-7.824231136237e-03 5.976754355415e-02 5.280264569481e-02
-1.487255137676e-01 1.002868869472e-01 9.240025578950e-02
-4.287965742326e-02 7.044425011631e-02 -2.348314629594e-02
-1.908839103637e-01 1.485983120952e-01 6.849279804719e-04
1.838257087925e-02 -2.618928405995e-03 -5.338081865502e-01
6.062732225942e-05 -2.368020499557e-02 -8.870315804473e-03
-8.653996843884e-03 -2.292837161312e-02 -1.250436961038e-02
2.009129301919e-02 -2.352585252983e-02 9.370869265155e-04
8.640584247088e-03 8.746562638210e-04 2.744006175858e-03
1.621009181792e-03 2.798198884446e-02 2.787516057351e-02
-6.296618905946e-02 -7.625762545964e-02 3.826306879059e-02
Mode 5
4.505808064067e-02 -2.122175716956e-01 -1.007687287259e-01
2.097439841294e-02 2.492796155420e-01 -4.321641822986e-02
1.607472421492e-02 2.630086076309e-01 -2.920217576723e-02
1.116226215545e-02 3.167339311145e-01 -2.945454714615e-02
8.402982548912e-03 2.618133675289e-01 -4.643692273703e-02
7.209714486864e-03 -1.001085226596e-02 -5.431316056019e-02
-2.528359719220e-02 -2.144287945762e-01 -1.862209074876e-01
3.405559829673e-02 -1.006420377575e-01 7.599234872084e-02
1.226088970633e-02 2.679466947865e-01 -4.946754285620e-02
1.219815333549e-02 2.558332993080e-01 -4.962399619127e-02
2.144791650081e-02 1.783482975984e-01 -3.747017506210e-02
1.517700833723e-01 -1.918967499044e-01 -5.213526159202e-02
4.381174286070e-02 7.091719846613e-02 -9.139588084361e-02
1.747654222671e-01 -7.240042931611e-02 -2.325584438414e-01
-1.316720044466e-01 -4.746479029325e-02 4.077095954212e-02
1.073293713048e-02 -1.096907564737e-01 -3.816755800616e-02
-6.442444078083e-02 -8.770183239912e-02 -5.778402645520e-02
9.812904275717e-02 -8.755408234685e-02 -7.145099181692e-03
3.227765638332e-03 9.030343835141e-02 -8.455826602332e-03
5.680253823328e-03 5.891087783494e-02 -1.794233893154e-02
-1.117478062889e-01 -1.970760235648e-01 2.446478096096e-01
Mode 6
3.703687272218e-02 -2.427559327370e-01 -1.408299501112e-01
-3.617477599293e-02 4.882731907181e-01 9.404029730014e-03
3.541429453726e-03 1.767706268990e-01 2.681002676788e-02
3.447962384273e-02 7.954908059777e-02 2.607282835482e-02
4.457869764351e-02 -8.595458136496e-02 2.604929229242e-02
-4.206028862454e-02 1.389737467326e-02 1.992259830269e-02
-1.601130727858e-01 -5.480761651180e-02 1.476719787409e-01
-2.910505900089e-02 1.859473251688e-01 -1.169370150643e-01
5.945082051500e-02 -2.355595466659e-01 2.162989979902e-02
3.136424502629e-02 -2.205884291746e-01 2.936354088153e-02
1.015305457189e-04 1.402751325872e-02 3.281940673851e-02
-2.032653739242e-01 1.617359927770e-01 6.012773804222e-02
3.516155485425e-02 -1.301496863578e-01 6.579629571894e-03
-1.228679383745e-01 -8.191971258073e-02 3.613694558645e-02
3.772057745907e-01 9.487425798242e-02 -1.900125586376e-01
-3.842763813404e-03 -6.454436301224e-02 -5.561014127050e-02
-6.853836387363e-02 -1.427034507793e-01 -1.505328679464e-01
1.196833828916e-01 -1.566392102591e-01 4.908993437613e-02
1.227788997080e-02 5.921287279565e-02 4.850538530344e-03
8.630067428785e-03 -9.570798046820e-02 9.819292680732e-03
-3.211296019802e-02 -7.425080485983e-02 3.194042909144e-02
Mode 7
-1.039579141750e-01 -1.551625454201e-01 -7.305447671297e-04
-1.223371425255e-01 2.750666850926e-01 2.502582322758e-02
-1.055280209236e-01 7.456236142304e-02 -1.591745879331e-02
-1.135584201341e-01 7.514129339863e-02 -2.932440006982e-02
-1.000719699525e-01 -4.233211585672e-02 -3.580423448906e-02
1.613403883544e-02 -3.953104523799e-02 -2.975194884695e-02
1.655477610341e-01 9.319746496028e-02 -1.547160429240e-01
2.153303154379e-02 -1.707231650050e-01 9.280556544250e-02
-1.012368117581e-01 -1.668410407650e-01 -4.185288548279e-02
-8.765675138373e-02 -2.573755731236e-01 -6.999961183845e-02
-7.515172737796e-02 -1.260118285873e-01 -5.472153681323e-02
3.322023627336e-01 -2.970068584195e-01 -1.111876211675e-01
-8.978093243425e-02 6.727574708133e-05 1.037979417009e-01
-9.500180822158e-02 2.269934597925e-01 3.533269408738e-01
-1.487853810300e-01 2.091082577901e-02 1.944130450594e-01
-2.708615380063e-02 -4.620459217799e-02 2.818629908505e-03
-8.806659575302e-02 -8.596072341208e-02 -5.956762108445e-02
2.548235225647e-02 -9.358065098496e-02 5.081455373694e-02
-3.574014215844e-02 5.179658415109e-02 -5.933396026116e-03
-2.330848238638e-02 -1.126649314672e-01 -2.470896898015e-02
1.355789906043e-01 1.685061834633e-01 -8.106625999610e-02
Mode 8
7.125883940371e-02 9.618766563612e-02 -5.825513133138e-01
-1.596957493565e-01 -1.549307282845e-01 -2.235129906470e-01
-1.085805134648e-02 -2.532006672552e-02 4.098367229008e-02
5.809589880256e-02 7.491230377591e-02 6.696220811266e-02
3.880682290740e-02 8.607761533271e-02 8.531497947062e-02
-1.234768847702e-01 -2.210599893102e-02 1.082516690241e-01
-2.066707969806e-01 -5.410816829987e-02 2.088385573375e-01
-2.638746250150e-01 -1.667374941657e-01 4.309113041064e-02
3.090040004749e-02 4.565726149262e-02 9.375770277525e-02
-1.517823638411e-02 4.251392904944e-03 8.476918425599e-02
-2.871692519890e-02 -3.149628564685e-02 7.637775246008e-02
1.786364467261e-01 -1.523149676802e-01 1.322494820363e-01
1.987524510204e-02 2.957193258042e-02 8.040834782043e-02
-2.040266385231e-02 4.892037112595e-02 9.448962326372e-02
5.285474972436e-02 -3.035119493573e-02 -4.402099651125e-02
-5.150793079994e-02 -5.525590796304e-03 -2.502589998541e-01
9.132994729509e-02 6.481866533825e-02 -1.190296531172e-01
7.149879495311e-02 7.596481187811e-02 -2.289633019041e-01
2.768872788172e-02 2.704639744378e-02 7.618939775961e-03
-8.078885255829e-03 -4.880081674506e-03 3.077698492893e-02
7.420266781933e-02 9.285892922546e-02 -4.525143993266e-02
Mode 9
8.797924440859e-02 3.024130467449e-02 -1.432938460679e-01
9.619590889081e-03 3.295508370864e-01 8.903260692287e-03
5.273234239484e-02 -5.785849417842e-02 1.285462905908e-02
6.600639446505e-02 -4.477892430010e-01 -1.444996337680e-02
3.506044790582e-02 -2.625491672092e-01 -3.312562697446e-02
8.241268403430e-03 -6.312860942482e-02 -3.457304871163e-02
3.223278538973e-02 1.628986451132e-01 1.303839468497e-01
-4.533247863131e-02 1.354599498103e-02 -2.087090326958e-01
-2.744243704493e-03 1.008717348431e-01 -1.127131086699e-02
1.581932553310e-02 2.354041344508e-01 1.119940419076e-02
4.417050107913e-02 9.493693264936e-02 2.998082568899e-02
1.358025614692e-01 -3.250303459041e-02 7.139492811569e-02
-1.897102122805e-02 1.053853230854e-01 -1.767897327539e-02
4.601139127274e-02 8.427552234419e-02 -4.142048280927e-02
-2.523540852047e-01 -3.549963638618e-02 6.682428975064e-02
-6.301191622068e-03 2.592900907504e-01 -4.170116474342e-02
1.151792253167e-01 -1.156142175807e-01 -2.822506251445e-01
-1.546268305958e-02 -1.638791686166e-01 1.627574190925e-01
1.929544168921e-02 -1.954325680631e-01 -2.246032165633e-03
6.330753032523e-03 1.191144458576e-01 6.904139276744e-04
-4.034160577398e-02 -6.671757036432e-02 3.644582481895e-02
Mode 10
7.050520153144e-02 -1.886456370459e-02 1.534947609770e-01
1.596669311627e-01 -1.383801147191e-03 2.049627208262e-02
8.327304251505e-02 2.825873890866e-02 -5.547017217024e-02
4.788541511517e-02 4.558228924471e-02 -4.622459649744e-02
3.636116361917e-02 2.512150105416e-02 -8.638719359784e-02
-1.699838401236e-01 -7.540454452505e-02 -9.934650245129e-02
-1.833903394290e-01 4.895022209319e-02 1.037364358674e-02
-4.055812439992e-01 -3.577467999086e-01 -2.093066202543e-01
6.449441701765e-02 1.188215414191e-02 -1.008408498987e-01
6.995199090740e-02 2.506425966484e-02 -8.819879272635e-02
7.979211995630e-02 3.446440302459e-02 -7.441324479446e-02
-1.593199871870e-01 1.547091609874e-01 -1.346526793723e-01
1.340761715138e-01 9.350216239094e-02 6.284891732071e-02
2.926840730435e-01 3.272659878295e-01 3.284785492399e-01
1.467211086943e-01 -6.178519678758e-02 9.531512668505e-02
4.540978790496e-02 -2.874669457782e-02 6.792491544665e-02
-9.634893640368e-03 1.753364507196e-03 6.398532866226e-02
8.662782360842e-03 5.161559505651e-03 3.311325526731e-02
7.564268006689e-03 1.522364940913e-02 -4.830531229584e-03
2.173707072518e-02 1.292654955981e-02 -2.792304637060e-02
-6.337613034152e-02 -8.198880841200e-02 4.641186177662e-02
Mode 11
2.291500475955e-01 2.809165363032e-02 -9.735035874231e-02
1.723119025068e-01 1.136918120315e-01 2.493337993552e-02
1.451594205315e-01 6.778201674841e-02 2.518387077164e-02
6.255746416681e-02 -2.432263466243e-02 5.865028703665e-03
2.479546654053e-02 -1.667093818559e-01 -6.489117715480e-02
4.587312323715e-02 -5.591910733728e-02 -9.886818015075e-02
5.373172557615e-02 2.687670322508e-02 -3.297921718824e-02
4.796109140865e-02 3.365344197672e-02 -2.032302999908e-01
-2.052221828176e-02 -1.354561727194e-01 -3.290368299384e-02
7.952244202464e-02 -3.585963405389e-02 -7.015618204368e-03
1.204053270341e-01 5.841597753460e-02 5.813279545598e-02
4.573410675846e-02 1.506130241146e-01 1.401370064169e-01
-1.116697457538e-01 -5.822691785612e-03 -2.741504178042e-02
-2.185456291714e-01 6.774670471047e-02 2.008296502839e-02
-3.467080065641e-01 1.949803120520e-02 1.046391282478e-01
5.642433975435e-02 -3.877731669188e-01 -9.248242338605e-02
-9.091117093975e-02 1.553840788505e-01 2.674493445691e-01
2.494320643659e-01 2.232365731718e-01 -2.945138210214e-01
5.887793190264e-03 1.520845950830e-02 1.997301042119e-02
3.577794881000e-02 4.159544445346e-03 -2.254650204700e-02
-4.940137926522e-02 -7.087848168138e-02 2.368403947037e-02
Mode 12
2.766279277453e-01 -9.780741842758e-03 -7.955965825075e-02
2.333454419735e-01 -5.905299583752e-02 2.440059086892e-02
1.740646866166e-01 -7.091344296081e-02 8.022512216605e-03
5.896282649426e-02 1.658558040865e-01 3.033676894796e-02
2.105815570562e-02 2.238614408082e-01 2.320806121401e-02
-7.635239942137e-04 8.107272655752e-02 2.949505254724e-02
-3.827967634030e-02 -8.770659380241e-02 -6.018948888833e-02
-1.214575956609e-02 -3.866400671095e-02 1.421320869680e-01
2.168898482181e-02 -5.653510621795e-03 2.546051245673e-03
1.456920175978e-01 -3.384126355375e-01 -1.597584620820e-02
1.599960459844e-01 -2.522707461677e-01 2.364352124662e-04
-2.061392587739e-01 1.310855062218e-01 -2.234508086813e-02
-7.291481658765e-02 6.003103039824e-02 -4.122637058498e-02
-1.192917037609e-01 5.244240634875e-02 -8.001216514096e-02
-3.668179703961e-01 2.309517175448e-02 9.132881998659e-02
4.883578070178e-02 2.501285269712e-01 -2.269421723076e-02
2.059089322329e-01 -9.821662242789e-02 -2.196683674066e-01
1.660039784007e-03 -1.402354601827e-01 1.436017161112e-01
1.039256159511e-02 6.962260531625e-02 1.959023358624e-02
5.199806840317e-02 -1.397858924351e-01 -2.153642037670e-02
3.075616491378e-03 1.401736576078e-02 -1.976969539278e-02
Mode 13
5.391959972664e-02 4.501257511089e-03 -4.111273505703e-02
3.784618194419e-02 -2.898998537530e-01 -2.123234090710e-02
3.130905810213e-02 1.186996227148e-01 4.437279607355e-02
-2.741580895066e-02 1.937915095997e-01 5.271561943716e-03
-7.069790735157e-02 1.604171394655e-02 -1.206918531024e-01
-2.568129638525e-02 9.685062405097e-03 -2.210396369696e-01
3.923667447665e-02 2.040414495730e-02 -3.428966361677e-01
8.850990652025e-03 2.803104679047e-02 -1.957345932772e-01
-9.253610726255e-02 -1.700630383873e-01 -4.402668362362e-02
-5.739913935048e-02 1.113561177010e-01 -1.009552370951e-02
-3.097799977790e-03 2.588875690752e-01 1.161789221627e-01
2.553655623336e-01 1.959898996990e-01 3.249469019261e-01
-7.388959590982e-02 -1.578111590890e-01 5.383104416156e-02
-2.128646345531e-01 -3.652266080553e-02 1.876741642037e-01
1.527538698561e-01 -2.290202450334e-02 2.389686847583e-02
-1.923110373282e-03 2.195052399475e-01 -1.153051029472e-03
1.473774715731e-01 -5.635938573695e-02 -1.430173051843e-01
-9.510622265302e-02 -8.825504888875e-02 1.017878642505e-01
-2.517173893491e-02 5.015674906810e-02 2.465069744972e-02
4.851750281982e-05 3.945884785389e-02 -2.791622826965e-02
-6.684242819520e-02 -9.710563975789e-02 2.635596921625e-02
Mode 14
-6.820953766790e-02 -2.647436292017e-02 1.546604407053e-01
8.403104457502e-02 -3.655338096021e-02 -1.418468913510e-01
5.079988865738e-02 8.373313061438e-02 -1.131017272040e-01
1.450034513963e-01 1.838357431489e-01 -9.655623995650e-02
2.057249096831e-01 2.802899862902e-02 -2.093579965084e-02
1.521205551538e-01 -4.240914699597e-02 -9.507358407627e-02
-1.053384768529e-02 -7.606277894970e-02 1.638081038017e-01
-2.764763050389e-02 -5.061826192048e-02 -4.105620898921e-01
6.779829428490e-02 4.557003878220e-02 1.801041431768e-01
2.461564904253e-03 1.123520321042e-01 1.836069173561e-01
-4.186627989210e-02 4.013255447663e-04 2.990037909156e-02
-2.582049288614e-01 -4.311637966974e-01 4.282725918318e-02
-3.452771419028e-02 1.889805005733e-02 1.511440558902e-01
-3.311294895375e-01 -4.483974243679e-02 3.434971620376e-02
-8.826970750835e-02 -5.598586356595e-02 1.820220917246e-02
3.201228218544e-02 3.951085487516e-02 1.068590001775e-01
-4.172344278918e-02 -2.581437675975e-02 1.728140970881e-02
-8.930208216338e-02 -3.467787153934e-02 8.174568880207e-02
4.642502083115e-02 6.768642968268e-02 -3.511078181582e-02
-1.003088493412e-02 4.425606792747e-02 7.008490391324e-02
1.056771825922e-01 1.512273707097e-01 -3.157201436475e-02
Mode 15
6.372154023793e-02 5.691411350420e-04 -8.173681537416e-03
8.678358003929e-02 -1.502923853114e-01 -5.287023583685e-02
7.839114418245e-04 1.553353451323e-01 -8.868696170544e-02
-4.392029695536e-02 1.653652932936e-01 -4.285095299935e-02
1.641538231433e-02 -1.435934221825e-01 6.460716103549e-02
4.178190608327e-02 -7.462595606012e-02 2.233454680848e-01
-3.146463135185e-03 1.629990888894e-02 4.082878172380e-01
6.355425620469e-02 3.188157914500e-02 1.525180146143e-01
3.122428202844e-02 -1.916748039678e-01 -3.330941660325e-02
7.059281267180e-02 1.741498764232e-01 -5.225675489917e-02
2.826100343427e-02 2.548728325541e-01 -1.692722290250e-01
1.649082307413e-01 1.274287407156e-01 -5.230408089360e-01
-5.450857705258e-02 -1.225705659865e-01 -4.343833272730e-02
-2.416992816035e-01 2.828079057662e-02 8.682122537161e-02
-5.392038290107e-02 -1.705216092724e-02 7.850483618628e-02
1.856406075080e-02 7.368725294274e-02 7.447824251968e-03
6.466088456260e-02 -1.427353383374e-02 -3.780888698208e-02
-3.008046778017e-02 -2.360840013030e-02 2.944096251665e-02
-6.973402853791e-04 6.461531507619e-02 -2.665925371830e-02
9.541727333153e-03 7.658949149675e-02 -1.290885767251e-04
-6.014926228043e-02 -8.806567634447e-02 4.275640093149e-02
Mode 16
-3.390139985185e-01 -3.089682921654e-02 8.527527082063e-02
-1.614251058762e-01 -2.821551273204e-02 -2.232336009449e-01
-5.083943053982e-02 2.801487227512e-02 -5.983998878050e-02
1.337409861995e-01 7.355761095800e-02 -4.527279664689e-02
1.824457454488e-01 6.710141115969e-02 1.497325452644e-02
1.409416378883e-01 -1.554535742139e-02 7.946185058809e-03
5.303774705639e-03 -6.919393835418e-02 2.165638774725e-01
2.184530156178e-04 -7.143207556476e-02 -1.945866908189e-01
1.299481281711e-01 2.482751021458e-02 4.678533834487e-02
1.424226381975e-02 -2.705931487647e-01 2.777217134921e-02
-3.385374179317e-02 -4.938949146629e-02 1.930821105203e-02
3.717038846299e-01 4.025009411090e-01 1.299218052042e-01
7.248349346182e-02 1.104325415942e-01 -1.182124718020e-02
9.372364707581e-02 4.416879550330e-02 -1.171020359360e-01
-2.214488489653e-01 5.690702132346e-02 -3.321364766942e-02
-3.324062463710e-02 5.784105094135e-03 9.675714454940e-02
-1.413866238350e-01 -1.512963023800e-02 2.375933305944e-02
-1.636119240492e-01 -2.042621561052e-02 4.380596106003e-02
4.826727813935e-02 2.149800034146e-02 -2.845632700999e-02
-7.270524732519e-03 -1.314893712151e-01 2.532871680990e-02
-8.198967074225e-02 -1.248849785337e-01 1.967234252787e-02
Mode 17
2.097593347350e-02 1.083287625321e-02 3.674120679648e-02
6.626154283687e-02 1.688747334237e-01 -5.174656504306e-02
4.216156897784e-02 -1.465796060913e-01 -9.531249581454e-02
5.913253569648e-02 -2.674617319985e-01 -1.008471786620e-01
3.687546003498e-02 2.934085276746e-01 5.101982255849e-03
-1.973029400465e-02 1.698216563552e-01 -3.492509165145e-02
-7.951873133756e-02 -5.274684365015e-02 -1.650061112855e-01
-8.535181242144e-02 -2.484372801502e-02 8.667557879913e-02
-2.135705039601e-02 2.507876839474e-01 1.642809193104e-01
6.979185631063e-03 1.876963617755e-02 8.837525790393e-02
-7.680949022186e-03 -7.097617143093e-02 -4.131950438399e-02
2.114261131141e-01 2.089657425579e-01 -2.218997657567e-01
-6.668254874368e-02 6.873644442992e-02 2.154169386696e-01
-4.574085112307e-01 -6.789142242569e-02 3.233504338855e-02
2.459001390318e-01 -2.230145612368e-01 1.039605430473e-01
2.620910206253e-02 -6.335405476430e-02 2.303125833256e-02
-5.006320058227e-02 1.463854364966e-02 4.258214427686e-02
3.043460019873e-02 2.237042607454e-02 -1.361063982294e-02
2.344372675912e-02 -1.398576896447e-01 -3.779822490369e-02
-1.429491933340e-03 -1.677289354013e-02 3.017139925867e-02
-4.450801899070e-02 -6.796086671146e-02 1.234393113252e-02
Mode 18
-8.085696746127e-02 -7.799044902555e-03 4.601106161236e-02
1.256337435556e-01 -4.100236292977e-02 -3.436741847357e-01
1.105407603963e-01 2.499033570977e-01 -1.332489673862e-01
7.542423169200e-02 -2.859781901048e-01 -1.446638382108e-01
5.256552786730e-03 8.540756264966e-02 -4.521574857232e-02
-9.185018666962e-02 1.155898272112e-01 8.321690015125e-02
-9.996855314139e-02 2.127532255157e-02 -1.978710968878e-02
-4.106354348394e-02 4.873689995650e-03 3.238843791575e-01
3.859998922476e-02 -1.188832333414e-01 -8.707421147015e-02
8.297741453558e-02 -1.803093170407e-01 -7.213188756368e-02
4.797563861402e-02 4.217708807597e-01 1.197831556661e-02
-1.069079646488e-01 -1.980236451868e-01 2.360573153439e-01
-2.811185943294e-03 -4.905185603249e-02 -1.027366555826e-01
-2.662058733519e-02 6.367656868275e-02 -6.400016925255e-03
-2.812365213186e-02 -2.948225095431e-03 4.006830550074e-02
5.441308471706e-02 -1.806718009525e-02 9.445720170699e-02
-8.010752920506e-02 7.087836114159e-03 4.231534290963e-02
-1.021386349752e-01 6.582412158218e-03 9.846301356754e-03
1.960278336715e-02 -2.395239874168e-01 -3.632968217861e-02
3.936201554766e-02 -1.694868775020e-01 -4.544839856588e-02
2.791536513314e-02 3.746283124907e-02 4.385329649996e-03
Mode 19
1.711715171936e-01 7.398505260915e-03 1.817138758303e-02
9.705444820265e-02 -4.512909602610e-02 9.819330771688e-02
-2.967822381449e-02 1.194416487945e-01 -3.669558888275e-02
-1.870721103979e-02 -1.375493350795e-01 -6.823770505875e-02
1.021837942272e-02 1.196630981267e-01 2.346033971200e-02
4.829589366499e-02 5.065437781906e-02 -3.703169645201e-02
-9.277580007306e-03 -3.611209127952e-02 -2.308784320552e-02
-3.536084863434e-02 -2.730609221205e-02 -9.247394397948e-02
-7.515332837639e-02 5.720018910805e-02 1.791313463254e-01
-9.044044487834e-02 -1.279554468852e-01 1.280387424957e-01
-1.167958548352e-01 1.871943524299e-01 8.392018963769e-03
6.548605133483e-02 2.237262221495e-03 -2.061962570413e-01
-3.427629737621e-03 -1.688122408635e-01 3.171437786372e-01
2.788101436717e-01 -3.692959166029e-01 2.528553896600e-01
-2.382820576464e-01 3.211168695632e-01 -2.805649052063e-01
2.285745132729e-02 -2.185509778183e-03 -2.424826022258e-02
7.816679324348e-02 9.087497327085e-03 1.080613911823e-02
6.562625189107e-02 1.258579772467e-02 -8.467113460953e-03
6.696279161997e-03 -1.305115542143e-01 -3.427180197902e-02
-3.387448900545e-02 -1.343165428881e-01 4.759468914069e-02
-5.507404622749e-03 -9.957206532450e-03 4.128499610218e-03
Mode 20
-6.674274612865e-02 -4.501926845935e-04 4.267345216748e-02
1.244908676541e-01 1.907799719363e-01 -3.309615208887e-01
1.554529571015e-01 -2.985146127459e-01 -1.923852386264e-01
1.668390827007e-02 8.953386543072e-02 -1.284994265129e-01
-6.123456711318e-03 -3.418280416200e-02 -5.534761898806e-02
-8.240490354721e-02 6.657594605994e-02 5.541122930346e-02
-8.432375204543e-02 1.464560066175e-02 -1.987923472041e-02
-3.086570769715e-02 1.264476918536e-02 2.338775119329e-01
-4.076403126310e-02 -1.456964716966e-01 -1.595751245351e-02
3.398818410276e-02 3.081803190934e-01 2.800361371180e-02
9.062088387675e-02 -2.868640400703e-01 -1.388764159735e-02
6.091284767134e-02 5.904624186111e-02 1.712764619456e-01
-3.531634162080e-02 -2.331360114773e-01 5.773196920324e-02
9.371175477769e-02 -1.663153617407e-01 2.097414814250e-01
-1.273245399938e-01 1.770742640406e-01 -1.165054032762e-01
6.021454385349e-02 -1.960736552847e-02 9.481678307048e-02
-1.164445285736e-01 -1.091426265935e-02 1.348378704046e-02
-6.192733610401e-02 -1.342150600476e-02 3.104699359340e-02
-1.418152292282e-02 1.631875249680e-01 -1.298000625257e-02
1.355119885711e-02 2.610241555770e-01 3.999078966476e-03
-6.260346491939e-03 -9.725078024894e-03 -1.918510220896e-03
Mode 21
2.548545754911e-01 3.928302641091e-03 4.962366088313e-02
2.230097168109e-01 8.679733963700e-03 -5.924438245716e-02
-3.183212667149e-02 3.707076762890e-02 -2.535332661210e-01
-2.715934793827e-01 7.431453727734e-02 -2.874810644743e-01
-1.637688628135e-01 -1.314914373796e-02 -1.130463766012e-01
9.337529298856e-02 -1.174371825396e-01 6.864013990784e-02
1.596785114834e-02 8.608550458039e-03 3.584114427529e-01
1.075031088534e-01 -3.801092580449e-02 -2.566419098898e-02
-2.494574128719e-01 2.201000561890e-01 -5.089835431295e-02
-2.514088155591e-01 -9.915959248166e-02 -9.017898285514e-02
-1.581066506875e-01 -1.019049771147e-01 -5.645781285482e-02
6.522183587347e-02 4.456289568230e-02 2.894427930271e-01
-1.269171751917e-01 1.253138360025e-01 2.423706963362e-02
5.968721107032e-02 -3.502087089357e-04 -5.504712956926e-02
1.797187501066e-01 -7.987702157620e-02 1.599536146823e-02
7.225506787986e-02 2.661094646872e-03 1.198855604518e-02
7.334742618458e-02 -3.164730110506e-05 1.117545190249e-02
7.121082010664e-02 2.305947474919e-03 1.217338979714e-02
-7.773013560960e-02 1.753563890803e-03 -8.143601192059e-02
-5.727290581673e-02 -7.409846532797e-02 -5.174305429690e-02
-2.104563800214e-03 -3.004557549668e-03 -4.942946865305e-03
Mode 22
2.360016600909e-02 1.094582170273e-02 5.686297565501e-03
-1.040478987758e-01 6.117429112589e-02 2.528614241831e-01
-1.009481916016e-01 -2.295063059117e-01 4.223555474853e-03
5.461708572984e-02 -1.117159661460e-01 -4.146858878702e-02
7.893843301870e-02 4.684556738119e-01 -4.721308403161e-02
2.585230404522e-01 2.001183581193e-01 1.160790888101e-02
5.140481653885e-03 -1.180458671400e-01 2.217091914432e-01
2.751188810712e-02 -1.345668554767e-01 -1.136468598153e-01
5.262030572486e-02 -1.121538483167e-01 -1.851488602894e-01
-9.835396257197e-02 1.044033114951e-01 -1.792384668037e-01
-6.967948395544e-02 6.839456918254e-02 -7.062249317367e-02
-2.931815346072e-02 -3.098895253078e-02 1.277481569395e-01
2.796416767524e-02 -3.548386561419e-01 -2.940477963038e-01
-6.910893438771e-02 8.937006623943e-02 1.346103338472e-01
-3.954456232567e-02 5.819355832502e-02 3.752325326069e-02
-4.878800774127e-02 -1.307169030364e-02 -5.968844703977e-02
4.110319501515e-02 4.896328649711e-03 -3.679172330204e-03
7.028863132397e-02 9.897799745688e-03 -1.120689484381e-02
3.666601530980e-02 -7.238488828806e-02 -4.034130898209e-02
-3.397258304736e-02 3.318231455038e-02 -4.479573092994e-02
2.622821109754e-03 4.883023762183e-03 -7.659356526450e-04
Mode 23
-1.945467586896e-01 -3.819776217153e-03 -7.595348869530e-02
-4.486999162830e-02 -4.953699308666e-03 -1.744592610087e-01
1.644116351420e-01 9.806691269081e-02 1.728130134350e-01
-1.012850274142e-01 -2.658831324483e-02 1.978636657547e-01
-2.206654032996e-01 1.500582302565e-01 -7.824989926156e-03
6.629131249062e-02 -1.594466219966e-01 -6.384138044283e-03
9.928881185502e-02 1.065110017068e-02 1.577849651660e-01
9.540867196756e-02 -4.552685625281e-03 -1.815053724086e-01
-2.463993793353e-01 3.318111386112e-01 -5.774501260734e-02
2.483116236080e-01 -1.650200555134e-03 -9.972388100284e-02
3.266001395541e-01 -8.825678412800e-02 6.615524801646e-02
-7.271213367974e-02 4.145051862222e-03 -8.428624391329e-02
-2.171921873820e-01 -2.005387918519e-01 -5.719511448449e-02
1.373639529608e-02 -8.649369409638e-02 1.933921450591e-01
7.907537621006e-02 3.713351267949e-02 -5.798189686710e-04
-5.853578283652e-03 -1.027053295487e-02 3.095647100445e-02
-9.654885657267e-02 1.904197718635e-03 -6.662055855371e-03
-1.011200495973e-01 -2.833808181416e-03 -1.528232704436e-02
-8.338153749417e-02 -1.410585153286e-01 1.367614013556e-01
1.358557128814e-01 -8.579667986052e-02 -1.285453486707e-01
1.923121608428e-03 2.598893370354e-03 1.878378693359e-03
Mode 24
-3.471009438625e-02 -4.827088409401e-03 4.232840597917e-03
-3.904150765837e-02 -2.870996313977e-02 5.133141891065e-02
4.724513520874e-02 8.660951111501e-02 1.442391751825e-01
3.205707535823e-01 2.212458750795e-02 1.415316630766e-01
9.871310230544e-02 5.048272009450e-03 -2.645681176275e-01
-4.729335355286e-02 -8.577007629624e-02 -4.286324742719e-02
-8.188769499844e-02 8.746472369641e-02 1.333619436291e-01
1.315253732105e-01 -2.044079840294e-02 1.564535068195e-01
2.953070239766e-02 5.199088590185e-02 -2.993476138997e-01
-2.365985063598e-01 2.562438262439e-02 -4.325668323311e-01
6.380393289735e-03 -8.191579168719e-02 -5.738949535432e-03
-5.352763089003e-02 7.157073884092e-04 2.926604636573e-02
1.628554509852e-01 1.458319545140e-01 4.073606302936e-01
-1.546056201096e-01 -1.933649817321e-01 4.060505336736e-02
-5.556361404586e-02 7.268559040177e-03 -6.376504099465e-02
-1.510906984938e-02 2.420755633042e-04 -3.291365940987e-03
-3.321898694075e-03 -5.606498373731e-04 1.951616073906e-03
-9.287580470003e-03 -5.841210366785e-04 3.400267534383e-04
7.598499195302e-02 -4.812217740198e-02 6.701310372493e-02
-4.606497266743e-02 3.962095809367e-02 -1.627079696489e-01
1.221182832915e-03 2.548228768250e-03 -1.175393714810e-04
Mode 25
1.030743975474e-01 -9.688317811019e-03 5.139738448771e-02
6.554496251734e-02 -6.668952214251e-02 -7.219324282859e-02
-3.792963385308e-02 3.858050497122e-01 2.010288643950e-02
2.369262702438e-01 -3.544514693850e-02 4.555992254516e-02
1.463679888053e-01 -7.020556194931e-02 1.060474029673e-02
-1.565495330803e-01 -1.487219370649e-01 9.457697892836e-03
-7.085868399041e-04 7.823074422785e-02 -8.443148211509e-02
-7.565373774489e-03 7.996350376470e-02 6.497207870766e-02
6.208471713072e-02 2.421001381713e-01 6.503127147052e-02
-2.527950537977e-01 5.187202678611e-02 6.825042777930e-02
-1.930772143438e-01 -3.788714348824e-01 5.877420706487e-02
3.645344526228e-02 5.938503095566e-02 -3.920575514039e-02
4.140556843608e-02 -3.620635466563e-01 -3.511369662861e-01
-4.492080662048e-02 1.148394768429e-01 9.513213651941e-02
-1.055341044237e-02 4.042297330499e-02 3.824206633261e-02
3.925239717144e-02 -9.774270471512e-05 2.541426540298e-02
3.003808071151e-02 7.049751065288e-05 1.967065232630e-02
6.088302219872e-03 1.747767197565e-03 1.014481282975e-02
9.098380254747e-02 -1.607014338857e-01 -1.376007264746e-02
-1.035817087356e-01 -1.783973414103e-02 6.517686985250e-02
-2.686747056920e-03 -3.892486181534e-03 -3.705118557887e-03
Mode 26
6.829924038110e-02 9.131409283440e-03 2.838268221689e-02
9.329027016447e-02 1.118678465182e-01 -1.853589408154e-01
1.296365386382e-01 -4.683351763069e-01 7.305271663807e-02
2.274507445721e-01 8.352541715748e-02 2.210235503708e-01
3.431649891848e-02 -6.212906413898e-02 -4.070644893121e-02
-5.025257964544e-02 -9.010554286992e-02 -1.487766033663e-02
7.796124796399e-03 3.229096091109e-02 6.265499729708e-03
3.941462151576e-02 1.460667468757e-02 9.649027799245e-03
-1.109968395535e-01 1.526964270593e-01 2.846921549948e-02
-2.989081083917e-01 -1.230622803436e-01 9.576487676503e-03
-1.717362995008e-01 3.670666140022e-01 2.294097602148e-01
1.936443873931e-03 -3.228823795695e-02 -1.675067303231e-01
-1.112699063410e-01 -6.825193194913e-02 -1.569387442637e-01
4.789837995854e-02 6.238194226916e-02 -3.463729328095e-03
4.195908068390e-02 -5.031237843636e-03 1.965578538522e-02
7.245223376959e-02 -1.883332983561e-03 6.349770856837e-02
-4.193054275358e-02 -3.715442316650e-03 8.608433472423e-03
-1.446450559540e-02 -7.535528466337e-03 2.303401277720e-02
2.041651957742e-02 2.431077311058e-01 1.277888377210e-01
-7.763794103267e-02 -1.954473363808e-01 -1.502516500892e-02
1.758541099987e-03 6.571248081928e-04 7.505726284848e-04
Mode 27
4.936161804227e-02 -1.713262510184e-03 5.758982281513e-03
9.138570617998e-02 -3.929244601048e-03 -1.863971557110e-01
1.012418275577e-01 2.063618227037e-01 1.524707531979e-01
5.432271639406e-02 -7.722560069393e-02 1.741805175845e-01
-9.502349918303e-02 1.572499821320e-01 -2.917909578727e-02
1.899954973701e-01 2.455335482402e-01 -3.001934923083e-02
-1.889918583948e-02 -8.800428454705e-02 6.237241464072e-02
1.920017576802e-03 -1.040508306115e-01 -5.413481705470e-02
-1.702233061243e-01 -4.330756497066e-01 9.563911020800e-03
-2.448245695606e-01 6.781582021428e-02 8.564760849898e-02
-7.915847750281e-02 -1.753503911069e-01 2.401087512383e-01
1.522168285741e-02 1.316567111440e-02 -1.832948962004e-01
-2.252203792945e-01 2.208113086740e-01 -1.566779814941e-02
1.719077834058e-01 4.837887930131e-02 -1.349637849013e-01
7.422800462902e-02 -5.078433809220e-02 5.130037359057e-03
6.432069908952e-02 -8.175765629053e-03 5.356733806228e-02
-2.775224670422e-02 1.106772154427e-03 1.393186567756e-02
-3.417082386174e-02 -2.849313533751e-03 8.204360488787e-03
-3.702535577588e-02 -1.655544862293e-01 1.304814142504e-01
-6.666445003830e-02 2.155224871016e-01 1.829456118284e-02
-5.663469373754e-04 -1.505908288708e-03 -8.818131153787e-04
Mode 28
-5.020986656819e-02 -5.590928279683e-03 -1.083569432271e-02
-4.642087439440e-02 -6.277383506077e-02 8.640339564527e-02
-7.333527610515e-04 1.424573986213e-01 2.937998883193e-02
7.020226374830e-02 -5.492545662330e-02 -2.763031847773e-02
8.178441479789e-02 -4.644372661414e-01 -1.130258950979e-01
2.746417904138e-01 5.822083456800e-01 -7.314812890879e-02
-1.662223354022e-01 -1.328221340520e-01 8.057723728957e-03
-4.583396680889e-02 -1.875875092394e-01 1.089579646759e-01
-1.092199574785e-01 2.615635766667e-01 2.537104738704e-03
2.828801078624e-02 -7.139892489344e-03 -4.300599430995e-02
5.946670437515e-02 -3.090722393955e-02 6.229591375830e-03
-1.193557650991e-02 5.009100526913e-03 1.279582423254e-03
-1.380484158717e-01 -7.331899143296e-02 -6.138702585826e-02
1.036127476004e-02 -2.017033696485e-02 6.252931216075e-02
3.534072401657e-02 3.340720712620e-03 8.201337172014e-03
-3.595601045416e-02 1.709789650548e-02 -2.296080989031e-02
1.207604572577e-02 -1.309552970641e-03 -7.368817879082e-03
-1.811836295859e-03 -4.229230552878e-04 -5.561442165033e-03
9.228263417138e-03 2.595862738157e-01 2.362905191890e-03
3.774326406345e-02 -8.909325781457e-02 -6.002486456217e-02
3.038458684656e-04 3.234443714393e-04 1.819157586027e-04
Mode 29
9.735832314325e-02 1.750195771245e-03 1.200494480242e-02
9.256367355640e-02 1.645720473851e-02 -2.211079781023e-01
-6.711014375970e-04 3.269645102737e-02 5.673227931290e-02
-1.647615007223e-01 -6.981202485879e-02 1.561197893793e-01
-9.442479990308e-02 -8.554314554828e-02 2.709880230675e-01
1.098636796833e-01 1.620307607187e-01 3.459029939502e-01
3.375775318677e-01 -2.478085717212e-01 -1.295320539952e-01
-3.489586340911e-01 1.292812014471e-01 -1.837556947569e-01
8.453362651904e-02 7.440635490102e-02 -1.237946574425e-01
-1.636102282315e-01 2.555271982372e-02 -2.444819354480e-01
-2.622843258355e-02 -1.909817614920e-02 -5.356906774050e-02
-9.491038068991e-03 3.004110713367e-04 3.766500836742e-02
2.903401318477e-01 -3.336615669309e-02 9.018363541675e-02
-1.050487074702e-01 -1.444521524230e-02 7.298223621179e-03
-4.388643349425e-02 1.090251589416e-02 -1.002771556842e-02
8.575714624781e-02 -5.466363380117e-04 6.363539488608e-02
-2.442160025997e-02 -3.016614571823e-04 1.295933203720e-02
-2.479678475510e-02 -4.970180059268e-03 1.378062471043e-02
-5.531463413758e-02 7.466312731116e-02 5.643378732942e-02
-5.833314356373e-02 -2.758607359203e-02 -5.768214889711e-02
-2.236543513782e-04 4.546177752557e-04 1.258754569443e-04
Mode 30
-5.046224330809e-02 -5.284020448546e-03 5.010055630815e-03
-1.929411539079e-02 -5.660606370804e-02 9.953830327650e-02
-4.142852015526e-02 1.683852712803e-01 -4.283869318394e-02
2.675081280933e-01 -2.990021259798e-01 -8.158743982316e-02
1.137011140891e-01 1.834707926705e-01 6.750225688958e-03
-9.531860978254e-02 -1.762016510982e-01 2.003849402001e-01
2.067313081378e-01 -5.667516076433e-02 -4.147128775489e-02
-1.654721733232e-01 1.483964684310e-01 -3.591866726982e-02
-7.848537145529e-02 -6.982063253895e-02 -1.787465390387e-02
2.168991184163e-02 2.822450500371e-02 -6.849263472062e-02
2.074190648139e-02 -2.282791129072e-02 -9.549033322153e-02
-5.891655235927e-03 -2.440208890995e-04 4.316344972202e-02
-4.482913589002e-01 1.100966148911e-01 4.698187873040e-04
1.108729758729e-01 -6.031315786448e-02 3.321099611418e-02
6.373869480358e-02 -1.771658308282e-02 4.844149586502e-05
-4.440835753180e-02 1.846317047615e-02 -2.733678783184e-02
2.123787208969e-02 -1.428824838013e-03 -4.325654262456e-03
1.907023385014e-02 1.681545813339e-03 -4.091234164924e-03
1.235102850266e-01 5.095158630058e-01 -1.005292917058e-01
3.654560511669e-02 1.573072436792e-02 -6.974429423655e-02
6.029875916627e-05 -2.000777532763e-04 7.024134484886e-04
Mode 31
-4.998214921641e-02 9.578347187373e-04 1.477007046519e-03
-2.288956491998e-02 3.465239368446e-02 1.049861222648e-01
-9.647931385961e-03 -1.710531250301e-01 -6.837942343690e-02
2.081038501966e-01 3.826865571403e-01 -2.264112899076e-02
1.404461095497e-01 -1.784019572225e-01 -1.909350320193e-02
-1.890750283028e-03 6.822056268378e-02 2.107095939257e-01
1.668493215937e-01 -1.100079472607e-01 -8.278068957590e-02
-2.257770829298e-01 1.080762104001e-01 -2.369905924295e-03
-6.568707675610e-02 3.606705115414e-02 -5.196556811790e-03
1.593749799748e-02 -7.948834126580e-02 -8.376813850981e-02
3.903602635446e-03 5.961051696012e-02 -1.052341335200e-01
-4.453559047312e-03 -4.198783519004e-03 4.103604993682e-02
-3.708528118399e-01 6.032317442285e-02 -1.639173334086e-02
8.323765665229e-02 -5.491020303966e-02 4.484616783207e-02
5.497144370515e-02 -1.135283649886e-02 1.305053598241e-03
-4.131065791130e-02 -1.589854703546e-02 -3.011992313220e-02
1.544242399216e-02 4.245592013236e-04 -4.902428706534e-03
1.709904427454e-02 3.283622975281e-03 -4.752032840810e-03
1.378691662529e-01 -5.568461432758e-01 -9.955715083832e-02
1.740969514909e-02 1.139632477416e-01 -4.627491908451e-02
-2.092216564825e-04 -1.637166639819e-04 3.734939503377e-04
Mode 32
1.781748346596e-02 1.133534892885e-04 2.305484362485e-03
3.785082473438e-03 -9.633873465260e-03 -2.785341100572e-02
-8.983909072719e-03 4.138568030002e-02 2.290496434244e-02
-2.037173135988e-02 -5.791522808530e-02 1.958539142049e-02
-1.746016476381e-02 1.589688672164e-02 3.503902639050e-02
1.418875463741e-03 -7.274537249367e-03 -3.627694305922e-02
-2.516295561878e-02 1.511741132220e-02 6.647482811046e-03
3.416141150970e-02 -1.635592472289e-02 -4.125342072644e-03
1.015418805267e-02 2.011228814766e-01 1.990369044421e-02
2.938240466206e-02 -4.831689110523e-01 -7.201684130052e-02
-1.578582928355e-02 1.507061862513e-01 -1.140441999462e-02
7.758164718215e-04 -2.479009165164e-02 8.479376759423e-04
2.694099306300e-02 -7.715930185496e-02 -3.531500681521e-02
-2.219706232316e-02 -4.496080797974e-03 3.454984447624e-02
3.522140944370e-03 5.232501665179e-03 2.216606207400e-03
1.328435528133e-02 2.187492067672e-03 9.457441791041e-03
-5.447712463843e-03 -1.169787724466e-03 8.189060205653e-04
-2.458940084515e-04 -2.579189191538e-03 4.052485801373e-03
-1.333054855058e-02 1.066212347223e-01 1.342590307326e-02
-6.881170893772e-02 8.032318431839e-01 1.048951533430e-01
4.858170442469e-04 7.224566726913e-04 9.706192444240e-04
Mode 33
-2.749180752279e-01 -1.486362857957e-03 -9.952947605468e-02
9.739164645423e-02 -2.361568147728e-02 2.662483640275e-01
2.557646537769e-01 2.236996196620e-02 -6.485930514440e-02
-4.002819937878e-02 1.193898474356e-02 -3.225975090618e-01
-1.482397884194e-02 1.061587226369e-02 -3.176557718819e-01
-1.905225724135e-02 -2.981678169052e-02 1.932437243982e-01
1.591356818626e-01 -8.279249033960e-02 2.111698626849e-02
-1.698963346217e-01 1.041632604917e-01 2.776539874309e-02
-1.227477230578e-01 4.368727570861e-03 7.187599897093e-03
-1.042377884912e-01 -4.993505153563e-02 1.068471870105e-01
8.381347776969e-02 -8.142828624341e-03 4.989962566416e-01
-3.649701399653e-03 -4.798069637783e-03 -1.382574309722e-01
2.726247062878e-01 -5.928543882308e-02 -1.963483595411e-02
-3.915131261665e-02 6.318137335114e-02 -4.945181077402e-02
-2.469815281386e-02 4.971912587810e-03 2.255546449588e-03
-1.329917464388e-01 5.100588578950e-03 -8.374342425574e-02
-1.277125636275e-02 1.910368703346e-03 -3.542496905062e-02
-1.704890145334e-02 6.220714360329e-03 -3.862688907538e-02
-4.729047588215e-02 1.724846963761e-02 -4.871745045460e-02
3.912503141277e-02 5.716784787702e-02 -7.094070873643e-02
1.971219688599e-03 1.322285498143e-03 -4.945924470952e-04
Mode 34
4.197887609592e-01 -1.679998683625e-02 3.019816843909e-01
-5.015478820144e-01 1.191617026816e-02 -2.843521420004e-01
-2.229096730483e-01 -2.034681675620e-02 5.317681141344e-02
3.531283031274e-02 1.322433952165e-02 -8.255640122355e-02
8.733118289482e-03 8.964116723747e-03 -2.307521707860e-01
-3.916026006347e-03 -4.123062284493e-03 6.901784329402e-02
6.735964612963e-02 -3.667326532107e-02 2.332935235006e-02
-6.909634072372e-02 3.980476312742e-02 2.208526084710e-02
-8.631678731330e-02 4.268598116486e-03 -5.269703703452e-02
2.139478250619e-01 -8.115818632108e-03 6.412552077450e-02
1.569642476496e-02 -1.029538711324e-02 2.963877468260e-01
-3.372994987380e-04 -6.513938702130e-04 -6.481498497276e-02
8.006377424405e-02 -6.509623949778e-03 1.348016000084e-02
-1.547340825303e-02 5.178574121624e-03 -7.755999596520e-03
-8.572068806760e-03 1.874879834234e-03 7.459050447069e-05
3.066935651259e-02 2.438307199516e-03 -3.110666115501e-03
1.281659172511e-01 -1.910120877969e-02 4.706071759915e-02
1.220997653278e-01 1.910203280574e-02 4.835601043689e-02
5.382410241043e-02 1.335535946449e-03 -9.172579055508e-02
1.816541968559e-01 3.934597924869e-02 -1.550638113834e-01
1.074870995382e-03 5.132029584290e-04 -6.051763386509e-04
Mode 35
4.115155142776e-02 7.391043802786e-04 1.761322873371e-03
-5.099608757937e-02 -9.319482637282e-03 2.909304432292e-02
1.217892960827e-02 1.918142543565e-02 -6.040413488596e-02
1.525414734592e-01 -2.446484311504e-02 1.595911564144e-01
-8.155796323430e-02 2.154041881972e-02 -5.090137763065e-01
1.132926368746e-03 1.399466186323e-02 1.124173191423e-01
1.434554162765e-01 -8.313800300518e-02 5.422657701473e-02
-1.227400661136e-01 6.862192085018e-02 3.507643921114e-02
-1.502762022062e-01 -8.571711861491e-03 1.899468915212e-02
1.500720695785e-01 -1.886400412112e-02 2.305767127516e-01
-1.091274949548e-01 1.243988202821e-02 -3.956248818684e-01
1.223295573068e-02 5.329345470476e-03 7.594096175569e-02
1.218121917443e-01 -1.937483867731e-02 4.508973263040e-04
-1.128309245511e-02 2.977527730836e-02 -3.087203837957e-02
-4.783922167383e-03 6.787455288305e-04 -9.266192356970e-06
-1.023174701745e-03 1.816446608019e-03 -1.239786181623e-02
-1.211416554308e-02 9.826077951420e-04 4.380428830319e-03
-1.095361986274e-02 -3.246553561935e-03 4.124317960419e-03
-2.175777867493e-01 3.910332520276e-03 4.228550350921e-01
-9.797000571025e-02 -2.759448043054e-02 2.880887772747e-01
-8.405158464877e-04 -1.842519735125e-03 5.765965572767e-04
Mode 36
-2.204812670416e-02 4.262191783779e-01 5.208635891695e-02
1.207838769535e-02 -2.224808141819e-01 -2.848218227285e-02
-4.513371402505e-04 1.226710903785e-03 3.497156103770e-03
2.109753991581e-03 -2.441189459348e-03 -1.621941842628e-03
-3.805514496436e-03 -1.394680548775e-03 -8.256652306010e-04
6.494978925208e-04 5.636945208567e-04 -6.212357441975e-06
4.154602347567e-04 -5.263458233628e-04 5.968097934564e-04
-5.368300690548e-04 1.065521650134e-04 -1.104853065264e-04
-2.617970690228e-03 6.336145422186e-05 1.906388009142e-03
7.417811028446e-04 2.393445339479e-03 7.536724099063e-04
-1.352341518592e-03 3.690634799425e-03 8.540824897775e-04
9.605690313826e-04 7.393540261376e-04 -2.496437517782e-04
3.293666346364e-03 -1.184838768291e-03 -4.024460676302e-04
-3.288955971977e-04 7.108827392645e-04 -4.127478234279e-04
-2.057975377287e-04 1.120860541074e-04 3.410218398581e-05
-5.726031767332e-03 -2.797291291092e-01 -3.808172078157e-02
-4.362311681560e-01 -1.358495928556e-01 -3.515665353159e-01
4.709379745106e-01 -1.719011107432e-01 3.178909369393e-01
2.187595827379e-03 -8.640827668823e-03 -2.456528081380e-03
1.863784840363e-03 -4.946060400852e-03 -2.264428743180e-03
-1.939568152005e-04 3.274556218120e-05 -2.295046474699e-04
Mode 37
-1.979848270882e-01 -5.586093523948e-02 3.748995810806e-01
5.274760254717e-02 3.018031847987e-02 -2.215557087315e-01
1.178685169898e-01 1.505378943236e-02 -1.291129970645e-01
-8.391623671913e-03 -1.027932465336e-02 6.698613369544e-02
9.539778304075e-03 -2.802125412277e-03 1.215683363503e-01
-2.102860817741e-03 2.792026136784e-03 -1.731937590151e-02
-2.049466560448e-02 1.110950721829e-02 -1.440042451364e-02
2.392682178208e-02 -1.341558062125e-02 -1.174905507421e-02
4.071121624334e-02 3.479334578966e-03 -1.872119763546e-02
-7.642943889251e-02 -3.013904468945e-04 -2.822814064635e-02
6.473797864827e-02 6.115582091219e-03 -1.306980526262e-02
-1.110953662990e-03 -1.071645336620e-03 5.568228611634e-03
-3.013548661746e-02 7.414190775297e-03 1.287460351027e-03
1.715074355837e-03 -8.674309505277e-03 7.220004540828e-03
3.356117696838e-03 -7.954751044093e-04 -4.156654969932e-04
-5.072738237016e-01 2.633403565255e-02 -3.555617788809e-01
3.623997322722e-01 -6.642716747947e-02 -7.814593395974e-02
3.368434332655e-01 1.122443099758e-01 -7.950300215987e-02
-9.381943176193e-02 -8.147356262480e-03 1.577957471456e-01
-5.849805375377e-02 -8.021408170055e-03 4.398017528771e-02
2.665496604890e-05 -2.760821292878e-04 6.464882442982e-04
Mode 38
-9.708843547117e-02 -8.173881114873e-03 9.196887653345e-03
1.401258923218e-01 1.051420473732e-02 -8.223493340715e-03
-7.201591109015e-02 -1.023739843834e-03 -7.072313791723e-02
2.560036718978e-01 7.253231741167e-03 1.728509399031e-01
-1.778449790008e-01 9.671292068333e-04 1.189199047653e-01
1.874080111887e-02 1.275043788683e-02 -1.622344606045e-02
-2.615132546499e-02 1.095104971119e-02 -2.868608472298e-03
3.477821433613e-02 -2.716841285998e-02 -3.177821483383e-02
-5.329345297459e-01 -8.862794065307e-02 2.108340809029e-01
3.127965591220e-02 -1.486216902705e-02 7.156328839327e-02
-6.881040667524e-02 1.029697598601e-02 -2.313423795003e-01
6.680818387456e-03 2.466910562610e-03 3.750254968946e-02
3.503314268468e-01 -5.149515472563e-02 7.081320144683e-04
-1.338395931432e-02 9.575534600167e-02 -9.722096559994e-02
-1.490742981115e-02 1.259206999407e-03 2.106139080722e-03
-5.103644600457e-02 3.376407125496e-03 -2.178726960926e-02
4.708509688916e-02 -7.793973849136e-03 -2.055623816907e-02
3.948309463001e-02 1.775585976628e-02 -2.407342096273e-02
2.616393729751e-01 1.232955224188e-02 -2.041017017157e-01
2.226294704506e-01 6.094216283384e-02 -3.097897156981e-01
-3.818842608354e-04 -8.270757132423e-04 1.530453635268e-04
Mode 39
-4.592571388755e-02 -8.179307020067e-03 4.391655004859e-02
2.478639877997e-02 1.222013476996e-02 -8.739548816581e-02
1.617913264116e-02 -2.149183494791e-02 2.035161648002e-01
1.990636369252e-02 1.201501522443e-02 3.857917663591e-02
-2.133255040207e-01 -6.918322715109e-03 -8.723385496938e-02
2.927354415115e-02 1.750710624677e-02 -4.559739630717e-03
2.774369690298e-02 -2.074596290076e-02 3.525514943068e-02
-1.727530859868e-02 1.951910657492e-03 1.324419873418e-03
-1.283341810294e-01 2.045314241277e-02 -2.276789166055e-01
3.097438307662e-02 5.840022522801e-03 6.676021083488e-02
1.902505595204e-01 1.066422371148e-02 -3.944582764124e-04
-4.493966417730e-03 -1.843252236134e-03 -8.466315278219e-03
4.302780302860e-02 -1.541641300258e-03 2.969243697187e-02
-1.448021957377e-02 -2.058351964379e-03 -3.466984432721e-03
6.070290372738e-03 -2.374863310039e-03 -2.881061707142e-03
-1.244638801613e-02 3.255618310570e-04 1.360380016709e-02
5.724810918149e-02 -1.133504731993e-02 -1.602591460582e-02
5.367581769551e-02 1.950266322120e-02 -1.630759567255e-02
3.425061152345e-01 2.774322506783e-02 -4.711587972289e-01
-3.366641011004e-01 -8.403875468263e-02 5.519296866384e-01
-3.996069440836e-04 2.786386486187e-04 2.953855119984e-04
Mode 40
-2.151780090192e-01 -6.272463266914e-04 -7.596760448490e-02
4.452981845103e-01 2.942017047246e-02 -5.990181937292e-02
-4.532040098547e-01 -2.919132141209e-02 -1.511461950663e-02
-5.684009698120e-02 -1.682254968836e-02 2.127019537144e-01
-1.167436845990e-02 3.293411622156e-03 -1.606045660567e-01
1.016484497370e-02 2.102157694915e-02 2.604571912288e-02
2.103967369571e-02 -1.452131607642e-02 1.486197993989e-02
-4.027646076812e-03 -2.401792981827e-03 1.222153731316e-03
1.733562494232e-01 6.727083436265e-02 -3.385733161718e-01
2.523103899865e-01 -5.628855188582e-03 1.865855611773e-01
-2.948448719053e-01 -3.450707317546e-02 2.027555114259e-01
1.337568499274e-02 1.044333331687e-03 -2.072203973695e-02
-7.077549847663e-02 2.085782851890e-02 2.945680823465e-02
-2.214889819537e-02 -5.298618454461e-02 4.930830840482e-02
-2.414810358425e-03 1.713151294766e-03 -3.447211841019e-03
1.931239415989e-02 -3.029441089705e-03 5.392415216885e-02
1.208394969220e-01 1.326337122691e-02 -2.437840529788e-02
1.188679760719e-01 2.487335909973e-03 -2.875293948101e-02
4.759924173987e-02 2.431480148246e-03 -2.744455484940e-02
1.719625180873e-01 2.429688175816e-02 -7.384851241688e-02
3.187216431969e-04 8.220013592878e-04 -1.698279229450e-03
Mode 41
-6.566930398669e-02 -1.211018979998e-02 4.609765128176e-02
7.938929009042e-02 1.680924076582e-02 -8.957840064207e-02
1.947778448628e-01 -3.331225318719e-02 4.711702049935e-01
4.364764450914e-02 2.344349855192e-02 -2.342979519925e-01
-3.181649811121e-01 -1.600951957477e-02 -1.693450898615e-01
7.053380459357e-03 1.597826740068e-02 6.815015423330e-03
2.894117540557e-02 -2.040959018368e-02 3.824775823465e-02
-1.113357968365e-02 5.558728358125e-04 -9.440450014892e-03
2.580306560093e-01 -1.003423868889e-02 3.611893842102e-01
1.993763601283e-01 4.201044596424e-02 -2.576471133844e-01
-4.274224393624e-01 -2.467983866694e-02 -8.917902874125e-02
2.835695616353e-03 3.922324924948e-03 1.252949101890e-02
-5.282023315744e-02 -9.525009357568e-03 -2.774203473159e-02
1.795297062505e-02 6.847874435346e-03 4.470538464195e-03
-8.463961430462e-03 2.669705324571e-03 2.886393989011e-03
-4.962759537015e-02 5.523369066681e-03 -1.763008767733e-02
5.491752305313e-02 -1.563412361269e-02 -2.303900936684e-02
5.207501535993e-02 2.631036802081e-02 -2.598497665424e-02
2.594311476509e-02 1.394170507470e-02 -9.840280593686e-02
4.599909601450e-02 -7.202647704658e-03 -5.452038253854e-02
7.154697254794e-06 2.365216292011e-04 -1.074400480438e-03
Mode 42
1.560993027308e-01 3.276076382081e-03 2.867704577839e-02
-1.118984145176e-01 -1.846314513703e-02 1.312215680344e-01
2.573148566962e-01 3.888190447019e-02 -3.064318344727e-01
2.455341259189e-01 1.650349965979e-02 -1.461294792784e-02
-3.034285411316e-01 -2.910543613894e-02 2.975077396655e-01
2.862078495965e-03 3.701237207250e-02 -2.848707347290e-02
-1.717936582499e-04 -6.306839489127e-03 1.132830221480e-02
4.076991106274e-02 -3.245999671115e-02 -4.096770267695e-02
-1.360022143704e-02 4.225608385284e-02 -3.233811831589e-01
2.703698988327e-01 1.608491206080e-02 -1.198744558685e-03
-3.982656168879e-01 -4.109986105695e-02 1.797884380086e-01
1.361019894645e-02 3.121120419545e-03 -1.242444003602e-02
2.468449905755e-03 2.908886567650e-02 3.403417864766e-02
-1.921346679239e-02 -3.948768258950e-02 2.850195486524e-02
3.281415124008e-03 -1.882504831746e-03 -2.135556240205e-03
-1.364826470826e-01 1.315138823343e-02 -1.723074187896e-01
-2.093345680979e-01 -2.123095472023e-02 1.496923138848e-02
-2.058074137722e-01 3.027566524659e-03 1.935854103298e-02
3.802437457779e-02 -5.083100062782e-04 6.153363461990e-02
1.105395158821e-02 -1.463893326641e-02 1.232586407594e-01
6.757047154841e-04 -5.760281799834e-05 -8.478044358854e-04
Mode 43
9.323934256794e-03 5.244230710402e-05 1.067357358673e-03
-1.511784162997e-02 -1.773788617524e-03 6.591347558305e-03
9.816624238197e-03 3.738894576778e-03 -2.467215034226e-02
2.211633443416e-04 -5.884381931036e-03 1.764420078764e-02
-1.810137678581e-03 5.233725032613e-03 -1.134675121111e-01
3.028670389377e-02 1.315889074670e-02 7.070660578169e-01
-3.543972517369e-01 1.883866427810e-01 -2.984631844905e-01
3.267940697758e-01 -2.008541580403e-01 -2.862055896659e-01
-7.850935364254e-03 -1.068071790175e-03 2.444570526686e-02
2.470141583795e-02 9.505015748169e-04 -3.144852871741e-02
-6.070597080482e-03 -1.605385144063e-03 1.536636558673e-02
-1.363777168886e-03 2.814262217168e-04 2.807690861916e-03
-5.579540923108e-03 1.100335889144e-02 -6.588207912977e-03
1.932657175599e-05 -9.361498180461e-03 3.289120690347e-03
1.353524916206e-03 7.112724341587e-05 -5.911740555799e-07
1.299750614355e-05 2.171589152272e-03 -2.066197583319e-03
-6.303215515614e-03 1.089931256687e-03 4.163670770590e-03
-2.558381174958e-03 -1.961633215119e-03 3.252939600780e-03
8.101593963635e-03 6.012283468065e-03 -3.804025337069e-03
-2.582761667404e-02 -5.423104423708e-03 4.090100314410e-02
3.573673229609e-04 -1.269374405039e-04 1.406666781934e-04
Mode 44
-1.960873058978e-01 6.549265046837e-02 -1.631676255985e-01
-9.672514625428e-02 1.267727494049e-02 1.416110461420e-03
-1.281005587609e-02 4.309865340932e-03 -7.112508468908e-02
1.897461134061e-01 2.163481007631e-02 -1.680848064562e-01
-8.743833946922e-02 -1.430898102601e-02 1.842007147953e-01
-6.481993901919e-03 4.279624923516e-03 -1.104790191054e-02
-9.339121925816e-03 3.795746125957e-03 -3.964822967324e-03
1.760714394482e-02 -1.060667231142e-02 -1.549538016134e-02
-1.155086589898e-01 -1.025889817792e-02 1.442145854475e-03
1.025543996709e-01 2.197600541020e-02 -1.373119846826e-01
-1.930390716233e-02 -1.042204306535e-02 1.018064724172e-01
-8.931845254543e-04 -7.259207301818e-04 -5.247707420304e-03
3.602887553279e-02 -1.064570567226e-03 1.040367639048e-02
-1.440565609909e-03 6.612938218899e-03 -9.484875697001e-03
1.234649712179e-03 -1.120453256463e-03 1.119758534986e-04
1.985453395902e-01 -2.334379609166e-01 1.890411148058e-01
4.837255583671e-01 2.277077470626e-01 2.357713089048e-01
2.131539249029e-01 -2.966537759347e-01 3.038311976029e-01
-8.918765784366e-02 -2.904095411412e-03 1.629109727430e-01
-7.579299192411e-02 -2.049541531040e-02 1.232335778497e-01
3.147682716104e-04 2.766961231838e-04 -3.946470746469e-05
Mode 45
-4.513553787678e-02 -1.607434375021e-01 -8.465958466502e-02
-1.890478629826e-02 -4.402016939913e-02 -1.343648330824e-02
-1.248109555720e-02 -1.646566053659e-03 -1.606476465661e-02
5.266190305088e-02 8.451583926445e-03 -4.771848787907e-02
-2.446486427386e-02 -2.251146406657e-03 4.999208038275e-02
-2.637701784542e-03 1.439858379191e-03 -5.489787266669e-03
-1.081615520232e-03 4.086260662257e-04 3.497197205882e-04
3.901943574415e-03 -2.277750154195e-03 -3.326409863318e-03
-3.266310626173e-02 -3.890218573333e-03 3.586759859611e-03
2.570098416094e-02 6.684276827054e-03 -3.839665345158e-02
2.167815002426e-03 -1.379073749575e-03 2.917407331018e-02
-4.504102030655e-04 -1.909721033924e-04 -1.971110295721e-03
1.130291440821e-02 -1.466418336067e-03 2.623783017918e-03
-4.250650046814e-04 2.556707366488e-03 -3.025227222355e-03
2.065485829149e-04 -2.062703533152e-04 2.191389249239e-05
8.200415882830e-03 6.495708670829e-01 9.357486025371e-02
-3.299972563996e-01 1.297047970982e-01 3.335711091123e-01
5.227205497963e-01 -3.807167362248e-02 -4.651741228221e-02
-2.371181611179e-02 -2.599210222682e-02 4.401279413522e-02
-2.196435495110e-02 -7.062263404615e-03 3.412844143256e-02
5.241781506064e-05 3.806127466917e-05 1.542069420123e-05
Mode 46
1.262536342088e-01 3.023397812775e-02 -9.238921866058e-02
1.202090105358e-01 1.975620984358e-02 -8.602094494337e-02
-6.331934704530e-02 -1.235378202363e-02 8.711763031288e-02
-9.459920444665e-02 -1.011734920517e-02 8.212043734158e-02
3.186986636620e-02 6.972405510223e-03 -1.203081150732e-01
1.564971202814e-03 -1.082794467532e-03 2.965309226006e-03
8.726829782097e-03 -4.599047089092e-03 6.524468399386e-03
-1.097201298296e-02 6.724349894375e-03 9.650921343256e-03
6.020326871801e-02 6.476001986960e-04 4.315583512089e-02
-5.983157063875e-02 -8.550274958689e-03 4.940447859563e-02
4.917597762238e-02 7.354181007239e-03 -5.181399125445e-02
-8.913059868921e-04 -1.373173354120e-04 2.802509172567e-03
-1.319165146740e-02 -5.556410472144e-03 -6.258674218927e-03
2.263775807176e-03 3.080390577067e-03 -4.558780214998e-05
-1.816408111524e-03 9.652884792299e-04 4.811556401487e-05
-3.404294309774e-01 -4.094352267735e-02 -4.084142235382e-01
-1.307361257153e-01 2.332795976261e-01 4.341655197901e-01
-2.057021397732e-01 -3.401227394642e-01 4.144433808965e-01
5.742073678604e-02 9.346316866365e-03 -1.019047459529e-01
2.707121551041e-02 8.760067844775e-03 -5.606988418947e-02
-2.045825543705e-04 -3.002078205325e-05 3.510303502724e-06
Mode 47
-8.279106749769e-02 -4.425700423561e-04 -2.818293580084e-02
-2.419350485560e-01 -1.528906097024e-02 2.409617065908e-02
4.828892633422e-01 3.771190778454e-02 -7.016142738471e-02
-1.526731072720e-01 -2.215631920928e-02 1.953047997295e-01
-9.979652619656e-02 -1.161233382618e-04 -9.844975084390e-02
4.252523839158e-03 1.888256252559e-02 2.148636866553e-02
1.023040174383e-02 -7.920830940536e-03 8.826047297297e-03
7.946043632792e-03 -8.704267353592e-03 -8.791795692852e-03
2.526033339748e-01 5.074484529023e-02 -2.143769171568e-01
-2.005915696614e-01 -5.230846376399e-02 3.806096134435e-01
-1.058111737017e-01 1.073574005439e-02 -2.218578939885e-01
8.381220073536e-03 3.085010767602e-03 1.032936385996e-02
-5.717955809916e-02 1.474879577555e-02 -4.110205046369e-03
-9.109313367513e-03 -3.160295992097e-02 3.276764555664e-02
-1.226468390634e-03 1.264553707466e-03 -1.862420474830e-03
1.105422095849e-01 -1.048488347171e-02 1.362345742751e-01
1.676173899491e-01 7.005170457589e-02 7.360198273336e-02
1.710062472857e-01 -7.347618852450e-02 5.923486120345e-02
1.309783375469e-01 1.588297692265e-02 -1.919452880811e-01
1.672731459384e-01 4.045379656111e-02 -2.295467330787e-01
-1.440335326742e-04 -1.351085975388e-03 6.948599406824e-04
Mode 48
-7.245592615371e-03 -3.392674125785e-03 1.799801764791e-02
4.197119055693e-02 8.978823864876e-03 -7.325807761838e-02
1.236188617592e-01 -3.044338823151e-02 4.950342224718e-01
-5.218175071639e-02 1.766106739611e-02 -3.319559147301e-01
3.839487907682e-01 7.106497067233e-03 2.134616199397e-01
5.512568352094e-02 -6.331956480038e-02 3.478524242603e-02
-7.083603118943e-02 4.257365554084e-02 -5.758611665932e-02
-1.754860916322e-02 1.801332355263e-02 1.830258990216e-02
-3.208454909779e-01 1.675013701724e-02 -3.812154109781e-01
4.908749187230e-02 -1.884606725886e-02 2.297362675438e-01
-1.930844276462e-01 1.246184132380e-03 -1.726013792573e-01
4.434067698655e-03 2.308094479381e-03 -2.393083112279e-03
5.187847456539e-02 6.466898405773e-03 2.499113764085e-02
-1.403267804301e-02 -5.756951322355e-03 -1.941481103121e-03
4.931956753675e-03 -2.329039714878e-03 -2.174196542120e-03
-3.990573217179e-02 2.018460755329e-03 -3.294256485388e-02
-1.070131807453e-02 -3.207798944212e-03 3.888230018004e-03
-1.278639618165e-02 2.219592392697e-03 2.880232507314e-03
-1.372792932528e-01 -8.878844805505e-03 6.129583097043e-02
6.986287640165e-02 8.509252886132e-03 -6.698690438711e-03
-6.632653205637e-04 -4.442165593537e-04 -3.632708749593e-04
Mode 49
-3.093991712322e-02 4.806499545627e-04 -1.273496909960e-02
-5.010181295748e-02 -4.623973208268e-03 1.289957342014e-02
2.468676906537e-01 3.223849438221e-02 -1.634478505238e-01
-3.494133138272e-01 -4.707287563060e-02 3.380670243836e-01
4.313942431224e-01 3.134426705326e-02 -1.055493608623e-01
1.705370331666e-01 -1.212134991531e-01 -4.497615063827e-02
-7.148722209550e-02 4.481860381922e-02 -4.954976295691e-02
-1.160780062412e-01 7.316295282911e-02 8.585822689253e-02
-2.232459898791e-01 -4.116271294579e-02 1.377630995071e-01
2.571746699294e-01 4.184090635666e-02 -3.085639284726e-01
-3.059824569820e-01 -2.718665428593e-02 1.019641633856e-01
3.561960770373e-03 5.123576147461e-04 5.817220409979e-03
1.366523201220e-02 3.766089931389e-03 -7.108811530923e-03
7.458590549427e-03 1.057611817021e-02 -1.282881491909e-02
2.364659956671e-03 -1.147630953844e-03 2.157469338537e-03
1.724872497505e-02 -1.351785683651e-03 2.747062184202e-02
3.861495324018e-02 2.301105990147e-02 2.254453823587e-02
4.316338318943e-02 -2.480819392688e-02 1.786158978749e-02
6.420224334577e-02 5.789863515147e-03 -1.431365534300e-01
-6.251345558369e-02 -1.953344804208e-02 1.215070810668e-01
7.404113781324e-04 -9.220500823390e-05 -9.515630914912e-05
Mode 50
-9.998247693551e-03 4.693890563642e-05 -1.696404149019e-03
-3.304051120968e-03 1.838742358682e-05 -5.966643754844e-03
6.905620299970e-02 6.738980253881e-03 1.253695048056e-02
-1.113312014959e-01 -1.185807657050e-02 4.301660783807e-02
2.089911796959e-01 4.606752753422e-03 -1.180710044026e-02
-6.975949299193e-01 3.580182929057e-01 7.777105741944e-03
2.985619368052e-01 -1.531982462051e-01 1.590046334810e-01
3.072485719802e-01 -1.734610367092e-01 -1.674559656028e-01
-1.043761794758e-01 -1.441485125170e-02 1.834675340413e-02
6.542572260894e-02 9.191759963964e-03 -5.704712906486e-02
-7.875447219637e-02 -5.843584497498e-03 9.139130026934e-03
1.123588446885e-03 1.513808157713e-04 1.218363873425e-03
1.981151906706e-02 2.496999256225e-02 -1.583432111923e-02
-5.219222595593e-03 -1.924260296171e-02 1.056287504865e-02
2.298865431274e-04 3.196402788666e-04 -1.350318616707e-04
1.223996647427e-03 -6.404791108564e-04 4.691225980457e-03
7.809375735258e-03 4.137466061830e-03 2.422245700637e-03
8.192120016651e-03 -4.150511150911e-03 1.972425659342e-03
5.227063922611e-03 -1.059156392786e-03 -5.095143351685e-02
-1.382448429087e-02 -3.485907449956e-03 3.428297237105e-02
1.090188158219e-04 -3.507709631245e-05 -4.088030121399e-05
Mode 51
1.816989188334e-03 2.744832674401e-05 1.013588480343e-03
-6.339045966810e-03 -6.054314879111e-04 2.215832062169e-03
1.010973065361e-02 1.569070430815e-03 -8.099022021976e-03
-1.317878735172e-02 -1.868489535335e-03 7.632486024352e-03
1.223609029277e-02 -3.493698526973e-03 6.330273821989e-03
-2.888092675810e-02 1.529038645803e-02 1.225953908749e-02
7.603075572649e-03 -4.493961550401e-03 6.160318084642e-04
1.864884771766e-02 -6.936195253855e-03 -1.072696852154e-02
4.411487208136e-02 2.347458888935e-02 -4.633038136612e-02
1.679516225601e-02 4.620626121033e-03 -6.424945524570e-03
-1.465848069215e-02 -2.797278836959e-03 2.912829557147e-03
1.833028691174e-04 2.874680051307e-05 -1.339777474300e-04
-2.031088504697e-01 -5.213655787679e-01 5.363796816470e-01
1.104349122635e-01 4.384668340089e-01 -4.321894432361e-01
1.484094392509e-02 -5.338684928263e-03 1.389943103647e-03
6.319227012016e-04 7.258449891071e-06 1.168201113335e-04
-1.036950693529e-04 -9.764339652558e-04 -6.506330466714e-04
4.372855713305e-06 9.792748947235e-04 -4.584693983187e-04
-2.776409017467e-03 -1.442237439371e-03 3.788221179953e-04
5.610314856216e-03 1.573047303270e-03 -1.623102008811e-03
-6.505557942779e-06 4.834435889603e-06 -1.938882455544e-05
Mode 52
-9.147451305545e-02 -8.717725083833e-07 -1.392169616823e-01
-1.167942155066e-02 3.112287519333e-05 -2.423687661926e-03
7.890950468555e-03 7.105954104388e-04 -4.290878209191e-03
2.286326672300e-03 -4.523510683306e-05 3.032240761637e-03
9.869857994708e-04 -5.163655952603e-05 5.388842612928e-04
-4.875334673133e-04 1.339396658260e-04 -3.729606720215e-04
2.602168920242e-04 -6.924705282946e-05 2.199164743330e-04
1.479396324269e-04 -5.412634779615e-05 8.605911314891e-05
-9.137453594173e-04 1.470781311264e-06 8.447509284136e-05
1.300967893209e-04 2.196748748868e-04 -3.155349266712e-04
-1.841581714730e-03 -1.854328314230e-04 -1.279493398983e-05
9.383482732247e-05 -6.121422234915e-05 2.160611718570e-04
7.573494574620e-04 1.497392648858e-04 -4.083393919538e-04
-1.952524709621e-04 -1.887050370735e-04 3.184313626980e-04
-1.015921388065e-04 2.359296544872e-05 -2.473872372860e-05
2.433415944918e-01 3.004620396828e-02 -2.349858472215e-01
6.444456676439e-02 -5.510736752849e-01 2.986043413578e-01
3.334194046545e-02 5.195167219630e-01 4.341662138447e-01
-1.095103026497e-02 -2.014006067557e-04 -6.294462178062e-03
5.583225265184e-04 1.789908105554e-06 5.358679884898e-04
2.849125662097e-05 -1.562738748378e-05 4.154515436464e-05
Mode 53
-1.805222124704e-02 3.118486041597e-01 3.233146405749e-02
2.181281380554e-04 -1.443891194625e-03 -1.818246814913e-04
3.257981247452e-06 -1.285385839660e-03 -4.770522833247e-05
-3.656096477653e-04 -2.849775191100e-04 -2.407883047602e-04
1.642909303274e-06 3.322607192528e-04 -4.282537345276e-05
-5.514811959412e-05 1.476015416921e-05 1.254286148492e-05
2.556089673061e-05 -3.432550545686e-05 2.637047131137e-05
4.511592796305e-05 -2.597499510355e-05 -1.601415396729e-05
-7.069560292527e-05 4.275809044033e-05 6.365469435514e-05
3.461252723273e-05 8.516591220300e-05 -7.706119962476e-05
-9.290271843384e-05 3.584193997408e-04 1.658988811975e-04
-6.431201666651e-06 -3.058746367733e-05 -8.522165165493e-05
6.488995463335e-05 -1.416632911746e-05 -7.620807887577e-05
-2.077670672026e-05 -3.736328399754e-05 5.360707372239e-05
3.769162270396e-06 4.015229114798e-07 4.069546352123e-06
2.481437626754e-02 2.000431922995e-02 -2.258306312814e-02
6.282795617891e-02 -5.945455984305e-01 3.406955963789e-01
-2.599019595708e-02 -4.916936030048e-01 -4.288395664041e-01
1.060191851569e-03 -7.532770564045e-04 6.276555481109e-04
1.549826593132e-04 -6.775008778122e-05 7.968604388140e-05
2.992227376324e-06 -8.462994203855e-06 1.535791511807e-05
Mode 54
1.775164313166e-01 3.875476045126e-02 -2.484925676930e-01
3.736419441748e-04 1.427219286860e-05 1.654714760512e-03
-3.395764868707e-03 -3.393587324071e-04 -5.098839207605e-04
4.120183648372e-03 6.824930123247e-05 2.750651965023e-03
-1.324470038201e-04 -6.486119821992e-06 2.543499953173e-04
-1.099541721000e-04 6.597994566574e-05 7.319296907530e-05
5.396420442534e-05 -1.039631189470e-05 -3.778853176768e-06
7.321044932192e-05 -5.390519723570e-05 -7.018276696395e-05
3.621814817722e-05 -2.127382216104e-06 4.748971678036e-06
-1.002617278147e-04 3.754982266868e-06 -7.885613382818e-05
-6.941742741447e-06 6.227560104335e-06 1.254055946845e-04
4.858590133612e-05 6.948601185357e-06 3.377855869487e-05
-7.898406224293e-05 6.621730261147e-06 2.657581607699e-05
2.485872198215e-05 1.024083976265e-05 -8.742552351362e-06
2.558527595545e-05 -1.133062371627e-05 4.935399133084e-06
-6.425816890651e-01 -8.274579341147e-02 6.227108414337e-01
2.713573260745e-02 -2.109624715030e-01 1.049396613798e-01
1.334162868078e-02 1.613753976872e-01 1.220762617889e-01
-1.488811944957e-02 -3.544428480536e-04 -8.506575150673e-03
5.420081646034e-04 -7.068812945853e-06 3.630657837648e-04
1.956502331518e-05 -1.328739845043e-05 1.708150228489e-05
Mode 55
1.357616213246e-04 -9.825650101840e-05 2.070945842385e-04
-2.565937280621e-04 -5.558478662487e-05 7.356334859804e-05
1.244941348655e-03 7.704210443312e-05 8.720340057056e-05
-6.348327095896e-03 -2.168664372815e-04 -3.550292826366e-03
2.246900644991e-03 8.563409158565e-05 8.070061569505e-04
3.960526256230e-05 8.945077438173e-05 1.945567280319e-04
-3.573708596261e-05 -1.647639775540e-05 -7.023961632064e-05
-4.579564727937e-05 1.377967598688e-05 -1.911895965607e-05
-1.098046741332e-03 -1.199642536389e-03 1.027086653141e-02
-2.419871524365e-01 1.004792238464e-03 -1.590178336297e-01
9.761818871862e-03 1.049444113912e-03 -5.058947515550e-03
-2.037302873273e-04 6.653438534276e-05 1.219924554727e-04
-1.458930132652e-03 -1.115748690166e-04 -1.159040119634e-03
5.049916480315e-04 4.526888156790e-04 -1.837027418163e-04
-4.601207227144e-04 -1.184720272116e-05 8.350237215937e-04
3.535292046456e-05 -7.356133276607e-06 1.012698665665e-05
-6.856412103563e-05 3.485430558379e-04 -1.879527381004e-04
-8.894185387223e-05 -1.117030871560e-04 -9.301769263548e-05
2.143875292278e-02 4.385629622455e-04 1.504681577123e-02
8.012312373663e-01 -4.434140044620e-03 5.226676487575e-01
2.290989960513e-06 -3.443409862074e-05 1.409184359979e-05
Mode 56
-1.122032758880e-03 -1.812278713665e-04 5.165923042755e-03
1.263773308299e-03 3.189663477841e-05 1.254583889498e-03
-5.738260431401e-04 5.399373178686e-04 -1.227877532637e-02
2.356975387244e-01 4.251295433687e-03 1.664501096106e-01
-8.346728771568e-03 -1.164135417997e-03 5.457478973106e-03
3.116226407656e-03 -5.288053633474e-04 1.491483366619e-03
-1.965383379289e-03 3.027956581618e-04 7.680355410043e-04
-2.370140081201e-04 -1.430364207674e-04 -5.342091622632e-04
-1.570750039086e-03 5.355303510114e-05 -1.184481049302e-03
-7.600679174382e-03 -6.791315417775e-05 -4.111824511800e-03
-3.578018110757e-04 4.977500309784e-05 -8.596350053051e-04
-3.262528949050e-06 2.345576113354e-05 1.881911197098e-05
-1.239619612378e-05 -2.145979634064e-05 -6.293185463041e-05
1.735199174159e-05 -2.370472549146e-05 6.153442057612e-05
-8.071193677763e-06 -1.678433030905e-06 3.625138294572e-05
7.210997475756e-03 1.222106352240e-03 -9.737864518920e-03
3.037215801071e-04 1.019787836791e-02 -6.082715263975e-03
1.014413551475e-03 -1.000048227869e-02 -9.238041150672e-03
-7.837912696765e-01 -1.190397078559e-02 -5.483900170036e-01
2.159899018889e-02 -1.710260632034e-04 1.409437117862e-02
4.072610674035e-06 -7.385741921100e-06 8.177958272298e-06
--
Dipole derivatives 
Mode 0
4.486790883917e-03 -2.407624862381e-02 3.736698812201e-04
Mode 1
-2.546026750762e-02 4.154176825417e-04 -5.751094003920e-03
Mode 2
1.082632201986e-02 2.272257079831e-02 7.059115766077e-03
Mode 3
-1.034858835722e-02 -1.924189541689e-02 -9.012633194455e-03
Mode 4
2.143272304048e-02 8.687946767271e-04 -1.418527809351e-03
Mode 5
-2.427661498508e-02 -5.885798954417e-03 -7.919167879057e-03
Mode 6
4.763308176053e-02 4.292330269935e-02 -9.935646781317e-03
Mode 7
-2.692821138100e-03 2.649124433281e-02 2.927025502329e-02
Mode 8
3.393650424872e-02 -2.994086794345e-02 -1.652745835194e-02
Mode 9
2.364836182396e-02 3.454896125975e-02 -8.246242834118e-03
Mode 10
1.510852366370e-02 -1.337914950562e-02 6.058216402644e-04
Mode 11
3.444065292513e-02 2.422804836577e-02 -1.880775855071e-02
Mode 12
2.696739684411e-02 -2.368937834559e-02 -1.252392239596e-02
Mode 13
-2.136140362269e-02 9.211292547381e-03 5.572576988975e-03
Mode 14
1.650489510092e-03 -6.329865589923e-03 -6.737325490515e-02
Mode 15
3.343573620518e-02 -1.624149458651e-02 -1.559205053347e-02
Mode 16
3.395564799595e-03 3.529644782273e-03 -9.838629436610e-03
Mode 17
-1.046160251274e-02 -3.108327828055e-02 -1.012297450199e-03
Mode 18
9.346781092200e-03 2.084058724066e-02 4.454044166891e-02
Mode 19
4.773271723205e-02 5.797871927463e-02 -8.833028781101e-02
Mode 20
-2.136086145239e-02 4.729498592625e-02 -3.754805099649e-02
Mode 21
-6.410912965529e-02 -9.638354533201e-03 9.199175859564e-02
Mode 22
1.087638605281e-01 3.180490843528e-02 -4.922258967175e-02
Mode 23
-5.344701512141e-02 2.530665110571e-02 1.074103307737e-01
Mode 24
9.098571479780e-02 1.457228183153e-02 -6.817276425575e-02
Mode 25
8.720269543416e-02 4.537524205454e-02 -4.500624687409e-02
Mode 26
-6.863034160417e-02 4.274876740581e-02 5.235879551826e-02
Mode 27
-2.542476036873e-01 -5.416770206591e-02 1.067223745316e-01
Mode 28
4.135759868868e-02 -1.393439835068e-01 5.855678697943e-02
Mode 29
-1.762306616677e-02 4.837486393094e-02 -2.747216507222e-01
Mode 30
-2.748088219738e-01 -7.643667501432e-02 1.736844515375e-01
Mode 31
-2.221802487041e-01 7.718753403031e-02 1.295873964680e-01
Mode 32
-1.239848469234e-02 -6.943145279162e-02 1.761834810081e-03
Mode 33
3.852160509097e-02 6.684217826568e-02 -1.635292670536e-01
Mode 34
1.237573798158e-01 2.838293507276e-02 -3.432261651434e-01
Mode 35
3.392702619085e-02 4.440499765353e-02 -1.403713526208e-01
Mode 36
-8.604868552549e-03 -2.912210219237e-02 -1.251503728627e-03
Mode 37
-5.476776435943e-02 1.307593828424e-02 1.157190809656e-02
Mode 38
3.341844174299e-01 -4.742718926366e-02 -9.481555366038e-02
Mode 39
-6.216851301340e-02 4.166177635413e-02 6.155057465619e-02
Mode 40
-3.669057218976e-01 1.973602272427e-02 2.645305108089e-01
Mode 41
-1.123408874068e-01 -2.361238181751e-02 1.740432645376e-01
Mode 42
1.883306924726e-01 -3.867542636680e-02 -1.412110303908e-01
Mode 43
-4.049925022624e-01 2.116354735318e-01 -4.030597758945e-01
Mode 44
-7.637041346188e-02 1.994429559811e-02 7.147625014066e-02
Mode 45
-8.775219801071e-02 -7.435455880288e-02 3.077824533342e-02
Mode 46
-1.325065721168e-01 3.161183780512e-02 1.064988837432e-01
Mode 47
2.024446946326e-01 -2.765577132788e-02 -1.367455170311e-01
Mode 48
7.117275107995e-02 4.032228116416e-03 -2.335504120004e-02
Mode 49
3.216925608804e-01 4.390093906162e-02 -3.503922926914e-01
Mode 50
-2.387769277506e-01 -2.269538118527e-01 2.085740573513e-01
Mode 51
-2.200946019716e-01 4.910892511908e-01 -1.514819860682e-01
Mode 52
-6.457685538003e-02 -1.262571083728e-02 1.993682703428e-01
Mode 53
-6.022381988822e-02 -1.169985814809e-01 -1.312022754994e-02
Mode 54
8.120704536531e-02 -1.845599282014e-02 -2.254787398403e-02
Mode 55
1.338009283134e-02 -1.828421213527e-04 -4.933352086764e-02
Mode 56
2.497627708936e-02 -1.377756835233e-02 5.576401558085e-02
--
Polarizability derivatives 
Mode 0
3.937947043369e-01 -7.632368073862e-01 2.609762792798e-01
-7.632368073862e-01 -1.425501108755e-01 3.032230417896e-01
2.609762792798e-01 3.032230417896e-01 -1.741127265807e-02
Mode 1
-5.735385647960e-01 6.725478628975e-01 2.982015329388e-01
6.725478628975e-01 5.531117444084e-01 -1.318306930834e-01
2.982015329388e-01 -1.318306930834e-01 -4.618470817911e-02
Mode 2
-9.670866870276e-02 5.094521429124e-01 -1.146759440955e-01
5.094521429124e-01 -7.774506770626e-01 6.674624963580e-01
-1.146759440955e-01 6.674624963580e-01 1.489618729277e-01
Mode 3
-1.032983691936e+00 5.105102748633e-01 -1.302830104626e-02
5.105102748633e-01 -5.644031358431e-01 8.178267927408e-01
-1.302830104626e-02 8.178267927408e-01 -2.373728705554e-01
Mode 4
3.186296753146e-01 -6.439707337599e-01 1.341937744242e-02
-6.439707337599e-01 -8.596077344531e-01 -2.130370974127e-01
1.341937744242e-02 -2.130370974127e-01 1.149237826872e+00
Mode 5
-1.863659716793e-01 9.489446009084e-01 -2.142639309751e-01
9.489446009084e-01 -9.092731388807e-01 2.395349143911e-01
-2.142639309751e-01 2.395349143911e-01 -4.313329816442e-01
Mode 6
-1.071025339483e+00 8.381113934730e-02 4.291786655704e-01
8.381113934730e-02 5.973143969629e-02 1.140886621919e-01
4.291786655704e-01 1.140886621919e-01 -1.660271140281e-01
Mode 7
5.853214194400e-01 -3.946036005325e-01 1.752248371286e-01
-3.946036005325e-01 4.871584135745e-01 5.922586466686e-01
1.752248371286e-01 5.922586466686e-01 -1.816867763093e-01
Mode 8
1.270974639131e+00 -9.438053521020e-01 2.717334634928e-01
-9.438053521020e-01 8.275513324875e-01 -1.389603192122e-01
2.717334634928e-01 -1.389603192122e-01 -2.212832287102e-01
Mode 9
1.004620563834e+00 -4.657938956097e-01 -1.903202277969e-01
-4.657938956097e-01 3.471552560591e-01 -1.379681738723e+00
-1.903202277969e-01 -1.379681738723e+00 5.566494902355e-01
Mode 10
-6.956271312568e-01 2.267262800660e-01 -2.316275657244e-01
2.267262800660e-01 -1.509537248833e+00 -9.448664320873e-02
-2.316275657244e-01 -9.448664320873e-02 2.854301849768e-01
Mode 11
3.761053715576e-01 -3.730700476130e-01 -5.117705096918e-01
-3.730700476130e-01 -8.194397638225e-02 -1.220858218557e-01
-5.117705096918e-01 -1.220858218557e-01 5.569885959827e-01
Mode 12
1.914373589598e-01 7.205619064304e-01 -1.002312100069e-01
7.205619064304e-01 -5.655541753778e-01 3.708459748565e-01
-1.002312100069e-01 3.708459748565e-01 8.447234957283e-01
Mode 13
2.249491107421e-01 -7.428431475714e-01 -6.516723527831e-01
-7.428431475714e-01 2.205867730626e-01 4.807437929168e-02
-6.516723527831e-01 4.807437929168e-02 -1.245932599050e+00
Mode 14
6.141566588926e-01 -1.411843389448e+00 2.541418620592e-01
-1.411843389448e+00 1.910677847151e+00 -1.949772009335e-01
2.541418620592e-01 -1.949772009335e-01 8.760328420090e-01
Mode 15
-1.343173178021e+00 1.842002691194e+00 -1.717479456930e+00
1.842002691194e+00 -2.371288296648e+00 1.258454569737e+00
-1.717479456930e+00 1.258454569737e+00 -3.257588508059e-01
Mode 16
-2.026049278029e+00 1.046524870049e+00 2.825989670354e-01
1.046524870049e+00 -1.289875695915e+00 -6.203165786854e-01
2.825989670354e-01 -6.203165786854e-01 -2.661118247825e-01
Mode 17
-2.431751693081e-01 8.047393411448e-01 2.435029795530e-01
8.047393411448e-01 -1.632494564661e+00 6.479673119667e-01
2.435029795530e-01 6.479673119667e-01 -1.148506996348e+00
Mode 18
1.001728337142e+00 -8.766427861839e-01 1.291082196664e+00
-8.766427861839e-01 6.128317188207e-01 -4.271297251163e-01
1.291082196664e+00 -4.271297251163e-01 -2.740714600205e-01
Mode 19
4.907162739076e-01 1.028786626245e+00 -1.219038880456e+00
1.028786626245e+00 -1.092601441038e-01 -2.705720766969e-01
-1.219038880456e+00 -2.705720766969e-01 1.672960227339e+00
Mode 20
2.617792930090e+00 -1.128301405578e+00 -5.197328821575e-01
-1.128301405578e+00 1.502102057485e+00 -6.494523150344e-01
-5.197328821575e-01 -6.494523150344e-01 -4.373276134560e-01
Mode 21
1.149536986444e+00 -2.245792959255e+00 1.310076088132e+00
-2.245792959255e+00 2.252570736768e+00 -1.151996297839e+00
1.310076088132e+00 -1.151996297839e+00 5.037793287834e-01
Mode 22
1.773701434891e+00 -1.299907263165e+00 3.144279157604e-02
-1.299907263165e+00 1.632547925835e+00 -1.207443040285e+00
3.144279157604e-02 -1.207443040285e+00 1.696443136456e+00
Mode 23
-1.426102497178e+00 1.433550663094e+00 1.917129394368e-01
1.433550663094e+00 -1.280485252312e+00 2.583174684798e-01
1.917129394368e-01 2.583174684798e-01 -6.512713175657e-01
Mode 24
3.443836621038e-01 -5.293827243655e-01 -6.075282862196e-01
-5.293827243655e-01 8.076068026774e-01 3.928081283655e-02
-6.075282862196e-01 3.928081283655e-02 2.339417452150e+00
Mode 25
2.179321308838e+00 -3.790084387756e-01 -1.069711942151e-01
-3.790084387756e-01 7.647098423736e-02 -3.384226753599e-01
-1.069711942151e-01 -3.384226753599e-01 1.417827163758e+00
Mode 26
-8.305023168838e-01 1.865366370817e+00 -1.193179440815e+00
1.865366370817e+00 -1.548142129726e+00 1.034736647417e+00
-1.193179440815e+00 1.034736647417e+00 8.232658720282e-01
Mode 27
-2.669016947851e+00 1.512242907599e+00 -1.008859018302e-01
1.512242907599e+00 -1.604931800314e+00 9.267290177011e-01
-1.008859018302e-01 9.267290177011e-01 -5.056031670000e-02
Mode 28
6.192993951228e-03 -7.915976963495e-01 -1.406331811414e-01
-7.915976963495e-01 9.456343654208e-01 -3.503522568830e-01
-1.406331811414e-01 -3.503522568830e-01 -1.157808479494e-01
Mode 29
3.127525780763e+00 -1.203032774361e+00 -3.622952146682e-01
-1.203032774361e+00 1.133085064510e+00 -1.029814264815e+00
-3.622952146682e-01 -1.029814264815e+00 2.528286004545e+00
Mode 30
2.564517740492e-01 -1.221424581503e+00 1.533887777018e+00
-1.221424581503e+00 1.947957301499e+00 -6.469861371547e-01
1.533887777018e+00 -6.469861371547e-01 1.122300257775e+00
Mode 31
9.767549358021e-01 -1.296058059990e+00 1.199949881976e+00
-1.296058059990e+00 2.773896515682e+00 -1.925493649587e+00
1.199949881976e+00 -1.925493649587e+00 3.895554212379e-01
Mode 32
-5.621123373712e-02 4.750062824047e-01 -3.982757036428e-01
4.750062824047e-01 -4.917900625050e-01 -3.795638215950e-01
-3.982757036428e-01 -3.795638215950e-01 -2.571703902438e-01
Mode 33
-5.300978455734e+00 5.776311951045e+00 -4.791871020984e+00
5.776311951045e+00 -5.203349292122e+00 4.155157445760e+00
-4.791871020984e+00 4.155157445760e+00 -3.638224786275e+00
Mode 34
-5.911500469881e+00 5.034712572436e+00 -4.438026203319e+00
5.034712572436e+00 -4.451948475913e+00 3.236178104718e+00
-4.438026203319e+00 3.236178104718e+00 -2.334976946820e+00
Mode 35
3.161512580830e+00 -3.455297369056e+00 -4.586680301689e-01
-3.455297369056e+00 4.458128343769e+00 -1.286845155176e+00
-4.586680301689e-01 -1.286845155176e+00 2.073875835299e-01
Mode 36
-9.384900578900e-02 -5.126046453235e-02 4.019628848383e-01
-5.126046453235e-02 -3.655961372652e-01 1.107543860828e+00
4.019628848383e-01 1.107543860828e+00 3.333738759757e-01
Mode 37
1.118133478063e-01 -4.526683141189e-01 1.948762003888e+00
-4.526683141189e-01 7.554209494016e-01 -1.047690553956e+00
1.948762003888e+00 -1.047690553956e+00 1.190411180487e+00
Mode 38
6.586647806944e+00 -3.712073636567e+00 -1.131062529006e+00
-3.712073636567e+00 2.413432598199e+00 -5.344337282897e-01
-1.131062529006e+00 -5.344337282897e-01 2.976259294709e+00
Mode 39
1.711307510059e+00 -1.271072421881e+00 1.749291855911e+00
-1.271072421881e+00 9.277498845812e-01 -1.211609595654e+00
1.749291855911e+00 -1.211609595654e+00 6.610827727782e-01
Mode 40
-1.163974876002e+01 8.528563096444e+00 -3.338872708108e+00
8.528563096444e+00 -6.928548363489e+00 2.637943003334e+00
-3.338872708108e+00 2.637943003334e+00 -3.880607011466e+00
Mode 41
-6.584577665920e-01 5.149724885728e-01 -2.533201698730e+00
5.149724885728e-01 -1.571969390784e+00 2.844900575780e+00
-2.533201698730e+00 2.844900575780e+00 -2.445411233187e+00
Mode 42
1.407023940196e+00 -5.122562494317e-01 3.310665535996e-01
-5.122562494317e-01 4.086193742921e-01 1.524904801745e-01
3.310665535996e-01 1.524904801745e-01 1.279148795183e+00
Mode 43
-1.068385824212e+01 4.598173666226e+00 -8.854167377678e+00
4.598173666226e+00 -2.386949991016e+00 6.055862507173e+00
-8.854167377678e+00 6.055862507173e+00 -8.782286051014e+00
Mode 44
3.443497258626e-01 1.696711411069e+00 -1.012399844545e+00
1.696711411069e+00 -3.241915414325e+00 9.637151402375e-02
-1.012399844545e+00 9.637151402375e-02 2.421321878411e+00
Mode 45
-1.712898702860e+00 -1.845257740864e+00 5.448399880470e-01
-1.845257740864e+00 -2.978894393512e-01 2.178330803774e+00
5.448399880470e-01 2.178330803774e+00 1.851634785444e+00
Mode 46
-1.797461836246e+00 2.280237869896e-01 1.703254718214e+00
2.280237869896e-01 -9.490659255947e-01 -1.298392443833e+00
1.703254718214e+00 -1.298392443833e+00 -2.011965915768e-02
Mode 47
3.521166562686e+00 -5.830970886422e+00 4.970570735247e+00
-5.830970886422e+00 7.265820926403e+00 -5.092309386727e+00
4.970570735247e+00 -5.092309386727e+00 3.387328592853e+00
Mode 48
1.078035548568e+01 -9.092347113061e+00 9.341867228107e+00
-9.092347113061e+00 7.424785431264e+00 -7.087976234932e+00
9.341867228107e+00 -7.087976234932e+00 6.689746088409e+00
Mode 49
-1.038879959207e+00 3.617281596662e+00 -9.833774085264e+00
3.617281596662e+00 -2.836772094515e+00 5.359417390659e+00
-9.833774085264e+00 5.359417390659e+00 -1.234324911675e+00
Mode 50
-1.084129712905e+00 -2.377741615680e-01 -2.715695847897e+00
-2.377741615680e-01 6.764458243377e-01 1.558683671170e-01
-2.715695847897e+00 1.558683671170e-01 1.771229190485e+00
Mode 51
-6.001390285926e+00 3.770521735908e+00 2.692912718614e+00
3.770521735908e+00 -3.182780932583e+00 -1.600969434726e+00
2.692912718614e+00 -1.600969434726e+00 -4.882124946103e-01
Mode 52
4.164979307417e+00 2.100358469053e+00 -1.742935737889e+00
2.100358469053e+00 4.970552178971e+00 5.451824643130e-01
-1.742935737889e+00 5.451824643130e-01 6.701569707499e+00
Mode 53
4.707371401186e-01 3.746537920577e-01 -2.230133679553e+00
3.746537920577e-01 2.660869752627e+00 -5.106639960885e+00
-2.230133679553e+00 -5.106639960885e+00 -1.386465402159e+00
Mode 54
-7.585845146621e+00 2.497395821181e+00 2.788965793718e+00
2.497395821181e+00 1.764790370159e+00 -8.287018047656e-01
2.788965793718e+00 -8.287018047656e-01 4.854793127444e-01
Mode 55
-7.648197153010e-01 -2.410007806621e-01 1.683151992641e+00
-2.410007806621e-01 1.327444373237e-01 -6.646265984006e-01
1.683151992641e+00 -6.646265984006e-01 -5.743698106730e+00
Mode 56
-1.299125968671e+00 8.045260439350e-02 6.732083988556e-01
8.045260439350e-02 -4.396529488721e-01 9.491109931898e-01
6.732083988556e-01 9.491109931898e-01 -7.688122891934e+00
--
