Number of atoms 
22
--
Anisotropy 
113.735
--
Frequencies 
34.146288530236
37.158413837869
42.979837336869
64.988226220671
88.182334992635
105.145744745943
123.715317684689
132.993167767707
170.734790231012
188.077155290473
214.779927831084
232.186460208033
301.469937579111
307.718867572167
347.920624062722
362.264890878848
383.384179941443
433.030757462269
477.482178328921
520.347871096788
554.986082963951
568.093140438875
639.859536074991
661.191998240139
714.763489846045
782.077333695414
806.522726539225
853.898828443325
870.985987331778
984.813258973160
994.971154548882
1020.249770131322
1049.623433070140
1090.537749230177
1163.131246567451
1170.458745295323
1195.643836832236
1211.247091945751
1263.530265164707
1295.285855153008
1336.536426589738
1394.587615413935
1403.086873401159
1447.138394607062
1456.706354579155
1459.810836312930
1463.101567126449
1479.708109878360
1500.427670966914
1610.802330280969
1632.358415912452
1881.019958123038
3010.540092023906
3039.416838936864
3098.573636516725
3109.427039797823
3139.445915637923
3149.794990618250
3186.693601501860
3225.097447896587
--
Displacements 
Mode 0
1.006919011573e-01 4.406109475339e-02 -1.739691427376e-01
1.123143331704e-01 1.285969969497e-02 -8.870427877384e-02
6.341480872146e-02 -3.706290459086e-02 -2.743326249820e-02
1.052623203652e-02 -1.009945521224e-01 -2.022772865761e-02
-1.524949508526e-02 -1.291931413516e-01 -6.213418906756e-02
-1.772164370577e-02 -1.264508532707e-01 2.579238422203e-02
1.092993483715e-02 -9.616113797709e-02 6.763448498518e-02
4.972466953872e-02 -5.765979119892e-02 6.779413382802e-02
9.000728792895e-02 -1.867578730238e-02 2.166972153614e-02
3.830389631946e-01 9.529763926083e-02 3.467855034787e-02
6.966862131648e-02 -7.674540392121e-02 1.117344159224e-01
1.437047912024e-01 -3.387429705857e-01 3.625954754048e-01
-8.588511376183e-02 4.755122508338e-01 -2.480318882892e-01
3.896561379944e-02 2.499287828287e-02 -6.326345162815e-02
3.836900727867e-02 1.922305535918e-02 -4.689311608121e-02
1.071221655049e-02 1.003412852925e-03 -6.369418474461e-02
-1.669336669570e-02 -5.118118163466e-02 -1.429167565911e-02
7.683927280251e-04 -3.132821423595e-02 -1.257115352801e-02
-2.856937306300e-03 -3.592952389296e-02 -3.635187663148e-02
-1.807980862827e-02 -4.788863754731e-02 8.627197547651e-03
-2.061374672041e-03 -3.007213565560e-02 2.863019202039e-02
-2.839564524425e-01 1.274871532914e-02 2.409849398886e-02
Mode 1
1.324936120117e-01 -1.232006402338e-01 -8.906251094065e-02
1.047545650008e-01 -1.064550543854e-01 -1.456850888105e-01
7.476019941442e-02 -3.738307672381e-02 -9.262660063548e-02
2.555938206618e-02 -8.923293946839e-02 -8.873591610929e-02
-4.917309582892e-03 -1.971544914522e-01 -1.132364927372e-01
8.352651139487e-03 -4.317870303569e-02 -6.031615706784e-02
3.513588373758e-02 4.949836444874e-02 -3.428257287923e-02
8.835634672993e-02 9.996837297784e-02 -3.979087017323e-02
1.027158091265e-01 5.482250428481e-02 -6.650538770595e-02
2.314986195181e-01 8.504684195819e-02 -1.068063546062e-01
1.124385124232e-01 1.885210125101e-01 -2.683845597600e-02
1.568922909594e-01 4.251579045497e-01 -1.969898571157e-01
1.990497615785e-01 -1.023938087446e-02 4.035963208095e-01
4.125090613291e-02 -4.872582374301e-02 -3.809166376076e-02
4.827931285567e-02 -4.127191482135e-02 -1.315545865055e-02
3.496539812659e-02 -2.671056874254e-02 -1.962117894379e-02
-1.175790853655e-02 -5.330279274182e-02 -3.253691932118e-02
-1.969860397788e-02 -7.051603410159e-02 -3.703597953243e-02
2.040217840429e-02 -7.371950306772e-02 -3.426649284588e-02
-8.049720676626e-03 -2.436404330964e-02 -1.617489262723e-02
4.884893443928e-03 2.233821827959e-02 -2.328881305056e-03
-4.014881022853e-01 -7.412074318080e-02 1.353565004926e-01
Mode 2
-1.753347262010e-01 3.875652735524e-01 -1.608908450735e-01
6.537710575874e-03 3.031117950529e-01 -5.171061446576e-02
-5.201302046215e-03 4.596595104469e-02 -4.728005880922e-02
1.260903427128e-02 -1.548936157780e-01 -1.859885346872e-02
3.066297813473e-02 -1.670291113672e-01 2.398938036562e-02
1.599001780347e-02 -3.312191062616e-01 -2.305957882924e-02
4.036609714143e-03 -2.744218853165e-01 -6.110400682218e-02
-1.423901936521e-02 -8.925034358294e-02 -9.078927303234e-02
-2.359062148898e-02 2.311826458964e-02 -7.452841473992e-02
-1.036827713264e-01 2.590207823992e-02 -1.239469387385e-01
-1.299532024473e-02 2.815686129372e-02 -1.406550330443e-01
2.265893975869e-02 1.529132455209e-01 -2.540273018174e-01
-1.004126600266e-01 6.952278864444e-02 -1.296729838474e-01
-4.689766069958e-02 1.656326359134e-01 -2.687778305626e-02
-7.871495991158e-02 1.125013352812e-01 -7.145267845840e-02
-6.687291303102e-02 9.081316758790e-02 -6.690154462159e-02
1.353973073575e-02 -1.031414559459e-01 1.650339127155e-02
2.675785445523e-02 -1.438463111366e-02 4.900822194917e-02
-9.660859315220e-03 -2.799369366135e-02 -3.480156312395e-02
8.199415053144e-03 -1.426915483967e-01 1.739785418647e-04
3.057964803971e-03 -1.074713318588e-01 -2.008145733949e-02
1.280165474993e-01 -3.645439636437e-02 3.490952546252e-01
Mode 3
-9.980968908194e-02 2.271735305939e-01 1.018529370910e-01
5.903107844049e-02 1.896557646100e-01 8.564407600277e-02
3.352074070623e-02 4.231248647095e-02 9.011342773697e-02
3.270217355428e-02 5.737030111327e-02 8.744485711093e-02
4.996523350979e-02 2.081800360940e-01 6.845914029265e-02
2.175178140637e-02 -4.306093330356e-02 1.039970758172e-01
1.570388915592e-02 -8.394127251839e-02 1.095652100838e-01
2.198081088543e-02 -5.784601715308e-02 1.050770239967e-01
2.545124319199e-02 -5.949251302114e-02 9.787877994293e-02
1.252505087460e-02 -1.838351792248e-01 1.573024375237e-01
4.295122653915e-02 1.042208293077e-01 8.279819129068e-02
1.366723070758e-01 2.655138297475e-01 2.430128263358e-03
-1.061940373486e-01 3.508796549989e-01 2.988148670593e-01
-1.187355926479e-02 9.807549017509e-02 1.269265459387e-02
-3.923859593997e-02 3.104183285819e-02 4.524832575114e-02
-6.805150544281e-02 8.456904446034e-02 3.514293084973e-02
1.584147674986e-02 4.420440021155e-02 2.265277007792e-02
5.205322495372e-02 8.696223753619e-02 2.699351068660e-02
-2.012135832660e-02 8.913396641999e-02 5.514629274083e-03
5.850867823749e-03 -1.545379760440e-02 3.054444164554e-02
3.720451369673e-03 -3.031500263899e-02 3.286283680392e-02
-4.724513204421e-02 -3.287323449759e-01 -4.386293242623e-01
Mode 4
-1.110339439983e-01 -1.069627095030e-01 4.830003042457e-01
1.015383320412e-01 3.297766062254e-02 -2.245850770513e-01
2.599657688135e-02 3.299213325003e-02 -7.559021229864e-02
-1.612974984201e-02 -2.148411582169e-02 -7.792197253502e-02
-1.728218813007e-02 6.955874771784e-02 -1.094086703601e-01
-3.527571149185e-02 -1.505933928697e-01 -4.174915142902e-02
-2.949629332770e-02 -1.792905651329e-01 -1.904702487566e-02
6.875810637891e-03 -7.217474973978e-02 -3.531143421170e-02
2.992522286562e-02 2.022956345376e-02 -5.843495243579e-02
1.784060383511e-02 3.841138015313e-02 -9.750764291458e-02
2.254657157040e-02 -4.347717892486e-02 -1.570438413104e-02
7.129112173121e-02 -5.303913768028e-02 -1.594312135957e-03
-6.052578446726e-02 3.486774725553e-02 7.911239065914e-04
9.847652426254e-02 -5.001231355843e-02 -1.255681573355e-01
5.917884070874e-02 -2.908995725386e-01 4.062020585131e-01
-2.859603108656e-01 2.080517796905e-01 2.674809333226e-01
2.281373844063e-03 1.439560876327e-01 -5.510306467296e-02
-4.048352064410e-02 -5.341588497629e-02 -1.241329550381e-01
2.357428585797e-02 -1.982093045967e-02 8.336701520765e-02
-1.584218150779e-02 -5.849963264917e-02 -1.014059881210e-02
-1.338896554629e-02 -7.527483469934e-02 2.690630749343e-03
1.195472414693e-02 1.009330706766e-01 5.928860405899e-02
Mode 5
1.703278849788e-01 -2.454465401753e-01 -4.535082530442e-02
-2.482336010994e-02 -1.969395529547e-01 1.766310077506e-02
2.889394774946e-03 -7.433303179098e-02 -1.609655300669e-02
2.288843871658e-02 4.946338466569e-02 -3.544541218057e-02
6.821186266976e-02 4.706069978279e-01 -1.005053625759e-01
9.484785629769e-03 -1.497747354112e-01 -1.493811090180e-02
-7.894209032875e-03 -3.117524406826e-01 1.196909037225e-03
-7.943350496796e-03 -2.037763405372e-01 -1.434448227081e-02
-3.431112033496e-03 -1.032208834345e-01 -1.553071621049e-02
2.503287447194e-02 4.288968147203e-02 -1.701855766952e-02
1.208190218405e-03 -5.507629090582e-02 -6.197294990014e-02
7.666862496261e-02 7.627148762945e-02 -1.678921781367e-01
-1.734544143900e-01 6.118763047668e-02 2.790880114903e-03
2.950903566332e-03 -1.142720376691e-01 5.557859840329e-02
3.990757501494e-02 9.015759620601e-04 -7.315160912890e-02
1.471520675976e-01 -1.185815377157e-01 -2.748575783486e-02
9.968238846925e-03 -2.714438971871e-02 1.769223979468e-03
1.844278807988e-01 2.940622410325e-01 7.394215011591e-02
-1.252699287062e-01 2.726711639412e-01 -1.857917975787e-01
4.648911204268e-03 -4.268869070746e-02 -4.384358872421e-03
-4.825884459324e-03 -1.278775535541e-01 4.898990950763e-03
-3.342251603569e-02 1.353704153255e-01 1.343373589986e-01
Mode 6
5.625057859015e-04 -1.733133459265e-02 2.334388189921e-02
7.692877434748e-04 -9.900724544842e-03 5.589900071313e-04
1.299910455425e-02 9.067566935829e-03 -2.051149487299e-02
2.078504575428e-02 6.174472034348e-02 -2.686898039967e-02
2.723042493614e-02 1.071148052070e-01 -3.055168756317e-02
1.298011051579e-02 -4.680594345558e-02 -1.481520615991e-02
-9.534517039645e-04 -1.596107935459e-01 -1.801906591681e-03
8.040247787183e-04 -1.123982867718e-01 -9.504012456576e-03
7.980393345551e-03 -3.158903110878e-02 -1.637141382609e-02
2.082080757421e-02 1.242896176477e-02 -2.425120159338e-02
1.158602025892e-02 -4.482124380851e-02 -1.497722010876e-02
7.554922620817e-02 7.012064503920e-03 -4.814679511985e-02
-1.092221659978e-01 4.866243972549e-02 5.502121109760e-02
-1.382844718597e-01 -3.106919104878e-02 2.642204326049e-01
-1.262289602553e-01 1.279932390578e-01 -2.029096281784e-01
2.614480035085e-01 -1.140024658278e-01 -1.875270974299e-02
4.643243315135e-02 4.736985824390e-01 -9.348875054714e-02
-1.907615860555e-01 -2.659787162722e-01 -3.228387679782e-01
1.701247175506e-01 -1.578137461901e-01 3.960840536156e-01
5.294157989640e-03 -7.503209144795e-03 -5.072543741466e-03
-1.908412156919e-03 -6.731669116439e-02 2.184849295706e-03
-9.179440310886e-03 3.622855102383e-02 2.641773618144e-02
Mode 7
1.355028114896e-01 1.310653061099e-02 -4.258854455780e-01
-1.502016231294e-02 -1.023049095377e-01 7.844786314038e-02
-2.868726548362e-02 -1.125120203387e-01 8.286485613087e-02
7.580818632150e-03 2.810758922335e-02 6.710627575694e-02
3.224265561999e-02 1.317325216433e-01 8.183286599084e-02
2.647266626530e-02 6.167545596624e-02 4.335591557148e-02
1.727245090934e-02 -2.467990078596e-02 4.867523393506e-02
-1.030135765039e-02 -9.066886456222e-02 5.750563243838e-02
-2.374354253559e-02 -1.124216771656e-01 8.236008240008e-02
9.256283528805e-03 -2.025945959153e-02 1.458034081235e-01
-3.578836456687e-02 -1.495593772843e-03 -3.618077771544e-02
-7.873411471964e-02 1.248340410192e-01 -1.620760219465e-01
-3.919565674303e-02 -2.524772322522e-02 -1.069074996313e-01
2.270364365588e-01 6.529486626540e-02 -4.589971249094e-01
2.308366412256e-01 -8.427300341994e-02 1.139142703276e-01
-3.098338033417e-01 6.220054862372e-02 -1.571397587045e-01
3.441698681663e-02 2.411841537370e-01 -1.579312044308e-02
-6.713919352269e-02 -8.773846635000e-02 -1.180980491168e-01
6.732101873670e-02 -3.571780634066e-02 2.105998418265e-01
1.319208550778e-02 4.839509205206e-02 8.443731691981e-03
7.513499861575e-03 7.548017347438e-04 1.015810600884e-02
-4.798040630475e-03 2.380085497301e-02 3.883728195338e-02
Mode 8
1.122510090529e-01 -1.551413458448e-02 1.319983290152e-01
5.897325928769e-02 9.393483521783e-02 -7.339618579706e-02
-5.884151883665e-03 1.074638439082e-01 3.236052775831e-02
-1.114982398834e-01 1.843675357935e-02 3.743682040522e-02
-1.828878952212e-01 -9.219031904777e-04 -9.013512280825e-02
-1.602339542914e-01 -8.696269898322e-02 1.311417705490e-01
-1.025093097884e-01 -5.977076359871e-02 2.066309970111e-01
-3.168844587164e-02 2.717842562571e-02 1.971077968264e-01
2.751762805096e-02 7.692152187196e-02 1.231223844961e-01
3.787636888157e-01 8.108540538502e-02 2.114804219770e-01
-1.100464923082e-01 8.061479561654e-02 1.379431936148e-02
-3.847248323887e-01 2.551950668408e-01 -2.017047737488e-01
1.025114803463e-01 -1.124184963482e-01 -3.766660257312e-01
-1.099459709398e-02 -5.194783152301e-02 9.906945604880e-02
7.985425887207e-03 1.129388623720e-02 4.030226708207e-03
1.189849855461e-01 -9.934061093531e-04 6.049764226254e-02
-8.706552471147e-02 4.686915416059e-03 -2.371966509947e-02
-4.492583626129e-02 -6.758744979649e-03 -4.604480563275e-02
-4.318589575535e-02 -5.720575061723e-03 -4.150653674251e-02
-7.057102319224e-02 -5.121354938770e-02 4.100354057170e-02
-3.769931293179e-02 -3.046068699380e-02 7.513349646250e-02
4.846638892013e-02 -1.118065336498e-01 -5.353009883918e-02
Mode 9
-4.560395551834e-01 7.904771867957e-02 -3.232885354657e-02
7.504167975105e-02 -1.856044659007e-01 -8.990752502318e-02
1.125524936255e-02 -3.434815551563e-01 -2.720970223606e-03
-3.974728534459e-02 -1.612848223577e-01 -3.809741096613e-02
-7.833137395656e-02 1.084441690241e-01 -2.222630256515e-01
-4.959662093367e-02 5.306971576848e-02 -1.366637639076e-02
2.030578784590e-03 1.050270236633e-01 4.565895077933e-02
6.876217168748e-02 -7.189327054954e-02 7.425718024224e-02
5.369343148714e-02 -2.721817285594e-01 7.310372732326e-02
-4.265910919328e-03 -1.521477557187e-01 1.567392744838e-01
8.941992125453e-02 1.906126852656e-02 3.450649070583e-02
6.398566245497e-02 7.495931217353e-02 -1.700521901274e-02
3.166363198428e-01 1.285682427768e-02 -1.377332127521e-01
-1.451961312551e-01 1.356042392663e-01 7.343878107654e-02
-2.388253890958e-01 -2.006269679006e-02 -7.627638481004e-02
-1.355547276514e-01 1.459359478883e-02 -1.663479925438e-02
-5.679718395645e-02 6.085846557049e-02 -6.657905142335e-02
4.573376742370e-02 4.574094460419e-02 -1.138424294120e-01
-6.648407829646e-02 6.602149874262e-02 -6.714140754961e-02
-2.484491560627e-02 7.585610390065e-02 -1.299373214840e-02
-3.140445415287e-03 9.221779408214e-02 1.935948264550e-02
-2.822563002111e-02 1.732450519314e-01 6.412653320566e-02
Mode 10
2.663623716692e-01 -2.452008446065e-02 -9.238451427618e-02
1.058838779741e-01 6.905374042705e-02 -9.416282271012e-02
4.437079718734e-02 1.031355192241e-01 5.670467302049e-03
-5.028770612180e-02 -1.357676396061e-02 5.502232106168e-03
-1.143480702756e-01 6.606266102919e-02 -1.525825811727e-01
-8.692304537021e-02 -2.364167367288e-01 6.834100713732e-02
-4.643048702759e-02 -1.154690411555e-01 7.840416883169e-02
4.974418762199e-02 1.176475198209e-01 4.292533695820e-02
4.262199389869e-02 1.070537592740e-01 2.548025330266e-02
-6.018189703512e-01 -1.457623528464e-01 3.942163154925e-02
8.544534550920e-02 8.891248715114e-02 9.520084170912e-02
2.252196908408e-02 -1.417134038226e-02 1.890070336990e-01
4.281978377153e-01 6.751644585778e-02 -6.536279491785e-02
7.262648631889e-02 -4.670848504106e-02 -3.789871762517e-02
1.038419104648e-01 1.686009234524e-02 -1.769783467517e-02
9.616673004612e-02 -1.037028251416e-02 -2.526318855643e-02
-6.849849006362e-02 6.717938950385e-02 -4.956399031512e-02
-1.797440530263e-02 -4.191395124551e-03 -1.014871603608e-01
-2.823234230737e-02 1.233825872016e-02 -2.752149686203e-02
-3.732299586163e-02 -1.277159052078e-01 2.802963878966e-02
-2.010620253319e-02 -5.959469896522e-02 3.587519348126e-02
-2.876822401315e-02 2.613136142247e-03 -2.027956439486e-02
Mode 11
2.213696614066e-01 5.537670534473e-02 4.564055686359e-02
2.520399839751e-01 1.321105835948e-01 -1.549771933723e-01
1.296018254831e-01 6.142501297266e-02 -4.640451846233e-04
4.631824315343e-02 1.337737961392e-01 -3.859249079269e-02
-8.260159020495e-02 -2.380687260466e-01 -1.830808637607e-01
3.866954063616e-02 3.008754544588e-01 -1.359193524138e-02
3.597214502450e-02 4.011897309244e-02 5.010665158321e-02
6.386696069747e-02 -2.994085050442e-01 8.938732807926e-02
9.451581996465e-02 -1.969442071094e-01 7.640446197528e-02
-2.035317345528e-01 -2.559665913881e-01 1.718901316065e-01
2.298589931930e-02 -1.859417482606e-01 -1.330302828482e-02
7.490238298263e-02 2.311718315891e-02 -2.117252907877e-01
-2.895196419955e-01 4.717117387153e-03 -1.437860720773e-02
4.328909212892e-02 -1.277838673568e-02 3.946540264045e-02
4.725014061588e-02 5.515515881239e-03 6.431741780035e-03
1.050453597940e-01 3.595439521986e-02 3.741116518152e-02
-9.051279827492e-02 -1.486149570941e-01 -3.215715971463e-02
-5.692360600340e-02 -6.641577938864e-02 -1.289004149543e-02
3.962814514576e-02 -1.021254364611e-01 -1.545903496949e-01
7.752547233188e-03 1.448612192175e-01 -1.233380387677e-02
5.359280909173e-03 2.833434333947e-02 2.156583928713e-02
-3.725792569511e-02 1.463053473105e-01 4.587716357598e-02
Mode 12
5.659709184235e-02 7.448184362400e-02 2.194849438431e-02
2.337934828155e-01 -4.775733306650e-02 1.123184729127e-01
1.950129445773e-01 -1.657753208738e-01 4.946381604737e-02
1.964085863853e-01 -2.486886534950e-01 4.980396857733e-02
1.068809306990e-01 5.162602649285e-02 -3.141644438198e-01
1.447002780299e-01 -1.384421865635e-01 1.240234430827e-01
1.381502873770e-01 1.895711264437e-01 3.384468882267e-02
3.924094452263e-02 2.315318411063e-01 1.534181724573e-02
1.136356954757e-01 3.448435879570e-02 -3.600945381327e-02
-1.007112053706e-01 8.431954938807e-02 -1.192506957950e-01
-1.189778266211e-01 7.672324160498e-02 8.323044409938e-03
-3.868535150369e-01 -5.651588049223e-02 5.273606008524e-02
-3.584898266534e-01 -3.983304694177e-02 9.890266478874e-02
2.473277387549e-02 6.727756174520e-02 1.353717511194e-02
-4.954381757146e-03 1.338685210592e-02 -6.875400142132e-03
-7.329533046002e-03 9.019789185054e-03 -8.315243625612e-03
-4.863753024162e-02 8.933490520774e-02 -9.724422062782e-02
1.207753514396e-01 7.768623647963e-03 -2.009671717340e-01
-9.262377294465e-03 4.591932088807e-02 -8.901265273653e-02
3.331568061538e-02 -5.185147477029e-02 3.720035236551e-02
5.479051706662e-02 8.783016291603e-02 -1.577099325606e-02
8.405307672584e-03 -3.273639584657e-02 -2.672902065608e-03
Mode 13
-4.338264884849e-02 4.783228122677e-02 8.541263043369e-02
-2.448617987776e-01 -2.479141028287e-02 5.498392311080e-01
1.894452855834e-02 4.046307099104e-02 8.758255858513e-02
4.681924259952e-02 1.279918255549e-01 5.683717000599e-02
-2.119802547598e-01 -8.623887956867e-02 -4.046015191408e-01
3.245358576895e-02 1.100411835642e-01 6.220310562845e-02
-8.783608978037e-03 -1.316221387677e-01 -5.574285102237e-03
-3.996286639608e-03 -1.052260586840e-01 -2.148254965330e-02
-3.028555237636e-02 5.849821021059e-02 -3.399134414988e-02
5.593207952942e-03 2.638482798268e-01 -8.205234830511e-02
6.083219810663e-02 -5.596254143395e-02 -2.086749240788e-02
2.018058457840e-01 -1.171975936118e-03 -4.079544354842e-02
1.003480099341e-01 1.940492356460e-02 -2.284887835938e-02
3.065364310172e-02 3.463861297717e-02 -4.906129770200e-02
5.191458900184e-02 5.477175602984e-02 5.438252017870e-02
-8.756573134157e-02 -3.216946650487e-02 -2.668630543885e-02
-2.109600571140e-01 -2.682373406141e-02 -1.025770269616e-01
-5.570278255205e-02 -6.107977728126e-02 -1.863051623736e-01
1.055578741458e-02 -6.494498378926e-02 -2.145131038226e-01
2.790323035952e-02 4.249412304758e-02 1.748199122359e-02
1.142799777925e-03 -7.679927964135e-02 -5.778056278388e-03
1.873633491443e-02 -9.921313180601e-02 -1.767190480147e-02
Mode 14
1.204628960518e-01 3.563072388478e-02 7.159513387332e-02
-2.045102149760e-01 1.433998819958e-01 2.492144337149e-01
-4.609116902385e-02 6.431727159971e-02 -8.683364721599e-03
-1.708462499099e-03 -6.102718179161e-02 6.320000563200e-03
-3.801511460462e-02 1.714864944559e-02 -9.790727913121e-02
-4.662176338273e-03 -1.771943917162e-01 -9.198227068292e-03
-1.011799959166e-02 1.008571079972e-01 -1.084897906248e-01
-5.357361475804e-02 1.109676651458e-01 -1.041658175921e-01
-8.499887662340e-02 -1.010035261043e-01 -5.015253772830e-02
2.987705813391e-01 -7.153857623092e-01 -7.206609462980e-02
-2.845209094926e-02 7.394249669278e-02 -5.742378356658e-02
2.056987154816e-02 -9.738507865500e-03 3.347553669752e-02
9.710529564579e-03 -3.632715609887e-02 1.477455351384e-04
4.382773395905e-02 -4.563833178755e-02 -2.484177021014e-02
1.013466418318e-01 5.582955001401e-02 4.996613589353e-02
3.680701241436e-02 -7.364251643617e-03 8.123518797192e-03
-3.557172182292e-02 3.922232792089e-02 -3.234135754494e-02
8.337486203997e-03 -8.146481337483e-03 -7.125366855601e-02
-1.524891389450e-02 6.763720632879e-03 -1.966548772085e-02
8.164596577069e-03 -1.018789442194e-01 4.913487934104e-03
6.197275230739e-03 6.037212940823e-02 -4.692124530003e-02
-4.673046156297e-02 2.497931749101e-01 4.624938120454e-02
Mode 15
-2.108210801595e-01 -7.481178219854e-02 -8.269586539732e-02
-3.653174496999e-02 -2.088014531814e-01 2.949212064198e-02
7.608116214402e-02 1.152103041764e-01 -1.120878057800e-01
1.876273979639e-01 3.387333445703e-01 -1.271508923772e-01
1.904134102024e-01 -9.801337277600e-02 -4.292164890348e-02
8.036473504880e-02 1.118491557278e-01 3.062134077556e-02
5.001851462685e-02 -3.059500572455e-01 1.604499876488e-01
-4.321808092392e-03 -1.482129981181e-02 1.261047113936e-01
9.022673281564e-02 1.151827713111e-01 -6.509235118484e-02
1.505391008284e-02 -2.658734021275e-01 -1.999180938478e-01
-7.850005765583e-02 1.485347731924e-02 1.518003231703e-01
-3.904008808022e-01 4.831532085741e-02 7.862969204261e-02
1.048394649368e-01 1.123349348711e-01 6.233257193199e-02
-4.114975983040e-02 5.116753661172e-02 -2.616887154518e-02
-8.718248207010e-02 -4.101128818744e-02 -3.332238190437e-02
-1.143603046235e-01 -3.148578456417e-02 -4.373043003039e-02
5.495644206778e-02 -1.045905359651e-01 1.303883566841e-03
-3.916929704176e-02 -4.370815903775e-02 6.273720014551e-02
1.391020514213e-01 -8.490613692738e-02 -6.504049939415e-02
-1.588943389998e-02 1.463360213518e-03 1.143853603830e-02
1.196407995713e-02 -2.105292931430e-01 5.316919035104e-02
-1.607955966930e-02 8.876446428267e-02 1.667085773780e-02
Mode 16
-1.793451780173e-01 -9.070035430445e-02 -9.751170865981e-02
-3.179197011234e-02 -1.627311830582e-01 -8.915148964387e-02
-3.145795083330e-02 1.673436748957e-01 -1.562016382824e-02
3.833411942295e-02 1.678666156828e-01 -4.208846559059e-02
-1.628595958410e-02 -1.053362461521e-02 -1.134112902777e-01
8.399002439266e-02 -1.259572318783e-01 -7.188187330281e-02
1.288520682348e-01 -3.386478303030e-02 -4.556085586818e-02
1.204960504988e-01 3.050663051263e-01 -9.253691633268e-02
4.457628864730e-02 3.306017482012e-01 1.066390936888e-01
8.884177021139e-03 -9.085742171330e-02 5.552680926145e-01
6.871684570237e-02 7.336908360430e-02 -1.774285693465e-01
2.069085328737e-01 -9.020932885443e-02 -3.752115625574e-02
-2.483935611658e-01 -1.326461705236e-01 -3.509713123116e-02
-4.367898693572e-02 2.559584560771e-02 -1.831966030350e-02
-7.981456946705e-02 -4.475819729295e-02 -3.977779991962e-02
-8.009968285440e-02 -2.624270942121e-02 -3.517964345444e-02
-4.856442443258e-02 -2.010469672739e-02 -2.568619251619e-02
-2.381873165732e-02 -1.630187220359e-02 -3.595813002408e-02
3.431085353237e-02 -2.688305589498e-02 -7.383750864200e-02
2.135460834519e-02 -1.370881553031e-01 -6.130588987640e-03
2.119527354985e-02 -9.194203410153e-02 1.254179553355e-02
1.771072843233e-03 -4.579499904896e-03 -2.131526521685e-02
Mode 17
4.333309755871e-02 -1.402170957721e-02 2.819450333141e-02
-2.164128560437e-01 1.647529231821e-01 -5.144509638170e-02
-1.221021592144e-01 1.021286080352e-02 -1.042431686686e-01
7.331996517149e-02 -4.261210240663e-02 -1.379826111384e-01
1.284915685054e-01 -4.034778672208e-02 -1.424899167495e-01
1.097708360992e-01 -5.566407623138e-02 -1.941315300689e-01
1.119444243103e-01 -1.531426597085e-03 -1.602846868996e-01
-3.903202576277e-02 -1.038407446177e-01 -9.260346341565e-02
-1.227425280139e-01 -1.901799652940e-01 2.181224595574e-02
9.117482309547e-04 1.492423435269e-01 4.174581648438e-01
-1.012959796668e-01 -8.106211590277e-02 -1.069888013322e-01
-3.823799060314e-01 -1.788091626411e-01 -9.596063128903e-02
2.722122980571e-01 2.712812160047e-01 2.580048853820e-01
2.177723959078e-03 -8.343326445015e-02 -1.149001931009e-02
5.843111553457e-02 1.777287010300e-02 3.423095921219e-02
5.068690881395e-02 1.033374495805e-02 2.744646660959e-02
3.102406299831e-02 -8.892597689184e-03 -4.185340238969e-02
3.620572073985e-02 -1.765733201738e-02 -4.977730936949e-02
4.215546245727e-02 -1.489609237208e-02 -4.544800392910e-02
3.049199288483e-02 -7.558365946208e-03 -5.824851934794e-02
4.281209285614e-02 3.611026003070e-02 -6.565791914686e-02
1.438003197078e-02 -3.743250885949e-02 -4.567204979377e-04
Mode 18
3.975782564334e-03 -3.077044335541e-02 1.420818004898e-02
-2.862046892313e-01 1.472857797219e-01 -2.304888135081e-03
-6.810941156935e-02 2.450244955914e-02 -2.074249074543e-01
1.679814330774e-01 -6.149152917871e-02 -2.367543164088e-01
3.476518423512e-01 -5.683888254681e-02 -1.499800717436e-01
1.261215651952e-02 -4.478828714995e-02 -4.037782392519e-02
4.759683363251e-02 6.600377109186e-02 1.196781293982e-01
-7.483348136482e-02 -7.147247869745e-02 1.489441688263e-01
-3.374028339191e-02 -1.558034150140e-01 -8.703902828997e-03
-8.267191494555e-02 1.085692543689e-01 1.168787612665e-01
-1.909537827352e-02 1.534752974299e-01 2.711265800511e-01
2.053384486758e-01 2.948293756290e-01 2.783713923228e-01
-1.461469694765e-01 -2.279442701513e-01 -2.287405506727e-01
-4.192812434708e-03 -8.704415201733e-02 -2.498274932885e-02
5.668608409324e-02 2.106266111505e-02 3.355248279249e-02
3.118139973313e-02 -1.392915595916e-03 1.646451993215e-02
1.464123089989e-01 -1.770428084295e-02 -4.860933739969e-02
8.396084329760e-02 -1.609443848231e-02 -2.281032104039e-02
9.320086301712e-02 -1.468826317760e-02 -1.664935476291e-02
-7.144555033916e-02 -4.841494789860e-03 -1.702500601413e-02
1.852988330592e-02 6.879741287558e-02 2.650129080836e-02
-2.206263089047e-03 -2.623865133181e-02 -3.510401595380e-03
Mode 19
8.160090996915e-02 6.843907233365e-02 2.931201737673e-02
2.257673999861e-01 1.008068801156e-02 -9.625266772607e-02
-1.191306360681e-02 -1.962444345029e-01 1.421642187487e-01
3.727641190790e-02 2.242520779011e-01 1.041770679710e-01
-8.038232066017e-02 -1.286105362783e-02 2.016481199571e-03
1.271864500509e-01 9.312232274005e-02 -2.397073921903e-02
-3.213239820668e-02 -2.823526538967e-01 -2.132636117877e-01
-1.615214178716e-01 1.059009188752e-01 -2.154310409503e-01
-1.768340934657e-01 -3.249953116622e-01 -2.319758351396e-02
5.266559589738e-02 6.186962939355e-02 7.522869208088e-02
-1.160891037443e-01 4.303608435710e-01 -7.872047345796e-02
-1.819376036984e-02 8.060508988283e-02 3.219714053030e-01
-6.954534212550e-03 -1.310576433382e-01 -5.004162874793e-02
1.436447437483e-02 2.954275752893e-02 3.186950369957e-02
-6.584515021397e-03 -6.040787383056e-03 -1.720099346889e-03
3.404925226198e-02 3.360897386374e-02 2.120963558383e-02
-9.069721583215e-02 -5.020888874351e-02 1.565916722344e-02
-7.594299571046e-02 -2.803899627023e-02 1.379827558215e-02
5.766440298993e-02 -5.545662864775e-02 -7.040244034024e-02
1.066755952196e-01 4.567227965699e-02 -6.858966138890e-03
1.550181504482e-02 -1.453863875079e-01 -1.013790377606e-01
7.701251003682e-04 -9.006832955953e-03 1.801141843925e-03
Mode 20
-4.535935666265e-02 -2.018981669156e-02 -8.060731171036e-03
6.071984339502e-02 -1.056152726212e-01 6.366740215303e-02
8.729694605153e-02 1.310833419695e-01 -2.028862687327e-02
1.294711929103e-02 4.731690747323e-01 -5.544360931240e-02
-5.127854531155e-02 3.802842526793e-02 4.110770869576e-02
-8.945517931902e-02 -3.869260649015e-01 7.480702108333e-02
-6.101861106101e-03 3.226988206087e-01 -1.673509751803e-02
6.397281824163e-02 -8.651059563442e-03 1.620624808529e-02
3.476758420345e-02 -4.461423170694e-01 2.306274162793e-02
-2.264609995813e-02 1.489253008223e-01 -8.482917207596e-02
4.730356689256e-02 -4.578253597440e-02 -4.174330192268e-03
-8.675675769699e-03 -3.139441784874e-02 -5.798629794084e-02
-2.245045182356e-02 1.014261964981e-02 1.177189746579e-02
-1.416643405625e-03 4.373778978755e-02 -2.098717311556e-04
-3.485943872237e-02 -1.852080463887e-02 -1.362112429428e-02
-4.589087411289e-02 -1.438587165031e-02 -1.608335817964e-02
-1.401077010482e-02 -5.878481387040e-02 2.489970798377e-02
-1.405993241737e-01 -2.305053035938e-02 8.897329634877e-02
9.800814991965e-02 -7.012585367901e-02 -3.156742055341e-02
-4.822433804054e-02 -3.480263700884e-01 5.499547949889e-02
-5.514435552832e-03 1.643367430520e-01 3.637895992909e-05
4.171239179701e-03 -1.613669390961e-02 7.453679137758e-03
Mode 21
1.063171049744e-01 1.448930128511e-01 1.107155689400e-01
8.775464813563e-02 -4.123357715631e-02 3.772296235487e-01
2.036982942528e-01 -1.831299050676e-01 -1.202991408729e-01
-1.574144096182e-01 -5.516915605024e-03 -2.949967613743e-01
1.812841011917e-02 3.941675372776e-04 5.312600730838e-02
-2.867780788474e-01 6.055196149820e-02 -3.175436268204e-01
-2.160177137326e-01 -1.089045906825e-01 -7.838501620324e-02
1.871725388502e-01 1.308941729581e-01 -6.134188886491e-02
2.523361460337e-01 -4.858768626582e-02 -9.349135997049e-02
-4.060743383396e-02 1.490319621414e-02 1.761630668296e-01
1.587273830953e-01 9.122665211642e-02 5.264590672721e-03
-1.284580093646e-01 -2.963192713185e-02 7.907560095319e-03
-8.261442575492e-02 -2.195532436606e-02 -7.963735625544e-03
5.008707955035e-02 7.497104188633e-02 1.194320745222e-02
4.213127187249e-02 6.307719707681e-02 2.756274267401e-02
-6.325413727832e-03 2.524344973791e-03 -4.207308708248e-03
1.740210322686e-01 -2.461572133844e-02 4.238318200320e-03
-5.308954944532e-02 2.245345964038e-02 1.197647258820e-01
-2.015328395282e-02 6.102229482772e-03 1.095562834046e-01
-1.128302916556e-01 3.128850851140e-02 -9.690940038815e-02
-1.209639973721e-01 -8.709141501094e-02 6.839562985121e-02
4.419128174389e-04 -3.100339109395e-03 2.147148431725e-03
Mode 22
-1.736442336583e-03 -1.121097266203e-02 2.140482995679e-03
-2.525942894291e-01 1.930219731191e-01 -9.531078714579e-02
-1.270196995295e-01 -2.072015237344e-01 -2.332032747947e-02
-2.303358284360e-02 3.618436085281e-02 -4.976479491989e-02
-4.172570005790e-02 4.184895907376e-03 9.006699432745e-03
-2.965306276271e-03 9.163274943044e-02 4.594507501436e-02
1.955361848491e-01 -9.790048164359e-02 3.733894567472e-01
2.110609988445e-01 2.700785464480e-01 1.749957693701e-01
6.282325802904e-02 -2.257498399824e-01 1.999372141356e-01
-2.835794707419e-02 2.581518480771e-02 -2.148983115847e-01
1.126213069806e-01 2.159493043174e-01 -3.628321200903e-01
3.112164613186e-02 -2.309687605733e-01 -9.018961029328e-02
-4.914321944082e-02 -1.121512998314e-02 6.615970975020e-02
-1.800945913460e-02 -1.101232314381e-01 -2.013217653794e-02
5.707287813478e-02 2.491151090028e-02 3.276004184841e-02
5.624474664813e-02 1.363643994129e-02 2.598817781822e-02
-8.399966923522e-03 -1.784840913775e-02 5.876772103571e-03
-4.321153947274e-02 -6.124167410952e-03 2.352553582158e-02
1.194944788617e-02 -1.661406010741e-02 -3.895636950431e-03
-7.651807209827e-02 4.572826971845e-02 9.144361485872e-03
1.634656020611e-02 -1.021776966183e-01 1.769867834480e-01
4.006476143803e-04 -1.551442770860e-03 2.462631686587e-03
Mode 23
4.513545847864e-02 4.487075923806e-02 1.999889289108e-02
1.479879989007e-01 -5.657668377676e-02 2.251295164002e-02
4.172303927154e-02 -6.906411839344e-02 -3.945417950267e-03
1.136088859934e-01 3.408748814597e-02 -6.219281356773e-02
3.580244629945e-01 -4.856236388016e-02 -1.220964804140e-01
-2.413377058230e-01 5.891671980568e-02 3.211705046261e-01
-3.619885448495e-01 3.789764162384e-02 1.271395389684e-01
-2.747580963891e-01 1.147730811722e-01 5.841555984019e-03
-1.284255054430e-01 3.399983275155e-02 -7.341392513954e-02
1.251915112700e-02 -7.574722873154e-03 8.707279762032e-02
-2.590337285953e-01 -2.712475249062e-02 -3.262662889494e-01
2.246572712387e-01 -1.574715936005e-01 -1.309552614900e-01
1.276422406667e-01 4.936008548565e-02 5.237231942683e-02
1.686718603755e-02 4.616692872478e-02 1.603647487207e-02
-1.012489710682e-02 -1.226404260241e-03 -5.457137116028e-03
-2.447075248880e-03 9.585604986087e-03 -1.999644843255e-04
1.445193408134e-01 -3.139384436042e-02 -3.776036003684e-02
7.572922250634e-02 -1.403255273858e-02 -3.570048311404e-03
1.141552036588e-01 -2.334846802473e-02 -2.212517968617e-02
-1.314517822920e-01 7.829743699471e-03 9.103833116460e-02
-8.185493739742e-02 -1.663012128370e-02 1.503064944296e-03
5.329197722886e-04 5.210478776501e-04 -9.883864745834e-04
Mode 24
-3.899153860577e-02 -3.999210462219e-02 -1.662074771527e-02
5.289027071103e-02 -1.118673765867e-01 8.834198848120e-02
1.051483885293e-01 3.515816833498e-01 -6.404578611172e-02
-4.058781085517e-02 -1.075471557889e-01 -3.103344541205e-02
-4.473105509503e-02 -7.213930264724e-03 1.155515550575e-02
-3.416166770358e-02 -5.075294938765e-02 -4.301055586227e-02
4.195330969141e-02 1.025912599257e-02 5.580745278982e-02
-4.902831822980e-03 -4.796269745458e-01 1.080105440464e-01
9.662440786654e-02 7.195825069246e-02 2.947529042039e-02
-1.354132246543e-02 -6.087558921204e-03 -1.159769738103e-02
-6.499483547306e-02 4.954623491820e-01 -3.874923407927e-01
-4.105390353007e-02 -1.246067121526e-01 1.591931115495e-01
1.127399505946e-02 -5.427534562184e-02 4.969959890812e-02
4.062217705625e-03 5.677512759539e-02 -1.816905295920e-04
-3.725450290700e-02 -1.746918349570e-02 -2.340004318374e-02
-5.258953389830e-02 -2.792198879268e-02 -2.631417390718e-02
2.483906778237e-02 1.921108426876e-02 -3.598004844602e-03
1.937440575129e-02 1.703234005774e-02 2.999795679631e-03
-6.155435166098e-02 2.901962214971e-02 4.421962912989e-02
-1.579834905162e-02 1.123934076322e-01 -3.081154871196e-02
2.223663893806e-02 2.646349171017e-01 -4.776371180848e-03
4.579916029203e-04 -7.347681417761e-07 -5.447451349373e-04
Mode 25
-1.132704248660e-01 -1.442734427643e-01 -7.578740987302e-02
-1.285071702439e-01 6.234288419621e-02 -7.326404655280e-02
1.070253073780e-01 3.773476258091e-01 -5.044229453106e-02
6.341230729920e-02 -1.724163746360e-01 1.793246289709e-01
9.535976022376e-02 -5.526231699242e-02 1.330570761599e-02
-5.773315851897e-02 1.686157501809e-01 3.271612249541e-01
-3.073559370701e-01 -8.816420647575e-02 -1.386519368089e-01
1.674826380863e-01 1.108045396201e-01 -1.579649949224e-01
7.981776359531e-02 -3.064935576891e-01 -8.702520132887e-02
8.067810054364e-04 3.634948165084e-02 5.680925930882e-02
3.960597242084e-01 8.378618186715e-02 5.606686515571e-02
-1.334612159541e-01 -5.081560831330e-02 -4.496194108123e-02
-6.863664665333e-02 -1.121782551600e-02 -4.318241373473e-03
-3.355142490968e-02 -5.224312707790e-02 -2.748680418517e-02
-2.146115692818e-02 -3.471952036384e-02 -1.559569076550e-02
-2.600468632653e-02 -3.139145406085e-02 -1.396357986284e-02
-2.374762790664e-02 4.858480890071e-02 -3.184547254836e-03
1.302623956068e-01 -1.585906683572e-03 -8.134157847374e-02
-4.231203795868e-02 3.872948301941e-02 -3.396815038107e-04
5.497925260387e-02 4.742918913338e-02 9.876303068760e-02
-8.664793800292e-02 -7.421654835058e-02 -4.128710823164e-02
3.825486623428e-04 -2.521982836313e-03 2.374472070774e-03
Mode 26
-1.763662602064e-02 -9.771810986648e-03 -1.366309978357e-02
-1.339827136537e-01 1.478901355202e-01 -1.042120211801e-01
-6.778582614947e-02 -4.266074343521e-01 9.793567776367e-02
5.651351712539e-02 2.307722875746e-01 6.204923535229e-02
1.220021293056e-01 6.975555275213e-02 -2.580607104903e-02
-6.697124103992e-02 -1.916332048466e-01 1.896318938482e-01
-1.925509276470e-01 9.430220516404e-03 -1.216762014401e-01
1.072567613040e-01 -2.348468293485e-01 -5.100457799337e-02
7.427769175840e-02 3.370837185996e-01 -3.065677932627e-02
7.048743630371e-03 -4.177078700205e-02 1.755687289347e-02
3.284137630751e-01 1.278836294943e-01 1.764510843353e-02
-1.284352797055e-01 -4.421930193468e-02 -6.132321957286e-03
-5.242094142715e-02 -1.673055446095e-02 2.900149775033e-03
-2.408202789790e-02 -9.985836268318e-02 -1.733558617925e-02
3.936173554923e-02 1.281271090377e-02 2.459455627369e-02
4.847182022634e-02 1.164887953266e-02 1.863383689396e-02
-3.475364278880e-02 -7.517824342790e-02 1.594523936763e-02
-9.059622559437e-02 -3.926123050071e-02 2.492769095066e-02
1.849943376032e-01 -8.141103996242e-02 -1.013589777225e-01
4.969698153599e-02 1.718419533613e-01 2.493693023088e-02
-3.613062983556e-02 2.858314032675e-01 -7.035788998191e-02
-5.590128794993e-04 2.705034991601e-03 -1.846505248305e-03
Mode 27
-4.527206736610e-03 -1.329725182559e-02 -9.985868812834e-04
2.056983089026e-02 -3.459532920301e-02 3.518963913267e-02
6.046286714024e-02 1.585568023982e-01 -8.421802434404e-02
9.007590068743e-03 -5.559655694908e-03 -3.894245862011e-02
-8.296413342363e-02 6.531682058616e-02 9.072536251601e-03
4.368844419105e-03 -2.457904126813e-01 4.363651334162e-02
5.147024693936e-02 -2.962895970426e-01 9.860255773886e-02
-2.222593143126e-02 3.308671537553e-01 -2.277856308083e-02
1.999969447861e-03 -1.359434893423e-01 -5.934548570881e-02
-6.196177142237e-03 1.391965871719e-02 2.563635586858e-02
-1.101158683148e-01 -1.639703575368e-01 5.878803048062e-02
5.941356116914e-02 2.206076830281e-02 -4.787060250842e-02
2.077040742174e-03 1.356552997574e-02 -4.918223632846e-03
6.124528687179e-03 2.641786236979e-02 9.222889551867e-04
-1.243247200674e-02 -5.266645821270e-03 -8.890444254148e-03
-1.914674968474e-02 -1.085439561647e-02 -9.490897293593e-03
-1.093926442884e-03 -5.651408772376e-02 1.533075683912e-02
-1.199451472671e-01 -3.526396767632e-03 6.922381464687e-02
4.631627699629e-02 -3.746242924756e-02 5.291820769871e-03
4.358377860863e-02 5.901282671268e-01 -8.018444658758e-02
8.035504889037e-02 4.537682167748e-01 -8.133114387435e-02
-3.366819441877e-05 -6.288755737921e-04 7.907018798702e-04
Mode 28
-5.058044599342e-02 -4.382809854937e-02 -2.645467503507e-02
-1.483895766154e-01 1.228277377491e-01 -1.326742924966e-02
2.280957378637e-01 -1.928842395808e-01 -2.850637761968e-01
1.157956972373e-01 5.116043006252e-04 -7.258694812231e-02
-3.336826689819e-01 5.310098331614e-02 1.151856939244e-01
1.245421688923e-01 6.001971036822e-02 3.312704571378e-01
8.634877473607e-02 5.594227567263e-02 5.618278980137e-02
-6.926818373837e-02 -5.662827815285e-02 -2.196050455102e-02
2.553591982915e-01 1.444076115069e-02 -4.738707041080e-01
-2.491554579973e-02 -1.353014250332e-03 1.939032086061e-01
-1.949952270254e-01 5.870460872816e-03 -5.753636075767e-02
4.845576162228e-02 8.916948848469e-03 3.098935083586e-02
2.038383848112e-02 2.935208370235e-04 4.676041518257e-03
-2.513749592728e-02 -9.052700581000e-02 -2.777480471120e-02
2.784127571927e-02 4.211200587178e-03 1.870714686017e-02
2.633504095060e-02 -7.507871598935e-04 1.003033611312e-02
-1.824985013588e-02 7.084197008441e-03 3.147078612552e-02
-1.342849402340e-01 3.846879991596e-02 1.135929660575e-01
-1.213914389885e-01 2.123628065017e-02 1.107095870642e-01
3.152218463260e-02 -7.965243756138e-02 1.140478617314e-01
9.425248481271e-02 -8.384387580721e-02 -8.621946207142e-02
-1.443446066147e-03 1.559659535784e-03 1.831366709492e-03
Mode 29
-1.503242921141e-01 -2.141618691546e-01 -8.491675947005e-02
-3.400764702593e-02 2.413622919405e-01 2.509095240389e-02
1.987523173744e-01 -2.078904711962e-03 5.788867346893e-02
-3.677900199588e-02 -1.422267656257e-02 1.220125024597e-01
1.291124030800e-01 7.271815329263e-02 1.684983715869e-01
-7.610118309604e-02 -1.523007562073e-01 -1.843467914764e-01
-1.444842434113e-01 1.468754631306e-01 -1.181111830258e-01
1.239953332191e-01 -6.366435299525e-03 4.688922798215e-02
3.047495521542e-01 -3.853739008851e-02 8.464940497618e-02
-1.054143854426e-02 5.311146343687e-03 -2.672323110898e-02
-4.026467454502e-01 -4.566133634391e-02 -6.688315795083e-02
7.360176507544e-02 5.463675137502e-02 7.015464625727e-02
3.762846008666e-02 4.476982123128e-03 -9.476460860420e-04
-4.609838095009e-02 -1.092136043685e-01 -4.317515890527e-02
1.134866845556e-02 -2.280156733166e-02 8.413985842265e-04
-4.221125830088e-03 -5.194378284371e-02 -1.176682391626e-02
-2.563754633995e-01 -3.227754561909e-03 7.890658689374e-02
4.228884202491e-02 -8.534266998787e-02 -1.457516865598e-01
1.619705431299e-01 -3.877135235812e-02 -1.958209217239e-01
9.079434356344e-02 2.067584652629e-01 -8.956780240245e-02
-1.261025897362e-01 -2.459133140224e-01 9.304026316036e-02
-5.884993042483e-04 -6.785547747722e-04 9.575351406440e-05
Mode 30
-5.619110841120e-02 -6.383865539970e-02 -3.060055059952e-02
-2.534981564097e-02 1.011312100289e-01 1.298608748199e-03
7.626207776099e-02 -8.328406729941e-02 2.003836120534e-02
-8.099423996926e-03 7.410819646338e-02 4.219542628082e-02
5.907658234283e-02 -8.668739538140e-02 1.282190101985e-01
-1.511361900883e-02 2.711938449969e-01 -1.401250542176e-01
-9.362990794073e-02 -3.440560215659e-01 1.410778248202e-02
5.496102022157e-02 9.161442935897e-02 2.412352448500e-02
1.426474549962e-01 1.120418435948e-02 2.206416646008e-02
-6.051397997482e-03 8.253720924023e-04 -8.957038404191e-03
-1.667017900823e-01 -5.931594161554e-02 -1.153907592731e-02
3.747798228310e-02 2.078684058506e-02 1.120963658158e-02
8.400639157038e-03 2.676934084411e-03 -4.239682501557e-04
-2.189572913834e-02 -6.089452568280e-02 -1.962342881182e-02
1.500881022041e-02 -2.203494104306e-03 8.896943156645e-03
1.218834615083e-02 -1.075679282746e-02 2.008251126614e-03
-1.452018594677e-01 9.391426913181e-02 2.939241250030e-02
1.767477719974e-01 -2.602157839293e-02 -1.418874228050e-01
-5.788074665528e-02 5.086286674515e-02 -7.218515353431e-02
-3.200038388638e-02 -4.650956781439e-01 3.426778657296e-02
1.498063070506e-02 5.675447966751e-01 -7.588823928500e-02
-1.600493986175e-04 -7.758289090445e-05 1.304710132212e-04
Mode 31
-1.375382243357e-01 -2.220007528567e-01 -8.713526276557e-02
2.803636151642e-02 2.392065543457e-01 3.640996018994e-02
8.101415978136e-02 6.405846055957e-03 2.197351853937e-01
-5.590308600454e-02 -1.737692145868e-02 -1.658522307191e-03
-8.756223843146e-02 -1.355611359655e-02 -3.531002332625e-01
7.623156639779e-02 4.297617261045e-02 6.277605126902e-02
-8.906897068040e-02 -4.408028678641e-02 -1.367687975907e-01
7.267679218736e-02 9.642838896599e-03 -4.301084198471e-02
1.298848950397e-01 1.551999367800e-02 3.165357611869e-01
2.087421242196e-03 2.501442642573e-03 -8.029141269474e-02
-1.768071645753e-01 -4.562577494492e-02 -4.178970929474e-03
2.095940339798e-02 4.267078174580e-02 4.048433182340e-02
1.508667877929e-02 2.708488248716e-03 -1.519071535302e-03
-4.031634559399e-02 -8.427997366914e-02 -3.345225077083e-02
-5.813039567249e-04 -3.031429873171e-02 -1.059717880443e-02
-1.079437829498e-02 -4.756333757286e-02 -1.080095325927e-02
4.685825552011e-01 -9.192707744820e-02 -1.310994954578e-01
-1.600504381473e-01 1.071390614616e-01 2.511832637616e-01
-6.923854393951e-02 -2.066143148535e-02 2.441422490302e-01
1.603373165109e-01 -7.711626048275e-02 3.776902387754e-02
5.282623477831e-04 3.591061705381e-02 -8.596928725316e-02
8.837084714739e-05 -1.364807444947e-03 -9.893187017345e-04
Mode 32
-6.982525550920e-03 1.980395866862e-02 -2.894902163908e-03
-2.521603371709e-02 9.093860832703e-03 -1.490484178122e-02
-4.582118675501e-03 -8.935884819968e-02 3.064563282594e-02
3.415349804925e-02 4.035177305104e-01 -5.336543233977e-02
-4.093907969416e-02 -4.170735633850e-01 3.130554850152e-02
-4.311878544346e-03 -1.831157920810e-01 3.680042401931e-02
-1.967736599961e-02 4.705300789886e-02 -2.861494311323e-02
2.087254377622e-02 -3.901050909542e-03 -3.904990477775e-03
3.829994055514e-02 8.656301815300e-03 4.096075829190e-02
-1.896905459381e-04 1.238570416102e-03 -1.134047106291e-02
-3.796573738871e-02 -6.693625057302e-03 -3.713227462387e-03
4.680857153327e-03 7.698406665027e-03 8.656305335019e-03
3.242502465335e-03 5.262678179007e-04 -2.764811422592e-04
-7.954810194005e-03 -3.203961420174e-02 -9.425760705821e-03
1.513496939607e-02 1.036242574952e-02 1.064964248297e-02
1.980642161634e-02 1.145414074074e-02 8.002323185005e-03
8.233939729513e-02 2.466376747262e-01 -6.695612068713e-02
4.300116925532e-01 7.360721028341e-02 -1.317119110651e-01
-4.425840638236e-01 1.967670103911e-01 1.433346652463e-01
5.379264647873e-02 2.405014341697e-01 -2.944975267261e-02
-1.254147863918e-02 -5.930723091635e-02 2.431897503143e-03
-9.347683922867e-05 -1.417467176315e-04 4.190600109932e-05
Mode 33
1.725494198475e-01 4.278734162114e-01 1.370383594413e-01
-3.040354117303e-01 -4.212194154591e-01 -1.855191129831e-01
-6.816668856441e-02 2.641980873693e-02 -1.538697246046e-01
6.486009210385e-03 -4.211331085454e-02 -1.408483877919e-02
-4.159897596886e-03 2.955012409942e-02 -1.663791512275e-03
8.491810525534e-02 1.776537826024e-02 1.445708827551e-01
-1.812741825639e-01 -1.457339159502e-02 -1.684407027188e-01
1.980821385720e-01 -1.667776460495e-04 2.139556596618e-02
2.452258760735e-01 -1.156492109680e-02 2.902038083885e-01
-1.389632992626e-02 4.683412982185e-03 -5.073098989919e-02
-2.301934157735e-01 -3.756254784867e-02 -3.180682272538e-02
2.913264920783e-02 4.176246505328e-02 5.138668307870e-02
1.412446716921e-02 1.508193531499e-03 -5.946255059812e-04
3.074434478008e-02 1.408234152075e-02 1.187523608659e-02
4.320725005678e-02 9.421814681823e-02 4.673040366384e-02
5.112822587154e-02 7.782995589787e-02 1.599684652428e-02
-7.168667514257e-03 -1.583245847918e-02 4.172161424281e-03
-3.098305396289e-02 -1.689724624227e-03 1.242978381540e-02
2.600123400404e-02 -1.200065705887e-02 -6.123411639246e-03
2.406949794182e-01 -1.901994714534e-02 5.409668456794e-02
-3.636021444711e-02 -7.665155957367e-03 -8.020939087170e-02
1.332834472541e-04 -1.335178104659e-03 -4.323081942196e-04
Mode 34
-1.924905441932e-01 -6.080656100129e-02 3.328527560633e-01
1.315369636668e-01 3.334465992472e-02 -1.380656975055e-01
1.005711605164e-02 -7.778256973437e-03 -6.761040635726e-02
3.055464094037e-02 -1.061657265733e-02 -8.596126972387e-02
-1.646123613691e-02 7.783608877765e-03 5.395847126168e-02
-3.825665866592e-02 1.260583882903e-02 6.664356976709e-02
3.015937425675e-02 -5.208784154622e-03 -6.278918604240e-02
-2.834596277397e-02 -8.834022502196e-04 -9.840032486078e-03
-6.126228875922e-03 1.524982469395e-02 1.558248535672e-01
-1.697014727587e-03 5.800898477284e-04 -2.029262602118e-02
2.708513755367e-02 -1.866162024579e-03 6.257192763421e-03
-5.475713694343e-03 1.238865400798e-03 -9.257584968429e-04
-3.041307209550e-03 -2.523599437565e-04 7.440949642225e-04
1.222394103110e-01 2.658949114104e-02 -2.279206364742e-01
2.412359050931e-01 5.069466917676e-01 -7.610907158454e-03
-9.324186500595e-02 -4.669045314720e-01 -2.559495207050e-01
-5.123885875957e-02 1.090071347159e-02 1.904047903733e-02
-3.311231194547e-03 -1.188172743196e-02 -1.301842804198e-02
-1.055843807403e-02 9.911433487483e-03 -1.613585892738e-02
-1.618466519674e-01 1.646825953950e-02 1.244294296325e-02
1.187290043068e-01 -4.744470579316e-02 -1.871541633508e-01
-1.737364813916e-04 -4.551248866393e-04 -2.517130466936e-04
Mode 35
-6.921558594202e-02 7.808298747169e-02 1.403786884192e-01
-1.705503869529e-02 -7.781815398014e-02 -1.418876258541e-01
-3.919219916182e-03 3.267886284892e-02 1.434146750118e-01
-9.399945454044e-02 3.306991981694e-02 1.926186337338e-01
3.165194533582e-02 -1.702838988269e-02 -1.156063698841e-01
1.090260003776e-01 -2.500600680218e-02 -1.552999666828e-01
-5.081964726766e-02 1.673313572495e-02 1.802938363771e-01
4.323308257598e-03 9.778695492835e-04 1.714449094893e-02
-3.976769227733e-02 -3.922299729396e-02 -3.984025879156e-01
3.668515679505e-03 -2.834113903798e-03 6.013892957303e-02
-1.574754420497e-02 1.107718855335e-02 -6.822241111723e-03
8.027164831208e-03 -1.250048653525e-02 -1.024471027452e-02
5.538964129237e-03 7.565390380236e-04 -1.796639002785e-03
3.286040738416e-02 -5.023890020948e-02 -1.047616456197e-01
1.070983584015e-01 2.091304016147e-01 1.916159625089e-02
-4.556034170085e-03 -1.696655329403e-01 -1.001665307490e-01
1.360667050734e-01 -2.636894112591e-02 -4.312162144157e-02
1.315024746412e-02 2.857770883432e-02 2.631097731075e-02
1.970470442647e-02 -2.138382234968e-02 3.491790678059e-02
4.145869628353e-01 -4.991176171579e-02 -2.533229022983e-02
-2.839971859789e-01 1.143342589334e-01 4.674002867719e-01
-6.397424437036e-04 1.544147577768e-03 8.143610385228e-04
Mode 36
-1.546496616530e-01 2.401748121638e-01 -7.110331591356e-02
-3.186900756999e-02 -1.869964191448e-01 -5.507352917979e-02
8.326581142274e-02 8.617803874193e-02 2.647027819409e-01
-2.398483552888e-01 3.546648791428e-02 2.007505429604e-01
1.090662527424e-01 -1.438562917642e-02 -9.491068093586e-02
-1.691650935907e-01 1.585843910834e-02 2.417793334747e-02
2.415178561238e-01 -1.288369994683e-02 2.786227135377e-02
1.371149975009e-01 -4.844163457714e-02 -1.822199465993e-01
7.199356477473e-02 -3.501510563302e-02 -1.934039832796e-01
7.077964000231e-03 -1.480280522671e-03 2.404271365256e-02
-1.017568469868e-01 -2.185477620186e-02 9.200682534529e-03
-1.004463087408e-02 4.403696098363e-02 5.132913587274e-02
-9.992734289102e-04 -1.715442672783e-03 -1.367343931356e-03
-1.243696388062e-01 -3.634398999450e-01 -9.871286299593e-02
1.365801193024e-01 5.394271733237e-02 1.495041867791e-01
2.016299773997e-01 7.970247254614e-02 4.745526001828e-02
1.257589801484e-01 -2.888734545053e-02 -3.416628213262e-02
4.872148170698e-02 1.016988885479e-02 -1.357343968268e-02
6.570055731918e-02 -2.963545348151e-02 -6.927916420039e-03
-3.922718483995e-01 4.033275469818e-02 -6.786066505057e-03
1.507880140460e-01 -3.245266948769e-02 -1.051029820886e-01
-1.455859528838e-04 8.937578752214e-04 5.313731509951e-04
Mode 37
2.804873719603e-01 -1.350991460966e-01 1.555146533261e-01
-2.284406141153e-01 9.328496355993e-02 -1.400694437645e-01
-7.786391454936e-02 -3.402626197932e-02 1.413166524907e-01
-2.023942711964e-01 4.614567421596e-02 1.199128540252e-01
8.923238773335e-02 -2.649843482468e-02 -6.246772975641e-02
-9.764839118520e-02 2.478241608754e-02 9.377483972097e-02
1.555162144096e-01 -1.424320433828e-02 2.141307556796e-02
2.599062767120e-01 -5.474851892379e-02 -1.872631414932e-01
9.638862183442e-02 -2.127039141155e-02 -1.755872184629e-01
4.970845863191e-03 -2.215214529381e-03 2.261089799860e-02
-1.660147065781e-01 -2.946440739695e-02 5.934561731164e-04
-5.053829710491e-03 5.526276829235e-02 6.729978670788e-02
2.122201673442e-03 -1.548765196085e-03 -2.353333352776e-03
1.669745885158e-01 4.400053849952e-01 1.268281421461e-01
-2.048541257565e-01 -6.373924318123e-02 -1.977920457868e-01
-2.796452218226e-01 -1.157932778223e-01 -9.227628493879e-02
8.681622187984e-02 -6.649703612154e-03 -2.638082071077e-02
5.176386805580e-02 5.060267932668e-03 -1.976047514032e-02
3.785086454333e-02 -1.500316442138e-02 -1.513602333654e-02
-1.856661256806e-01 1.634188601887e-02 2.499087836337e-02
5.579280987008e-02 7.980744786418e-04 1.191594441742e-04
-3.075265202230e-04 8.729815614441e-04 4.208642522789e-04
Mode 38
-5.331747481290e-02 -1.814296679716e-02 -2.698480765235e-02
1.127615005089e-01 1.129297140043e-03 5.184037660704e-02
-1.373653330319e-01 8.694488019430e-03 -4.844183880025e-02
3.513219563101e-01 -5.058859744471e-02 -1.225940315430e-01
-1.010866539024e-01 1.434246184428e-02 3.277446858693e-02
6.184757843707e-02 1.709691578287e-02 1.363093416192e-01
-1.539389903655e-02 -1.723348180373e-02 -4.639085953171e-02
3.424991227043e-01 -9.624521886945e-02 -3.645243885528e-01
-1.780156904881e-01 3.756851189629e-02 1.048314643196e-01
1.007940952954e-02 -1.485109784594e-03 -7.294781593323e-03
-1.845002195487e-01 -4.288650314406e-02 1.412666438441e-02
-1.581909288914e-02 7.329772232566e-02 8.365135861163e-02
1.198368834838e-02 1.956504430017e-03 -4.804797359926e-03
-1.548204760440e-02 -2.892326321556e-02 -1.605594814314e-02
4.587225502123e-02 2.807525449345e-02 2.648129612047e-02
4.728491007522e-02 2.261374780385e-02 2.372327721677e-02
-1.139962063524e-01 1.680717730488e-02 2.080414851690e-02
-8.082747167236e-02 1.189215707203e-02 7.390060925851e-02
-7.768760321043e-02 2.903846255361e-02 6.726362465162e-02
-3.285915335129e-01 2.765088647161e-02 2.226565224949e-02
-2.859820898756e-01 1.046914079062e-01 4.260002781413e-01
-6.208241094431e-05 -2.078442757948e-04 -5.351249218198e-04
Mode 39
-9.923222677764e-02 -9.955391451970e-02 -5.951935179275e-02
2.880174866825e-01 5.275184839334e-02 1.956192016738e-01
-2.654503239137e-01 -3.191594858787e-02 -3.850437174700e-01
-3.379864267589e-01 3.864095332685e-02 -2.817592679492e-03
1.219875202174e-01 -1.075427060865e-02 1.267701582925e-02
-1.971377577997e-01 5.013540508279e-02 2.292078204522e-01
1.923816675259e-01 -2.417662627621e-02 -3.208540720457e-02
3.323395939120e-01 -3.967414995233e-02 -1.638010609933e-02
-1.805139021243e-01 2.122588710668e-02 -3.509114860783e-02
8.637657171748e-04 -1.226612477673e-03 5.976150170740e-03
-1.062300279393e-01 -1.526475341094e-02 -4.066637166621e-03
-4.451638424139e-03 3.685607629346e-02 4.886980597850e-02
-5.641640004726e-03 -2.872129853868e-03 -1.125335195141e-03
-1.325303808097e-02 2.697392586146e-02 -4.905533839898e-03
9.538987036669e-02 4.484654094736e-02 5.136275800665e-02
8.761212036192e-02 5.097461779221e-02 6.105435216566e-02
5.345542457463e-02 -9.197061733749e-03 -3.268532193508e-03
4.298629074991e-02 -4.274361181813e-02 -8.030238169589e-02
4.167107466202e-02 3.240630455762e-03 -8.255794023033e-02
3.721743276906e-01 -2.115998227960e-02 9.996898262419e-02
8.321248803056e-02 -9.765433355464e-03 -3.594784636531e-02
-1.259378924237e-04 5.622670181808e-04 3.585474698102e-04
Mode 40
-4.210887904740e-02 -3.434408831687e-02 -2.689687500010e-02
1.109554080536e-01 4.120585110930e-03 7.112123008233e-02
-3.654454659454e-01 7.881198767840e-02 2.423190250249e-01
-2.181451565529e-01 -3.470948560509e-02 -3.816547810327e-01
9.475887526618e-02 4.110848226334e-03 6.141834584366e-02
2.654971454229e-01 -1.212279700595e-02 9.701725688403e-02
-1.098599854907e-01 5.163425413219e-02 2.871680355325e-01
-1.925218318665e-01 -4.059783020193e-02 -3.674358054827e-01
4.100738100856e-01 -4.718911258960e-02 -5.689738751244e-03
-1.764505765148e-03 3.270324265346e-03 4.520917897576e-04
3.900622183591e-02 -2.247900154164e-03 2.939442772388e-02
-2.019403647789e-02 7.559522936572e-03 3.840557294806e-03
6.271430810019e-03 1.978419184707e-03 -2.409373020385e-03
-5.318267394111e-03 2.408746053139e-02 1.203524326226e-03
4.317356545839e-02 2.006896748142e-02 2.412829840533e-02
4.480234313202e-02 2.435786352348e-02 2.717495559642e-02
-8.058405543656e-02 7.027718929985e-03 2.329120312668e-02
-4.954362216986e-02 -8.552040824829e-02 -6.355444952412e-02
-3.780180801088e-02 6.330320165564e-02 -8.865665349252e-02
6.904576087261e-02 -1.031909414354e-03 3.073800079820e-02
4.029706515996e-02 -3.068576849736e-03 -2.405921980014e-02
-2.077505841410e-04 4.653691368298e-05 3.454712655803e-04
Mode 41
3.491350421988e-02 5.396169191560e-02 1.553884921040e-02
-6.601073304565e-02 1.502607501651e-02 -1.240358085196e-02
2.860495609128e-01 -2.912795161108e-02 -3.769139140789e-02
-8.658874494809e-02 -1.503044243681e-02 -1.889721458187e-01
-2.921081290207e-01 6.150838874021e-02 2.062857202284e-01
-1.891343687133e-02 1.909026876584e-02 1.184435342791e-01
1.214307105791e-01 -4.516062700464e-03 4.706860776399e-02
-1.534742369538e-01 -3.249216259238e-02 -2.617939125344e-01
-9.233302747139e-02 3.496719809242e-02 2.115591931100e-01
3.730411567220e-03 5.644707427726e-04 -1.189948491936e-02
4.500627197202e-02 -9.400303832963e-03 2.947601004404e-02
-1.814958763729e-02 1.292027549061e-02 6.094812590004e-03
4.758886729364e-03 2.390150870677e-03 -1.504829038805e-03
-1.729217964310e-02 -9.426944140207e-02 -5.420151402076e-03
-7.221852567847e-02 -7.624465929041e-02 -7.717068568551e-03
-5.238991808368e-02 -6.312105745112e-02 -6.209926895204e-02
3.740174165049e-01 -3.573012886125e-02 1.599578342560e-02
3.027339870897e-01 4.571330842350e-02 -2.892820541609e-01
2.653400098134e-01 -1.934115865834e-01 -2.305910953924e-01
7.399295072736e-02 -1.662525943219e-03 4.647744031593e-02
-5.411461402913e-02 3.122560104830e-02 1.623326988581e-01
3.236546760061e-04 -9.695686443550e-04 -8.204188628881e-04
Mode 42
5.664136354546e-02 8.667482274658e-02 3.899155416450e-02
-1.129600910260e-01 1.354300218330e-02 -4.224665163065e-02
3.956876066717e-01 -3.363904940210e-02 1.635739939176e-02
-1.756128249621e-01 5.268286209883e-04 -1.139943750178e-01
2.953560138734e-01 -3.040081557281e-02 1.944308366579e-03
-1.259621762541e-01 2.619844037033e-02 9.750590466782e-02
1.861719269319e-01 -1.298159300873e-02 2.115800563725e-02
-1.054133354143e-01 -2.510329249523e-02 -1.885939920771e-01
-1.672855678645e-01 3.719039022336e-02 1.630983421704e-01
5.895580098542e-03 -7.709646503929e-04 -9.463097765104e-03
3.335710520812e-02 -1.149760972450e-02 2.248695666321e-02
-1.477565049681e-02 1.452527925455e-02 8.825635038196e-03
3.005975887223e-03 1.705736799220e-03 -9.434091556359e-04
-1.268047165192e-02 -1.572496168249e-01 -3.862159048590e-02
-1.290606115784e-01 -9.375214115531e-02 -4.192458061335e-02
-7.877800238567e-02 -8.180949154549e-02 -8.415916730901e-02
-1.605840224135e-01 3.534460116722e-02 1.357649658996e-02
-3.628249498815e-01 -2.343134371030e-01 5.391659495333e-02
-3.072505459859e-01 2.879838991271e-01 -6.939105221397e-02
1.609131154692e-01 -1.074208893944e-02 4.438599807434e-02
-1.312672171644e-02 2.037636565534e-02 1.228677503192e-01
3.908653907807e-04 -7.814880027425e-04 -8.640420758045e-04
Mode 43
-1.187347444667e-02 -5.840493122069e-02 -1.019499736208e-02
-2.320059494929e-02 -2.088536719543e-02 -1.395759856733e-02
2.307649551096e-02 -1.369587217849e-02 -7.388117139007e-03
1.685041916185e-02 6.836019522229e-02 3.223018983302e-02
1.617443154032e-02 1.718306284898e-01 -6.530977292849e-04
1.784078619125e-02 -5.459912440567e-03 -5.727986574167e-03
2.708632338115e-03 -4.415454814358e-03 -2.687028721331e-02
-2.510158229385e-02 5.060820636504e-03 1.793163517467e-02
7.114807392121e-03 -1.658867253576e-03 6.360904290310e-03
-2.840645005459e-04 6.823965443577e-04 -7.337763035052e-04
5.419014555168e-03 1.952247135738e-03 7.698970853972e-04
1.583512640389e-03 -3.700973058924e-03 -4.645052832612e-03
3.172120653572e-04 2.256281270241e-04 1.930945506756e-04
1.662179523985e-02 6.537283384076e-02 -8.287122681449e-04
5.092434275605e-02 1.108044138286e-01 -4.260703732518e-02
5.447356467840e-03 1.083885685802e-01 8.803409315919e-02
5.086625950625e-02 -6.634934531830e-01 1.230580068199e-01
2.549139528123e-02 -2.178896190156e-01 -4.843396905010e-01
-1.822441152130e-01 1.177493594025e-01 3.540094065564e-01
-4.145630976134e-02 1.297996434301e-05 -3.431710288686e-03
-1.828508537783e-02 7.393273509108e-03 1.983211217225e-02
-1.195660367216e-04 1.514888764167e-06 7.823998733648e-05
Mode 44
6.623067843144e-02 -8.972476265148e-02 -8.983672076945e-02
-1.453143825177e-02 -2.285789902249e-02 -1.334637731603e-02
1.004686311673e-01 -2.689511235374e-02 -1.416691796966e-01
-1.403425775709e-01 2.683338965918e-02 8.376713106661e-02
7.804945913698e-02 -2.586948306360e-02 -1.224960156679e-01
-5.745650087990e-02 1.105855461453e-02 4.152717300306e-02
1.440409633090e-01 -1.366777455926e-02 -1.724228904461e-02
-2.327687878958e-01 -7.832093676790e-03 -1.621426454375e-01
1.109876444351e-01 5.213009951206e-03 1.379508894772e-01
-4.059974648202e-03 1.921276384682e-03 -5.244870986376e-03
4.921786762500e-02 -5.049055109055e-03 1.916158907369e-02
-9.585021524450e-03 1.849937023119e-03 -6.166864312915e-03
4.391360135715e-03 2.325622098244e-03 -1.333151081383e-04
-1.809718462398e-01 -5.534453299549e-02 3.414521298638e-01
2.671088089167e-01 2.797944050921e-01 1.117454983049e-03
-3.678246701439e-01 1.893604319508e-01 5.594233855141e-02
-2.794353575739e-01 2.604389829820e-03 7.482548403565e-04
1.604401321793e-01 1.808647744715e-01 1.656277146246e-01
1.221189282620e-01 -1.237509502235e-01 2.551861472174e-01
1.112168124287e-02 3.424188320909e-04 1.808370564675e-02
-4.530818785759e-02 2.508545359137e-02 1.356771739372e-01
-2.019034893542e-04 -3.745426319463e-04 1.911360922217e-05
Mode 45
1.457285499646e-01 6.031455294202e-02 -4.751146547154e-02
8.841748223856e-02 1.122942870956e-02 -3.771074398616e-03
-1.099289830107e-01 3.715110794057e-02 1.512370642946e-01
1.331187750217e-01 -3.195868888581e-02 -1.303982401824e-01
-6.789302250320e-02 2.243276153087e-02 9.427847529046e-02
2.520172645351e-02 -8.172044525602e-03 -3.601276241980e-02
-1.387112406624e-01 1.867145857920e-02 5.348678334402e-02
2.504202431151e-01 -3.056534495992e-04 1.293853475413e-01
-1.269233402170e-01 -6.172596929396e-03 -1.425522092942e-01
4.517923291833e-03 -1.972774051984e-03 6.481603010795e-03
-5.279751425424e-02 3.960193624636e-03 -1.699019362841e-02
7.750708931273e-03 1.177135559421e-03 9.818270170787e-03
-4.433261940741e-03 -2.285927367822e-03 -1.270793052216e-05
-2.442332386417e-01 -3.598674195672e-01 3.338169373088e-01
8.565922336463e-02 8.179238408955e-02 -2.383759493172e-03
-5.145700955210e-01 -1.129894651490e-02 -1.468811157551e-01
1.681044334202e-01 -5.418096847837e-03 5.491954270345e-03
-9.969155483329e-02 -1.160062520920e-01 -1.139918617384e-01
-8.062968684305e-02 7.866872202024e-02 -1.622614867857e-01
4.036705746107e-02 -3.875663196188e-03 -1.347605802768e-02
6.614989236025e-02 -2.917117693691e-02 -1.524137411317e-01
-3.207029244854e-04 6.680819532608e-04 1.472179432818e-04
Mode 46
7.689565480185e-02 1.500225565559e-01 1.004960325511e-01
6.862580955980e-02 5.413083625675e-02 5.328913218027e-02
-5.991305499715e-02 1.199081322902e-02 5.743063031135e-02
4.983179362321e-03 -6.604979323785e-03 -1.669510737837e-01
7.075305286937e-03 2.971473094682e-02 -9.117078561007e-02
-6.572925991817e-02 6.662259846264e-03 5.392206885721e-03
-3.710220109612e-02 1.911296525148e-02 1.125076668642e-01
1.306426686311e-01 -1.997346962888e-02 -4.997846446993e-02
-7.399660227221e-02 3.430530519368e-03 -2.927564615955e-02
3.627333347680e-03 -9.524824357843e-04 1.342804358055e-03
-2.560073487048e-02 -6.091200192153e-03 -3.443295566987e-03
-4.365683396286e-03 1.273236156539e-02 1.701084240018e-02
-1.803010003081e-03 -1.078036171150e-03 -8.152800160247e-04
2.631233350588e-02 -3.346889651401e-01 -1.858861247285e-01
-3.272524355200e-01 -2.190693214441e-01 -1.096381035044e-01
-6.482363108062e-02 -1.912233219998e-01 -1.678102327541e-01
-3.496954156373e-01 -1.594150929768e-01 4.785173301000e-02
2.399591122885e-01 1.862107649840e-01 5.682054980451e-02
1.305200540033e-01 -1.518592656908e-01 3.928353154121e-01
1.444199460402e-01 -1.338575061053e-02 8.284954464255e-03
7.784626126256e-02 -2.113091804471e-02 -9.842157611459e-02
3.148065986396e-04 1.981326853855e-05 -1.854998173423e-04
Mode 47
5.419412185026e-02 -1.143189714446e-01 1.225984495475e-01
3.376213091310e-02 -3.289997491990e-02 3.987540431751e-02
-2.802687875283e-02 6.898428870791e-03 -1.376330058486e-02
5.930053350265e-04 -6.961772813224e-03 2.555048031251e-02
-1.557062105634e-02 -1.752552269629e-02 2.016508829173e-02
1.302597911634e-02 -1.884084860042e-03 -4.120256566509e-03
-3.878064962561e-03 -7.635607409770e-04 -7.925223335450e-03
-8.860884768888e-03 1.691082093162e-03 8.418172675250e-03
1.774503801808e-02 -1.313824768932e-03 -5.562106633559e-03
7.278460967126e-04 3.105318898335e-04 2.762620317765e-04
1.692142028925e-03 1.733693727280e-03 3.886782581347e-05
6.939810214273e-04 -1.982414497122e-03 -1.953931363943e-03
-6.808567259165e-05 -7.637376041292e-06 7.753715651927e-05
1.338314375667e-01 -2.587830706894e-01 -3.449006857262e-01
-2.676017733919e-01 3.703702629245e-01 -5.072618553791e-01
-1.376895584305e-01 3.973260377318e-01 2.980172309958e-01
6.931015489051e-02 8.420162349801e-02 -1.944527458086e-02
-2.894545567976e-02 -7.005062257094e-03 2.434171503185e-02
1.051446431703e-02 2.998208595107e-03 -1.085841664221e-01
-1.955404768941e-02 2.557731919756e-03 -2.370873602850e-03
-6.057351686450e-03 9.722526319277e-04 4.254802131543e-03
-1.033621358579e-04 1.172698265925e-04 8.173873113218e-05
Mode 48
8.381873154345e-02 1.212034426374e-01 5.628518892568e-02
1.461226872912e-01 6.122776227548e-02 1.063207994669e-01
-2.734625604427e-01 -2.437031275558e-02 -3.292767092979e-01
-1.620162803592e-01 5.783583858945e-02 2.862010339640e-01
5.322689208507e-02 -7.160357564334e-03 -3.932208868125e-02
1.957471992279e-01 -9.214227520230e-03 6.502403062083e-02
7.046368375206e-02 -4.121371416156e-02 -2.465442289482e-01
-2.257387719930e-01 4.046032599810e-02 1.072715132461e-01
2.716317529514e-01 -2.263167396767e-02 4.754494989583e-02
-1.335775834395e-02 2.552938717515e-03 -2.433831868467e-03
3.669907574107e-02 7.579044942949e-03 1.843321850696e-03
8.001060852899e-03 -1.955248201723e-02 -2.619026860888e-02
3.319563789945e-03 1.670565319098e-03 1.417979917347e-03
-3.526198437574e-02 -2.615327217281e-01 -2.100824144758e-02
-1.862461056844e-01 -1.857325961432e-01 -1.436537671554e-02
-1.319679462088e-01 -1.882176043149e-01 -1.848195712598e-01
1.266870684155e-01 -2.964967835748e-02 -1.956201137120e-02
-5.241708413696e-02 -5.921902468837e-02 -4.815801820290e-02
-4.507156642162e-02 4.637002441505e-02 -4.976048185058e-02
-2.573383115350e-01 2.575780129693e-02 8.324233437710e-03
-1.533068150433e-01 4.176822047490e-02 1.851291336814e-01
2.001882218555e-04 -1.753916360113e-04 4.463721180087e-04
Mode 49
-2.176236297193e-02 -2.673616759929e-02 -1.571011034396e-02
-2.316046233740e-02 -7.019345118090e-03 -1.430196826679e-02
9.509062694640e-02 3.180578535520e-02 2.686559137896e-01
-3.216622944282e-01 -2.818969480101e-02 -4.213620587806e-01
4.666078682930e-02 -1.066422080664e-03 2.572416152681e-02
2.612216715978e-01 8.850801022009e-03 2.517497891796e-01
7.997602286893e-02 -6.694224566880e-02 -4.182108391858e-01
5.614077144995e-02 6.513938714153e-02 4.178771597297e-01
-1.184640747986e-01 -7.286694259771e-03 -1.313963455215e-01
2.148577557229e-03 -2.020253796063e-03 -5.400604192017e-03
-1.451173937756e-02 1.579489831444e-02 -1.003902881352e-02
2.115819891503e-02 -2.577494880535e-02 -2.532328592461e-02
-2.064004238726e-03 -7.984390841080e-04 2.485765934756e-03
3.750141277215e-05 3.259848150367e-02 2.166598711399e-04
3.225258214738e-02 3.468015176360e-02 -2.757763803030e-03
1.886190268828e-02 3.529493096667e-02 3.516724255009e-02
-1.182809669089e-01 1.223019813207e-02 1.790388786740e-02
7.643378810402e-02 3.419445645205e-02 5.168995473257e-03
6.394606506918e-02 -3.971941454607e-02 2.450105020600e-02
-1.283754069949e-01 2.398431456550e-02 7.278127613796e-02
-1.506172088498e-01 3.437177616580e-02 1.325074826025e-01
-1.819136702543e-04 6.347278526462e-04 7.305664128160e-05
Mode 50
5.446900939606e-03 1.443035505820e-02 6.022791339013e-03
1.136954392206e-02 -8.934529024367e-03 -2.247637815563e-02
-2.549812889165e-01 6.209649314828e-02 2.535260177537e-01
3.548782114763e-01 -5.532981809826e-02 -1.268510293132e-01
-5.806938041955e-02 1.383387504172e-02 4.011313473252e-02
-5.563071270911e-01 6.127265235721e-02 7.585237530874e-02
3.544102642561e-01 -6.724889838281e-02 -2.774597627723e-01
-1.874296255858e-01 3.147394218233e-02 8.567590354989e-02
2.786937853618e-01 -3.720007796272e-02 -5.561331364470e-02
-5.449042789104e-03 4.047073659412e-04 -5.795052531269e-03
2.177085552511e-02 -1.829552020296e-02 -1.552611923641e-02
-1.864480367233e-03 9.600082719827e-03 5.989230791707e-03
1.263938757711e-04 3.900468570223e-04 1.694404716360e-03
8.043122653544e-04 -1.268173597945e-02 -4.414894592605e-03
-1.344204511055e-02 -1.008924652096e-02 -1.224168068537e-03
6.155802265704e-04 -1.041268872989e-02 -1.234663966441e-02
1.566748859069e-02 -2.420143909419e-03 8.813062782354e-03
-2.045958445758e-02 -1.627335484183e-02 -1.770720940982e-02
-1.997417348375e-02 1.199300854429e-02 -1.837541393473e-02
1.986013554796e-01 -1.143796394124e-02 4.375513945643e-02
-2.587867804607e-02 2.080670146598e-02 1.308566808003e-01
-2.513225691787e-05 4.234617185732e-04 5.858578254663e-04
Mode 51
-9.066904298801e-04 -2.413436173441e-03 -1.158544133247e-03
2.328666650311e-03 9.338343391574e-04 2.469378186346e-03
8.375951316184e-03 -1.473975110503e-03 -5.719796313201e-03
-1.392238735970e-02 1.510879281434e-03 -4.705903877973e-04
2.115819028828e-03 1.517034247410e-04 4.488338811078e-04
3.046798368836e-02 -4.562819246292e-03 -7.046406146949e-04
-2.686600461856e-02 7.712274547813e-03 1.294746547257e-02
-4.202191037631e-02 2.207243805888e-02 5.087099404978e-02
-1.090018970881e-02 -3.563749557352e-03 -1.779744906706e-02
-2.803771940138e-03 1.330472634450e-03 1.584446547609e-03
2.498593169010e-01 -4.635790798052e-01 -5.725320524823e-01
-1.432686508442e-01 3.916465340623e-01 4.614266182513e-01
-1.771364952857e-02 -7.884312973443e-03 -3.654790636117e-03
-5.067976253893e-04 1.280355596297e-03 6.093627699231e-04
2.333943867567e-03 1.776535534133e-03 -5.684993647982e-04
-3.891610649028e-04 1.427203530301e-03 1.265700695343e-03
3.758938649802e-04 -3.302869218628e-04 3.402162737739e-04
1.323655671934e-03 -8.638988642132e-04 -2.221556395897e-03
1.680212992639e-03 -4.390394277209e-04 -2.055313972228e-03
-5.693091046888e-03 -3.030382079015e-04 -9.207901898167e-04
-7.866466617343e-03 9.242271901065e-04 1.086788956259e-03
9.537464367055e-04 2.927792529853e-04 7.174695863801e-04
Mode 52
4.340610180727e-02 1.628349111970e-01 -5.147387121323e-02
7.774728532080e-03 7.531900608356e-03 5.717406485518e-03
-8.019341153683e-03 9.296575883833e-05 -3.922906116338e-03
1.983355458607e-03 2.962567668370e-04 1.573048142391e-03
-6.537189168861e-03 -4.090756100728e-03 1.534008250404e-03
-6.665825768375e-04 2.458333524974e-04 6.451080217067e-04
1.997517392015e-04 -7.017357942203e-05 -1.874372263098e-04
2.561194116634e-04 2.248416977536e-05 -1.617541518864e-04
1.773690731441e-03 3.793933614179e-07 1.085553682509e-04
-6.924772385805e-04 -5.621520584777e-04 3.056560041593e-04
-3.668863387007e-04 3.650910429215e-05 1.924000793130e-04
1.274252652600e-04 -7.643943735719e-05 -8.879632002334e-05
1.045920821731e-04 4.331146112717e-05 2.473730390770e-05
-2.977276221268e-01 8.303430688105e-02 -1.585420254691e-01
2.738925158618e-01 -2.067606040588e-01 -3.102565797585e-01
-1.372317824012e-01 -4.661350448837e-01 6.295446817218e-01
-2.109509940746e-03 -3.785160860542e-03 -1.560243696448e-02
4.984721558876e-03 -9.998077103166e-03 4.841261088134e-03
1.915088393443e-02 2.657103315486e-02 4.816879814183e-03
4.523161395250e-04 -1.858352711561e-04 -1.243049074201e-03
5.878696618866e-04 -8.791866866037e-06 4.054818959351e-04
-5.122048187623e-05 3.985751223790e-05 8.437235612014e-06
Mode 53
-1.225204240244e-03 -6.165138589441e-03 -4.679818520197e-04
1.116140881199e-03 -2.339615260951e-04 -5.501241612997e-05
-7.372451025165e-04 -4.311344649972e-04 -3.344583678538e-03
2.844767847145e-03 -2.795320156245e-04 -1.920361422777e-06
-1.689455991984e-01 -5.979595826600e-04 4.961546490955e-02
2.624773711070e-03 -6.384716344630e-04 -2.432719350201e-03
-8.267169284201e-04 1.013781169622e-04 2.851281156118e-04
2.732042447081e-04 -7.779720417175e-05 -9.699125213859e-05
-4.301458251390e-04 1.752886301297e-04 4.788318911378e-04
-2.647217998005e-05 4.279568249501e-05 9.090752136329e-06
1.945861356995e-04 3.312688992040e-05 1.611179031610e-05
-6.813698147189e-05 -5.577036433173e-06 -2.687217336260e-06
-6.275648212792e-05 -2.018440826490e-05 -9.606815710480e-06
1.356584012496e-02 -3.692655596487e-03 7.261603334109e-03
-1.345269503056e-02 1.056038030018e-02 1.497232981488e-02
4.282064068958e-03 1.474715915085e-02 -2.051198308232e-02
-5.629392231418e-02 -9.053284438051e-02 -4.829845736506e-01
2.412083983785e-01 -4.266119845511e-01 2.374871687674e-01
3.832164680469e-01 5.220124593635e-01 8.263639533241e-02
-1.640522710907e-03 1.499453990578e-03 9.520697691812e-03
-1.001445948590e-03 5.751150221795e-05 -2.244314749704e-04
3.501694815468e-06 -1.114530208037e-06 5.242257500240e-06
Mode 54
-9.638377083227e-02 -1.702472018995e-03 2.880275998288e-01
1.361915794804e-03 1.353145268818e-03 1.162898462377e-03
-1.210684062857e-03 3.075067143413e-04 -2.812031466180e-03
-5.545061154445e-04 -4.322189332796e-04 1.966568475586e-04
1.669173537500e-03 1.433832553329e-02 3.778568458296e-03
1.155802106880e-04 -1.099613748656e-05 -2.588814108657e-04
-6.400525669484e-05 -1.335697635100e-05 3.120504995690e-05
2.264506549840e-04 9.493349752037e-05 -2.804920953718e-04
5.959179852763e-04 2.420430244892e-04 8.770498336119e-04
-7.597153468398e-04 -8.730474080419e-04 -2.670029929228e-05
-1.904851952219e-04 1.982503940468e-04 2.916539508895e-04
5.500530438931e-05 -1.483360349413e-04 -1.990329279663e-04
3.160514942820e-05 -3.706755857582e-06 -3.474053958406e-06
-2.083519627305e-01 5.402879004136e-02 -8.888009017185e-02
4.614959732874e-01 -3.569452044153e-01 -4.903027083470e-01
8.216168677611e-02 3.062842233045e-01 -4.119179743306e-01
-1.904213488289e-03 -3.106628308573e-03 -2.200086296097e-02
1.404501250222e-02 -2.251179889929e-02 1.315175982286e-02
-1.762151928831e-02 -2.341803919979e-02 -4.666086841899e-03
-1.721601257540e-04 1.845899251517e-04 3.720233524626e-04
9.711993906807e-05 -5.070860842989e-05 6.012073122476e-06
-5.324846192719e-05 5.294075455629e-05 2.861394825065e-05
Mode 55
7.270186573298e-03 1.557211147375e-03 -1.382117736334e-02
2.978761878887e-04 -7.082591852994e-04 -4.447960000441e-05
-2.281152738808e-04 -8.329922485161e-04 -4.884657704129e-05
5.593882253364e-04 7.532320667730e-04 7.684136499391e-05
3.454982714380e-02 3.010023342475e-01 -1.697673206169e-03
6.400554651286e-04 7.309006404337e-04 -2.154113983685e-03
-1.040915523887e-04 1.571437035825e-04 2.195612887391e-04
-8.340093636914e-05 -5.025620535687e-05 -1.699565776481e-04
2.807013047826e-04 4.070540135871e-04 -9.059916483184e-05
2.187593808369e-05 4.712958564064e-05 2.104361377567e-05
1.906625296084e-05 -5.254350001678e-05 -1.798349582171e-05
3.591548438193e-06 -1.344115009250e-06 -6.155141303304e-06
-1.881804196611e-05 -5.471491056775e-06 -7.779761086152e-06
1.907439256837e-04 8.117618812162e-05 -8.097157659422e-04
-2.045037003910e-02 1.528112828222e-02 2.154485326184e-02
-5.341524169397e-03 -1.980274990926e-02 2.695580173459e-02
-1.777182060862e-02 -2.141609640140e-02 -1.901303984054e-01
3.036000948386e-01 -4.916699688539e-01 2.855009261801e-01
-4.080687086651e-01 -5.283336602219e-01 -8.741394012834e-02
-7.249541149967e-04 7.768871143076e-04 5.988944519100e-03
-7.182970594288e-04 -1.389688863188e-04 -3.896342787311e-04
1.937711769327e-06 -3.091808647542e-06 -2.009481290170e-06
Mode 56
2.010117791897e-03 -7.838081812209e-04 -3.186961105406e-03
-1.287949410351e-03 3.152860869981e-04 -3.199793859846e-05
2.096236077080e-03 2.066466571744e-04 8.536163906542e-04
4.372618624690e-03 -5.226959831767e-04 6.416275371427e-04
1.161254932927e-01 -1.263691511429e-02 2.870291025513e-01
5.887398134087e-05 -1.953851489944e-03 -1.168675119529e-02
3.378078201480e-04 -6.904590602172e-05 4.506561983307e-04
-3.583474933793e-04 1.247571627406e-05 -9.742023242757e-05
4.379951425762e-04 -1.560979731185e-04 -9.613333677661e-05
-7.956625917433e-06 1.309753737085e-05 -5.686997577808e-06
2.359789410273e-04 3.578167806466e-05 -1.424611622808e-04
-5.301807290891e-05 1.901812538254e-05 6.419910349154e-05
-3.679022228549e-05 -2.164086711897e-05 -2.575421158977e-05
-5.460459833764e-04 2.754784662082e-04 -5.949921293155e-04
-6.000494512179e-03 4.869721632503e-03 6.691217536438e-03
-6.891884336969e-04 -3.296511638511e-03 4.408656783435e-03
-8.122672086402e-02 -1.446915053239e-01 -7.840657107747e-01
-2.087094882628e-01 3.659263452247e-01 -1.914576435737e-01
-1.227474697942e-01 -1.751536453939e-01 -1.302527361267e-02
-3.444480980522e-03 5.563177312602e-03 3.557643309987e-02
-3.481099981817e-03 4.287191391611e-05 -2.126844028775e-03
1.945081523230e-06 -4.375390159133e-06 -8.812518741688e-07
Mode 57
2.698818292664e-01 -1.314216089960e-01 7.659159846413e-02
-2.755478798690e-04 7.895405967924e-04 -2.347910145739e-05
-2.080913006318e-03 -1.074309280064e-03 -1.617059392495e-03
-7.824224489737e-05 1.259002373455e-04 -4.316379782951e-05
-9.934531703831e-04 -2.299245933049e-03 -1.039930454871e-03
-2.688489758946e-05 4.105791969119e-05 4.096828696344e-04
-9.360324931432e-05 1.205338189959e-05 -1.220060667129e-04
5.782543606671e-05 -1.890048674476e-05 6.804178331282e-05
-3.549082545074e-04 -2.263524754023e-05 -1.504999982615e-04
3.527106226799e-04 3.874509190418e-04 3.035186168871e-05
-1.298300269682e-04 -6.569993672091e-05 -8.655789862344e-06
2.965332432959e-05 1.836014246788e-05 -4.516002976202e-06
2.615637604699e-05 1.476411371118e-05 7.295523478096e-06
-7.483855592125e-01 2.089133480080e-01 -3.826041438465e-01
-2.120448324568e-01 1.601288693608e-01 2.455804899377e-01
3.653837134464e-02 8.280952604392e-02 -1.213138868269e-01
3.668805241627e-04 7.438767103017e-04 3.969350588386e-03
-1.181700862544e-03 2.083635403125e-03 -1.087815403221e-03
4.294908848275e-03 5.319618359085e-03 9.537791070286e-04
3.234971150506e-05 -2.933195866875e-04 -1.513225608473e-03
5.425936597263e-04 2.117170073364e-05 3.614637319817e-04
1.299453789249e-05 -2.391220927646e-05 -7.046741346182e-06
Mode 58
-5.646802918526e-04 -3.798667639087e-04 -2.366149383631e-04
5.268217807662e-04 9.329955451663e-05 5.071356921481e-04
-1.821069301531e-04 -2.153883020636e-04 -2.273415176234e-03
-1.127909859973e-02 5.815526000723e-04 -3.633550296436e-03
2.892101728175e-03 1.500086460387e-03 1.139760920179e-02
-8.972715207844e-03 4.021699625941e-02 2.815769386530e-01
-3.260939646565e-02 -1.986362259434e-03 -3.339525647666e-02
-1.162096565955e-03 3.907710242669e-05 -4.062722204595e-04
9.927592193697e-04 -1.077653230040e-04 -2.220026411535e-04
1.481101838943e-05 -1.725842266686e-05 -3.418139200755e-05
2.281947456146e-04 -5.381711184655e-05 -3.062980010165e-04
-7.085824095480e-05 4.661439406020e-05 1.561709470863e-04
-2.613547322245e-04 -3.739823286518e-05 2.370312577792e-04
1.741082907464e-03 -3.517049869483e-04 9.283757825933e-04
-2.559332766709e-04 3.848457221582e-04 3.635745378891e-04
1.212259880473e-04 6.926599061102e-04 -6.803513713372e-04
-1.292821662397e-03 -6.893895647979e-03 -3.625626117704e-02
-2.893892742282e-03 6.384982961288e-03 -4.095328325207e-03
-2.794308326781e-03 -5.318876696453e-03 -1.063812722163e-03
3.632412815716e-02 -1.339085546526e-01 -9.305413943019e-01
1.436495080338e-01 2.180812365856e-03 9.629716102872e-02
-1.150424440514e-05 -2.579861656625e-06 -6.113081739563e-06
Mode 59
1.313364376626e-04 6.449488766578e-05 1.402893680863e-04
-1.379751958547e-04 9.464958037145e-06 -1.231196304004e-04
-2.122861436962e-04 -1.017034765816e-04 -8.035584513718e-04
-3.626382480720e-03 1.431570911514e-04 -1.798128593622e-03
3.134874008627e-04 1.179561734311e-04 1.006510011824e-03
-1.340592262790e-02 9.044106481992e-03 5.613305751814e-02
2.410307807338e-01 1.617336140596e-03 1.547111401590e-01
2.012389255860e-03 -1.733794838273e-03 -1.051398780444e-02
-1.866920424236e-03 1.205062644960e-04 -1.054668935334e-03
4.256022523583e-05 -7.035513159536e-06 5.573911875945e-05
1.604997639427e-03 2.100517889585e-04 1.510993321880e-03
-6.121810960052e-04 3.805284298398e-04 1.731262658723e-04
7.533991008319e-04 2.488748338236e-05 -1.224994900170e-03
-4.020300793777e-04 9.648650003446e-05 -2.168942297615e-04
3.807051041832e-05 -7.356635071188e-05 -5.450124675758e-05
-2.877145003274e-05 -1.794542904235e-04 9.521201728294e-05
7.669504040930e-05 -5.635037740748e-04 -2.810576884082e-03
7.951881270554e-05 3.544098694256e-04 -4.625713762176e-04
2.464399929737e-04 -2.729515681510e-04 -2.351030047720e-04
9.380935838661e-03 -2.456530551428e-02 -1.673044949012e-01
-7.908411305486e-01 -9.156444590930e-03 -5.100987326854e-01
-1.193035672952e-06 -1.396989438140e-06 -2.070868700571e-06
--
Dipole derivatives 
Mode 0
-1.021431168267e-02 -8.225780131523e-03 5.587046264886e-03
Mode 1
-3.627251880123e-02 1.735683802261e-02 1.192485781808e-02
Mode 2
5.362261974804e-03 1.341167205267e-02 1.361740586856e-02
Mode 3
-2.478589403141e-02 -8.175699033024e-03 1.540042758082e-02
Mode 4
-4.959799504929e-03 4.134096934647e-02 -2.154419163400e-02
Mode 5
1.202509184312e-02 -4.712764921193e-03 -2.177919256882e-03
Mode 6
-6.211376856143e-03 1.759509608378e-02 1.447061419709e-02
Mode 7
1.421392100383e-02 -2.397504122904e-02 1.230410187836e-02
Mode 8
2.185314054469e-02 3.525341107008e-02 -2.188000203601e-02
Mode 9
-6.463955964219e-02 -1.692341771234e-02 -2.834603389681e-02
Mode 10
2.120569624368e-02 -9.394338312186e-03 1.868936583676e-02
Mode 11
1.563312189191e-02 1.255856943358e-02 -7.703700149390e-03
Mode 12
4.923824595423e-02 -3.013014273689e-02 -1.719627698788e-02
Mode 13
-5.500774583628e-03 -3.450367958728e-02 5.981321080310e-02
Mode 14
2.400047770781e-02 -3.080000401705e-02 1.805212689520e-02
Mode 15
-8.821972563724e-03 1.229513766045e-02 5.759354802888e-02
Mode 16
9.420437658085e-03 2.304019497777e-03 -5.305046621791e-02
Mode 17
-5.198367792475e-02 -3.411075616040e-03 5.971916020122e-02
Mode 18
7.834663522930e-02 -8.905479776581e-03 -4.762949486619e-02
Mode 19
1.569203663466e-02 -2.432716250590e-02 -5.259900648954e-02
Mode 20
-3.354553923806e-02 1.208288266253e-02 2.296316845486e-03
Mode 21
1.194576119244e-01 -3.991902749508e-02 -8.527793458743e-02
Mode 22
9.804644674208e-02 9.776159904125e-03 -1.549350731277e-02
Mode 23
-2.105848573258e-01 -8.868273297539e-03 1.371347841293e-01
Mode 24
4.848574459551e-02 -1.141623228019e-01 -3.115796579518e-02
Mode 25
2.581118620869e-01 -6.195023909217e-03 -1.200686756571e-01
Mode 26
2.838058452115e-01 -1.604900504258e-02 -1.619394996070e-01
Mode 27
-9.121833990017e-02 -8.863420161198e-02 -1.547685776198e-03
Mode 28
-7.203580286982e-02 3.702039147397e-03 1.082557687980e-01
Mode 29
-3.227871364949e-01 7.526592622709e-02 1.838295619932e-01
Mode 30
-1.247445761069e-01 1.124143037653e-02 7.233326001823e-02
Mode 31
-6.053246022205e-02 6.029434805756e-02 1.428806120944e-01
Mode 32
-2.327787098068e-03 -3.470156715732e-02 -2.641728367313e-02
Mode 33
1.973420195013e-02 -3.033880846001e-03 -8.434655175691e-02
Mode 34
2.993722635719e-02 1.100393062134e-02 1.496887005155e-02
Mode 35
6.000980162083e-03 2.771995890393e-02 -5.665489603767e-02
Mode 36
-4.051193507058e-02 -1.164661161467e-02 -2.377249828035e-02
Mode 37
-1.037178121281e-01 4.080773214656e-02 -2.045804767869e-02
Mode 38
-2.789546876200e-01 4.426155247276e-02 7.180633509167e-02
Mode 39
-4.399667370135e-01 6.679790179537e-04 6.785881529831e-02
Mode 40
-3.389899386591e-02 -7.421198720944e-02 1.198520513290e-01
Mode 41
1.915868090274e-01 4.011460325745e-02 -4.564333345710e-02
Mode 42
1.866563929194e-01 4.919548760359e-02 -5.185978436668e-02
Mode 43
-1.815970425240e-02 4.921858797442e-02 6.718325785114e-02
Mode 44
4.207992001612e-02 5.393233738434e-02 -7.615234101383e-02
Mode 45
-8.257279905240e-02 5.690520215747e-03 2.945988522620e-02
Mode 46
2.718018327102e-02 5.050571187554e-02 5.406368990653e-03
Mode 47
-6.449582641717e-02 -5.733438226424e-02 4.452164606992e-02
Mode 48
-1.781915265100e-01 -1.685675770849e-02 1.032441609931e-02
Mode 49
6.418729499606e-02 2.650373122746e-02 -4.749723380894e-02
Mode 50
1.270033973290e-01 -9.411201029947e-03 1.746983934733e-03
Mode 51
6.673147741150e-02 -7.126686121886e-02 4.594559903593e-01
Mode 52
1.607210516105e-01 -1.068888106781e-01 -1.121949287269e-01
Mode 53
-1.090122694875e-01 6.189519525506e-02 -4.825826802787e-02
Mode 54
-1.056673529334e-02 1.076823701824e-01 -9.232647338661e-02
Mode 55
1.279985081021e-02 -4.320464880110e-02 -7.282836365812e-02
Mode 56
-4.596043907450e-03 6.780377093628e-02 -8.159732046320e-02
Mode 57
1.124766163335e-01 5.977953860865e-02 -7.089888049474e-03
Mode 58
-2.093755250894e-02 5.541056219189e-02 -6.602784102471e-02
Mode 59
-8.007023001347e-03 1.516170579842e-02 -1.648487967644e-02
--
Polarizability derivatives 
Mode 0
-8.843181523772e-01 -3.736738566825e-01 -5.086334378883e-01
-3.736738566825e-01 3.116823882746e-01 5.313750612614e-01
-5.086334378883e-01 5.313750612614e-01 -2.031695891971e-01
Mode 1
7.868230378132e-02 -1.098447644174e-01 -9.864664579407e-01
-1.098447644174e-01 2.371727077183e-01 2.666972510724e-02
-9.864664579407e-01 2.666972510724e-02 -2.454020928084e-01
Mode 2
1.702671379875e-03 4.274472714326e-01 -3.172981786778e-02
4.274472714326e-01 9.923534145412e-01 1.730178761146e-01
-3.172981786778e-02 1.730178761146e-01 -2.146013220044e+00
Mode 3
-2.367035819220e-02 2.494572537385e-01 3.921625328989e-01
2.494572537385e-01 6.451315041742e-02 -4.713213152902e-01
3.921625328989e-01 -4.713213152902e-01 1.656689207883e+00
Mode 4
-6.935994361291e-01 -1.381397625254e-01 -7.624596489209e-02
-1.381397625254e-01 3.600389030443e-01 1.748430875895e-01
-7.624596489209e-02 1.748430875895e-01 -1.438530067895e+00
Mode 5
-5.962559908691e-01 6.189074399039e-01 4.009783481242e-01
6.189074399039e-01 6.467880728301e-02 1.188404942115e-01
4.009783481242e-01 1.188404942115e-01 -5.096718742957e-01
Mode 6
-2.091266207787e-01 6.450259012135e-04 -3.599959510081e-02
6.450259012135e-04 5.932359723839e-02 8.397465045107e-02
-3.599959510081e-02 8.397465045107e-02 -4.428296161955e-01
Mode 7
1.164098509888e-01 -1.680069348238e-01 -3.712941534444e-02
-1.680069348238e-01 -2.067049361536e-02 -6.230842553672e-01
-3.712941534444e-02 -6.230842553672e-01 8.701939481679e-01
Mode 8
-1.760789023846e-01 -2.796977205671e-01 2.338907862907e-01
-2.796977205671e-01 4.937224254095e-01 -2.566334373715e-01
2.338907862907e-01 -2.566334373715e-01 6.916233422739e-01
Mode 9
1.369534622159e+00 -1.427026011226e-01 -5.831488141977e-01
-1.427026011226e-01 -7.574962391273e-01 -1.690372172401e-01
-5.831488141977e-01 -1.690372172401e-01 -6.076765042425e-02
Mode 10
5.975247454276e-01 3.964707376801e-01 -2.253953446756e-01
3.964707376801e-01 4.058806980566e-01 -7.393777503688e-02
-2.253953446756e-01 -7.393777503688e-02 -1.047730540792e+00
Mode 11
-9.309429716812e-01 4.681368546173e-01 -6.848732409096e-02
4.681368546173e-01 -1.136084629969e+00 -2.303916925773e-01
-6.848732409096e-02 -2.303916925773e-01 -6.893290460675e-01
Mode 12
-1.536824766961e+00 7.126003298883e-02 -8.245656419807e-01
7.126003298883e-02 1.190189163548e-01 1.737639582349e-01
-8.245656419807e-01 1.737639582349e-01 -1.209136600111e+00
Mode 13
8.383445121819e-01 1.345113792293e-01 5.568877696992e-01
1.345113792293e-01 3.823164150010e-01 5.495033943579e-02
5.568877696992e-01 5.495033943579e-02 1.182678097757e+00
Mode 14
-2.931513724239e-02 -5.014555899387e-01 -4.339672143732e-01
-5.014555899387e-01 -9.966396435368e-01 2.182830127555e-01
-4.339672143732e-01 2.182830127555e-01 -3.569375553704e+00
Mode 15
-4.856116298029e-03 1.010105356821e+00 -1.155208764830e+00
1.010105356821e+00 2.063950027717e-01 1.936372355873e-01
-1.155208764830e+00 1.936372355873e-01 -1.524612994349e+00
Mode 16
-2.831240991866e-01 3.518952245316e-01 8.669683850340e-01
3.518952245316e-01 -2.333609950449e-01 -3.099781158453e-01
8.669683850340e-01 -3.099781158453e-01 3.391355411786e+00
Mode 17
1.420431877338e+00 8.502682175227e-02 -1.106864739222e+00
8.502682175227e-02 -7.089204456688e-01 -2.425883056483e-01
-1.106864739222e+00 -2.425883056483e-01 3.914463349888e+00
Mode 18
-1.723348701126e+00 4.885478755773e-01 2.412319940168e-01
4.885478755773e-01 -3.552940237097e-01 4.029394205719e-02
2.412319940168e-01 4.029394205719e-02 -8.474863908657e-01
Mode 19
-1.939580322216e+00 2.050393296906e-01 1.091493135571e+00
2.050393296906e-01 -5.517189137156e-01 2.130571897066e-01
1.091493135571e+00 2.130571897066e-01 -8.601733033331e-01
Mode 20
1.076294448710e+00 -1.808715740814e-01 6.118896123553e-01
-1.808715740814e-01 8.068931175270e-01 -5.510286670974e-01
6.118896123553e-01 -5.510286670974e-01 -9.862300135755e-02
Mode 21
-1.302015797288e+00 -3.161176333575e-01 1.462084167154e+00
-3.161176333575e-01 -6.291881433607e-01 -5.259774941514e-02
1.462084167154e+00 -5.259774941514e-02 2.388275101921e+00
Mode 22
8.613214011190e-01 6.831987395302e-01 -1.378937201424e+00
6.831987395302e-01 4.499922994650e-01 3.221240060252e-01
-1.378937201424e+00 3.221240060252e-01 -3.098772643914e+00
Mode 23
-7.480072273920e-02 -5.277848969479e-01 3.856376268233e-02
-5.277848969479e-01 -4.169079627667e-01 1.307929772854e-01
3.856376268233e-02 1.307929772854e-01 -4.848680854631e-01
Mode 24
-1.189378339489e+00 5.056525346642e-01 7.856473854191e-02
5.056525346642e-01 -4.217974257838e-01 1.374082410254e-02
7.856473854191e-02 1.374082410254e-02 -6.124116539866e-01
Mode 25
-6.491081589010e-01 -4.143682746686e-01 1.400475379973e+00
-4.143682746686e-01 8.467525464405e-01 -9.048019037895e-01
1.400475379973e+00 -9.048019037895e-01 2.314703341526e+00
Mode 26
-1.825576974626e+00 5.421795460251e-02 1.000252122175e+00
5.421795460251e-02 -3.604493756343e-01 -5.607489171767e-01
1.000252122175e+00 -5.607489171767e-01 1.781240193768e+00
Mode 27
5.918348594348e-01 -5.350596201045e-01 3.581167245758e-02
-5.350596201045e-01 -3.398086446829e-01 -1.844617267056e-01
3.581167245758e-02 -1.844617267056e-01 1.050591404413e+00
Mode 28
3.082918917916e+00 -6.019863587470e-01 1.059494284118e+00
-6.019863587470e-01 9.655810516483e-01 -3.034458446827e+00
1.059494284118e+00 -3.034458446827e+00 8.168946267761e+00
Mode 29
1.546480475200e+00 -1.927351017764e-01 -8.543712027219e-01
-1.927351017764e-01 -8.094162985144e-01 1.143027200443e+00
-8.543712027219e-01 1.143027200443e+00 -3.007760106174e+00
Mode 30
5.774008892439e-01 -7.104570367293e-01 -1.605416916998e-01
-7.104570367293e-01 -2.497004544574e-01 3.113173005939e-01
-1.605416916998e-01 3.113173005939e-01 -5.467194920430e-01
Mode 31
7.262926391236e-01 3.460726339247e-01 -2.147313723119e+00
3.460726339247e-01 -2.117988285968e-01 1.639240861006e+00
-2.147313723119e+00 1.639240861006e+00 -4.913340875596e+00
Mode 32
1.937237150679e-01 5.852815646139e-02 -1.191090529087e-01
5.852815646139e-02 -3.753411518801e-01 1.456453306185e-01
-1.191090529087e-01 1.456453306185e-01 -6.950886482079e-01
Mode 33
-2.550183019446e-01 -9.361024926054e-02 -2.464926146043e-02
-9.361024926054e-02 -2.226133955445e-01 1.105013371317e+00
-2.464926146043e-02 1.105013371317e+00 -7.438358914540e+00
Mode 34
9.435980453773e-02 -6.629997596144e-01 -5.176276896540e-02
-6.629997596144e-01 3.967596699383e-01 1.791543766275e+00
-5.176276896540e-02 1.791543766275e+00 -4.328582418764e+00
Mode 35
7.711002116919e-01 4.106790968038e-01 -8.575862531257e-01
4.106790968038e-01 6.947132382287e-01 -2.294247495776e+00
-8.575862531257e-01 -2.294247495776e+00 6.404950281870e+00
Mode 36
1.832240603131e+00 -6.988225029305e-01 1.076272182909e+00
-6.988225029305e-01 3.796274988422e-01 -2.181515117222e+00
1.076272182909e+00 -2.181515117222e+00 4.433584067457e+00
Mode 37
2.443398805091e+00 -5.966805786158e-01 1.154062205912e+00
-5.966805786158e-01 1.356128261443e+00 -1.865577348858e+00
1.154062205912e+00 -1.865577348858e+00 5.706000403530e+00
Mode 38
2.823647133947e+00 -6.514062551396e-01 -7.831805451088e-02
-6.514062551396e-01 3.653488088760e-01 -2.248531429368e-01
-7.831805451088e-02 -2.248531429368e-01 -9.197968382559e-01
Mode 39
6.982517182051e+00 -9.301947189297e-01 2.454804539322e+00
-9.301947189297e-01 1.593955291348e+00 -2.619974300591e+00
2.454804539322e+00 -2.619974300591e+00 7.570809929830e+00
Mode 40
9.743741325649e-01 1.328340418035e+00 -4.016507142580e+00
1.328340418035e+00 7.607244172856e-01 -2.387386771727e+00
-4.016507142580e+00 -2.387386771727e+00 4.696830504203e+00
Mode 41
-4.424641007062e+00 1.244492264508e+00 -3.635488674801e+00
1.244492264508e+00 -4.568759508246e-01 2.610337449026e+00
-3.635488674801e+00 2.610337449026e+00 -8.338376390949e+00
Mode 42
3.007901028308e+00 -3.043436677064e-02 -7.879053064294e-01
-3.043436677064e-02 -1.006454223343e+00 1.849375118933e+00
-7.879053064294e-01 1.849375118933e+00 -7.959238219435e+00
Mode 43
1.581893007038e+00 -1.457476554692e+00 -6.137024279069e-01
-1.457476554692e+00 1.932163432745e+00 -9.422789446511e-01
-6.137024279069e-01 -9.422789446511e-01 -3.483774615232e+00
Mode 44
6.004054216258e-01 -1.445388926381e+00 2.723134900849e-01
-1.445388926381e+00 -3.637424176606e-02 1.418007426877e+00
2.723134900849e-01 1.418007426877e+00 -5.106919420043e+00
Mode 45
4.065816580018e+00 -1.439216258772e+00 -8.173110767036e-01
-1.439216258772e+00 -7.739261899510e-01 -1.204892227762e+00
-8.173110767036e-01 -1.204892227762e+00 4.073222732241e+00
Mode 46
-2.312822249399e+00 -9.063637457199e-01 -1.634374983803e+00
-9.063637457199e-01 1.587904680132e+00 -7.922864026529e-01
-1.634374983803e+00 -7.922864026529e-01 2.320877859338e+00
Mode 47
8.105075409443e-01 1.091251032368e+00 -7.176256987103e-01
1.091251032368e+00 -7.806511771250e-01 -2.103785885659e+00
-7.176256987103e-01 -2.103785885659e+00 1.617542717177e+00
Mode 48
1.102235398883e+00 -5.801461334312e-01 1.127806915739e+00
-5.801461334312e-01 9.232287049366e-02 -1.385442850902e-01
1.127806915739e+00 -1.385442850902e-01 2.087272192251e+00
Mode 49
-2.947208033132e+00 -3.222839039447e-01 6.201353005978e-01
-3.222839039447e-01 1.399280237282e+00 -4.023272576314e+00
6.201353005978e-01 -4.023272576314e+00 1.044747434439e+01
Mode 50
-8.157523554551e+00 2.059499857240e+00 -1.753275014670e-01
2.059499857240e+00 1.020224140106e+00 -2.685900820348e+00
-1.753275014670e-01 -2.685900820348e+00 7.834163907132e+00
Mode 51
-6.503265626421e+00 1.184411284802e+00 -3.318107303149e-01
1.184411284802e+00 -6.663232817033e-01 8.117243078074e-01
-3.318107303149e-01 8.117243078074e-01 6.986404171085e-02
Mode 52
6.186407923233e+00 -1.389561423191e+00 -1.035160238488e+00
-1.389561423191e+00 5.491720763640e+00 2.774344499793e-02
-1.035160238488e+00 2.774344499793e-02 5.133875125574e-01
Mode 53
-1.165205587178e+01 2.083539437377e+00 -2.908210620851e+00
2.083539437377e+00 -5.617649203778e+00 3.717048327959e-01
-2.908210620851e+00 3.717048327959e-01 -6.094115537702e+00
Mode 54
4.431721473095e+00 1.633584546823e+00 8.422725770891e-01
1.633584546823e+00 -2.689107479638e+00 -1.119248810509e+00
8.422725770891e-01 -1.119248810509e+00 8.819857933052e-01
Mode 55
3.698985974549e-01 -5.226935295380e+00 -4.805976108019e+00
-5.226935295380e+00 -8.562820594581e-01 2.720899307360e-01
-4.805976108019e+00 2.720899307360e-01 -2.076251578019e+00
Mode 56
4.808775854661e+00 2.018347731470e+00 5.966978935136e-02
2.018347731470e+00 -7.762752116414e-01 5.428755460520e+00
5.966978935136e-02 5.428755460520e+00 -3.660414264268e+00
Mode 57
7.812121372153e+00 5.006654093399e+00 -3.016216262273e+00
5.006654093399e+00 7.235139523652e-01 -5.433420449239e-01
-3.016216262273e+00 -5.433420449239e-01 -3.738241636525e-01
Mode 58
3.143431930076e-01 1.139938024801e+00 -1.281106879052e+00
1.139938024801e+00 -4.704106601145e+00 5.568589319453e+00
-1.281106879052e+00 5.568589319453e+00 -6.972218232367e+00
Mode 59
-4.976399819966e+00 -2.421792678948e+00 2.890107910761e+00
-2.421792678948e+00 -3.240344133216e+00 3.409644227900e+00
2.890107910761e+00 3.409644227900e+00 -4.282793220950e+00
--
