Number of atoms 
19
--
Anisotropy 
102.764
--
Frequencies 
21.531223438993
25.167979205776
28.237533577726
34.614590457830
51.564720082136
72.347606336460
102.145624759106
132.992854238313
142.569048458261
207.124696411690
226.009901176903
282.649069104932
298.314767947673
306.233039341462
333.038207519218
367.818242216905
426.717071946655
448.213954971716
459.894757420573
503.045830187975
522.537857173333
557.357431508111
605.486252133529
630.069900265531
694.445756581531
706.285586349680
725.545925485217
735.821368392178
825.256230171036
850.885028742124
898.118931559024
926.863918133936
1036.474751740669
1116.464361076995
1127.670729807174
1177.979413083487
1205.011000212213
1212.832479655049
1241.485146402381
1323.726900893167
1341.304979880389
1387.511613720943
1413.820846261465
1438.084716786963
1528.326458670529
1616.355493833812
1662.976173794972
1929.745672333744
3109.849175676693
3216.843784605006
3218.920963565373
--
Displacements 
Mode 0
1.769143726969e-02 -2.831922516825e-01 -1.241824783683e-01
-1.264911723836e-02 -1.108830874997e-01 -1.296651412360e-01
-4.733258276232e-03 -7.044597546941e-02 -5.130081257101e-02
2.862246489486e-02 2.287345238844e-02 -4.675935573314e-02
4.509958594018e-02 6.942465851377e-02 -1.945837878018e-02
7.675856722583e-02 1.239981707133e-01 -1.594959705519e-02
8.725658607224e-02 1.572714305894e-01 6.120752925340e-03
7.175866160522e-02 1.859114240203e-01 -9.453895833341e-03
2.309181285102e-01 3.482786020075e-01 9.320749539129e-02
9.301552526019e-02 1.314448237046e-01 -4.004680538139e-02
7.789159685505e-02 1.024279590037e-01 -7.098186512141e-02
4.577276962312e-02 4.767808834146e-02 -7.067294463005e-02
3.984983601416e-02 1.299870435762e-02 -1.208632107103e-01
2.590295001634e-01 2.176542764994e-01 -6.818093123785e-02
-4.348987766807e-02 -1.433897770210e-01 -3.047098897875e-01
-6.700562521360e-03 -1.707807333822e-02 -3.898962551113e-02
9.008821056371e-03 1.488750480323e-02 -2.408092336355e-04
2.687000025585e-02 3.238934813324e-02 -2.754660627877e-02
-3.362505612839e-01 -2.753879910397e-01 2.766490055058e-01
Mode 1
-3.297348194283e-01 -1.335065528077e-01 -1.536320328272e-01
1.368743936563e-01 -1.421005793922e-01 -9.473430409076e-02
-1.443423308046e-01 4.350478207998e-02 -3.693216216099e-02
-5.354330440182e-02 4.525185564733e-02 -3.139324304739e-02
-3.820511703452e-02 3.686185583228e-02 1.989996987288e-03
-1.175617094764e-02 3.111045879569e-02 3.077558406965e-03
2.250490904056e-03 -1.000709987221e-02 3.013895935967e-02
8.881262107297e-02 -4.516857179053e-04 1.163568409248e-01
-1.855837548646e-01 -1.731847043343e-01 -8.436487164020e-02
4.808113461609e-03 4.783014747019e-02 -2.068559972415e-02
-1.159950469277e-02 5.442495522792e-02 -5.057577765413e-02
-3.966192603022e-02 3.821002687669e-02 -5.148297914490e-02
-5.413644354457e-02 1.024665721131e-02 -8.023999275294e-02
8.711075134961e-02 9.530402035482e-02 -3.502900861754e-02
7.220436519293e-01 1.775771918931e-01 1.549279752462e-01
8.807216123651e-02 -1.560752906399e-01 -8.677455849988e-02
-1.524491043392e-02 8.783729562517e-03 6.525363177632e-03
7.954419031538e-04 1.767403010938e-02 -2.140240700135e-02
-4.869543103712e-02 -1.036517273298e-02 1.115543629320e-01
Mode 2
1.440477570928e-01 -9.868616057645e-03 1.020740436035e-02
-2.737704101481e-02 3.328187886595e-02 -8.968215786220e-03
1.564382493489e-02 8.402427080608e-03 -1.940545551951e-02
-4.314129297254e-03 1.653649633689e-02 -1.742822041526e-02
-3.962189439610e-03 6.814717816721e-02 -2.415837144791e-02
-1.858715457424e-02 6.792139288121e-02 -2.317024159241e-02
-2.200844205910e-02 9.731829256716e-02 -3.138586919241e-02
8.710748967929e-02 2.436550248697e-01 2.289742431565e-01
-2.987073922875e-01 -1.771802365184e-01 -7.173997740355e-01
-1.851984323942e-02 2.018802913275e-02 -1.902687089194e-02
-1.557628515562e-02 -1.486772526728e-02 -1.268210757911e-02
-9.126598810972e-03 -1.937025307006e-02 -1.253904938173e-02
-1.257058503562e-02 -6.662131719846e-02 -1.029563236664e-02
7.645355329634e-03 9.504021786900e-03 -3.145300115897e-02
-1.730000245408e-01 -4.076112422156e-02 -1.479374944662e-01
-2.344055436021e-02 4.035726889046e-02 2.027184041926e-02
2.248106478990e-05 3.071397101297e-02 -7.550036973979e-03
-5.100087804573e-03 -1.115139395609e-02 -2.438477502914e-03
1.379245470847e-01 -3.530842369155e-02 3.373322416849e-01
Mode 3
3.176453627228e-01 -2.963495430729e-01 -4.875645713460e-02
8.480793652749e-02 -5.377208154026e-02 -9.285043157107e-02
-3.932231998846e-02 5.988631007017e-02 -3.293697160096e-02
-4.644017778893e-02 9.280448420756e-02 -3.338755940649e-02
-6.325922692880e-02 1.454184235444e-02 -5.266371787975e-02
-8.610609465475e-02 -1.383863797568e-02 -5.494550967308e-02
-9.456196569300e-02 -9.472257336005e-02 -7.058936945749e-02
-1.107854635157e-01 -2.075504137626e-01 -2.135331044327e-01
-1.526147899436e-01 -9.989435546343e-02 1.909143611953e-01
-1.023467350114e-01 2.388124346508e-02 -3.358638107481e-02
-8.931424258392e-02 1.199018278775e-01 -1.035800162093e-02
-5.941245231994e-02 1.530981394076e-01 -9.329290219558e-03
-5.109197693942e-02 2.713561657009e-01 2.401200931940e-02
-2.532069148033e-01 -1.544448718043e-01 -5.405492707191e-02
1.159657310754e-01 -2.658540060850e-02 -4.472656539064e-01
1.089388124209e-02 -7.178935779862e-03 3.086736809604e-03
-1.586653299348e-02 -1.121585141235e-02 -2.031271749924e-02
-2.970793003439e-02 4.218382439120e-02 2.752925299076e-03
2.054860464226e-01 1.010057531146e-01 2.474935021702e-01
Mode 4
-4.302669620116e-01 6.580863491880e-03 -1.377004575639e-01
-4.520001961814e-02 -9.498871405892e-02 -7.092047133720e-02
1.831245978066e-01 -2.008731504564e-01 -2.015559776850e-02
1.024047802235e-01 -8.481169085117e-02 -2.332030506627e-02
6.959096145857e-02 -1.428271299228e-01 -8.405124912996e-02
7.049070066559e-03 -6.340263382477e-02 -8.826178855203e-02
-3.022185596145e-02 -2.196727174807e-02 -1.629030680232e-01
-1.507294033528e-01 -2.661744260989e-02 -2.780454235527e-01
1.912703006275e-01 1.068975249069e-01 -2.590051964420e-01
-3.156280704891e-02 2.700589145000e-02 -3.430380537377e-02
2.419914531158e-03 1.281458612773e-01 2.347348829410e-02
7.276393434824e-02 9.869976695883e-02 2.658687783671e-02
1.298064484001e-01 2.903815244309e-01 9.857079404424e-02
-2.060112073853e-01 -9.580786261392e-02 -5.569288198601e-02
-7.761451433807e-02 -1.719968391666e-01 2.605595554576e-01
1.051488691289e-02 -2.433871430903e-02 -8.499821031718e-02
2.802601989450e-02 -6.984170083129e-02 -3.814537527278e-02
-8.374462587744e-03 6.417722494334e-02 2.016268173134e-02
7.209445585640e-02 5.976912608763e-02 2.572570373182e-01
Mode 5
1.048528426044e-01 2.091414728503e-01 -5.061611463559e-02
3.018102733412e-02 2.976088479889e-02 -7.717869625319e-03
7.982596284671e-02 -7.175490908132e-02 -1.346972903520e-01
2.899062826104e-02 -9.949195392694e-02 -1.131178385254e-01
2.598084476456e-02 -7.633136215744e-03 -1.247422635140e-01
2.178511621966e-02 3.696343950564e-02 -1.225205663356e-01
2.044165819382e-02 -7.229032128840e-02 -1.283727190196e-01
7.388280773430e-02 -2.331898529384e-01 -3.057803333169e-01
-9.824831112234e-02 -1.547485928923e-01 1.468498706106e-01
1.591518789352e-02 5.299308998125e-02 -1.166879709660e-01
1.974904536093e-02 -8.191462368204e-02 -1.094107175017e-01
2.074165206217e-02 -1.901685693350e-01 -1.070304312220e-01
1.658647336074e-02 -4.641124914516e-01 -1.364469652713e-01
3.926352904716e-02 2.122801849212e-01 -1.921709388826e-01
-3.471952164448e-02 -2.540687596776e-02 1.062755387522e-01
2.862295985663e-03 1.244898187033e-02 1.244163302274e-02
8.589191472693e-03 3.125830537445e-03 -3.748450977929e-02
5.664221292258e-03 -3.450123221075e-02 -3.098119888108e-02
-9.174420858711e-02 2.369009016861e-01 3.749367941894e-01
Mode 6
2.978850231208e-01 1.419270250829e-01 8.969332014809e-02
3.273252704495e-02 1.334144623992e-03 9.081696888126e-02
-1.788544378789e-01 -2.259956894072e-02 -1.001557142028e-01
-1.352396973366e-01 -1.820551504285e-01 -7.913527926508e-02
-1.193267349666e-01 -3.842675592205e-01 -3.285026802580e-02
-6.022461407250e-02 -3.037251193964e-01 -2.315138301458e-02
-2.830268396088e-02 -1.220122761553e-01 4.773944207214e-02
-1.442036561538e-01 4.220027467294e-02 2.100358550464e-01
3.842329440517e-01 2.107713378647e-02 -1.302362570761e-01
-3.801037421725e-02 -8.360332827347e-02 -5.917190942791e-02
-6.125284532710e-02 2.872170158144e-02 -1.109364516521e-01
-1.077933578842e-01 -9.551732272486e-03 -1.068210930327e-01
-1.438342159399e-01 2.148317841781e-01 -1.774621272785e-01
9.562730905754e-02 1.248154564500e-01 -9.713133793169e-02
1.055043271022e-01 4.894295617540e-02 7.452954439746e-02
-5.341761545839e-03 -2.769720673766e-02 7.969547131339e-02
-4.323894354966e-02 -1.424572052150e-01 4.921701806241e-04
-1.183182899902e-02 5.370693332593e-02 -4.373296082056e-02
-5.693964019437e-02 7.801922741892e-02 1.317104874567e-01
Mode 7
-2.300673671774e-01 -9.372337233431e-02 -8.877479884080e-02
-8.783697252306e-02 1.232888777980e-01 -1.138428542635e-01
-1.274108035044e-01 2.751531465208e-01 4.546220649468e-02
2.979909996756e-02 1.210972142119e-01 4.763460910712e-02
6.057677053907e-02 3.002116001960e-02 9.554741941665e-02
8.856462860223e-02 -1.504587357982e-01 8.818093243740e-02
6.171351042026e-02 -1.454534153157e-01 -1.514519737196e-03
-8.457941407542e-02 -1.583383260784e-01 -1.084455548484e-01
4.029364788895e-01 -1.154597719438e-01 -2.301941054951e-01
8.027601577549e-02 -1.885510712329e-01 8.788742619859e-02
6.798258634958e-02 -2.268383857613e-01 4.730111804237e-02
4.343446779944e-02 -8.356957047876e-02 2.942706043880e-02
3.286784906149e-02 -1.645602719540e-01 -1.914263352447e-03
-2.158376572895e-02 -6.820912426582e-02 1.659203509866e-01
-1.160574313430e-02 2.473389468627e-01 -3.430996608473e-01
-1.623733856446e-02 3.312787789745e-02 -5.401747845602e-02
1.314515788328e-02 3.335037197720e-02 3.664047310660e-02
2.521448873745e-02 -9.305965589904e-02 6.498281465034e-03
-1.224397676780e-01 1.766072476406e-01 1.143283747325e-01
Mode 8
4.442790933165e-02 -7.265976463564e-02 1.729195047607e-01
-4.493412078958e-02 -3.199240471983e-02 1.243485097181e-01
-1.745686709256e-01 1.296288672609e-02 1.082365291150e-01
-7.772221475751e-02 7.279535165305e-03 8.969232753761e-02
-4.391670293427e-02 1.931715758948e-02 1.328539297231e-01
-8.719515936141e-03 6.408152035789e-02 1.335356451443e-01
-1.128713700899e-01 -1.080917132867e-02 -7.446547550335e-02
-3.652727855472e-01 -1.755369530766e-01 -4.795666932424e-01
-1.142184420392e-01 4.319002531458e-02 -2.311531467809e-01
2.490242801406e-02 1.057396547115e-01 8.542151412299e-02
-2.528664438861e-03 9.676208698840e-02 3.288361867345e-02
-4.838691426106e-02 3.067554832503e-02 3.901922018171e-02
-8.794283426257e-02 -4.494047341704e-03 -6.506242248651e-04
4.016462590912e-01 2.948230345358e-01 1.345007550443e-01
4.629381447696e-03 1.362304725536e-02 7.390325414909e-02
-1.793558177414e-02 -2.250156716673e-02 5.611688413871e-02
-1.808373541376e-02 1.193804024238e-04 4.597552728585e-02
5.258264008998e-03 3.868569503751e-02 -5.587079695744e-04
1.319677098720e-01 -1.414591780280e-01 -7.372831163822e-02
Mode 9
8.078175052068e-02 -5.744940253474e-02 1.654678586441e-01
-4.508887844503e-02 -7.759348376398e-02 1.268408187277e-01
-1.886033042341e-01 -5.673375922669e-02 6.057904625018e-02
-8.776623513604e-02 7.586728753646e-02 3.627744038878e-02
-3.508357619637e-02 1.693971569202e-01 7.516068775982e-02
1.117756404352e-01 1.573772820123e-01 6.170920459959e-02
1.436338932359e-01 -1.112977638190e-02 3.608669982657e-02
1.887944360150e-01 -1.075549295138e-01 -7.238619718471e-02
2.737520706042e-01 -7.845372842354e-02 -1.404103904818e-01
1.224003328514e-01 2.263712359931e-01 1.503912410388e-02
1.064004190484e-01 3.595330431272e-01 -3.971038088395e-02
-3.161194309407e-02 1.506237174819e-01 -5.278779299773e-02
-1.742982189838e-01 -1.950164192291e-01 -3.129500597485e-01
-3.004394851016e-01 -2.818853742914e-01 2.304767750672e-02
-1.312608403522e-02 -6.343520674774e-02 1.650998705373e-01
-1.991308544192e-02 -3.860844342760e-02 6.269180588995e-02
-2.376875092347e-02 4.058594252344e-02 4.185587125131e-02
4.127031449277e-02 1.094734215419e-01 -2.838194570330e-02
-3.132474880548e-02 2.430116027655e-02 -2.151237049395e-02
Mode 10
8.225414658921e-02 -4.418026114743e-02 7.456657514691e-02
-1.544680069417e-03 -8.394960729393e-02 6.612983423618e-02
-8.635553331567e-02 -8.923587219459e-02 -2.930983972364e-04
-2.599365621221e-02 -4.992526805060e-02 -5.919273628811e-03
2.706459467222e-02 1.570386305351e-01 4.710833302802e-02
1.082927091058e-01 1.135989782790e-01 4.453947763523e-02
8.844389262902e-02 1.078208548468e-01 -1.628773341483e-02
1.170507872289e-01 -7.457943961398e-03 -1.841318914470e-01
-1.369940082611e-01 3.952316983173e-02 -1.357094256932e-02
1.309990646955e-01 -2.633375891514e-01 1.028196696048e-02
1.123616644659e-01 -4.635031037473e-01 -5.741331249421e-02
1.618466889015e-02 -1.127144179346e-01 -8.109562076832e-02
-6.138072839108e-02 4.604118786584e-01 -3.272490297177e-01
6.698155152948e-02 -1.766976360931e-01 5.446899295262e-02
6.572992930674e-03 -1.063743311181e-01 1.474875346845e-01
-5.659876663947e-03 -3.370691995593e-02 3.372956716708e-02
-5.398906024314e-04 9.903726294555e-02 3.060408444125e-02
4.361508136534e-02 -1.779188488002e-01 -3.224579750733e-02
-1.017175520518e-01 1.407677674958e-01 6.489072184157e-02
Mode 11
1.995752836368e-02 -2.812400777913e-02 -6.818548290382e-02
1.326524988284e-01 -1.546959421875e-02 -4.639392819925e-02
3.740606339174e-01 -6.038908667664e-02 4.941843285998e-02
-1.057795193081e-01 2.802254907684e-01 7.899503478594e-03
-1.392239623773e-01 4.147169968974e-01 -8.173712006647e-02
-1.261945796987e-01 -3.442248922740e-03 -5.524750111128e-02
-5.437333824328e-02 -1.322126867811e-01 4.894694431522e-03
-2.195444495997e-02 -1.102735856591e-01 1.043118945538e-01
3.041133027291e-01 -1.184952602396e-01 -4.683296744295e-02
-1.583466760118e-01 -1.181137178330e-01 -1.591993540990e-02
-1.471712617469e-01 -1.057046880879e-01 4.172417609300e-02
-1.803901377246e-01 9.105063131505e-02 6.875003306926e-02
-3.150020171393e-01 2.983378525770e-02 -1.479197879662e-02
1.143477001346e-01 1.824136765553e-01 -3.686310694106e-02
-3.477267058972e-02 -1.928225081239e-01 1.388406945195e-01
4.529482894326e-02 3.672406214040e-02 -5.673043803709e-02
-4.080342023479e-02 1.670315076800e-01 -1.890016120399e-02
-4.623458639073e-02 -5.672772117627e-02 1.776543128723e-02
2.310713093632e-02 -2.755321891874e-02 -3.667113890473e-03
Mode 12
-3.596776856150e-02 1.090951119362e-02 -8.107295325793e-02
1.377791770141e-01 8.628345681639e-02 -6.949554370761e-02
4.294782205402e-01 2.813696529462e-02 7.849909120150e-02
7.348230314504e-02 6.308962509194e-02 5.602004528066e-02
5.040907565170e-02 -1.554391867942e-01 5.979832287067e-02
3.132352210601e-02 -1.482599487780e-01 9.248078835814e-02
-8.370636918160e-02 -2.190258545223e-02 7.684852619187e-02
-3.661237516572e-01 1.135655706545e-01 7.025997812189e-02
-2.203134116627e-01 2.462072481272e-02 6.190478113513e-02
1.056100586955e-01 -2.512699846775e-02 4.113670455042e-02
1.464140044946e-01 1.242423991955e-01 2.425947838996e-03
8.648363358781e-02 9.076052857408e-02 -1.464269929940e-02
-1.491603567879e-01 -1.310237581448e-01 -5.218575398965e-01
8.656849033468e-02 -1.969511845595e-01 1.430557575447e-01
6.167899077929e-03 -2.379489132387e-02 -3.944622667293e-02
4.849833757360e-02 7.241298993870e-02 -7.335578857656e-02
1.135746011437e-02 -7.726475044973e-02 1.873595191084e-02
3.884154766446e-02 4.347935284083e-02 6.908390525902e-03
-4.679350442885e-02 6.715813577330e-02 1.643865938903e-02
Mode 13
-1.291092720715e-01 -3.573736336672e-01 3.809982495923e-01
-2.224464750422e-02 7.166003905875e-02 1.919723683452e-01
3.922142214379e-02 1.620279764878e-01 2.579970407801e-01
8.611108118483e-02 8.297189108067e-02 1.474398656880e-01
1.647072433381e-02 2.111240746051e-02 -2.980763139785e-02
-6.370451113296e-02 -7.265491080074e-02 -7.758609644088e-02
-5.170240520666e-02 -2.824114633023e-02 -2.518694476911e-03
-9.043964427745e-02 3.547138319583e-02 6.897892133362e-02
2.613082685012e-03 -2.401682320521e-02 3.232412403930e-02
-8.430693164085e-03 -3.409204693805e-02 -1.926559242751e-01
9.343984406344e-02 -8.238819296191e-02 -2.191183242625e-02
1.611515379189e-01 -1.336198382328e-02 1.092400936427e-02
1.315202194331e-01 1.478765687327e-02 -1.558898477779e-01
-1.298533362543e-01 1.694563560089e-01 -5.440937782806e-01
-3.942395907866e-02 1.300943890393e-01 8.324688651684e-02
-5.711091165602e-03 5.239140602733e-02 3.403673180968e-02
3.418020797666e-02 1.133214248683e-02 -4.981949430031e-02
-8.497530704400e-04 -2.608333486342e-02 3.790826302138e-02
2.322781890382e-02 -3.755845421803e-02 8.682890216671e-03
Mode 14
8.696641587054e-02 4.762519832629e-02 -4.160947770288e-02
-5.346071492768e-02 -1.032226760332e-01 -2.858543059276e-03
-2.263653519855e-01 -5.700991571550e-02 -7.269976938526e-02
4.103450644633e-02 1.417974710455e-01 -4.537578758550e-02
5.298805848450e-02 2.824267206210e-01 1.974026395711e-02
-4.979882193974e-02 -8.514801868541e-02 1.468854414313e-02
-1.022707765099e-01 -8.586804645751e-02 4.673285099889e-02
-3.168253808292e-01 5.117643022233e-02 1.168753809244e-01
7.787189495328e-03 -8.374885446837e-02 3.753048686308e-02
2.337825957391e-02 -1.283312663665e-01 -7.876515049849e-02
8.549481023388e-03 1.321326793475e-01 -1.158327655346e-01
1.055888898119e-01 1.217468215471e-01 -1.000304496016e-01
3.034036521789e-01 -7.838935905857e-02 1.799991851979e-01
3.666061931503e-01 -4.024888666507e-01 -2.020227620338e-01
-2.274768489027e-02 -1.170754390984e-01 1.097395921002e-01
-1.900882741013e-02 -5.897140397107e-02 2.816220786017e-02
2.617828223579e-02 1.283695428074e-01 -6.457654022320e-03
-2.213969194977e-03 5.215921690465e-02 -2.673920857191e-02
-1.171399322730e-01 1.683200212876e-01 4.088458134935e-02
Mode 15
1.011476514834e-01 1.788490083742e-01 -1.816078336655e-01
-2.433554220450e-02 -1.010714915854e-01 -7.110642245189e-02
-1.747999146054e-01 -7.260401192772e-02 -8.156595887469e-02
6.691150859611e-02 4.769482219852e-02 -1.268725002503e-02
1.084252016106e-01 1.943380026255e-01 1.104359856718e-01
4.301164847619e-02 1.379928386603e-02 1.183211546578e-01
-5.377802189589e-02 2.345717619820e-04 1.267398863168e-01
-3.675692629988e-01 1.120280487395e-01 9.059611354870e-02
5.862526389574e-02 -1.982938933489e-01 6.943339591891e-02
9.079859838113e-02 2.622215861430e-02 3.004081598256e-02
1.052743976496e-01 -8.476152413564e-02 -2.373734747885e-02
1.322858270890e-01 -2.508788591994e-02 -6.446999555091e-02
1.857400609128e-01 4.917561305398e-02 -1.313316742708e-01
-4.497818332716e-01 4.249098158889e-01 7.456395432717e-02
1.311512503466e-02 -1.320335924258e-01 1.767479908420e-02
-8.469043773777e-03 -6.248746645500e-02 2.073366827332e-03
3.226775556453e-02 8.932628198046e-02 3.308026456923e-02
3.191332261288e-02 -3.591778688746e-02 -7.055029919756e-03
9.824957918397e-02 -1.456543879892e-01 -2.488624954891e-02
Mode 16
6.730636453834e-02 -6.019109037387e-02 -1.470419720044e-02
-2.467137938742e-02 -4.986195007477e-02 -1.219324395328e-02
-1.556250987351e-01 6.093667665408e-02 -2.297047791044e-02
6.584220557137e-02 2.477221880151e-01 -3.184951165133e-02
6.523121065270e-02 1.114101651148e-02 -4.591688569675e-02
-1.978423326198e-02 -3.107315482265e-01 -6.851198396987e-02
-1.222144761454e-02 -2.529802171346e-01 -8.499191995643e-02
2.385900861797e-01 -2.512629450937e-01 1.021090049124e-01
-2.274780774993e-01 4.538705694354e-01 -9.535193063084e-02
-3.747743349297e-02 -2.672412734842e-01 1.272678825034e-02
-1.476706674838e-02 4.007525463728e-02 -3.330023402832e-02
9.845708709311e-02 2.340200461016e-01 -6.439713249560e-02
1.310231098354e-01 -1.179963166659e-01 -1.189727984464e-01
-9.373171355874e-02 1.778010710333e-01 2.199463626726e-01
-4.338470122042e-02 -9.236974017070e-02 1.500473517729e-01
-6.639457501389e-03 -2.676905669761e-02 2.990219545828e-03
2.778046589684e-02 2.407955708566e-03 -2.542256009630e-02
-1.201555521254e-02 1.054753749901e-02 4.044228494402e-03
3.142578833499e-02 -3.776069621042e-02 6.307942218772e-03
Mode 17
-1.077836718173e-02 -2.449146601942e-01 1.745608847425e-01
-3.947586144681e-02 5.051433899642e-02 5.187919558058e-02
-5.721015399492e-02 5.990541371150e-02 -9.457937980893e-02
6.964271115020e-02 -5.240855607498e-03 -1.315698766411e-01
7.751266165654e-02 5.118903039103e-02 -2.102648925132e-01
-2.045469070141e-02 -7.705296318209e-02 -2.185750001506e-01
-3.619172481756e-02 1.423028100855e-01 -3.480455429110e-01
-9.013366141572e-03 3.754720979612e-01 -8.403596846634e-02
1.045723952088e-01 -3.118555278212e-01 1.616370158413e-01
-1.226851349503e-01 -1.191539080343e-01 9.488970229474e-03
-1.253423150598e-01 8.661359760333e-02 -5.817185653467e-02
2.122725715051e-02 4.512459837905e-02 -8.755941870860e-02
5.705868972726e-02 -3.337989988093e-02 -1.116215141225e-01
3.399957548505e-02 4.584977738104e-02 4.437190669556e-01
-5.245035815122e-02 1.108615008699e-01 1.335612862847e-01
-1.695222863401e-02 2.787784468193e-02 2.125525160841e-02
3.804653767650e-02 4.734175433147e-02 -8.112642482804e-02
-3.883951649953e-02 5.374146244522e-02 -1.293593596481e-02
7.681439460185e-03 -1.138605317455e-02 -6.741809705969e-03
Mode 18
8.968038047356e-02 -3.456848191456e-02 -1.009331306220e-01
1.164678237747e-02 -4.371228956116e-02 -5.742028906418e-02
-9.184818129199e-02 1.123433287748e-01 1.351931997373e-02
-5.536981596621e-02 4.329228629859e-01 -2.311648623762e-03
-5.884473758769e-02 -3.444859213415e-01 1.802713370621e-02
7.393198889558e-02 5.285552002821e-02 1.539903650487e-02
8.395647211595e-02 1.732255017370e-01 -5.738445659186e-03
-2.658411364548e-03 1.683192514618e-01 -1.252243878309e-01
2.074929601907e-02 -1.500465268523e-01 4.353401558556e-02
6.557005906019e-02 6.541717639016e-02 -8.410543341408e-03
3.578447902356e-02 -2.554347237933e-01 5.211415747254e-05
-5.157954935272e-02 4.192757996640e-01 2.704373016723e-03
-4.603675277861e-02 -1.316690573292e-01 1.348921180311e-01
2.013816366808e-03 -9.677418016545e-03 -9.898951288527e-02
-5.136120641106e-02 -1.466732982436e-01 1.709275172433e-01
9.948138963448e-03 -1.921861630663e-02 -2.803656922733e-02
-3.724143766046e-02 -3.014533833656e-01 1.837264660091e-02
2.343389510850e-02 -2.782573903029e-01 -1.280520604536e-02
-5.890446981882e-03 3.735471193066e-03 6.515013184949e-04
Mode 19
-3.445964976379e-02 2.142286314977e-01 -3.012102631177e-02
-1.918938037383e-02 -8.682955928130e-02 3.594610830013e-02
-8.641888334535e-02 -7.571901026241e-02 1.075048288850e-01
-2.633610148193e-02 -1.860451056513e-02 1.088978579089e-01
1.256331079348e-02 5.527989569594e-02 4.013541309427e-02
1.531829182796e-01 -3.248999822083e-01 -1.694152836401e-02
1.640538645222e-01 1.407059500293e-01 -1.600215300172e-01
8.428485766502e-02 2.508394441333e-01 -1.798888972236e-01
-8.531445601080e-02 -7.087140591161e-02 7.552405018109e-02
1.058285363538e-01 -4.328052645735e-01 3.639682910962e-02
1.495224077907e-01 1.912557136298e-01 1.734851862474e-01
-7.294896019073e-02 7.926072077168e-02 1.893830835113e-01
-2.636322998733e-01 -4.987095677283e-02 9.465096456194e-02
-3.270584328473e-02 9.444071137715e-02 -2.428605927539e-01
6.120963667849e-02 -7.407074324985e-02 -1.612362601453e-01
-6.093497743238e-03 -5.430534243582e-02 2.942734861867e-02
-4.245687412696e-03 1.197656144250e-01 3.377886523113e-02
4.603261371010e-02 1.834548253665e-01 3.922897024809e-02
5.559408071450e-03 -6.035950457324e-03 8.830117983437e-03
Mode 20
-8.600031350107e-02 3.573552793699e-01 4.322743132752e-02
-5.150184157812e-02 -1.682563595383e-01 1.183976745736e-01
-1.488061989512e-01 -1.623068710773e-01 1.975920361787e-01
1.512224183659e-01 5.847506594361e-02 1.942070780712e-01
6.992748632094e-02 -4.098381539807e-02 -3.689135119852e-02
-2.075521269213e-01 1.403387479653e-01 -8.769441437200e-02
-1.985843469272e-01 1.600812742378e-03 -1.761244279444e-01
1.124216864942e-01 -1.703709621392e-02 4.927504526187e-02
1.093275974880e-01 -4.599856816960e-02 1.344605562534e-02
-2.494767112475e-01 9.179225213861e-02 -1.759775219291e-02
-1.019817540673e-01 -9.848725681875e-02 1.705884927783e-01
1.874969253144e-01 1.287352421343e-01 1.412012882259e-01
5.606431026944e-02 -1.658873388719e-02 -2.913516591617e-01
1.169457155615e-01 -5.034510573144e-02 3.161711368705e-02
1.190653135474e-01 -1.074041566742e-01 -2.938750284906e-01
-1.971597490036e-02 -9.855101132357e-02 7.593300290729e-02
7.028828963813e-02 -9.987359048656e-02 -8.997277354555e-02
-8.565472900871e-02 -1.071892431047e-01 1.437608280247e-01
-9.142821633099e-03 1.221294307007e-02 -5.252863293854e-03
Mode 21
1.895714628229e-01 -1.127941016989e-01 -3.568556838146e-01
5.017520292217e-02 1.925994101417e-02 -1.893745309126e-01
-2.282802706638e-01 4.393577134818e-01 8.960320690027e-02
1.079140756307e-01 -2.341642388699e-02 1.272068908617e-01
9.483821080082e-02 -4.975313491337e-02 4.305944038932e-02
-5.683845956797e-02 -2.167041121798e-02 -1.079599452693e-02
-7.310612107266e-02 3.910789191395e-03 -1.320128338950e-01
7.203450967349e-02 3.185383857789e-02 2.208202817362e-03
2.695673269522e-02 -1.696372241829e-02 1.898975059014e-02
-1.029174493056e-01 1.300444557792e-01 5.045631719256e-02
-1.684743405059e-02 6.775148288510e-02 2.063088402874e-01
5.849013442633e-02 -3.409330193207e-01 1.868933701592e-01
-1.023802252736e-01 7.217722272838e-02 -1.153740657779e-01
6.480353345819e-02 -6.017054668111e-02 -1.054965992405e-01
-1.068264763287e-01 -1.854495938829e-01 2.931148063955e-01
3.488085947387e-02 -5.135990363510e-04 -1.092799480674e-01
5.397133977848e-02 3.625671028479e-02 -2.053283119712e-02
-3.540976464578e-02 1.192282342403e-01 1.049961746972e-01
-5.898164333097e-03 9.254978508265e-03 -3.799235672186e-03
Mode 22
-4.327857861029e-03 1.489649211079e-02 -6.354927997767e-02
9.190244649129e-02 3.564348546818e-02 -2.556651704373e-02
7.740709602082e-02 1.320503885091e-01 9.241577423486e-02
-6.379978940820e-02 -5.372869719896e-02 6.802950550794e-02
-1.267431966840e-01 -1.074750038103e-01 1.529283373396e-01
-1.993856623860e-01 1.148404417308e-01 1.558254390652e-01
-6.181434662556e-02 4.126738803910e-01 3.226010521606e-01
1.605804283590e-01 -9.526139765229e-02 -1.773087097109e-01
8.578682712602e-02 -9.234775960141e-02 -4.419303911289e-02
-1.777717780774e-01 -4.100263639309e-01 -2.596475969203e-02
-2.100253275025e-01 1.505950153322e-01 -1.504236122257e-01
7.544306622878e-02 3.546369405046e-02 -1.339760394861e-01
2.674711533507e-01 -5.645056346337e-02 -1.023541485454e-01
-2.325620330458e-02 5.005400227346e-02 8.583079244224e-03
-1.312725240672e-02 -1.006293641143e-01 1.148745761003e-02
3.737066196807e-02 2.429911009766e-02 -4.210336842494e-02
-3.036600596038e-02 6.050657784933e-03 3.739772482100e-02
-8.529728856559e-02 1.557312357166e-01 -9.918226390682e-03
-7.264441862179e-04 -4.823636444668e-03 -1.352690174654e-03
Mode 23
-2.090146727591e-01 2.045332586565e-01 1.907664769093e-01
2.627205981593e-01 -2.601849914878e-02 1.385318371359e-01
-1.753112117926e-02 3.112248642402e-01 1.676310025290e-01
-1.380845595249e-01 1.710928167479e-01 2.736141796762e-03
-1.895065527541e-01 -1.368870701895e-02 -7.295654747090e-02
4.601943462270e-02 -1.284565013174e-01 -7.781610114402e-02
7.008599108382e-02 -6.026613291515e-02 -9.105577532645e-02
-6.213421306332e-03 7.219669354518e-02 -1.215893603399e-02
-3.077454602294e-02 7.277617106261e-03 1.432996357907e-02
1.018308512517e-01 1.652963399130e-01 -8.174032966162e-02
3.680317581802e-02 1.289768368552e-02 -1.967493299464e-01
-5.949457488574e-02 -2.814067386548e-01 -1.504869440049e-01
1.300796571143e-01 5.980547389605e-02 7.696227442525e-02
-2.129463797365e-02 -2.192516446054e-02 1.475918997963e-01
4.904803133923e-02 -4.741422848024e-01 -1.784175339357e-01
9.188246687337e-02 -1.890582434707e-02 1.675116137653e-02
-6.568091358962e-02 1.110591106506e-02 -4.401516972936e-03
3.935136708171e-02 4.238009170738e-02 -1.048460417697e-01
7.256932153778e-04 -1.181767993955e-03 -2.226539705724e-04
Mode 24
7.036093263094e-02 -5.768752055822e-03 -1.049094725246e-01
-1.007357722034e-01 -5.156336300620e-02 -2.560315563313e-02
-7.199670406909e-02 -2.389753991413e-02 7.997281345114e-02
-5.377291089631e-02 2.161391812120e-02 1.061112312315e-01
-3.467970346719e-01 2.647952982435e-03 -4.288682055899e-01
-4.032320465254e-02 4.994667360171e-02 -3.146317478571e-01
2.017568291047e-01 6.807941362435e-02 3.644355425479e-01
-1.318103052126e-01 -6.783885369991e-02 -4.001397139981e-02
-2.388516757526e-02 -5.304904524833e-03 -4.131575657007e-02
3.120673459836e-02 -5.274354855003e-02 -2.486344206314e-01
2.841534602622e-01 2.487756241579e-02 1.845315888743e-01
9.601654380581e-02 -5.442030759834e-02 1.651674944397e-01
6.496678795773e-02 3.655406965352e-03 -1.162296379936e-02
3.488751771286e-02 -1.605435904289e-03 2.067975343761e-01
-6.127982936525e-03 8.494951840286e-02 3.731039599569e-02
-3.017534521911e-02 -2.588386673474e-02 -2.704393564435e-03
-6.226441886780e-02 -1.202865276500e-02 -1.844472170171e-01
5.060339207871e-02 3.979802848275e-02 1.058112962106e-01
-6.961338246371e-04 1.079622559344e-03 1.873327020066e-03
Mode 25
-1.206951581013e-01 1.079456256598e-02 1.204847819696e-01
2.179653543848e-01 9.145065104814e-02 4.075752263704e-02
-1.309956138716e-01 3.334807857070e-01 -1.172185850339e-01
1.195415701677e-01 -4.938548312289e-01 -1.214630079997e-01
1.706365789136e-01 3.806463848322e-02 -1.281409912731e-01
4.418574155355e-02 1.196975033430e-01 -8.112318728826e-02
8.709279169215e-02 -2.866277693632e-02 1.856579124336e-01
-1.106022447346e-01 -6.748888627854e-02 3.412849710781e-02
-9.954263276306e-03 1.037890576517e-02 -1.968888777039e-02
-3.007684583851e-02 -4.313892445084e-02 -4.723722134939e-03
-1.604007049634e-02 -4.971073180892e-02 7.856762494242e-02
-1.115749170965e-02 4.289230690951e-01 6.300954574060e-02
-1.499213244767e-01 -7.216403963091e-02 1.749097638393e-02
1.324833179560e-02 1.561764591606e-02 -1.317916377554e-02
-7.707477109319e-03 -2.722028809475e-01 -3.957084479697e-02
7.534889746923e-02 2.055115209594e-02 -8.893482514064e-03
7.362590520455e-02 1.540301809752e-01 -6.025661067059e-02
-7.659783724284e-03 -1.509655545181e-01 3.291063064257e-02
3.448886260405e-04 -4.841607522540e-05 1.281912187119e-03
Mode 26
6.222028893415e-02 -1.548760313991e-02 -1.704618436303e-01
4.524326249689e-03 3.374914666063e-02 -5.026097495559e-02
4.915279469322e-02 7.443270234235e-02 1.738586036918e-01
-2.246519487368e-01 -3.210545915419e-01 1.545032514775e-01
-3.318633698402e-01 9.471331352749e-04 6.354259956869e-02
-4.695225602593e-02 2.525396957238e-01 4.365014160857e-02
-2.799592691319e-01 -1.740320357505e-01 -4.236777845122e-01
5.337588552386e-02 3.677815332397e-02 1.181753791267e-01
5.062584786649e-02 5.082434546538e-03 3.868722744120e-02
1.878078015839e-01 -1.484424255888e-01 -6.759818967533e-02
2.707859361558e-01 -4.951185775257e-03 -4.272599025449e-02
1.493308344098e-02 2.219400378483e-01 -4.132716170824e-02
1.470703593287e-01 -5.007996554028e-02 4.777584123557e-02
-2.512725721341e-02 2.981199189902e-02 4.428865104041e-02
-1.830485783294e-02 3.234902952423e-02 3.999694979851e-02
1.320210501711e-02 2.195517261076e-02 -5.543109274828e-02
-1.152286796521e-01 3.474722637847e-02 4.616439770559e-02
9.844220522444e-02 -4.823122228112e-02 -3.972489534841e-02
5.746264561816e-04 -1.748978830385e-03 1.640025830423e-03
Mode 27
-5.724509894277e-02 8.680483970087e-03 1.212942197881e-01
4.274684775112e-02 6.295921181537e-03 3.272643858704e-02
-5.557660175051e-02 3.496003468252e-02 -1.276116140458e-01
1.089233852663e-01 2.243044636188e-01 -1.146229889511e-01
1.645308726863e-01 -1.154115743347e-01 -7.519544691958e-02
6.038593798748e-02 5.709927833640e-01 -3.410465750196e-02
-8.006104688778e-02 -1.575697212530e-01 -4.784139109647e-02
-1.169981745692e-01 -5.785011107130e-02 1.338241413396e-01
2.321455763751e-02 1.921667764116e-02 1.751359539899e-03
7.209544807784e-02 -4.215614323771e-01 3.152240989905e-03
8.838193755919e-02 1.196464325358e-01 2.425742094916e-02
-4.220486974868e-02 -1.970805162807e-01 2.668400341552e-02
-1.615745709347e-01 1.448532086813e-02 6.219558979178e-02
-1.770188500282e-02 4.026697011594e-02 -1.588271990615e-02
8.994281696278e-03 -7.766295608770e-02 -2.446831874808e-02
8.807066472366e-03 -7.013809457080e-03 2.822701398204e-02
4.912464326868e-02 -3.066563243554e-01 -4.631889524583e-02
4.103028001206e-02 2.211088413284e-01 -2.555219656176e-02
2.231734143542e-03 -1.561137593916e-03 3.274466667004e-03
Mode 28
-5.521581779470e-02 -1.519938669657e-02 1.169255331905e-01
6.717842497526e-02 2.722967375090e-02 1.061859494057e-02
-3.112627835263e-02 -1.102740645197e-02 -2.565638071738e-01
5.637903057215e-02 9.745794689382e-02 -1.070846132770e-01
6.646054027884e-02 -2.117068986437e-02 -6.898937756768e-03
-1.844623713045e-01 -1.993661705668e-01 3.253136502646e-02
-5.772039637951e-01 3.693033650530e-01 5.293265050264e-02
1.507449693295e-01 -1.777784374969e-01 2.169662212606e-02
7.252468140778e-02 -2.787431696536e-02 -1.216776018191e-02
1.678670729605e-01 7.787065502650e-02 -1.347009637116e-01
3.769154892983e-01 -1.037792275852e-02 7.879621830313e-02
-1.337909953483e-02 -2.895111697937e-02 4.277886640468e-02
-1.457483676667e-01 1.268651721859e-02 9.402950096915e-02
-5.362133752725e-03 -1.119647944106e-02 5.970544261957e-02
-3.466247087979e-03 -4.466773436561e-02 -1.366596661006e-02
1.310597945666e-02 9.739487521927e-03 2.349922246238e-02
5.427288075992e-02 8.999054264844e-02 -4.968118830178e-02
1.379455298338e-01 -6.477137182603e-03 -1.856376556022e-02
-3.748600741952e-03 1.032507250182e-03 -2.412002760838e-03
Mode 29
9.064656776048e-02 4.030727453321e-02 -1.675362784685e-01
-1.701794049276e-01 -1.280059667437e-01 2.133742585839e-02
3.273944231929e-02 4.289856531346e-02 4.400665498181e-01
1.895978279227e-01 -6.923253091463e-02 1.647148625981e-01
2.881785837354e-01 -2.180653375917e-02 -8.985673777169e-03
-3.416671564436e-02 5.243356494284e-03 -9.333187241556e-02
-4.714426019157e-02 4.728031649573e-02 7.048633175832e-02
-1.378137784363e-02 -4.344652944182e-02 1.389009017009e-02
3.613471768515e-03 4.501363797813e-04 -6.381130045092e-03
8.751758433265e-02 -9.048423397807e-03 -2.740249143228e-01
-4.885731917624e-02 1.367045444201e-02 -4.038594635421e-01
-3.928801409819e-02 1.496969908711e-02 -1.617499273432e-01
-3.162361034910e-01 1.303141588871e-02 1.952878011750e-01
-2.355947243374e-02 4.225273843638e-03 1.351961122823e-01
1.489288966781e-02 7.195014734870e-02 1.443883707796e-02
-4.128973230814e-02 -4.238484251537e-02 -1.957839797901e-02
1.837589657827e-01 3.177534839173e-02 -1.390877954481e-01
4.226337035389e-02 -4.740455447923e-02 -2.129189883604e-01
-9.094985685583e-04 -2.308854377670e-04 1.512495723644e-03
Mode 30
2.157763001097e-03 -1.629690751294e-03 -1.192536189421e-02
7.793882853513e-03 1.612055935225e-02 -1.029365199733e-03
-5.649461634027e-03 2.433977692491e-02 2.340294629937e-02
3.887739678165e-03 -1.018827459177e-01 1.054999994647e-02
5.834955818654e-03 2.034449487817e-01 1.613128608510e-02
-1.859186439137e-02 -8.270779799185e-02 -1.449500066259e-03
-5.170199268484e-03 2.765165911721e-02 1.107072294627e-02
1.307679990312e-02 1.914363303780e-03 -1.307940123802e-02
-1.336609226720e-03 -8.028825779387e-04 -1.560288671468e-03
1.782623354947e-02 1.473040394982e-01 -2.919447241617e-02
-2.009000319972e-03 -4.586710562248e-01 -4.550908377462e-03
-7.899609869192e-04 2.047595671544e-01 -2.367905058320e-02
-9.969469285866e-03 -4.994448195293e-02 1.142360052810e-02
-2.197622684489e-03 -2.398411887777e-02 2.020034348558e-02
6.327862236529e-04 -8.601940177471e-03 1.408816228495e-03
5.677255611735e-03 4.805780152113e-03 -8.785920824706e-03
-4.290906119895e-03 -3.140773431542e-01 -1.817002329320e-02
-3.259351720883e-03 7.468117886046e-01 -3.603767273396e-02
-4.719998316014e-04 7.666282923587e-04 -7.311378023179e-04
Mode 31
4.481850289695e-03 1.273748724664e-02 2.117463357581e-02
-4.596599428220e-02 -7.069051085542e-02 9.451450948205e-03
2.857023915633e-02 -2.915469979367e-02 -8.888773367367e-03
1.528073554817e-02 1.883027373223e-01 -1.549100403065e-02
-9.651841664195e-03 -4.495197653149e-01 -2.801941051404e-02
3.745481654074e-02 1.847343523582e-01 -1.825004116010e-02
1.360438910094e-02 -6.446917482754e-02 -2.128595944741e-02
-3.419163357560e-02 -6.757928175005e-03 3.148897624712e-02
5.935578608644e-03 -1.164264512962e-05 3.393651400836e-03
1.175881504892e-03 5.964278997736e-02 1.960394390167e-02
-2.776999140959e-02 -1.930671008083e-01 1.156073879867e-02
2.934511586908e-06 8.826813214964e-02 -7.845133750692e-03
4.922780042946e-03 -2.556070649963e-02 -5.344134907035e-03
3.797092939800e-04 -1.048762220115e-02 -4.147952432458e-03
2.046793608081e-03 2.077676084605e-02 -3.848618396870e-03
-1.757710083179e-02 -2.130976698732e-02 1.380666820210e-02
1.786181339185e-02 7.372257409350e-01 3.486612071349e-02
-1.060849973717e-02 3.334346876552e-01 -9.777035165733e-03
4.687879450648e-05 3.176695194985e-04 -2.931782682643e-04
Mode 32
-2.878600415151e-02 -2.210499943954e-02 5.176856324797e-02
1.428815784658e-01 1.635977444695e-01 -7.106560298600e-02
-7.487455064805e-02 -1.214145427704e-01 -1.850521117285e-01
-1.676323310824e-02 2.890659102530e-02 9.736056149554e-02
5.637921610571e-02 -2.611395475781e-02 3.373519117962e-01
-1.934133312877e-01 2.437173324452e-02 8.654437132095e-02
2.273459989037e-01 -1.410925858238e-01 -6.380088190521e-02
1.126952482156e-02 1.055134083858e-01 -5.156176028404e-02
-1.480692770124e-02 4.720256348655e-03 6.593071609878e-03
-9.242914749709e-02 3.230447118338e-03 -6.340604847298e-01
9.538873064347e-02 -5.092476673875e-03 -4.097097272983e-02
1.380175744968e-01 -1.135536734092e-02 1.081814106586e-02
-1.375414654410e-01 6.260687218353e-03 7.929133429120e-02
2.492597764895e-03 -3.027581256163e-03 1.514853296900e-01
-7.847876616811e-03 -2.906934425540e-02 1.899986929936e-03
4.347884818169e-02 6.975136467976e-02 -3.102614131260e-02
-1.944091882780e-02 2.373324961303e-02 1.599396894413e-01
-1.564431667218e-01 6.827044934131e-03 2.774664758396e-01
-1.293020747693e-03 1.538294666159e-03 1.828824223404e-03
Mode 33
-6.335765343818e-02 -1.213089938516e-02 -5.383728820825e-02
6.914507218436e-01 -1.128791524369e-01 -2.608128130980e-02
-2.231132606692e-01 -2.301634457664e-01 3.205808103929e-02
7.414472736892e-03 3.444215089085e-02 1.626792823551e-01
-1.890556791887e-02 -1.451376971888e-02 -2.430291011299e-02
-4.791279418701e-02 2.999841925276e-03 7.526083265073e-03
3.974534716011e-02 -1.799292292012e-02 -1.805569591831e-03
9.440345356384e-04 1.334920517714e-02 -8.986810504411e-03
-2.411199663813e-03 1.610487877314e-04 -3.881543879223e-04
3.618897322967e-03 1.978264476108e-03 9.783320403549e-02
-1.515035360142e-02 -7.314505145918e-03 -6.027590488252e-02
-1.151041852983e-02 2.168667050035e-04 2.737966636632e-02
4.142927067732e-03 -8.527917246641e-04 -2.144292442315e-03
-2.540037647370e-03 4.904524545032e-04 -1.653262417576e-02
-3.451692136965e-01 3.096915244869e-01 7.108714517203e-04
2.248067902724e-01 -5.115597757324e-02 -4.605185295587e-02
1.185310213863e-01 1.548315250386e-02 -1.858940364241e-01
8.069970918285e-02 3.425949401498e-03 -1.544237193475e-01
4.788815444822e-04 -4.158503975763e-04 -1.048774209202e-04
Mode 34
1.200329139155e-02 -3.685447243337e-02 5.723695512658e-02
-5.635591945758e-02 6.525849694486e-01 -2.282173527961e-01
-2.106320972163e-01 -3.297198256129e-01 1.273668952260e-01
-1.372278517782e-03 3.894298933030e-02 1.139048710357e-01
-2.036789842217e-02 -2.910527163922e-02 -4.607691968376e-02
-8.626136675317e-02 3.212890958159e-03 9.366236443936e-03
4.276143606770e-02 -1.382500777733e-02 4.908878984339e-04
6.115461570264e-03 1.554075670787e-02 -1.428636186382e-02
8.787419369231e-04 -3.552817096371e-03 -4.457329220104e-05
-1.410529541442e-02 5.795526118120e-03 1.497596419713e-01
1.443652218416e-02 -9.191106942726e-03 -4.576242246030e-02
-4.282528417170e-03 -1.651514311624e-03 2.248733057319e-02
1.088672706001e-02 -2.824452288109e-03 -3.420310645616e-03
-1.022447324803e-03 -3.031805365208e-05 -2.563633983786e-02
2.085212112746e-01 -2.468994016100e-01 1.224761077430e-02
-1.605196903742e-02 2.413810135036e-01 -9.292463130198e-02
1.391253582128e-01 4.629113049279e-02 -2.219783481423e-01
1.137482303381e-01 5.359241041126e-03 -1.870794081002e-01
5.007657661303e-04 -5.571424691102e-04 -5.513484350237e-04
Mode 35
-4.417932464388e-03 2.776839910356e-03 1.750855524128e-02
-1.615578921406e-01 -1.876131700797e-01 1.031439716142e-01
1.538401727917e-01 1.899753842567e-01 -3.297263498168e-01
1.240215791776e-02 -8.986085891786e-03 1.356090250068e-01
-9.361679983373e-02 -1.118866580796e-03 7.762598289493e-02
-4.361401869144e-01 8.233168998697e-03 2.327069037014e-01
2.641648061244e-01 -1.397921218938e-01 -3.789639734719e-02
3.511272916699e-02 1.196415840560e-01 -8.211457595944e-02
-9.316982503872e-03 -1.418703826555e-03 2.353981702622e-03
-1.459598882377e-01 4.613740499816e-03 1.139575616102e-01
1.698336682448e-01 -1.754899410256e-05 -2.631711523053e-02
9.429992418871e-02 5.945085890737e-03 2.943248029049e-02
-4.092248482729e-02 1.679025867419e-03 1.568581603906e-02
-2.733104639879e-03 -2.899009061827e-04 -1.840715525573e-02
3.354534410408e-02 -2.226153726479e-02 -5.432574242347e-03
-6.312877467061e-02 -3.169465283768e-02 5.707599030219e-02
1.984896422252e-01 1.337026892687e-03 -3.125495692384e-01
2.367986039896e-01 -8.340962290952e-03 -2.986791024695e-01
1.426478116431e-03 -5.450607280582e-04 -2.701306305681e-04
Mode 36
8.367419799455e-02 1.579438192515e-01 5.215775493614e-01
-8.807305716034e-02 -2.468777133632e-01 -6.532206181166e-01
1.498909459853e-02 5.177310948045e-02 5.717900015453e-02
3.889808102117e-02 -4.332952468086e-02 -3.020294503862e-03
-4.576501385289e-02 9.509849726032e-03 -3.069879967667e-04
-3.069781007651e-02 -4.248397567977e-04 1.305510685400e-02
9.640321712577e-03 -4.277851173841e-03 -4.329971157718e-03
3.570691416153e-03 5.398970413295e-03 -4.409916342119e-03
9.656840944878e-04 -8.962106191129e-04 6.963829881641e-05
7.711753077207e-03 -8.058188475184e-05 2.104683925839e-02
9.057660507145e-04 2.575616890225e-03 -7.087729521419e-03
3.372202579821e-02 -2.080637495746e-03 -9.501147051477e-03
-2.183228352812e-02 9.445916830104e-05 1.056537336950e-02
-4.932358273948e-04 4.242341340933e-04 -3.158385755507e-03
-3.176347776816e-02 4.668091330562e-02 2.936172054502e-02
6.033307358182e-02 -1.107093064429e-01 -4.054611795040e-01
-2.018173849251e-02 -1.167617346218e-02 7.066982076538e-03
6.734659337141e-03 -5.770254392067e-03 -1.153246045158e-02
-1.159932898159e-05 -1.559233122213e-04 -5.889619924467e-05
Mode 37
-9.135493600251e-03 -5.679286871035e-03 1.708168109248e-02
-2.362797120750e-02 -1.671721345852e-02 3.389259960526e-02
4.375748187166e-03 2.418234276710e-02 -2.169911551173e-01
9.311872820651e-02 3.412088871014e-03 2.435994053670e-01
-2.738354624358e-01 1.263576751548e-02 -1.126194722416e-01
1.580412497511e-01 -2.002046419982e-02 1.638968437085e-01
-7.835040296840e-02 2.547250839783e-02 -3.794341946874e-02
1.078109376730e-02 -1.344572080680e-02 1.433523593315e-02
2.162040502774e-03 2.550016939313e-04 2.268529049112e-03
3.096772029758e-01 -1.170514128876e-03 1.577520476938e-01
-1.874466137833e-01 -3.682018155569e-03 -1.916668583073e-01
3.108441333721e-01 -9.172771715832e-03 -1.353711764658e-01
-2.040396841493e-01 8.717459343222e-03 9.607464048781e-02
-1.688402835884e-02 4.009069771956e-03 -2.613573871875e-02
2.498069031235e-02 -2.683248770928e-02 -2.123286611865e-03
-1.300677651471e-02 6.783588044715e-02 -1.293129918523e-02
1.146798296927e-01 4.554139124640e-03 -3.284632120295e-01
-3.272870869107e-01 6.999186851394e-03 3.727493077195e-01
3.178294039934e-05 -7.898845503575e-04 5.982461318944e-04
Mode 38
-1.310525950343e-02 -1.157847702718e-02 3.922690053524e-03
1.680515849026e-02 1.960859354152e-02 3.168057569471e-02
-5.517964413633e-02 -1.375244532474e-02 -1.903912729302e-01
3.115061919834e-01 -1.049410571168e-03 2.422893805942e-01
-1.801619114262e-01 1.743932206655e-02 -5.937221448383e-02
6.926636158703e-02 -1.557734594376e-04 -1.451330910220e-01
-4.631855853777e-02 2.710232417967e-02 1.095624991910e-02
-8.778604429199e-03 -2.126647515822e-02 1.357266818669e-02
3.514666357717e-03 -1.892943812301e-03 -1.112968944440e-03
-7.973795927003e-02 1.797688126804e-03 5.592183862538e-02
-1.212724385782e-01 -3.160178214825e-03 -1.499570381608e-01
3.954013325451e-01 -3.886965752854e-03 1.331277102397e-01
-1.911906682202e-01 6.821266170420e-03 5.118577410990e-02
3.080223624243e-05 -1.751376737361e-04 -7.314810755643e-04
1.524853772314e-02 -2.086150753614e-02 -6.818313471245e-04
-4.340498740893e-03 8.078618478750e-02 -4.988703584263e-03
-3.619030931847e-01 -5.687068382858e-03 4.318949900605e-01
1.586223940269e-01 -9.207466223699e-03 -3.562115885502e-01
8.421905969892e-05 -1.503525665701e-04 -3.083839305764e-04
Mode 39
1.134628707606e-03 -6.116790406403e-03 -5.077060202819e-02
6.165358033615e-02 5.032258181203e-02 2.694279354917e-02
-4.815721487149e-02 -5.354686717131e-02 2.694810278884e-01
1.540749626447e-01 -1.947281556245e-03 -3.186908254858e-01
-2.971952742158e-02 -2.560133374040e-03 -8.411471977006e-02
-3.964953634774e-01 7.085823602182e-03 -2.994840643984e-03
1.204149736154e-01 -4.425375704079e-02 1.931404387045e-02
1.675540427340e-02 4.599090310153e-02 -4.548884247105e-02
3.612989143325e-03 -7.326173845782e-03 -2.320426306647e-03
-6.803192487814e-02 9.784955068149e-03 3.520824568956e-01
3.013406655953e-01 -6.951660063262e-03 -1.196177785059e-02
2.196826172091e-01 -1.455536338457e-02 -3.898684522112e-01
-1.984573736819e-01 8.988179835978e-03 1.287839183854e-01
6.869212273757e-05 1.930907616551e-03 -3.919895685980e-02
-3.050225816399e-02 2.669808178117e-02 -2.230090836284e-03
3.140459920830e-02 -5.301865045445e-02 1.609614454631e-02
-1.519787374339e-01 7.231389996450e-03 1.756296212534e-01
-5.287676274593e-02 6.061767907804e-03 2.456194137329e-01
9.829073098381e-04 -1.120730342401e-03 -8.552084896978e-04
Mode 40
6.039397922488e-03 5.969525065260e-03 -2.671345953766e-03
3.486880602949e-03 -1.153375956455e-02 1.214352391858e-02
-4.875122004341e-03 -1.496601597792e-03 5.302436336589e-02
-3.861658146814e-01 5.751308252675e-03 -7.637968015234e-02
1.806512951980e-01 -3.424922170426e-03 -3.005368301226e-01
2.885264191899e-01 -1.201037413377e-02 3.496329267853e-01
-6.062258981700e-02 2.309141304690e-02 -2.472257604139e-02
8.168535121999e-03 -1.554315051551e-02 1.737613986580e-02
-2.398113556294e-03 2.984681241075e-03 4.548466853825e-03
-4.724145960350e-01 1.443405492378e-02 5.248369379302e-03
2.422980917809e-01 -1.553139638411e-02 -2.991058479526e-01
2.865468940862e-01 -6.690712104797e-03 1.991795669758e-01
-7.262867701216e-02 2.100305327005e-03 4.973496427254e-02
2.583867901213e-03 -5.163637286233e-03 1.020805025883e-03
-4.804329233966e-03 7.416151370917e-03 -2.729847237997e-03
1.990783812500e-02 1.452794504353e-02 -5.610144659716e-02
-8.747364636293e-04 -8.994078581046e-04 -8.351610159666e-03
-9.264888514521e-03 1.952516554574e-02 4.371066135705e-02
1.894693131025e-04 -4.264499895083e-05 -1.466330751794e-03
Mode 41
1.113976074194e-03 4.501305129357e-02 -9.414088094847e-03
2.049755823233e-02 -3.013610260990e-01 1.233318496793e-01
-6.186799790028e-02 1.161682050133e-03 -6.577758010910e-02
-1.611983549507e-01 4.280578793166e-03 1.402981143959e-01
1.237416221482e-01 -4.894277472864e-03 1.014884502271e-01
2.726527641441e-02 9.767436973110e-03 -2.483082972030e-01
-2.840480259959e-03 2.079937206164e-02 3.133133215967e-02
-2.049785162696e-02 -2.381865496542e-02 1.285568382811e-02
-2.924315202586e-04 -2.027693772874e-04 -2.738621505737e-03
-1.054523170998e-01 9.063130567148e-04 1.076697365743e-01
1.091927788068e-01 1.278716678307e-03 7.218833890201e-02
-2.980564167895e-02 -2.008846683446e-03 -2.110007190744e-01
5.647271026107e-03 -7.721047689342e-04 2.806894871537e-02
7.262642150932e-03 1.019205701553e-04 -8.187065612110e-03
7.493377103242e-02 2.110379857836e-02 -3.226526548183e-03
-6.729946419158e-02 7.500889536106e-01 -2.838390774501e-01
4.585634573334e-02 -8.050680161861e-03 2.956129205957e-02
1.525304146380e-02 1.065946791400e-03 6.000557343922e-02
3.301998069617e-04 -1.040085890111e-06 -2.402079369256e-04
Mode 42
7.142998891612e-02 -2.007000776065e-02 -2.537125174351e-02
-1.543062409441e-01 1.968021928680e-01 3.447135150140e-01
3.837980922152e-02 -2.751533203630e-02 -1.549911493347e-01
-1.286498558155e-01 1.652150272875e-02 1.832975155071e-01
7.164764414165e-02 -4.643998067267e-03 1.167184987701e-01
6.231227727262e-02 7.155497102264e-03 -2.402502315219e-01
-1.433924308739e-02 2.383930601296e-02 2.510517357220e-02
-1.909178635080e-02 -2.507473592301e-02 1.507530206733e-02
4.970476407357e-05 -4.236770946109e-04 -2.164485595820e-03
-8.699004925866e-02 1.300388244135e-03 8.839383432428e-02
6.430903412691e-02 4.709364477485e-04 3.389239562286e-02
2.103536447368e-02 -4.396250180319e-03 -1.528858075636e-01
-1.375070060867e-02 1.846515060680e-03 2.531055679878e-02
5.913434403819e-03 6.104572913613e-05 -5.088909754349e-03
-4.102592122035e-02 -2.396559835976e-02 -5.586508065073e-02
3.186602469361e-01 -4.241704815290e-01 -5.630988882046e-01
5.015971055513e-02 4.906537348993e-04 4.635042508426e-03
1.423800710216e-02 4.386310105518e-04 2.617295783854e-02
2.493526196931e-04 7.652849775635e-06 -2.024697910129e-04
Mode 43
4.444479877014e-02 1.338580392034e-02 -5.486326583882e-02
-5.973381539289e-02 -5.634188569597e-02 3.017992331214e-01
-9.394859419798e-02 -4.843506451066e-02 1.044523865068e-01
2.241892149361e-01 1.391407484076e-02 -3.124841898456e-01
-8.484093536493e-02 4.266045004047e-03 -2.204141102878e-01
-1.462692294389e-01 -1.395504826845e-02 4.067984248034e-01
3.005117728603e-02 -4.528146179723e-02 -3.790768345336e-02
3.305209351861e-02 4.644399457504e-02 -2.937986242564e-02
-2.606702354690e-04 6.687899434765e-04 3.549475552500e-03
2.138140673949e-01 -4.016990236965e-03 -1.711281184582e-01
-1.576221983112e-01 3.056388152346e-03 2.533798327829e-02
-6.843365788731e-02 -1.018177425089e-03 2.358737027962e-01
4.563218235584e-02 -2.363360921942e-03 -5.341411446545e-02
-1.055184002465e-02 5.699778806479e-05 7.688940964046e-03
9.887524844693e-03 1.942742020400e-02 -3.412786342077e-02
1.438116881855e-01 2.062775064992e-01 -4.812607006355e-01
-9.079066109629e-02 8.779930661201e-03 8.894088380407e-03
-9.382868975220e-03 -3.247224173107e-03 -6.715527219999e-02
-3.966775986122e-04 1.837248582068e-04 5.872259829185e-04
Mode 44
7.053597449624e-04 9.716543044666e-04 -1.612106684888e-02
1.511945794985e-02 -7.034131326715e-03 2.241063054528e-02
-1.987671788071e-03 -1.316420105805e-02 1.281147745898e-01
8.189494126090e-02 -1.196280577247e-03 -3.002570353783e-01
-2.759275577901e-01 9.762520926295e-03 2.264792946195e-01
3.516881104747e-01 -8.565631673283e-03 7.984848158581e-02
-5.758021789597e-02 1.826675637119e-02 -2.431549111860e-02
-6.158362471628e-03 -1.911838194496e-02 2.352309385779e-02
-1.623416251656e-03 3.984863297417e-03 1.947967645350e-03
-2.260742791200e-01 -1.443846726111e-03 -2.113771086907e-01
-1.057424199320e-01 1.274989159432e-02 4.085573303619e-01
2.995330975489e-01 -1.611552365391e-02 -3.216069862380e-01
-1.332674726124e-01 5.316243849422e-03 5.879522935554e-02
1.257495516408e-02 -1.797484828168e-03 8.801026708517e-03
-6.126590473332e-03 1.139942701178e-02 -1.359705579352e-03
6.430685461762e-03 1.239163782010e-02 -6.954261303085e-03
1.135659973882e-01 3.706607374189e-03 -2.305424469214e-01
1.753882072244e-01 -1.024849358859e-02 -1.906237820043e-01
-5.822078018133e-04 7.474482387098e-04 -1.017827408310e-04
Mode 45
5.196436483549e-04 -2.832779608883e-03 6.492537696439e-03
-7.919545580226e-03 1.691080725625e-02 -5.279241211129e-04
-2.873712937608e-02 -6.650385223613e-03 -7.171037093299e-02
4.942899691625e-01 -8.901477117168e-03 2.676364640307e-01
-1.533136925965e-01 9.864913640745e-03 -1.248420956775e-01
2.226646885774e-01 -1.147907930639e-02 2.469803524899e-01
-2.349808461812e-02 -8.925582664477e-03 -1.565281620456e-02
8.130208545936e-03 8.003297052333e-03 1.551375041878e-03
-1.913101009325e-03 2.559233098980e-03 2.095177628656e-03
-3.623818594264e-01 4.003056377785e-03 -3.986392639917e-02
2.521424109239e-01 -2.274031566332e-03 -3.763342830038e-02
-4.882486812108e-01 1.091363226760e-02 -2.484197468429e-01
8.060170978979e-02 -2.510944610053e-03 -9.540720220140e-03
6.419646612558e-03 -1.133639492918e-03 -3.162813545440e-04
4.487223133223e-03 -7.459881505418e-03 -2.877925129473e-05
1.028958876989e-03 -2.181304000701e-03 -4.356272115955e-03
-8.420696340703e-02 3.581656409953e-03 8.184629553355e-03
-1.943134424551e-03 2.634695369877e-03 1.207247453290e-01
-5.083846595964e-05 1.846886747411e-04 -4.841920643577e-04
Mode 46
5.145997447957e-03 2.548046464656e-03 -1.084874642930e-02
-1.553316304159e-02 -3.083659259191e-02 4.982871228847e-02
-1.183854179702e-02 -5.407808367051e-04 4.288380035776e-02
2.225824014542e-01 -2.628572577313e-03 -3.284700130819e-01
-2.941454996219e-01 7.498649151891e-03 4.358059477031e-01
1.004136039507e-01 7.933620214166e-03 -2.853686678923e-01
-7.783972182567e-03 1.256239096661e-02 9.559442368017e-03
-1.367467086894e-02 -1.520496406797e-02 1.157764951768e-02
-3.306032275592e-04 -4.927196590575e-04 -2.234654493317e-03
-1.500202575217e-01 4.584995649975e-03 1.318475418317e-01
1.863540465409e-01 -1.421929973506e-02 -4.053449649499e-01
-5.429868678975e-02 7.476283421920e-03 4.124759672732e-01
1.826548216759e-02 -1.560518239265e-03 -3.012558043214e-02
1.568365113514e-03 7.770205410043e-04 6.692997815378e-03
2.075219376140e-03 9.133650774454e-03 -3.472828499632e-03
4.719418701625e-03 4.257819261333e-02 -5.185758987969e-02
1.013866021297e-01 2.622009590365e-03 -1.536652640929e-01
-8.515013691298e-02 5.643076929843e-03 9.173581849281e-02
4.318348682881e-04 -5.157372777913e-04 -3.503157605170e-04
Mode 47
-6.515960628213e-05 1.785745716498e-04 8.418451357522e-04
7.648842531173e-04 2.058359953225e-04 -2.190027417174e-03
6.837511622073e-05 -2.796510809198e-04 1.405509508799e-03
-1.261448235463e-02 -1.945642195918e-03 -1.831748218737e-04
1.082409728287e-02 1.984763549497e-03 -1.924352702450e-03
6.537830984023e-02 1.117595790263e-02 -4.726607731287e-02
-3.959044363389e-01 -5.052183427464e-01 4.361311431224e-01
2.641123400427e-01 4.501933190206e-01 -3.433275286676e-01
1.253138861850e-02 -1.355544630792e-02 -8.359812215665e-04
3.454324340632e-03 -2.093074005795e-03 9.342501971291e-03
-5.192783140430e-03 -1.525808403797e-03 5.002488635238e-05
7.544948185702e-03 -2.316504461045e-04 2.998021195396e-04
-2.753748668527e-03 2.358566599442e-04 1.283436109040e-03
1.367915873348e-03 1.031909183670e-03 -1.682416661371e-03
-1.809273162158e-04 4.946604015250e-05 2.639969482324e-04
-1.068354061227e-04 -5.853085864900e-06 3.121916394181e-04
4.095682657858e-03 8.255899319986e-04 -1.122847300921e-03
-2.054940628231e-03 -6.310454038448e-05 1.189683529309e-03
8.228981820346e-05 -2.794924962725e-04 3.830871770186e-04
Mode 48
-2.994215933865e-03 -1.006913621645e-04 -4.040915355301e-06
2.609034415113e-01 6.287225395411e-02 9.853989286226e-02
-1.623068461762e-03 -5.974102523051e-04 -3.067350889536e-03
-8.230965524296e-04 1.101519178466e-03 2.284798870654e-03
2.419693730469e-04 -1.559801824281e-04 -1.054694838317e-03
-2.939593680724e-05 2.287025451372e-05 3.032028188023e-04
2.016464502394e-05 -2.426598709640e-05 -2.683224222871e-05
4.587604749797e-06 1.834218304490e-05 1.188470519839e-06
-1.280553075931e-05 6.135288895464e-06 -8.585336783156e-06
-4.765937720650e-05 -3.055715870341e-05 -1.140972887184e-04
-6.935679326103e-04 -2.637570315900e-05 6.246254052904e-05
1.987260475848e-03 2.074713132763e-04 -2.401952956162e-03
-2.685424896409e-04 -1.451318076970e-03 2.591131343415e-03
5.105810343538e-06 1.082616350393e-06 -2.074224698021e-07
-1.574140777074e-03 -2.049433058424e-03 -1.606777879026e-03
-8.763979647912e-01 -2.028963681863e-01 -3.300987297740e-01
2.827481991543e-04 -4.246506299156e-05 1.153334873757e-03
1.084976261245e-03 1.637937553372e-04 2.322828302596e-04
-1.267913013326e-06 -3.558637283721e-06 -2.341684463710e-06
Mode 49
2.008136173203e-05 -2.606928507773e-05 -1.169129950591e-05
-6.104927444384e-04 -8.933316128846e-05 2.418425808561e-04
-2.198264317136e-04 -1.671736804806e-04 1.807043742082e-04
6.516313667000e-03 -2.940590374966e-04 -3.412165052378e-03
-1.088848259950e-01 6.280001578061e-03 -7.296732769975e-02
8.980039612935e-04 -2.738846322515e-04 6.182993372999e-03
-5.181260480384e-04 2.016080027529e-04 -5.609091100341e-04
2.649641037761e-04 1.367877940909e-04 -4.785957421652e-05
2.598278787351e-05 -5.448389367870e-05 1.474701992804e-04
9.328828245365e-03 -1.166815075435e-04 -4.681153474940e-03
-2.185739837573e-01 -5.989888511869e-03 -1.395263908277e-01
-2.493444740482e-03 4.834220837937e-04 1.365475272985e-02
8.574482532780e-04 7.100636364469e-06 -1.216056832923e-03
-1.402091421234e-04 -1.050317299055e-04 1.067158513327e-04
7.558493217356e-05 5.872932776735e-05 -6.050795977776e-05
1.273414393019e-03 4.297679031583e-04 2.126787024750e-04
3.577721235884e-01 -2.050477420405e-02 2.433885737298e-01
7.219834366562e-01 1.990036667590e-02 4.536367848720e-01
-3.432991198630e-06 2.441794395362e-05 1.203610267080e-05
Mode 50
-9.364082047276e-07 -8.283148862303e-05 -4.869842656436e-05
-2.924414322918e-04 2.204596248364e-04 5.365032607064e-04
-4.431537923393e-04 -1.669307069213e-04 9.893250361921e-04
9.537700928089e-03 -5.466352669163e-04 -8.055613158211e-03
-2.157732468817e-01 1.227876463906e-02 -1.447766581855e-01
-9.255203485127e-04 -4.025725164153e-04 1.011450018932e-02
-1.281819591618e-03 1.553427126659e-04 -8.365151868399e-04
5.508300607267e-04 3.115474851122e-04 -2.500457296244e-04
1.025348515071e-04 -1.487757186445e-04 2.824921904681e-04
-2.869589384681e-03 3.640013746210e-04 3.471781766073e-03
1.114685468820e-01 2.910952608858e-03 7.153972923200e-02
2.539645352221e-03 -3.304196977143e-04 -5.933482963224e-03
-7.169488981879e-04 6.039652920925e-05 6.642158593917e-04
7.044757835549e-05 6.140713376834e-06 -8.832238425419e-05
1.219400527715e-04 4.944604592345e-05 -1.121894820501e-04
3.647507979588e-04 1.963549508756e-04 -1.450234571707e-04
7.040951103580e-01 -4.037018751631e-02 4.792827860201e-01
-3.664565764524e-01 -1.007107939668e-02 -2.301483464569e-01
-5.410635576625e-06 -1.130503103155e-05 -1.057922926785e-05
--
Dipole derivatives 
Mode 0
-9.554583052178e-03 1.517007025753e-02 -1.846213100233e-02
Mode 1
-1.725597540752e-02 -2.862854174532e-02 6.376917524869e-03
Mode 2
-3.198284833794e-03 2.018757494360e-02 1.914969703178e-02
Mode 3
9.915959185108e-03 9.376296147177e-03 8.332024451742e-03
Mode 4
9.278535619251e-03 -1.864440625315e-02 1.493026386304e-02
Mode 5
5.807244824133e-03 3.278307779934e-02 -7.451259084544e-03
Mode 6
-3.442496136898e-02 -5.313965158734e-03 -2.185978900930e-02
Mode 7
-2.201679810970e-04 1.021625968370e-02 1.867980938201e-02
Mode 8
-1.996928617097e-02 3.292337788056e-02 1.704519034620e-02
Mode 9
1.098787731721e-02 3.127535482689e-03 7.583301243762e-03
Mode 10
-2.001817478403e-02 3.707364587417e-02 1.554351696780e-02
Mode 11
4.358466306533e-02 8.089802983294e-03 -1.424359810752e-02
Mode 12
6.691340273766e-05 -3.896985100851e-03 4.082505197899e-02
Mode 13
-4.145566154191e-03 -2.388686108822e-02 8.372705722905e-03
Mode 14
1.502050766084e-02 -2.950212329022e-02 4.918389318500e-03
Mode 15
-2.591528776371e-03 2.064613921200e-02 1.733440427346e-02
Mode 16
-7.248795194238e-02 -6.281482122175e-02 3.979087851176e-02
Mode 17
1.214230031127e-01 -1.269476081831e-02 -5.760693440909e-02
Mode 18
2.126492725575e-02 -1.827773556842e-02 -2.565234996349e-02
Mode 19
2.976694812456e-02 -1.111862494898e-02 6.137571651185e-02
Mode 20
-3.854531563112e-02 7.268471877660e-02 -8.254086139691e-02
Mode 21
2.944235399409e-02 -4.381563631640e-02 1.666264659133e-02
Mode 22
1.614243915342e-01 9.374641747595e-02 -1.340899276371e-01
Mode 23
-1.104112722026e-02 -8.655125921867e-02 6.000248767776e-02
Mode 24
-5.983840848841e-02 1.030355986139e-02 4.718994113764e-02
Mode 25
2.383326163667e-02 -6.764866055043e-02 1.494821003728e-01
Mode 26
3.876401581148e-02 -3.835450216021e-02 -9.835537375314e-02
Mode 27
-2.751622555213e-02 -7.106512979337e-02 5.852490218758e-02
Mode 28
2.256626568722e-01 9.497880010842e-02 -1.991021393309e-01
Mode 29
7.801319216209e-03 -1.293165788955e-01 5.827982286302e-03
Mode 30
8.206868871326e-02 2.016614945169e-02 2.916319077042e-03
Mode 31
5.560193184545e-02 7.397411621168e-02 1.725353654141e-02
Mode 32
2.175354564371e-02 -1.571865862064e-01 1.937291377354e-01
Mode 33
-9.133782773032e-02 -1.737008860105e-01 2.873317386354e-01
Mode 34
5.433477437690e-01 -2.472609715281e-01 5.755695451781e-02
Mode 35
-3.515229235785e-01 1.975008036613e-01 1.157328352677e-01
Mode 36
8.054344912123e-02 -5.728514105545e-01 -5.965050386755e-03
Mode 37
-5.894895438652e-02 1.183705714934e-01 7.603790913216e-02
Mode 38
-7.631507587629e-02 1.152453238176e-01 1.093870000873e-01
Mode 39
9.246704001024e-02 -3.832951672992e-01 2.618859310647e-01
Mode 40
4.626047284651e-02 -4.586414033482e-02 3.032702946009e-02
Mode 41
-2.340837912409e-01 2.156529475588e-01 -2.456529079572e-03
Mode 42
-5.357975758517e-02 4.158489135658e-01 -2.928339242592e-02
Mode 43
-4.420750219310e-02 4.627836289474e-02 -1.964735416561e-02
Mode 44
1.576202509672e-01 -4.465238178359e-01 1.591639778492e-01
Mode 45
-5.844975769034e-02 2.484498722732e-01 -1.892112054570e-01
Mode 46
1.658378577424e-02 2.000855334593e-02 -9.844379011850e-02
Mode 47
-4.710846062347e-01 5.625227423830e-02 -1.667570887372e-01
Mode 48
3.019054481312e-02 -2.491583799604e-03 1.580391736049e-01
Mode 49
-1.645480652437e-02 2.716545254999e-02 4.810531838572e-02
Mode 50
6.271923292631e-04 -2.683408513484e-02 2.180243780983e-02
--
Polarizability derivatives 
Mode 0
6.746403683920e-01 3.641207270989e-01 2.539297921154e-01
3.641207270989e-01 -6.138934542267e-01 3.052027451065e-01
2.539297921154e-01 3.052027451065e-01 -7.951096982530e-04
Mode 1
2.453276470294e-01 2.690006817325e-01 3.131781784785e-02
2.690006817325e-01 -7.751692674129e-01 1.581227281144e-01
3.131781784785e-02 1.581227281144e-01 -1.964939131763e-01
Mode 2
-5.344164462695e-02 4.085207162468e-01 5.807531965249e-01
4.085207162468e-01 -4.218985448819e-01 1.970170931160e-01
5.807531965249e-01 1.970170931160e-01 -2.637519750064e-01
Mode 3
-1.696677572499e-01 3.718415967394e-03 -7.216782521917e-01
3.718415967394e-03 -9.352276948456e-01 -2.381903637809e-01
-7.216782521917e-01 -2.381903637809e-01 1.578377045210e-01
Mode 4
1.114416579153e-01 -2.699970562572e-01 -6.252168615427e-01
-2.699970562572e-01 -9.476690894121e-01 -2.527546752284e-01
-6.252168615427e-01 -2.527546752284e-01 1.470354552058e-01
Mode 5
4.139772728811e-01 -7.214294742501e-01 9.030621857882e-02
-7.214294742501e-01 -1.364664226992e+00 2.310559369169e-01
9.030621857882e-02 2.310559369169e-01 6.026231138610e-02
Mode 6
1.783779181761e-01 -1.746599805057e-01 -8.422205955834e-01
-1.746599805057e-01 -1.019904550312e+00 -4.061088311217e-01
-8.422205955834e-01 -4.061088311217e-01 4.165833407567e-01
Mode 7
-1.065614300918e+00 1.340557088654e-01 1.671533230337e-01
1.340557088654e-01 -1.291525926036e-01 2.704720799175e-02
1.671533230337e-01 2.704720799175e-02 7.631824985630e-02
Mode 8
3.298863314739e-01 -9.018285267500e-02 -8.535826281065e-02
-9.018285267500e-02 1.609085581347e+00 -5.570111275345e-01
-8.535826281065e-02 -5.570111275345e-01 -6.193102718140e-01
Mode 9
1.244706145890e-01 -6.871049978010e-02 -3.665389531216e-01
-6.871049978010e-02 -3.664370947674e-01 2.946200622674e-03
-3.665389531216e-01 2.946200622674e-03 5.792824711763e-01
Mode 10
-6.987964554125e-01 -3.784487412737e-01 1.083261472863e+00
-3.784487412737e-01 -2.509342392195e-01 3.879180433163e-01
1.083261472863e+00 3.879180433163e-01 -6.598797202377e-02
Mode 11
8.271033262628e-03 7.300677747481e-01 -2.889386080860e-01
7.300677747481e-01 1.607956532369e+00 -1.245945376703e-01
-2.889386080860e-01 -1.245945376703e-01 3.451757957223e-01
Mode 12
-5.646644461688e-01 2.323083800854e-01 -3.487439270500e-01
2.323083800854e-01 -1.226219418979e+00 6.385793131704e-01
-3.487439270500e-01 6.385793131704e-01 -1.050950000264e+00
Mode 13
5.896063561859e-01 -9.011967819773e-01 -3.184822268632e-01
-9.011967819773e-01 -1.557540369510e+00 4.273473349780e-01
-3.184822268632e-01 4.273473349780e-01 2.055203509921e-03
Mode 14
-5.075349694203e-01 -3.726240674250e-02 1.530071227456e-01
-3.726240674250e-02 -2.604945440909e+00 1.078794849835e+00
1.530071227456e-01 1.078794849835e+00 -1.083374716387e+00
Mode 15
9.482587915907e-01 7.828531518966e-01 -7.489190361905e-01
7.828531518966e-01 1.150827381572e+00 4.055238486315e-01
-7.489190361905e-01 4.055238486315e-01 -2.426975287474e-02
Mode 16
-1.203686851955e+00 5.509211438255e-01 2.711544604307e-01
5.509211438255e-01 1.665471609181e+00 1.779484348584e-01
2.711544604307e-01 1.779484348584e-01 -1.008455878099e+00
Mode 17
9.757025052793e-01 4.347155015969e-01 -4.101633746878e-01
4.347155015969e-01 3.552561744350e+00 -2.929387797592e-01
-4.101633746878e-01 -2.929387797592e-01 1.008055565180e+00
Mode 18
5.910198979960e-01 1.701891284283e-01 -2.253320394573e-01
1.701891284283e-01 2.242405652801e-01 -5.804838586609e-01
-2.253320394573e-01 -5.804838586609e-01 6.352651512362e-01
Mode 19
7.530082833460e-01 -1.990560321242e-01 -1.292954600429e-01
-1.990560321242e-01 -2.010065252167e+00 -2.242191489406e-01
-1.292954600429e-01 -2.242191489406e-01 2.695061210316e-01
Mode 20
-1.947032995080e-01 4.248425466066e-01 1.018295748989e-01
4.248425466066e-01 5.706576268293e-01 -2.411679787666e-01
1.018295748989e-01 -2.411679787666e-01 9.701677701664e-01
Mode 21
5.730031935001e-01 -3.750358997235e-02 8.415531559975e-02
-3.750358997235e-02 -3.736918197197e+00 4.999183333837e-01
8.415531559975e-02 4.999183333837e-01 5.448366015336e-01
Mode 22
6.576656334888e-02 -8.650689963494e-03 -6.704644432011e-01
-8.650689963493e-03 -1.673270132566e+00 3.462776206157e-01
-6.704644432011e-01 3.462776206157e-01 6.758206751094e-01
Mode 23
4.298445564097e-01 3.434742169070e-01 2.227728337551e-01
3.434742169070e-01 1.787598115819e+00 3.482216874324e-02
2.227728337551e-01 3.482216874324e-02 -7.280622225990e-01
Mode 24
-7.912089993617e-01 7.375223868586e-01 5.931537286998e-01
7.375223868586e-01 3.179881801015e+00 -1.571699151081e+00
5.931537286998e-01 -1.571699151081e+00 -2.532092865322e+00
Mode 25
3.785348023341e-01 -1.734268186238e-01 -4.632336418658e-03
-1.734268186238e-01 -5.466651536206e-02 -6.209228489761e-01
-4.632336418658e-03 -6.209228489761e-01 -3.783988837531e-01
Mode 26
-2.557883607155e-01 1.649530747084e-02 -2.534783515033e-02
1.649530747084e-02 -2.251376515800e+00 5.914291203674e-01
-2.534783515033e-02 5.914291203674e-01 -8.050898025360e-01
Mode 27
7.437278456728e-02 1.948302733010e-01 -4.580637219165e-02
1.948302733010e-01 6.331912334487e-01 -1.955557065421e-01
-4.580637219165e-02 -1.955557065421e-01 -2.970224930549e-01
Mode 28
-8.388514434479e-01 -4.288356405960e-01 -8.360582846290e-02
-4.288356405960e-01 -9.839296378072e-01 -6.866134166475e-02
-8.360582846290e-02 -6.866134166475e-02 8.051594320829e-01
Mode 29
7.179688488698e-02 -6.299904743750e-01 -5.768925333767e-02
-6.299904743750e-01 6.827306093944e+00 -1.945811545410e-01
-5.768925333767e-02 -1.945811545410e-01 2.143978038586e+00
Mode 30
4.332499984271e-01 -1.808262368729e-01 -9.940798801029e-01
-1.808262368729e-01 7.905480392520e-01 -2.971122887307e-01
-9.940798801029e-01 -2.971122887307e-01 -4.669543766092e-01
Mode 31
-2.511677021869e-01 6.740038231038e-01 5.831340627872e-02
6.740038231038e-01 1.193493333795e+00 2.545762114072e-01
5.831340627872e-02 2.545762114072e-01 2.738511717391e-01
Mode 32
-2.730386777129e-01 2.853504419814e-01 -2.111657702176e-01
2.853504419814e-01 1.160590742150e+01 6.104289896677e-03
-2.111657702176e-01 6.104289896677e-03 -7.224509379780e-02
Mode 33
-1.404871890976e+00 8.399640564591e-01 8.300787361194e-02
8.399640564591e-01 -3.881064442021e+00 2.667019328815e-01
8.300787361194e-02 2.667019328815e-01 -7.046881876473e-01
Mode 34
-6.854375403898e-01 9.445963506127e-01 -7.080380486002e-01
9.445963506127e-01 -7.747791835714e+00 1.782021749579e-01
-7.080380486002e-01 1.782021749579e-01 -1.137099819559e+00
Mode 35
1.061535879353e+00 -2.331092600769e-02 2.292406264982e-01
-2.331092600769e-02 -1.296728619451e+00 -8.770736764433e-04
2.292406264982e-01 -8.770736764434e-04 -2.542850265005e+00
Mode 36
9.381653598175e-02 -3.675688735056e-01 -5.620926351086e-02
-3.675688735056e-01 -1.422281799547e+00 1.000575505862e+00
-5.620926351086e-02 1.000575505862e+00 -6.409271712889e-01
Mode 37
1.634967176560e-01 -5.783471810833e-01 -1.115759993909e-01
-5.783471810833e-01 -7.924490585609e-02 -5.953823650496e-01
-1.115759993909e-01 -5.953823650496e-01 8.280343280786e-01
Mode 38
-4.909650334455e-02 -1.305407494423e-01 -2.489024333758e-01
-1.305407494423e-01 -3.325891552684e+00 9.113774622879e-02
-2.489024333758e-01 9.113774622879e-02 3.445363165757e-01
Mode 39
-8.300241249015e-01 8.836722272165e-01 3.133455408980e-01
8.836722272165e-01 -1.639489990935e+01 1.454203539502e+00
3.133455408980e-01 1.454203539502e+00 -3.136490627665e+00
Mode 40
1.172390358632e-02 3.467487501776e-01 -4.011422151998e-01
3.467487501776e-01 1.319785673076e+00 -2.979939531558e+00
-4.011422151998e-01 -2.979939531558e+00 -4.021335276667e-01
Mode 41
1.276369289960e-01 -8.384221359136e-01 -1.056528020781e+00
-8.384221359136e-01 1.624255694461e+00 4.509930150992e-01
-1.056528020781e+00 4.509930150992e-01 -1.715925639612e-01
Mode 42
6.413590317698e-01 -3.014369426759e-01 2.995937385465e-01
-3.014369426759e-01 9.356913212496e-02 1.338756188747e+00
2.995937385465e-01 1.338756188747e+00 -9.546855253826e-02
Mode 43
-3.215768770822e-01 3.210069261592e-01 -8.707067878293e-01
3.210069261592e-01 4.928855535468e+00 8.850027697229e-01
-8.707067878293e-01 8.850027697229e-01 -1.808064710514e+00
Mode 44
-7.471406063673e-01 -1.564535567280e-01 4.751505836657e-01
-1.564535567280e-01 5.070793067964e+00 7.190689770543e-01
4.751505836657e-01 7.190689770543e-01 5.034068380423e-02
Mode 45
4.024773306268e-01 -8.359531225152e-01 4.061495668045e-01
-8.359531225152e-01 8.822832854163e+00 -7.421827272249e-02
4.061495668045e-01 -7.421827272249e-02 1.352536201205e+00
Mode 46
-5.766916150384e-01 2.271158532722e+00 4.173837151380e-01
2.271158532722e+00 -1.961837344883e+01 -1.498087322513e+00
4.173837151380e-01 -1.498087322513e+00 3.535912623533e+00
Mode 47
2.306160944094e+00 -8.024983167174e-01 1.937317427095e+00
-8.024983167174e-01 5.317413368470e-01 -1.507936295805e+00
1.937317427095e+00 -1.507936295805e+00 2.880683122663e+00
Mode 48
1.412673889089e+00 -6.240003516039e-01 1.314628421089e+00
-6.240003516039e-01 8.463573663795e-01 -7.336877764534e-01
1.314628421089e+00 -7.336877764534e-01 5.924287030870e+00
Mode 49
-5.009586125383e-01 -9.481196160935e-02 1.223382391514e+00
-9.481196160935e-02 1.313312052928e+00 7.092175909197e-01
1.223382391514e+00 7.092175909197e-01 -5.061345064650e+00
Mode 50
1.034871423821e+00 -1.231939661364e+00 -2.388602615151e+00
-1.231939661364e+00 2.556670541734e+00 3.550551934357e+00
-2.388602615151e+00 3.550551934357e+00 8.966728791305e+00
--
