Number of atoms 
18
--
Anisotropy 
120.491
--
Frequencies 
6.778863537580
30.818614294154
43.917330246775
59.647996161732
66.009309717264
117.815361908882
139.122322668759
159.595574552754
173.309482497980
220.785197785980
232.053210879373
273.167414871787
306.926231753052
341.913412370688
355.845417254557
432.735916607246
451.977602434351
478.397211744271
532.663725568410
564.341118716673
591.578117110607
621.704592496825
636.725499841487
678.835029752005
743.573095286265
766.162796524886
850.578435152243
902.713304111973
918.963449142560
921.697748288280
1056.557136206126
1104.067882838701
1119.487805617206
1148.270262127642
1207.571974578964
1233.807621450974
1302.450264293404
1349.986069883515
1378.734303141641
1404.142138322143
1465.580033520302
1498.806485576647
1619.825706995791
1653.318087104546
1908.497044193530
3075.492659651685
3199.640833140795
3221.867901727899
--
Displacements 
Mode 0
5.758367810674e-01 2.232170703078e-01 -5.924773458722e-03
2.245568366093e-01 9.627553464937e-02 -8.852288474102e-04
1.842436762657e-01 4.540463027855e-02 -6.674673857682e-02
1.046453947947e-01 -4.900883418477e-03 -6.615043280953e-02
6.582749637259e-02 -6.259725445284e-02 -1.343207572383e-01
4.080503792190e-02 -1.250672551610e-01 -2.081172846429e-01
1.012483694536e-02 -1.047484865238e-01 -1.304748578448e-01
6.590519933392e-02 8.604138414230e-03 -2.163308956976e-03
1.073668386382e-01 6.836124529250e-02 6.289121869209e-02
1.845487792412e-01 1.070662504226e-01 6.312597515371e-02
8.655121181926e-02 1.028350731195e-01 1.597673682923e-01
-1.774276902564e-02 -3.724476527216e-02 1.866342194236e-03
-7.834374304593e-02 -7.267855596316e-02 1.088384716022e-02
-5.792772753781e-02 -8.477404186727e-02 -1.771696175343e-02
-4.660426766453e-01 -5.126495262489e-02 1.014766092593e-01
6.306373739026e-02 1.352266814102e-02 -3.498396355767e-02
3.171056188784e-02 -1.790362255290e-02 -5.388888124389e-02
6.122867039216e-02 4.151934821483e-02 3.234323236921e-02
Mode 1
1.456277302373e-01 -3.637329881229e-02 1.658565719394e-01
5.894454347785e-02 -1.278877015234e-01 1.013928098970e-01
4.511496749925e-02 -1.257038993368e-01 7.815018396030e-02
1.730491152309e-02 -8.861286252806e-02 7.443013666958e-02
-2.553409813948e-04 -6.489479562773e-02 3.764433297737e-02
-6.709278113588e-04 3.892092282483e-02 1.418131983614e-01
-6.163285842400e-02 -3.589100644841e-02 -1.070887277245e-01
2.870112225501e-03 -5.775600512132e-02 1.001907400786e-01
1.535347015178e-02 -1.057422189030e-01 1.267836909152e-01
4.263510470909e-02 -1.426341546103e-01 1.280027304458e-01
4.546582665339e-03 -1.147412093503e-01 1.835703908732e-01
-3.148180972862e-02 9.294126812570e-02 9.189648199733e-02
-9.992784734840e-02 1.774892253385e-01 -2.694266114151e-02
2.363289095305e-02 3.678317741938e-01 4.846228685876e-01
-6.211463458034e-02 5.930112049873e-03 -5.186226963018e-01
1.645368080561e-02 -3.738947236911e-02 1.718424428407e-02
6.684084188687e-03 -4.431404995731e-02 1.228134639426e-02
1.536995405417e-02 -4.469086574810e-02 4.330267897988e-02
Mode 2
-1.168046226234e-02 -3.011726555934e-02 2.344238290007e-02
6.963852554984e-03 -1.298184336413e-02 1.529735223485e-02
6.639626196474e-03 -9.198474291063e-02 2.561145709954e-02
1.870314267451e-02 -6.381301576581e-02 2.493425666274e-02
4.466151990985e-02 -1.163437391216e-01 7.662114924610e-02
2.226731317324e-01 -3.044321570670e-02 2.015066793368e-01
-2.127152957972e-02 -1.166282961168e-01 -1.220272538084e-02
2.821952175060e-02 5.593212204073e-02 2.137502595622e-03
2.612911594460e-02 1.180183939697e-01 -8.928895350979e-05
1.826158440966e-02 8.686865719953e-02 1.317045672427e-03
2.547267237447e-02 2.453892830101e-01 1.947545136035e-02
7.758644897847e-02 8.881539376632e-02 3.490569332755e-03
4.688545104006e-01 2.658298612728e-01 -1.334666134483e-02
-6.384594441932e-01 -1.842228651492e-01 -9.113460538647e-03
1.282806992205e-02 -2.698989019845e-02 -1.071136951077e-01
2.917634875267e-04 -4.840028552187e-02 1.048806462423e-02
5.998362475655e-03 -6.861272124985e-02 4.339742681612e-02
4.253446373578e-03 4.062252781887e-02 -3.349022447647e-03
Mode 3
-1.495182137208e-03 3.243668235671e-02 7.914512280337e-03
-3.898029256524e-03 -1.615524830265e-02 4.686207470709e-03
-5.311640469713e-03 -1.056746732692e-01 9.323602639414e-03
-6.980159438287e-03 -1.371308009633e-01 1.249170619698e-02
-1.861891847437e-02 -8.492838334563e-02 -1.745634247913e-02
9.517756232130e-02 4.063090777004e-01 3.833631101786e-01
-2.210110277399e-01 9.358830747875e-02 -6.523880194448e-01
-4.506740737655e-03 -8.890466914442e-02 6.363945375764e-03
2.075991561802e-06 -3.458991578824e-03 -7.258351838957e-04
1.019664980690e-04 3.665037734157e-02 -8.981420628424e-04
1.503783077448e-03 6.259077630357e-02 -3.307934602030e-03
1.394444613299e-02 -1.151872099021e-01 7.590921530277e-03
-7.609587909547e-03 -1.631754250743e-01 3.634178486759e-02
1.660191825371e-01 -1.844962541257e-01 -6.861096963490e-02
-2.252659321886e-02 7.363030862279e-02 9.294830799323e-02
-1.748033667676e-03 -3.993593632649e-02 3.170859839688e-03
4.274339052595e-03 -1.317406305966e-01 2.287256911354e-02
1.996062615562e-04 3.061924015726e-02 -2.014993486306e-03
Mode 4
3.234320254703e-02 -1.347531592418e-01 1.646386931905e-01
1.234720311382e-02 -2.117129197207e-02 1.017436564612e-01
1.663825409951e-03 -1.544391204242e-02 8.737257307870e-02
-2.016463717103e-02 6.963662812342e-02 8.237930916689e-02
-2.583165484450e-02 1.438817743954e-01 5.912427338766e-02
-1.608405864825e-01 1.335711896822e-01 2.726722381629e-02
1.048411437747e-01 1.821571778915e-01 1.388046059048e-01
-2.717696812269e-02 1.391499001684e-01 9.680743261862e-02
-1.315702962208e-02 2.167178127401e-01 1.100322852103e-01
6.350995374684e-03 1.219537703651e-01 1.143579263488e-01
-2.888575291237e-02 4.742651851750e-01 1.584857869022e-01
-4.898068010158e-02 -2.306299873617e-02 1.080063337977e-01
-1.455590895099e-01 -1.812971607628e-01 2.874468811142e-01
8.330789313712e-02 -1.852092203976e-01 -1.958104045599e-01
4.829216459751e-02 -2.245129135525e-01 -3.589320713907e-01
2.480331458895e-03 -1.976707973073e-02 2.239461188454e-02
-9.815887143687e-03 7.227375386551e-02 8.693470332962e-03
4.402897101246e-03 4.876656343468e-02 3.668967706175e-02
Mode 5
-3.448327916246e-02 1.949457288360e-02 -4.314282353493e-02
-1.114124048015e-02 -1.471872763722e-01 -2.846092601248e-02
-1.703998943141e-02 -3.485309193131e-01 -2.159114615806e-02
-1.442553853563e-02 -3.290931973433e-01 -2.615094719391e-02
4.499614562867e-03 -1.514073879031e-02 -6.422103464462e-02
-3.992898134125e-01 9.463589582890e-03 -9.274132946414e-02
5.428630408782e-01 7.711680443271e-02 -8.292526690257e-02
-9.139265222649e-03 -1.975456638674e-01 -3.297779043287e-02
-1.989083471647e-03 -1.748047391247e-02 -4.099028037430e-02
-2.841253558192e-03 1.663007581654e-02 -4.330217035486e-02
1.475892305824e-03 2.807179791735e-01 -5.593485279414e-02
1.959484322465e-02 -6.950972362160e-02 -3.836093686692e-02
7.894340599300e-02 1.209721056508e-02 -1.446382317012e-01
-4.772394621094e-03 -3.519981636807e-03 1.953038588845e-01
-4.210978093088e-02 1.480473578236e-01 1.248937806419e-01
-5.041118440310e-03 -1.172422425174e-01 -5.564780931693e-03
-1.621025222651e-02 7.641788163147e-02 -2.767933239997e-02
9.511836548138e-05 6.196172670530e-02 -1.684109059998e-02
Mode 6
-1.530662302965e-01 -2.463391154086e-02 -9.088467104795e-02
1.948596636271e-02 5.369710002310e-02 -5.030581357055e-02
3.804166066665e-02 2.595142153048e-02 -1.381384449264e-02
9.998010485819e-02 -1.849146989209e-03 -1.792312273938e-02
1.636784961538e-01 3.294315845691e-04 9.607823126020e-02
3.767485275555e-01 5.184645930807e-02 1.794715963361e-01
2.627801640603e-01 2.584796716207e-02 7.071932585423e-02
1.077010442986e-01 -1.305508304342e-02 -3.566514816106e-02
9.603724909252e-02 4.372934384683e-02 -6.377791329610e-02
4.118201626764e-02 9.109983793905e-02 -7.873265690082e-02
1.608003374175e-01 6.028028199837e-02 -1.483860329116e-01
-1.447003046633e-01 -7.162923105540e-02 -2.798871926767e-02
-5.949113305023e-01 -2.004610568492e-01 -1.069477305129e-01
-2.966994856757e-01 5.751638638745e-03 1.960725571502e-01
8.456001295973e-04 -1.180035845726e-02 -2.023917600636e-03
4.689933235919e-03 3.321909705761e-03 6.409946677078e-03
2.633672011784e-02 -1.323422387352e-02 5.772950546806e-02
8.031608043317e-03 3.666858697084e-02 -3.188978375574e-02
Mode 7
-4.846976797738e-01 -1.824342331488e-01 7.131953858459e-02
1.165777892725e-01 3.590367695486e-02 3.387821835341e-02
1.698627613862e-01 1.036697744276e-01 8.311915546954e-02
1.805277489232e-01 1.075556520416e-01 6.664877895355e-02
5.111600207956e-02 1.478967099784e-02 -1.765819071907e-01
-2.193824951320e-01 -7.126906087655e-02 -3.292243061122e-01
-2.174136038232e-01 -2.500006929227e-02 -2.417034419717e-01
1.909263973601e-01 5.553168362058e-02 6.338470878736e-02
1.786086710488e-01 5.607964593047e-02 1.057574171218e-02
1.459795659363e-01 4.072523223400e-02 -6.355858904725e-03
2.688939451429e-01 5.139941763624e-02 -4.595153322984e-02
1.087949585099e-01 -2.028526021109e-02 7.709000895705e-02
3.772839670470e-02 -5.084892745545e-02 8.183899378633e-02
-7.335916730326e-02 -9.531841406061e-02 2.557870307398e-01
-2.549917794192e-02 4.296298751951e-02 6.730380205489e-04
4.494056704595e-02 2.705259074352e-02 3.186598613228e-02
7.055043360094e-02 -9.701835920902e-04 -1.149062008007e-01
3.982275419760e-02 2.508219528787e-04 -6.119122221092e-03
Mode 8
8.791313495966e-02 1.518447884384e-01 -1.705898556375e-01
-8.341237587509e-02 3.329590573616e-01 -7.508866460233e-02
-7.849189014996e-02 2.825936318298e-01 -3.291432279530e-02
-7.026245124375e-02 2.114345458530e-02 1.091738187101e-03
-6.521582666060e-02 2.369579110158e-02 3.209622260524e-02
-7.743016215651e-02 3.408803674874e-02 4.208681353356e-02
-5.575735133126e-02 3.112408647911e-02 6.147070855728e-02
-6.974941839624e-02 -1.909307722745e-01 1.646157396597e-02
-8.857325099542e-02 7.020917323916e-02 -4.358242755729e-02
-9.501661417095e-02 3.617313024865e-01 -6.196254553893e-02
-9.079817998540e-02 3.869695595678e-02 -8.999949564746e-02
4.256155612213e-02 -1.917555563361e-01 4.362956746121e-02
1.989634702003e-01 -8.543002374782e-02 -5.374936757358e-02
9.218627588409e-02 -1.127547194099e-01 5.236470249067e-01
6.950554631449e-02 -2.155400091602e-01 -1.104679441321e-01
-2.677880244691e-02 1.078773374996e-01 -4.187263876503e-03
-2.410431773266e-02 1.235522472504e-02 1.331385538667e-02
-2.564421118982e-02 1.423832706409e-01 -1.821783873444e-02
Mode 9
-8.409856295388e-02 5.125979341189e-02 5.417172003039e-02
2.389070472265e-02 2.227188828988e-01 3.597592999284e-02
1.348985701847e-02 -1.890133545685e-01 7.417561756875e-02
1.817499910128e-02 -1.176092992502e-01 6.537652012705e-02
3.272162602801e-03 -9.527952248166e-02 3.326959321753e-02
-2.201949859164e-01 -2.391819293581e-02 1.027783948121e-01
1.589773837786e-01 -5.414145122965e-02 -6.862464069923e-02
4.086972228339e-02 1.321481734536e-01 3.437055871649e-02
4.647296512778e-02 1.542888918493e-01 3.145521786174e-02
4.116400868907e-02 5.271962745754e-01 7.809769854325e-03
5.977373363238e-02 -5.177614732501e-01 4.265777831821e-02
-1.038152007792e-02 1.128125174217e-01 2.700395078951e-02
-6.135339209443e-02 7.720595569711e-02 8.348650146460e-02
-4.074550694624e-02 1.113589685564e-01 -2.276491802562e-01
2.393125066007e-02 -9.229624056255e-02 -5.159165011959e-02
1.234555952854e-03 -1.441358003478e-01 2.789314717439e-02
6.201040320584e-03 -1.670501234411e-02 -6.103334384067e-04
1.178389218865e-02 2.072778341707e-01 -4.042431444165e-03
Mode 10
-3.476677687857e-01 -1.400087474454e-01 -2.207037152917e-02
1.213818692990e-01 8.682925582569e-02 -1.268382773757e-02
7.245841839562e-02 8.696480893066e-02 -1.213836895326e-01
-3.487987586922e-02 -7.852046409022e-03 -1.439635547089e-01
5.095649988036e-02 -1.491665049144e-02 -1.126788263231e-01
3.534545857599e-01 -4.383371195546e-02 -1.379802183307e-01
2.554589546079e-01 6.562106736242e-03 -1.255291973503e-01
-1.403516363929e-01 -8.513726426857e-02 -2.806967102262e-02
-8.543816997557e-02 9.904883239021e-03 1.053057459336e-01
8.968645307400e-02 1.036990016883e-01 8.775873156001e-02
-3.558968581449e-01 -1.811151012421e-02 5.467049652957e-01
-7.150274307088e-02 -5.660643503552e-02 -2.741479845290e-02
9.506553016207e-02 1.961017658275e-02 -5.395539432252e-02
1.098188941070e-01 1.304697637217e-02 -4.462141094332e-03
-1.640891319048e-02 2.774414188739e-02 6.657144783792e-04
3.556921004692e-02 2.742584536109e-02 -5.812950916379e-02
-1.983145914940e-02 -8.588126854663e-04 7.174241684173e-03
3.974112511113e-02 3.560936420720e-02 5.107890181169e-02
Mode 11
-5.807357224134e-02 -3.755351235273e-02 2.437309760770e-01
9.817491840435e-02 9.454637967657e-02 1.064318516561e-01
6.427681299377e-02 1.535824053409e-01 5.475585275033e-02
-1.986505988685e-03 -2.013547962507e-02 5.810139172319e-02
-4.436294318445e-02 1.657825852645e-02 1.258278713734e-01
-2.376027393030e-01 6.947665398456e-02 1.866546628754e-01
-1.709364286823e-01 -5.017795022181e-03 1.806780022721e-01
7.367821330706e-02 -2.377386463096e-01 -1.171229330783e-01
1.436647539687e-01 -7.788241202291e-02 -4.058592513182e-03
1.719052127385e-01 5.140235467770e-02 9.796423695397e-03
6.796905419455e-02 9.407951677346e-02 2.101983190687e-01
4.031698125554e-02 -1.020824672421e-01 -2.391742573346e-01
-6.900553283177e-02 6.943303604264e-02 -6.111800462903e-01
6.953185810457e-03 -2.858708702069e-02 -1.962993861742e-01
5.837906520911e-03 -2.008797128521e-02 -1.856222015640e-02
3.306314836116e-02 7.614380967920e-02 -8.209979333089e-03
2.919323262088e-03 4.721322166053e-03 1.705789569826e-02
3.922407846170e-02 3.496900725337e-02 -1.974583573892e-02
Mode 12
1.501528770866e-01 -3.221323018134e-01 4.204744323888e-02
2.053191195040e-02 -2.168876440988e-01 -3.806292673422e-03
-1.752711689368e-02 -4.346628204071e-01 -3.322279001373e-02
-3.447206015732e-02 1.084360838409e-01 -6.909049766612e-02
-3.552884317949e-02 2.198335345450e-01 -3.732747525004e-02
2.213721983222e-01 1.100567174694e-01 -1.749677431092e-01
-3.193371767081e-01 1.505267149488e-01 2.215071190594e-01
-1.154395536265e-02 3.580074522045e-03 -7.517760564642e-02
1.789812431580e-03 8.561004595929e-02 -5.010767335046e-02
3.887188907128e-02 2.840450854246e-01 -5.195051285354e-02
-3.589378308252e-02 -1.052557762817e-01 -7.736046429016e-03
2.857128214811e-02 -8.789514359974e-02 -6.887777598064e-02
3.628269876816e-02 -6.972595731804e-02 -1.317145605383e-01
5.044721515104e-02 -9.958934951912e-02 1.679205623135e-01
-4.813510352078e-02 1.512111858003e-01 3.722003143046e-02
-5.528700493744e-04 -2.177216788193e-01 -1.525930516488e-02
-1.310608640345e-02 6.544469348764e-02 -8.444023070731e-03
1.246084724419e-02 1.736608052407e-01 -2.210387434520e-02
Mode 13
1.907470040767e-01 -3.709971785893e-01 5.515824066550e-01
-1.593841718542e-01 7.950052063125e-02 1.449905872736e-01
-1.722717486429e-01 2.301843553213e-01 2.449006260368e-02
-5.764392179279e-02 1.340696468459e-02 -1.002144237875e-02
1.191814902175e-02 -4.900661429045e-02 -7.523606084362e-02
1.523346935439e-01 -1.364517123632e-01 -1.507684327290e-01
2.124645309310e-01 1.745122653363e-02 -2.436747934180e-01
-7.206757639556e-02 -8.252435633937e-02 2.011222222571e-02
-7.121491633854e-02 2.594661538426e-02 2.355089645746e-02
-1.687378107742e-01 1.090675621116e-01 6.472248646804e-02
8.155655226878e-02 -2.418565783017e-02 -2.930185096465e-01
-6.723373900979e-02 -3.922080220024e-02 -1.491065930073e-02
2.173904124051e-02 5.153116350472e-02 -9.613573514219e-02
7.421744346333e-03 2.815913196096e-03 -4.828322296674e-02
-2.929118070796e-02 9.919378868391e-02 -4.894074215424e-03
-4.952747035180e-02 9.571192471889e-02 7.436863803798e-03
-1.146529022166e-02 -1.110806965443e-02 -4.436792441807e-03
-6.130558456791e-02 2.652975506072e-02 -2.288306800764e-03
Mode 14
2.026884265817e-01 -6.816148263492e-01 -3.428431173220e-01
9.553684371933e-02 4.521478415375e-02 -1.061785573268e-01
9.187290858718e-02 2.165582714136e-01 -7.684263742216e-02
3.732692643274e-03 -1.539328985616e-02 -1.907433733015e-02
-2.689507189815e-02 -1.160337557207e-01 7.999918211113e-02
-2.507419465962e-01 3.707375314869e-02 2.550931189205e-01
6.219598202062e-02 -1.236842850588e-01 5.039386622079e-02
5.571306077409e-03 7.641218039509e-02 -1.916411364030e-02
3.535261496139e-03 8.446362344911e-02 -3.477729587783e-02
7.000619584945e-02 -7.590691744030e-03 -4.582844956606e-02
-4.729274978358e-02 -4.429895107460e-02 4.623440039146e-02
1.011999453530e-02 1.414488452760e-02 1.784690297017e-02
1.079977166342e-02 -3.952636977463e-02 1.025478287269e-01
-1.586178102945e-02 4.286147484398e-02 2.476916450113e-02
-7.107543639254e-02 2.362197238227e-01 3.929074969224e-02
2.910445601172e-02 8.188745023319e-02 -2.804207329378e-02
-6.424660290676e-03 -3.978982961549e-02 2.322647681758e-02
2.902515702814e-02 -5.944565813623e-02 9.033759597609e-03
Mode 15
-6.065052272936e-02 -8.475973381468e-02 -1.528320423517e-01
1.454535953978e-01 8.698119067678e-02 -1.331110952432e-02
1.211063048995e-01 -1.100783038973e-02 -3.715178665397e-02
-1.524981539014e-02 -1.656031931233e-01 -2.319478130815e-02
-3.496230875047e-02 7.819203890022e-02 -4.355370876164e-02
9.469579568047e-02 9.916110504936e-02 -5.878967074682e-02
-1.261872262795e-01 3.483815997989e-02 1.359338017292e-01
-1.204785237218e-01 -4.765577201088e-01 1.653082032981e-01
-3.510425049443e-02 -3.160713234162e-01 1.857024121067e-01
3.589550176467e-02 1.208720198296e-01 1.525440942794e-01
2.465932604465e-01 9.585403188640e-02 -1.961245626865e-01
-2.293039562841e-01 -5.763440314815e-02 1.549122313446e-01
7.036902769602e-02 7.450764511384e-02 2.012441441253e-01
-6.533799110560e-02 2.193722863681e-01 -2.305873231042e-01
-6.821155873486e-03 1.660331813469e-02 8.652582030179e-04
4.636310922389e-02 3.439582056370e-02 -3.017052427272e-02
-2.110527395089e-02 3.586308594534e-02 -5.013686289216e-03
4.002406071569e-02 1.443612460838e-01 8.935533530287e-02
Mode 16
-5.920649224955e-02 8.095931761473e-02 3.602224554188e-01
1.589344926642e-01 -1.011001841140e-02 8.549227270997e-03
7.671701304560e-02 1.664113150167e-02 -1.434714508613e-01
-9.345924721126e-02 -2.263200158452e-02 -1.545889215321e-01
-8.368981009855e-02 -2.950074183400e-02 -1.646219243682e-02
-4.620457933545e-02 8.798413935946e-02 8.332820316220e-02
2.000294881228e-04 -7.109564047037e-02 8.143352547356e-02
-5.017760929772e-02 3.147780781780e-02 -2.087530059991e-01
4.879519794569e-03 4.262483174272e-02 -1.655811306850e-01
2.015197180583e-01 -3.495914418020e-02 -1.192524441745e-01
-8.819361809377e-02 -1.545211764621e-02 -1.049038759118e-01
4.232619904707e-02 -1.896610488816e-01 -1.429473690475e-01
2.112639189330e-01 -4.481174907297e-01 2.547615645164e-01
-1.673404277721e-01 4.110861421273e-01 1.926373841559e-02
7.413821859637e-03 -2.761501836113e-02 -3.929426264359e-03
5.607196196049e-02 1.862707242601e-03 -9.603560821968e-02
-4.484731084419e-02 -7.823373486626e-03 1.762253465845e-02
5.835159165490e-02 -2.974759934618e-02 -3.160811769508e-02
Mode 17
1.106903585917e-01 -7.003410636348e-02 -1.713808800090e-01
-3.001014155786e-01 -2.987739598046e-03 1.494452163345e-02
-1.977511243304e-01 1.911158765702e-03 1.798154819908e-01
1.355665550573e-01 1.224794706826e-02 1.859507609841e-01
1.421731957722e-01 5.943800089002e-02 7.179962956038e-02
2.871340049048e-02 -1.523956800371e-01 -1.003224632667e-01
-5.210848063316e-02 1.343799966736e-01 -1.212698473929e-01
1.888567351088e-01 -1.644711097584e-01 1.540751620832e-02
1.242657575072e-01 -1.389248513259e-01 -3.311670114506e-02
-1.752997239187e-01 5.605145088858e-02 -8.185699687724e-02
-1.360844534636e-02 5.354001509509e-02 3.303371024078e-01
2.212873989134e-01 -1.331096576528e-01 -3.572654834299e-02
6.549062748643e-02 -2.875911919079e-01 5.702560668034e-02
-1.755122164059e-01 3.487665443748e-01 -1.425917921563e-01
-4.006114696369e-03 2.072018565797e-02 1.006075235298e-03
-1.008598933187e-01 2.217615595991e-02 1.221592992854e-01
7.720092349484e-02 1.364313836975e-02 -1.830812095213e-02
-8.981207978890e-02 7.521291201556e-02 -1.066256607652e-01
Mode 18
-4.310458195315e-02 4.041861383841e-02 -1.306132156632e-01
-1.396617968024e-01 -8.898769358467e-02 4.285842035587e-02
-2.532635799207e-01 8.471814767394e-03 -1.953388047351e-01
-9.920866046009e-02 9.447379077364e-03 -1.868534889941e-01
-7.430950257714e-02 -2.832945596110e-02 -5.739462463880e-02
-1.433114830818e-02 8.705362986059e-02 1.615851116492e-02
2.689497498604e-02 -8.111415932836e-02 4.096208668756e-02
-5.160000971781e-02 1.184812060341e-01 -8.964333942685e-02
2.113391268784e-01 2.702988033512e-01 2.515369679190e-01
-1.558720171375e-01 -4.723725533439e-02 2.213028988432e-01
5.342532053509e-01 -7.252226090914e-02 2.089434107181e-01
-2.283173174476e-01 -1.788827512734e-01 -9.883183587372e-02
1.507475698803e-01 -8.949371724887e-02 -6.763417427131e-02
2.662998162454e-02 5.939098065586e-02 4.197654219856e-02
1.545874616946e-03 -4.425890508827e-03 1.689256564611e-03
-6.830517837608e-02 1.229324830542e-02 -6.685301916369e-02
-4.459682214244e-02 -6.679532502223e-03 8.570691606414e-03
-6.840874254026e-02 -9.391439091624e-02 2.505159448557e-02
Mode 19
-2.298686306260e-02 2.585998379543e-02 -1.692634952927e-01
1.726407418795e-01 -7.958556054367e-02 6.200686278117e-02
1.317268034138e-01 -1.419130883414e-02 1.010071136481e-01
-1.642995690798e-01 4.859696826165e-02 1.122529346729e-01
-1.784774044840e-01 6.460437588304e-02 2.650938314799e-01
3.411498922379e-02 -5.220455221105e-01 8.781314026120e-02
-1.173526803599e-02 4.636392550680e-01 -2.154803349184e-01
-1.073256015170e-01 4.990254762379e-02 3.251106408737e-02
-6.259625605342e-02 1.860528061188e-01 6.215080336372e-02
1.334442956381e-01 -3.598453191497e-02 9.952120416726e-02
5.296473828602e-02 -4.779936131569e-02 -1.352610093605e-01
-5.061845416059e-02 -1.504475152616e-01 -3.637164795854e-02
7.365638647140e-02 -7.103872027891e-02 -1.159601529513e-01
-1.711271325998e-02 7.005966188514e-02 -1.580101298644e-02
3.650627686289e-04 -1.221756307900e-03 2.534137320772e-03
6.274120440675e-02 -2.653684498333e-03 -1.132301640612e-02
-9.220382313878e-02 2.640175544570e-02 1.276414279134e-01
6.714353344644e-02 -5.879315368227e-02 8.909053170545e-02
Mode 20
8.450560430855e-03 -7.820517956627e-02 7.847368078651e-02
-2.388038731785e-02 3.466795704115e-01 -1.264897605127e-02
-1.771286114760e-01 -6.305815729540e-02 -1.721481626438e-01
-1.868277016085e-01 -1.343612470518e-01 -1.384058317605e-01
-1.893458242550e-01 2.960465186414e-02 9.592699247094e-02
3.504040909544e-02 -1.878818777194e-01 2.257265840183e-02
-4.372877120339e-02 2.219585202964e-01 -4.021476039797e-02
1.799168308036e-02 5.183654937989e-02 -2.180676904643e-01
1.913131282217e-01 -3.641135643517e-01 -6.669627666658e-02
1.000655003997e-01 -3.589109925184e-02 -1.222308467585e-01
2.075081715957e-01 8.795362465213e-02 1.698026204283e-01
8.447021667416e-02 3.189447997117e-01 -7.992749220136e-02
-8.517662245742e-02 6.250760356522e-02 2.330567898738e-01
3.936152727806e-02 -1.551160999921e-01 1.042929115071e-01
-2.394838833233e-03 6.915488986723e-03 -4.488379712524e-03
-2.701419522156e-02 -8.578907719584e-02 -9.017458447203e-02
-1.046628101337e-01 2.840515179537e-02 8.012062334077e-02
-5.553222426600e-03 1.968954290765e-02 -1.081912621526e-01
Mode 21
-1.834168177196e-02 7.704319792375e-02 2.167082453126e-02
-1.400712480993e-02 -4.570167760129e-01 -2.593495375796e-02
-2.351080283367e-02 1.010441213684e-01 -1.276799470919e-01
3.993491450469e-02 5.346564303653e-01 -1.195145932275e-01
5.527360691436e-02 -6.640648835138e-02 8.113982918850e-02
-1.521495306751e-01 -1.449494838810e-01 1.859195044743e-01
1.070759633007e-01 -5.519587959670e-02 -1.145757749320e-01
-2.288030456546e-02 -1.261088375330e-02 -5.868394357607e-02
3.292914655360e-02 -3.393855508867e-01 -4.415906276427e-03
2.973665647291e-02 2.105112942492e-01 -4.263031560434e-02
3.713356610449e-02 5.492400413153e-02 3.201493091961e-02
-1.615993485452e-01 2.631013681338e-02 -9.905259237923e-03
2.965628999464e-02 5.918382534201e-02 8.086178366532e-02
3.218753703578e-02 -3.612826821674e-02 2.495616346787e-02
1.149797840485e-03 -7.247086996728e-03 5.372541369484e-03
-4.055485667138e-03 1.479120848805e-02 -4.222823284531e-02
2.855580127738e-02 -6.363239287923e-02 2.692818360844e-02
1.072833294657e-02 3.337672780847e-01 -3.826592213924e-02
Mode 22
3.347489224082e-03 -6.618038356207e-02 -6.270264996510e-02
5.288396315159e-02 4.672458816519e-01 3.550504483774e-02
2.059592436174e-02 -2.309315740810e-01 6.977693784387e-02
1.821370657015e-02 3.934444121192e-01 8.126716475957e-03
3.845611113610e-02 -4.330967528161e-02 -2.616938629294e-02
-4.599795462631e-02 3.703430866728e-02 3.914134981334e-02
9.455390438012e-02 -1.222409679915e-01 -3.535643401993e-02
-5.009907043740e-02 2.365306126804e-01 5.134188985289e-02
-1.225507851717e-01 -3.208096423123e-01 1.555410844553e-01
-7.799451253148e-02 -1.049491301065e-01 1.953824130710e-01
-1.317649193511e-02 1.112149894983e-01 -1.069573837691e-01
2.141950459071e-02 -1.564706606733e-01 -9.235387870938e-02
7.721624402752e-02 -1.415838351824e-01 -1.725359404313e-01
-1.991781051496e-02 6.193688040226e-02 9.352523684139e-03
-3.554961611395e-03 5.719881975736e-03 -4.739756099596e-03
-1.833011148095e-03 -3.542834379469e-01 4.022956739758e-02
2.909149894181e-02 -3.920346384806e-02 -1.996051565280e-02
1.557474210882e-03 -5.817685618337e-02 1.089484064307e-01
Mode 23
-2.565806803794e-02 2.333544081968e-02 -1.205725452330e-01
5.895955427605e-02 -2.203101117572e-01 1.035799910334e-01
5.867768417012e-03 1.182393508814e-01 2.501271876058e-02
-2.075110724942e-01 -3.683975080660e-02 1.457913144855e-02
-2.774068812362e-01 -5.583100731017e-02 -9.741401143177e-02
9.008892483844e-02 1.199173186148e-01 -6.096999842186e-02
9.488185797632e-02 -1.134609062373e-01 1.072344302438e-02
-6.909670365045e-02 7.704094488417e-02 4.856077720726e-02
-1.030826148466e-01 -1.115541374548e-01 1.741228859138e-01
-3.557046527537e-02 1.111767758119e-01 2.178401894832e-01
8.927974675866e-02 -1.824238234614e-03 -5.912528326929e-02
6.433206793855e-01 1.874684459842e-01 -8.506769557382e-02
-1.338864262634e-01 -1.699406364004e-01 -8.709491989798e-02
-8.335898487316e-02 8.456219865903e-03 1.436705064262e-05
5.314805403527e-04 -2.071297793811e-03 1.584266901587e-03
2.538649468959e-02 1.132740179657e-01 -3.390346286388e-02
-1.279891917009e-01 -2.376333285383e-03 1.724191761908e-02
1.994121795320e-02 1.542718739912e-01 1.109367584904e-01
Mode 24
4.495099868983e-02 -5.839804931923e-03 -1.362283086025e-01
-5.500308035459e-02 -2.860400665989e-02 1.855732896169e-01
2.555155697125e-02 4.526638352075e-02 4.219318807495e-01
-2.190869381453e-01 7.181956185181e-02 2.862897196588e-01
-3.892046156836e-01 -6.047567258653e-02 -1.256580545110e-01
1.453918444860e-01 1.723536468602e-01 -1.356021521023e-01
1.533800766303e-01 -1.744970952873e-01 -1.582470279636e-02
-1.769781834238e-02 8.697883394998e-02 -4.270526109914e-02
1.081999124555e-01 -8.832554468654e-02 -1.526646176644e-01
2.170092776974e-01 -1.360423238249e-02 -2.273741630085e-01
6.344318280650e-02 1.324474913211e-02 5.668465694016e-02
-3.047352422975e-01 -8.255394778079e-02 -3.281782699283e-02
6.919583559522e-02 3.886486122158e-02 1.636409887578e-02
3.362217541527e-02 3.837964761489e-04 1.118132307025e-02
6.785195849203e-04 1.763075998309e-03 -3.851701506364e-04
7.223831790827e-03 1.189569634720e-03 1.248483112819e-01
-1.508224131564e-01 -7.647621775948e-03 -2.634334417603e-03
2.560147057585e-02 4.922628250398e-02 -1.478242637963e-01
Mode 25
7.558422057256e-03 9.595579290515e-03 2.249769152059e-02
-2.941210807254e-03 9.156327705555e-02 -3.141835550841e-02
-5.611604020897e-02 -1.134170280181e-01 -4.025935880435e-02
-8.507817361099e-02 4.613076115185e-01 -5.113396625541e-02
-1.743529541600e-01 -4.457585435146e-02 -2.841428841059e-02
-7.398976716181e-03 4.501718500225e-03 3.807943807757e-02
1.005156423614e-01 -7.810817653186e-02 -3.939749230281e-02
-4.290800073170e-02 -5.584652941493e-01 5.883801023201e-02
4.900908388620e-02 3.389832666524e-01 -7.827819504529e-02
6.021211181104e-02 -9.227074758025e-02 -1.067399759395e-01
7.371195000149e-02 -4.079603640638e-02 6.089477798477e-02
2.392969138616e-01 6.996118956176e-02 1.916899188331e-01
-1.071103298662e-01 7.969560736322e-02 7.126197167778e-02
-3.529224364535e-02 6.577856292910e-03 -5.676540350701e-02
-2.269335382915e-05 1.122157887019e-05 5.443458494400e-04
-9.017271170731e-03 -2.053881635619e-01 -2.170583854080e-02
-7.710213701207e-02 -2.870066919031e-02 2.543385502706e-02
-1.433298030884e-03 -2.078884067527e-01 -5.046746148855e-02
Mode 26
3.032907700117e-03 -1.097856160990e-03 1.567676875642e-01
-1.495708299764e-02 -1.544473129069e-02 -3.311206181974e-01
9.945299450125e-02 2.943144585289e-02 -1.618280582064e-01
9.481102290336e-04 -7.195117703620e-02 -4.901627432880e-02
-2.445204258156e-01 -1.308312928435e-02 -6.669786666571e-02
3.055704238915e-02 -2.808972068977e-02 4.371915431683e-02
1.644919153835e-02 5.121550565461e-02 2.539856389197e-02
6.046738691015e-02 2.684383683349e-01 2.278908658647e-01
-1.523231090863e-02 -1.243387699915e-01 -5.688029728566e-02
-9.560871864250e-02 -1.004197550541e-02 -2.077113575944e-01
1.150526481046e-01 2.423960231400e-02 1.297671255849e-01
1.306211643049e-01 -3.774970723811e-01 5.142248487775e-01
-3.827443794565e-02 1.050991629071e-01 -1.807660650453e-01
-2.384017449558e-02 7.226298321877e-02 -8.769071853516e-02
-3.951916983788e-04 1.070931391460e-03 1.513442623118e-03
2.123096563595e-02 -4.372103224740e-02 -3.691140264884e-02
-1.343651021491e-01 1.067109156060e-02 4.721072120913e-02
-3.712834886983e-02 5.943431394594e-02 -8.875899517282e-02
Mode 27
3.300345976335e-03 3.669198958384e-02 1.344568453408e-02
-1.886613574124e-02 -2.289077915132e-01 -6.206138275606e-02
7.321343193296e-02 2.436591900031e-01 1.186589181003e-02
6.416529487805e-03 -9.233865417987e-02 2.641403919980e-02
-2.050328840642e-02 -1.232930010394e-02 -6.948852116619e-04
1.090804135468e-02 6.474171137150e-03 -1.278652019439e-02
-8.641529137373e-03 2.566638970096e-02 1.305531165596e-02
9.496220213645e-04 -2.235173628378e-03 -3.883509030937e-03
-6.707863681698e-03 -1.986903719843e-01 1.310731280146e-02
-4.372946892681e-02 4.335502372284e-01 -2.459521994724e-02
1.750044205827e-02 4.766888624195e-02 1.628558452108e-02
-2.476227284515e-02 3.781239620861e-02 -6.565761043220e-02
8.994640941244e-03 -1.615903812349e-02 1.304675737818e-02
2.493600435345e-03 -4.643186989221e-03 7.337778563798e-03
2.922948760188e-04 -1.143303894097e-03 1.588025441381e-03
-2.758993811971e-03 -3.960261232562e-01 5.354865180399e-02
-9.893578273278e-03 8.143911621224e-03 -6.197960731474e-04
-2.908234759833e-02 -6.804958955766e-01 4.612534335293e-02
Mode 28
5.055855869614e-03 -1.402858545298e-02 1.212958661166e-01
-1.114737449233e-02 6.429229833007e-02 -3.640545590887e-01
3.192184432779e-01 -3.297644206524e-01 1.210598104715e-01
3.981422298722e-02 1.495673760712e-01 3.391109939462e-02
-1.606483064498e-01 -2.377772042173e-03 -3.279452101032e-02
9.773844490553e-03 -2.816073241615e-02 4.968204826052e-02
3.679434315893e-02 -1.011855579812e-02 -7.079310619690e-03
-1.772718486759e-03 -3.955486120239e-02 1.150603044577e-03
-2.451824545612e-02 -4.300735580738e-02 2.484705363381e-02
-3.026293953706e-01 1.380232849339e-01 -3.289702247980e-02
9.405411231347e-02 1.482522234015e-02 8.809431359698e-02
-7.331238843741e-02 1.291577293013e-01 -2.341228144105e-01
3.085795659897e-02 -6.573522961764e-02 3.343589638935e-02
9.331676896682e-03 -1.879631572186e-02 3.019410771412e-02
-3.626758638661e-04 1.858899950171e-03 2.950281426120e-04
7.531391365314e-02 5.291738954630e-01 5.262398090996e-02
-6.430921342664e-02 -1.228870418156e-02 1.422191939794e-02
-8.098926360540e-02 -2.183325367505e-01 3.363861045663e-02
Mode 29
-7.250413389340e-03 -2.725008714924e-03 -9.547558877242e-02
1.766261569290e-02 2.823029740028e-02 3.028634796695e-01
-3.233943129872e-01 -2.753235681560e-01 -7.603492731451e-02
-4.733609074559e-02 7.951752077607e-02 -5.274254477085e-02
1.108704220968e-01 3.810147784214e-02 1.624943224716e-02
-2.263531239868e-02 7.875733122453e-04 -1.064880677061e-03
4.114173453928e-03 -5.759371950682e-02 -2.641436301536e-02
-4.482912061084e-04 9.755486899347e-02 1.411464534834e-02
9.342198945856e-03 -1.449647163130e-01 -1.828820705723e-02
3.023888241966e-01 2.234107087704e-01 -1.323444123214e-02
-6.763557979932e-02 3.352014987476e-02 -7.092952464670e-02
7.861710845174e-02 -1.563733958914e-01 2.604580319101e-01
-2.976845481438e-02 6.680561602204e-02 -4.877183346645e-02
-9.888364818761e-03 2.264131330272e-02 -3.288835434938e-02
8.148060923110e-04 -8.201431015512e-04 -8.781201040708e-04
-4.470947783688e-02 4.835899783218e-01 -1.185771042413e-01
4.974392932757e-02 -1.043938568676e-02 -6.672003308098e-03
6.565624438447e-02 -3.657022945806e-01 -4.878634504914e-03
Mode 30
1.323235449249e-02 -2.671956217241e-03 5.070192829876e-02
-1.099784522752e-02 -7.703276561819e-03 -2.097091951091e-01
3.404910298594e-02 1.093028150672e-02 1.108822139825e-01
-3.228670641618e-01 -1.612913663075e-02 1.058280309360e-01
3.956235818612e-01 9.233354891285e-02 2.188224282354e-01
-3.177155938143e-02 5.670795299726e-02 -1.131401869002e-01
-1.831168210607e-02 -1.272279115556e-01 -7.038806542388e-02
-4.915682381090e-01 5.132991130260e-02 -5.607666274063e-03
-2.520750026224e-01 1.479039856210e-03 -4.344451069898e-02
1.207402246979e-01 -2.118899435650e-02 -2.216027931253e-01
3.347203789317e-01 -3.973974799510e-03 1.495961267692e-01
1.007342011728e-01 9.205154021300e-03 1.639259642940e-02
-2.082762082767e-02 -1.451867607880e-02 -2.262647782591e-02
-5.712331981978e-03 -7.448368805889e-03 7.474363707945e-03
-1.987450330659e-04 1.016824916626e-03 5.276465651169e-04
1.566442220432e-03 -7.938525006735e-04 4.387020522158e-02
2.106126024969e-01 2.421686289624e-03 -3.353192865286e-02
6.807743638547e-02 9.394842542908e-03 -1.171837284819e-02
Mode 31
1.316715007526e-03 -1.401079033422e-03 7.920690278733e-02
4.190127931085e-03 -1.811044336437e-02 -3.940664996963e-01
-3.316226979731e-01 2.578008235014e-03 -4.564791588785e-02
9.902537559383e-02 2.219411472702e-02 8.183580935114e-02
-1.089905403158e-01 -2.205198246762e-01 1.695904555917e-01
1.165451220292e-02 1.156174719736e-01 -1.758829090318e-01
8.969182092608e-03 6.667901382985e-02 1.629760070719e-02
1.302298804087e-01 -1.032508483614e-02 1.011213195393e-01
-1.681032542124e-02 5.444495319377e-03 -8.519372712881e-04
2.527337329650e-01 -1.248275807233e-02 1.759910075231e-02
-1.626465389409e-02 -1.042235408440e-03 -7.549963357855e-03
-5.952336905758e-02 2.916587722984e-02 -8.365371564604e-02
2.122823872380e-02 -2.262071743260e-02 -2.509526023658e-03
2.875992903771e-03 6.625924257202e-04 2.103980269427e-03
-9.831800253997e-04 1.148453730350e-03 1.147174207568e-03
-2.658438062916e-01 3.417644112794e-02 2.459870101157e-01
-6.153858780729e-02 -7.284142348414e-02 8.339160335984e-02
3.194431363812e-01 2.697064330472e-02 4.633751703102e-01
Mode 32
-2.219596501275e-03 7.641063974471e-04 -2.329035971133e-02
1.147375243757e-02 7.751047776160e-04 1.217454623739e-01
1.230531394887e-01 -3.134950742452e-02 -2.243381389209e-02
-3.178393967020e-02 6.175531083899e-02 -1.444363957128e-02
7.854279907683e-02 -6.632094968668e-01 2.630399399338e-01
-1.966623787922e-02 2.278242588715e-01 -3.241591649599e-01
-2.502913696347e-02 3.286089014691e-01 1.253561145118e-01
-3.494518856646e-02 5.117150518710e-03 -3.354653023407e-02
1.557770216225e-02 -1.255941279288e-02 -2.207582276066e-03
-1.042762182757e-01 1.121642189237e-02 5.883026161690e-03
-4.520606403908e-03 1.830822138295e-03 -1.267317292222e-03
8.154871735275e-03 -2.715594283887e-02 4.827157970705e-02
-5.062168914464e-03 1.260273955565e-02 -4.982958944343e-03
-1.530822054144e-03 5.059445503327e-03 -4.841478374609e-03
2.553042710100e-04 -4.199100425494e-04 -2.908876927183e-04
1.151544930295e-01 2.600612369818e-02 -1.319201303201e-01
3.228192142503e-02 -2.538244993531e-01 8.951448892959e-02
-1.226765556232e-01 -1.289659964879e-02 -1.693137976310e-01
Mode 33
7.523601572605e-03 -4.973255900395e-04 -2.103528984139e-03
-4.303877684088e-02 -5.234488056156e-06 2.558983085366e-02
-6.452380515751e-02 4.222451025402e-03 8.192962811708e-02
5.443623568469e-02 1.074643552031e-02 -7.145726509544e-02
7.367107446217e-02 -2.785393614236e-01 -6.038918192176e-01
2.388712217835e-03 -1.332532446051e-01 2.815760991937e-01
-3.043390551447e-02 3.634890433238e-01 2.050885882364e-01
-1.845800213164e-01 1.243833098486e-02 1.267914862671e-01
-1.398243411225e-01 4.124161280107e-03 3.287915701362e-02
1.624956610167e-01 -1.117099105300e-02 -1.252816765399e-01
1.054081264700e-01 -1.794381310162e-03 3.730663299510e-02
2.669837279574e-02 5.742526602288e-02 -7.578088483945e-02
5.492449247870e-03 -5.089152125165e-02 -2.344572247934e-02
-2.418258360319e-03 -3.616796158085e-03 7.903633519870e-03
5.993718187087e-05 3.755630057535e-05 -1.305545487602e-04
-1.118363518994e-01 2.632431215081e-02 1.776623345376e-01
7.966817470360e-02 -9.724966070536e-02 -2.330682449437e-01
4.109497997455e-02 -1.845873193387e-03 -5.683582706568e-02
Mode 34
4.408589499158e-03 -1.350579147257e-03 -1.059248879793e-02
-1.228523732738e-01 3.949381840371e-03 1.433517145524e-02
1.070650353541e-01 3.897654283245e-03 1.582986756578e-01
-1.718708114766e-01 1.659344354233e-02 5.930074298491e-02
6.359679179896e-02 -6.377614897934e-02 -1.636939177642e-01
9.517952829808e-03 -3.138511244950e-02 7.172355563306e-02
2.244532000022e-03 8.435261362607e-02 4.987580888626e-02
5.394123871171e-02 -2.181131441877e-02 -5.215086372499e-01
8.791880997592e-02 -2.385128981088e-02 -2.564009415726e-01
-1.928212960399e-01 1.324621908761e-02 1.443267559659e-01
3.187898218955e-02 2.745802596310e-03 4.447705318442e-02
4.627614803297e-02 -1.271180448304e-01 2.535117046171e-01
-4.749725652065e-02 1.135349349354e-01 5.395126358904e-02
9.432649983723e-04 3.724519787059e-03 -9.529704603441e-03
-2.247899517906e-05 1.172787682641e-05 -3.411386532574e-04
1.289723767284e-01 -9.408066575735e-03 -1.075734126552e-01
1.052449326067e-01 -3.750297352341e-02 -1.408823792835e-01
1.797049367537e-01 2.444632299403e-02 5.090350651160e-01
Mode 35
3.557965571512e-03 -1.070496451071e-03 6.451241635241e-03
-1.210428595460e-01 4.416406124415e-03 3.845024524330e-03
-1.284776855915e-01 -3.817628996139e-03 -1.434865727798e-01
-1.201590544369e-02 1.766177674662e-02 3.184979407931e-01
-4.002240648700e-02 -8.734968757503e-03 -5.840910414999e-02
3.324665232125e-02 -9.107231154296e-03 2.656493900032e-02
2.149482611211e-02 1.613950317507e-02 1.190099914701e-02
1.049287598828e-01 1.757607974079e-03 3.829634069087e-01
-6.385380717172e-02 3.465952133657e-03 -1.080870509412e-01
-1.054534583572e-03 -6.965258819777e-03 -1.408564440890e-01
5.174884608419e-02 -3.846152889796e-04 5.785124038333e-02
-8.361373515957e-02 9.045647241214e-02 -1.907435846194e-01
3.921938918308e-02 -7.482121610289e-02 -2.811314988903e-02
3.126620148447e-03 -2.500543030972e-03 7.203763781880e-03
5.546773438263e-07 -2.077973614160e-05 -2.551746889437e-04
3.186417986304e-01 -4.929195198350e-02 -6.318039573803e-01
1.014434368591e-01 -5.800757381461e-03 -1.468507147870e-01
1.138433591694e-01 6.361924587685e-03 1.773774062037e-01
Mode 36
-7.765251981349e-03 -3.657958421897e-04 4.349904317329e-02
1.994906503019e-01 -3.146724863419e-02 -3.995262574509e-01
-1.601369874275e-01 8.005981987603e-03 2.852951797970e-03
-3.807671040234e-01 2.914038737605e-02 2.696064896894e-01
3.042682300946e-02 -2.181013866688e-02 -5.615965027754e-02
3.849223618262e-02 -1.151819236561e-02 3.552534311171e-02
2.897987058072e-02 3.216165487972e-02 1.758120133188e-02
9.805153820592e-02 -1.118845795994e-02 -8.497840133458e-02
3.399831592095e-01 2.871937589998e-03 2.783944118343e-01
5.310653752343e-02 5.222931292910e-03 1.658015279697e-01
-2.163604980703e-01 2.468454634029e-04 -1.426972338320e-01
2.661991782876e-03 -2.901540597015e-02 3.893734893828e-02
-4.108314494404e-03 1.750798818813e-02 4.220756409131e-03
-2.204642611311e-03 5.845808237751e-03 -6.078904795409e-03
-4.610890324019e-04 1.335189803635e-03 1.387017621172e-03
-2.522231744999e-02 -1.392063627486e-03 -5.704858761641e-02
2.520453142229e-01 -3.722818881344e-02 -2.916803094654e-01
-1.316810933695e-01 -6.410556032613e-03 -2.493287701364e-01
Mode 37
-1.870173426349e-03 3.322135785756e-03 -2.836311826288e-03
4.338383727233e-01 -2.466972024020e-02 2.981967779165e-02
-2.334874282606e-01 3.745730474297e-02 3.212420775630e-01
-2.375909840761e-01 -1.393188699356e-04 -2.606394552933e-01
1.359256536157e-01 3.852439346582e-04 -5.389439758989e-02
-3.260306989548e-02 -4.266127167909e-03 1.712312512876e-03
-1.980773275907e-02 5.542782104905e-03 4.603996593990e-03
4.379685605701e-01 -3.316335831586e-02 -7.506719637579e-03
-2.764117156069e-01 1.816507820481e-02 1.932452673610e-01
-2.339376751616e-01 -9.183119681872e-03 -3.243252974928e-01
5.760511135676e-02 2.897696831816e-03 5.406974534773e-02
-4.973787216583e-02 -4.789872742899e-03 -1.050833156931e-02
9.753404089437e-03 1.128302332747e-02 1.669035899293e-02
4.260698598239e-03 1.872799146473e-03 -4.455505784605e-03
3.587298081594e-04 -1.510763666020e-05 7.194155188922e-04
3.825098477149e-02 -1.191108898845e-02 -8.040560585654e-02
-5.034554619477e-02 -2.992651054922e-02 1.073651226174e-01
1.196641106127e-02 4.227454398922e-03 6.495760220780e-02
Mode 38
-4.822132562798e-04 3.648198993290e-04 -5.901588663463e-04
3.117765493504e-02 -3.783085700477e-03 5.981014564567e-03
-1.239418152499e-02 -8.338466520818e-03 7.481587861487e-03
2.676980655692e-03 5.680060405371e-02 -1.181933031173e-02
4.929457046821e-02 -3.503322967344e-01 8.986664817632e-02
5.466538497961e-02 3.990847937347e-02 5.564943168324e-02
-6.805949053109e-02 -4.943286608319e-03 -6.956565658441e-02
1.171810455086e-02 2.113412550288e-03 -1.849447657234e-02
-3.155219881607e-02 -3.910834038809e-03 2.654186141646e-03
-1.351129707574e-02 1.774296842853e-03 -1.215686690222e-02
1.139797267566e-02 2.957484803072e-04 6.553079184994e-03
-4.924123889817e-03 -4.726963228573e-03 9.294033169318e-03
2.703569160156e-04 1.790157059931e-03 -1.336865578205e-04
5.632074411504e-05 1.149103634470e-03 -7.499485804017e-04
3.647142926732e-06 -2.772711049042e-05 4.859486956061e-05
-2.510623587364e-03 1.436375901093e-02 1.928165621719e-04
-9.508792496751e-02 8.888801378892e-01 -2.082528649388e-01
-4.573880263441e-03 -8.198538828921e-04 -3.605276364250e-03
Mode 39
-9.662045831313e-03 2.216757141082e-03 -1.212406681243e-02
2.572624231363e-01 -2.469252466667e-03 1.544307732357e-01
-4.857587153049e-02 -7.241727869382e-03 -1.631084626323e-01
1.489605606058e-01 -2.184411441558e-02 2.321580358419e-02
-3.674891618093e-01 4.284259355172e-02 2.479807089133e-01
7.344269658342e-02 5.222572997853e-03 -5.446738487755e-03
6.699567533132e-02 1.520554507010e-04 -7.981816552748e-03
7.497270759994e-02 -9.434208228571e-03 -7.552149051250e-02
-3.112546230819e-01 2.201514687539e-03 -1.798375491816e-01
-1.242485746721e-01 5.600482205281e-03 9.263494123523e-03
1.359932866456e-01 2.857248367621e-04 8.867393975014e-02
-2.059066040623e-02 -1.243198704562e-02 5.703683320307e-03
-1.539224508607e-03 1.778709865771e-02 1.588049142163e-02
3.253106715336e-03 -1.778910030183e-03 4.575799550898e-04
-1.304242851317e-05 -6.287753469567e-04 -3.737349634901e-05
-1.373385757710e-01 1.242455338627e-02 1.428118062005e-01
3.967414517757e-01 -9.019656110043e-02 -5.041279290247e-01
-6.896248715612e-02 -1.299788153625e-03 -3.888351090927e-02
Mode 40
-1.546644660312e-02 1.176433578606e-03 -5.514520799826e-03
3.726713620199e-01 -1.342354690783e-02 2.521189358505e-02
-1.105805305620e-01 -1.400525908052e-02 -2.593661980633e-01
-1.053966586267e-01 3.809358608785e-02 4.232048913373e-01
1.984551260317e-01 -2.366445179841e-02 -2.149731029926e-01
-2.319498042908e-02 -3.834471028008e-03 7.483754964377e-03
-2.303466203194e-02 3.698182502228e-03 1.255625406173e-02
3.848254101690e-02 -6.499665976128e-03 2.164605519662e-02
-1.133765052328e-01 -1.882429295026e-02 -4.503014078657e-01
-1.472608065553e-01 1.977739204812e-02 2.620709819584e-01
1.031652873751e-01 5.732586922369e-04 8.602231509645e-02
-4.113803589508e-02 8.548127074862e-03 -2.396680694532e-02
4.331408270307e-03 3.044846396908e-04 7.717234771363e-03
3.150567447056e-03 -1.829568105819e-03 2.765996047160e-03
-4.740290019578e-04 -1.512917576674e-04 2.259035952412e-04
-1.473749417936e-01 1.450212603814e-02 9.259617430683e-02
-2.152561756103e-01 2.490548080497e-02 2.586000152271e-01
-1.436061938695e-01 -1.752200452129e-03 -8.385858842528e-02
Mode 41
1.234788104726e-03 -1.078215252410e-03 1.656587462570e-02
-2.097205967406e-02 -1.269897998139e-02 -2.465739836930e-01
-2.124829289089e-01 2.058893307152e-02 1.956705406262e-01
4.242188947935e-01 -8.043967643450e-03 1.724618988446e-01
-8.472055158313e-02 9.604191201388e-04 -4.883130276690e-02
1.941194244197e-03 9.309457443873e-05 -2.577568862357e-03
5.600287435659e-04 9.066976626323e-04 4.512560741384e-03
-3.646587988596e-02 -2.077178160295e-02 -4.280301950951e-01
-3.973341647024e-01 2.114699603435e-02 1.552818127891e-01
2.101223048256e-01 2.389915131842e-03 1.678294285467e-01
9.933543163506e-02 -2.577017707486e-03 8.454179506772e-03
2.252904634389e-02 -3.247628193068e-02 6.497181717456e-02
-1.942842901231e-02 4.129630016315e-02 3.332199329830e-02
2.616256154489e-03 -4.395592785236e-03 3.059386806783e-03
-1.553381410498e-04 6.672559480118e-04 4.818097548033e-04
1.374179245415e-01 -2.567346965301e-02 -2.739271355080e-01
-1.162751337644e-01 -1.719815583866e-04 9.527686031934e-02
-7.791518247784e-02 -9.446863151717e-03 -2.303793572197e-01
Mode 42
4.824334880184e-03 -1.230568620162e-03 2.540388263816e-03
-4.100594740017e-01 1.536996993003e-02 -4.358315137294e-02
2.495792600348e-01 -1.813004971602e-02 -1.349705423473e-01
-3.609880468151e-01 1.691084462199e-02 -7.929519361431e-02
6.630779709791e-02 -3.017063259978e-03 -2.463465225965e-03
-5.337259705236e-03 -2.485358881606e-04 1.466653354357e-03
-2.334583832622e-03 -9.963431781139e-04 -1.673096443301e-03
5.092786196452e-01 -3.649775486811e-02 2.834654928180e-02
-3.948630354063e-01 1.582489540919e-02 -3.070376194272e-02
2.942678089040e-01 2.891006033782e-03 2.507227886118e-01
6.772855362308e-02 -7.174308924462e-04 2.599594376310e-02
-5.663956132497e-02 -3.574987622550e-03 -2.487565445162e-02
8.231704477636e-03 1.171150635731e-02 1.754067029796e-02
4.739180445952e-03 7.786910199801e-04 -1.449030891460e-03
1.246933401491e-04 1.230457449598e-04 -2.908222875547e-04
-5.581927219859e-03 5.534430412487e-03 9.523682896486e-02
3.076351323277e-02 -3.783798903404e-04 -1.357210272282e-02
-1.974159723695e-02 -7.392274998316e-03 -1.381621272563e-01
Mode 43
-2.599613143303e-04 -1.700593582004e-03 -5.545545742513e-03
5.687213105502e-02 -1.549125154058e-02 -1.962316390853e-01
-1.673121620612e-01 3.518486163637e-02 4.255345350069e-01
-1.947088134128e-03 -3.140854142916e-02 -4.360266875219e-01
-2.238163873412e-02 6.282719269641e-03 6.618695236031e-02
-4.544170882148e-03 -2.589469201059e-03 3.778105797661e-03
-2.816629502379e-03 3.055953192782e-03 -1.419561853928e-03
-6.488804078172e-02 2.025028205091e-02 2.797137118534e-01
1.010136612878e-01 -2.610150214538e-02 -4.797073866745e-01
7.167973165964e-02 1.805152138786e-02 4.152849708319e-01
1.512333166549e-02 8.539903035096e-04 3.608564078245e-02
-4.378400700111e-03 1.012157692258e-02 -2.823439641378e-02
5.552163981045e-03 -1.223278259797e-02 -1.120878207777e-02
-7.939345607989e-04 -2.297885345875e-04 3.486433668520e-04
-4.086536790263e-04 8.770482446401e-04 3.888899833280e-04
1.008765758302e-01 -1.265767009127e-02 -1.121180909958e-01
5.997948415366e-02 -2.988643376285e-03 -5.966556806640e-02
-9.667521921891e-02 -9.628293812492e-04 -8.725720184231e-02
Mode 44
1.943398430352e-04 1.658686218423e-05 -1.233827521578e-04
-1.013335700222e-03 8.961097126576e-04 3.162622074010e-03
-1.306050134203e-03 -2.579810391421e-03 -8.157703403923e-03
6.224012753306e-03 -2.024047782617e-03 4.257160063759e-03
3.491475656970e-03 -7.087356514474e-03 -1.028218590453e-02
6.216054988290e-04 1.320743199693e-03 3.125250779659e-03
-5.952544465139e-04 4.678203343540e-03 4.164824644503e-03
-1.430555648315e-02 1.538522872279e-02 6.721879980848e-02
2.379415458316e-03 2.802314777591e-04 1.203982337746e-02
-1.291193563031e-03 -1.781773700279e-03 -9.206905182810e-03
4.267003036332e-04 1.302798178251e-03 -1.035336662484e-04
2.252675583511e-01 -5.543199459525e-01 -4.913866083206e-01
-1.942939319332e-01 4.826141059712e-01 3.522023630758e-01
3.152641244797e-03 -9.028438296559e-03 1.017331643060e-02
-3.999983249412e-05 -1.655428322958e-05 -2.772164668883e-05
-1.343214613885e-04 -3.649195811831e-04 -2.702197283375e-03
-5.549184026504e-03 2.001388289548e-03 1.075438659648e-03
1.412824723610e-03 -5.672953384255e-04 3.710139502619e-04
Mode 45
-3.484781035863e-05 1.992011707136e-05 6.538516166522e-06
-4.517148100743e-04 1.743224234286e-04 1.058806948348e-03
6.826036767446e-03 2.557075386720e-04 3.231204527779e-03
3.694482098000e-03 -1.336880123972e-04 -2.476413480790e-03
-2.186085220849e-01 -6.378187013883e-02 -1.714994147022e-01
1.861924984521e-03 4.112641668005e-03 -1.312184019458e-03
2.286479446196e-03 -4.073627956347e-03 8.471909642591e-04
1.271861286898e-03 -1.979620207476e-04 2.641527521103e-05
3.219470689854e-04 -1.816341705209e-04 -4.529089600841e-04
3.592684321956e-04 1.972188506984e-05 2.519222082667e-04
-2.726059806294e-06 1.976124462155e-06 9.886994899911e-05
1.204796687983e-03 -9.583232841551e-04 -3.282698768159e-04
-5.327995931777e-04 5.792246072790e-04 3.529620983400e-04
-6.815187074173e-05 1.548169017226e-04 -6.263985099185e-05
4.630544785882e-07 4.612040792606e-07 4.960605204186e-06
-2.227541691053e-02 -6.066439392820e-04 -9.820636153303e-03
7.161207129686e-01 2.208060805418e-01 5.970126564974e-01
-4.348297779351e-04 -1.020066000630e-04 5.118916584999e-04
Mode 46
4.961694339619e-05 1.319692794314e-05 -3.177531999970e-04
-8.785269790399e-03 8.685590698693e-04 7.020966214633e-03
2.471711500665e-01 3.358535372419e-03 1.522750560816e-01
1.357419609368e-03 -8.442021673398e-04 -1.151989723350e-02
6.923700446884e-03 1.366733155383e-03 3.862475876827e-03
-5.484222565430e-04 -3.297796642603e-04 9.844824084549e-05
-4.725666113313e-04 3.664671197961e-04 7.550894802956e-06
-1.934373219285e-03 1.010926516114e-04 -8.747424796064e-04
-2.979882409913e-04 2.186914685497e-05 -2.830502329124e-04
2.334941603269e-03 -3.213170181419e-04 -2.985415513194e-03
-1.710468749714e-04 5.442470428955e-06 -1.106740951081e-04
3.918435472485e-05 6.352219565272e-05 -1.537046546862e-04
-4.836282547251e-06 9.320503755111e-07 7.056584672004e-05
2.072523600066e-05 -3.540096762566e-05 4.009586474507e-05
1.558541158276e-06 -2.126156752898e-05 -2.097416236797e-05
-8.148467182186e-01 -1.124779659627e-02 -5.004800275519e-01
-1.983429090992e-02 -5.067184390448e-03 -1.292032803720e-02
-1.219257726620e-02 6.358528901765e-04 6.565028643233e-03
Mode 47
-3.157519501478e-05 -4.775522197808e-05 -3.634531198392e-04
9.936136654168e-03 2.316517826815e-04 7.577328100526e-03
5.068625191948e-03 -7.187021612472e-05 1.251018992727e-03
7.072139231611e-04 1.985118544331e-05 -5.725261712806e-04
-2.748501662547e-04 -7.060689227447e-06 1.456251365238e-04
3.078116577293e-05 8.060286924004e-06 -5.063937941068e-05
4.959253497904e-05 -2.066052357832e-05 -4.470853921733e-05
1.273756927505e-03 -1.562840215370e-04 -1.797845211514e-04
-1.942001730498e-03 -6.274061078050e-04 -1.533499330242e-02
-2.585659799931e-01 1.408061921495e-02 1.352350120536e-01
1.056253864473e-03 3.941236808223e-05 1.491250445459e-03
-8.044604525103e-05 7.876957288884e-05 -2.139127849431e-04
-3.302149297559e-05 -1.190076730582e-06 8.814828306888e-05
2.782360030093e-05 -2.727977400259e-05 3.971848050586e-05
4.142021249158e-06 -5.845089393899e-06 -1.299447039323e-05
-1.155952025825e-02 -1.639284377435e-04 -6.854488091753e-03
2.145434455696e-04 3.397804315187e-05 1.189457883617e-04
8.480281181591e-01 -4.622037321889e-02 -4.390435177074e-01
--
Dipole derivatives 
Mode 0
-3.400636702358e-03 -1.317495061273e-02 9.515502693882e-03
Mode 1
-1.491455998072e-02 1.338941777556e-02 -3.141583202500e-03
Mode 2
-2.323706621399e-02 -1.577545203607e-02 1.794634040401e-02
Mode 3
-3.239088761418e-02 1.957137580574e-03 -2.644486928687e-03
Mode 4
2.366828050354e-02 6.879409432977e-03 1.234894621604e-04
Mode 5
-1.039878538620e-02 -1.790151665296e-02 2.705532728098e-03
Mode 6
2.294858864629e-03 -1.098448949094e-03 -1.742133723789e-02
Mode 7
1.722421082884e-02 1.888304700707e-02 -5.995782579431e-02
Mode 8
-5.114280153878e-03 -7.100900621842e-04 1.415845295727e-02
Mode 9
2.962698015143e-03 -3.012447203091e-02 -2.043462918751e-02
Mode 10
6.748218928327e-03 7.072922612900e-03 3.263693960164e-02
Mode 11
-1.268318454445e-02 -1.861752669209e-02 -4.366957346060e-02
Mode 12
3.495916104216e-02 -1.020412874016e-02 7.361731409020e-03
Mode 13
-1.189416057801e-02 -7.269101424771e-02 4.459593835957e-02
Mode 14
5.443240216435e-03 3.841184732993e-02 -1.373081159458e-02
Mode 15
-6.249503290352e-02 -2.040196869546e-02 1.240829325270e-03
Mode 16
-2.081185706814e-02 3.531155378331e-02 -9.008988585811e-03
Mode 17
-7.681767971724e-02 -8.822668207625e-04 -8.569289326307e-02
Mode 18
-1.443161240260e-02 2.613805835819e-02 9.273069455978e-02
Mode 19
-6.914088716145e-02 -7.548240050902e-02 3.500574052341e-02
Mode 20
1.343175570304e-01 5.034904160776e-02 1.237430639595e-01
Mode 21
7.919168227628e-02 4.263245585899e-02 4.377423165906e-02
Mode 22
-1.092322156474e-01 1.829478839711e-02 -1.474481444080e-02
Mode 23
2.005181723781e-02 -4.519291201352e-03 4.212817944454e-02
Mode 24
-4.812945078383e-03 -3.725161881576e-02 1.881947587262e-01
Mode 25
-8.372642608249e-02 -8.470002511227e-02 1.743051217470e-02
Mode 26
-3.287671393756e-01 -1.769464222407e-01 -6.035784290433e-02
Mode 27
-8.278212314333e-02 9.530418196535e-02 3.062296391341e-02
Mode 28
1.741375619198e-01 1.185871180926e-01 1.746992029026e-01
Mode 29
-1.516458955699e-01 -1.733421708051e-01 -1.404814384861e-01
Mode 30
3.549176364319e-03 2.156492781652e-02 1.389238438103e-02
Mode 31
-9.136558214731e-02 -5.357195556070e-02 6.709142937002e-02
Mode 32
-3.969673412806e-01 4.604491948507e-02 -8.691734248233e-02
Mode 33
6.342030576074e-02 3.813241795281e-01 -4.183756455052e-02
Mode 34
-1.382876539357e-01 -6.022744834525e-03 -1.156626641292e-01
Mode 35
1.432387657404e-01 1.737545229458e-01 8.753344921705e-02
Mode 36
1.100918783266e-02 -1.932528635223e-03 -2.023520389400e-01
Mode 37
5.662860274396e-02 1.819249148048e-01 -3.989326719525e-02
Mode 38
-1.244398240392e-01 4.570555083295e-02 -3.414889151823e-02
Mode 39
-6.677135908958e-02 -1.449755306874e-01 3.351264153846e-01
Mode 40
7.427377837464e-02 2.348264636556e-01 1.176596914519e-01
Mode 41
-5.165624774816e-02 1.009341715730e-02 1.586001717686e-01
Mode 42
3.030325604800e-02 1.375256444292e-01 1.884315847023e-01
Mode 43
7.171704764789e-02 1.993301997648e-01 9.717843284554e-02
Mode 44
-2.909900220021e-01 4.698518998651e-01 -1.597526035757e-01
Mode 45
-2.931752622338e-03 8.733243656440e-02 1.590852629192e-01
Mode 46
1.796615823019e-03 1.541321225162e-02 -1.221527305110e-02
Mode 47
1.263833657394e-02 4.091661820015e-02 -2.359089166618e-02
--
Polarizability derivatives 
Mode 0
7.024089997579e-01 -2.637724348755e-01 -5.738661206376e-01
-2.637724348755e-01 -5.292612660369e-01 7.244516006036e-01
-5.738661206376e-01 7.244516006036e-01 -3.777112998723e-01
Mode 1
-4.902993511990e-01 4.124513588192e-01 -1.451136593829e-01
4.124513588192e-01 1.675146052946e+00 3.337411455772e-01
-1.451136593829e-01 3.337411455772e-01 5.735396436208e-02
Mode 2
5.107221075346e-01 -5.390718759670e-01 -9.301884907470e-01
-5.390718759670e-01 -2.559287335716e-01 1.659919788802e-01
-9.301884907470e-01 1.659919788802e-01 -7.074497134967e-01
Mode 3
1.204717239821e-01 2.080263607856e-01 -1.150166504347e-01
2.080263607856e-01 -6.448609039482e-01 7.281520606577e-02
-1.150166504347e-01 7.281520606577e-02 1.902947751417e-01
Mode 4
-3.652818959905e-01 -4.629714252098e-01 -3.256028997067e-01
-4.629714252098e-01 1.925081879163e+00 -1.922317532759e-01
-3.256028997067e-01 -1.922317532759e-01 1.461180193938e-01
Mode 5
1.476534408449e-01 5.409544610311e-01 -6.375421170043e-01
5.409544610311e-01 -1.301152567860e+00 3.659541908041e-01
-6.375421170043e-01 3.659541908041e-01 -1.046630748508e-01
Mode 6
1.464461074895e-01 4.716874790000e-01 5.503232315513e-02
4.716874790000e-01 -3.362403622749e-01 -1.969043971509e-01
5.503232315513e-02 -1.969043971509e-01 4.347222021492e-02
Mode 7
-1.335728283467e-01 2.180850496436e-01 2.364796764918e-01
2.180850496436e-01 9.106972475762e-02 3.192938023688e-01
2.364796764918e-01 3.192938023688e-01 1.757455068312e-01
Mode 8
1.609552104612e+00 1.548803486497e-01 3.026383035098e-01
1.548803486497e-01 -4.229030612660e-01 -2.631955091440e-02
3.026383035098e-01 -2.631955091440e-02 2.083061943704e-01
Mode 9
3.802877975408e-01 -5.021731880722e-01 -9.162507128045e-01
-5.021731880722e-01 8.551764678535e-01 -1.594971147168e-01
-9.162507128045e-01 -1.594971147168e-01 4.693799939138e-02
Mode 10
-1.864324780701e-01 -8.394620319848e-03 4.349861098245e-01
-8.394620319847e-03 -6.708559804622e-01 5.760543685804e-01
4.349861098245e-01 5.760543685804e-01 -2.877341644126e-02
Mode 11
2.155382208472e-01 -2.411142633590e-01 4.556616645613e-02
-2.411142633590e-01 7.775184742400e-01 -4.817652309624e-01
4.556616645613e-02 -4.817652309624e-01 3.333228535955e-01
Mode 12
-6.261062249083e-01 2.421916750558e-01 -6.699518742417e-01
2.421916750558e-01 -7.355911154511e-01 6.248176069887e-03
-6.699518742417e-01 6.248176069887e-03 2.595041759012e-01
Mode 13
-7.870143385387e-01 -8.764014065002e-01 -1.554174060248e-01
-8.764014065002e-01 9.629704520366e-01 1.533996060075e-01
-1.554174060248e-01 1.533996060075e-01 -3.546122848163e-01
Mode 14
-8.937283831532e-01 9.264829629103e-01 -5.589352474715e-01
9.264829629103e-01 -5.564951265702e+00 2.531973898160e-01
-5.589352474715e-01 2.531973898160e-01 8.506196789618e-03
Mode 15
-3.689284666729e-01 5.034507742291e-01 -1.418006425450e-01
5.034507742291e-01 -1.421281393837e+00 4.751574569865e-02
-1.418006425450e-01 4.751574569865e-02 4.574235743761e-01
Mode 16
-1.628364569045e+00 -4.686379952014e-01 -9.261880744634e-01
-4.686379952014e-01 4.353932292020e+00 -4.344013858337e-01
-9.261880744634e-01 -4.344013858337e-01 -2.988306718834e-01
Mode 17
-9.908738132484e-01 8.464605536989e-02 -4.917439593837e-01
8.464605536989e-02 -2.809384607750e+00 6.752680420608e-02
-4.917439593837e-01 6.752680420608e-02 -8.382258481149e-01
Mode 18
-4.932872078493e-01 -1.786982477560e-01 8.914998272435e-02
-1.786982477560e-01 -2.067776799736e+00 1.106068639494e+00
8.914998272435e-02 1.106068639494e+00 1.660530214306e+00
Mode 19
3.443626519682e-01 -2.550546494138e-01 -3.656591523388e-01
-2.550546494138e-01 -2.673250579520e+00 -5.888572376831e-01
-3.656591523388e-01 -5.888572376831e-01 2.930935201584e-01
Mode 20
1.689104469909e+00 9.008601317949e-01 6.980666049432e-01
9.008601317949e-01 4.043362308633e+00 5.013149455560e-01
6.980666049432e-01 5.013149455560e-01 1.651977935661e+00
Mode 21
5.313795618385e-01 6.366100508833e-01 2.950777221818e-01
6.366100508833e-01 1.957590462919e+00 2.063686224488e-01
2.950777221818e-01 2.063686224488e-01 4.130889572025e-01
Mode 22
-7.761352837207e-01 9.130677568065e-02 -1.773342065832e-01
9.130677568065e-02 -1.026436845303e+00 6.581155931869e-02
-1.773342065832e-01 6.581155931869e-02 -6.829196253556e-01
Mode 23
1.598644470630e-01 7.033068552309e-01 -2.305410258525e-01
7.033068552309e-01 -2.699514186136e+00 3.105794892221e-01
-2.305410258525e-01 3.105794892221e-01 8.528159737397e-02
Mode 24
1.260806657106e-01 2.641229758159e-01 -2.147121254894e-01
2.641229758159e-01 -1.687031358147e+00 -1.435851047124e-01
-2.147121254894e-01 -1.435851047124e-01 7.675851511754e-01
Mode 25
2.861661520433e-01 5.043776207538e-01 -2.305007502890e-01
5.043776207538e-01 3.696679162108e+00 -2.692146961855e-01
-2.305007502890e-01 -2.692146961855e-01 6.051518313913e-01
Mode 26
-1.131797989455e+00 -2.293849051610e+00 -8.421200234463e-01
-2.293849051610e+00 7.358806855040e+00 -8.752773321261e-01
-8.421200234463e-01 -8.752773321261e-01 7.237074116704e-01
Mode 27
-1.495059725658e-01 -3.133066704678e-02 1.217200154991e-01
-3.133066704678e-02 1.264894452791e+00 -1.062379122945e-01
1.217200154991e-01 -1.062379122945e-01 -1.313124716736e-01
Mode 28
2.539163507742e-02 5.482251833709e-01 6.866207473862e-01
5.482251833709e-01 5.967759356060e+00 2.048179287341e-01
6.866207473862e-01 2.048179287341e-01 -9.285631019836e-01
Mode 29
-8.134801695044e-02 -9.497886934857e-01 1.166914430591e-01
-9.497886934857e-01 -4.763977893285e+00 -8.634803724569e-01
1.166914430591e-01 -8.634803724569e-01 8.983128549479e-01
Mode 30
-3.952627045044e-01 1.173906273063e-01 -2.009664397043e-01
1.173906273063e-01 4.643635100481e+00 -3.715682482080e-01
-2.009664397043e-01 -3.715682482080e-01 1.274402831340e-01
Mode 31
1.040070599981e-01 2.799504329488e-01 -4.768226083901e-03
2.799504329488e-01 1.681171965603e+01 4.398908001155e-01
-4.768226083901e-03 4.398908001155e-01 2.669423536360e+00
Mode 32
-4.437837476574e-01 -1.260823136590e+00 -2.381369114077e-02
-1.260823136590e+00 -5.427462670001e+00 -5.617794788016e-01
-2.381369114077e-02 -5.617794788016e-01 -8.193336267565e-01
Mode 33
9.447030861651e-01 9.271705696124e-01 -1.481344898783e-01
9.271705696124e-01 1.989764339385e+00 -6.384434761727e-01
-1.481344898783e-01 -6.384434761727e-01 7.106163515777e-01
Mode 34
-6.915940452166e-01 -1.987057612142e+00 -4.056037648985e-02
-1.987057612142e+00 -3.489762659758e+00 -1.023589355709e+00
-4.056037648985e-02 -1.023589355709e+00 -7.643799680211e-01
Mode 35
5.543688603078e-01 1.622432708816e+00 6.172920781993e-01
1.622432708816e+00 1.960387404730e+00 6.894486897390e-01
6.172920781993e-01 6.894486897390e-01 8.878710758925e-01
Mode 36
2.588375267245e-01 3.204318621691e-01 -4.589132266045e-02
3.204318621691e-01 1.688505934056e+01 -4.512346466211e-01
-4.589132266045e-02 -4.512346466211e-01 4.055253503156e-01
Mode 37
-5.351196298760e-02 -8.078952976178e-03 -1.017950833656e+00
-8.078952976177e-03 -2.327148339741e+00 2.141558286718e+00
-1.017950833656e+00 2.141558286718e+00 -8.715186230139e-01
Mode 38
-4.420677649460e-01 1.484373043306e-01 1.615477724224e+00
1.484373043306e-01 -8.498651499464e-01 -6.147819910339e-01
1.615477724224e+00 -6.147819910339e-01 7.483702284268e-01
Mode 39
-6.602890335956e-01 -8.748421491733e-01 2.958447188942e-01
-8.748421491733e-01 -8.527170810651e+00 5.673958874505e-01
2.958447188942e-01 5.673958874505e-01 -1.321018368134e+00
Mode 40
-1.249072478429e-01 9.045644836630e-01 6.195610594295e-01
9.045644836630e-01 3.749411095908e-01 -1.628793937931e+00
6.195610594295e-01 -1.628793937931e+00 7.228388968373e-01
Mode 41
-8.076408958941e-01 -2.292584441459e+00 -3.406000554384e-01
-2.292584441459e+00 -2.214782580382e-02 -7.644478149454e-01
-3.406000554384e-01 -7.644478149454e-01 -9.123067287207e-01
Mode 42
1.999198076665e-01 5.805077687511e-01 -2.794944718368e-01
5.805077687511e-01 1.132123288122e+00 5.833381921718e-01
-2.794944718368e-01 5.833381921718e-01 4.367916642454e-01
Mode 43
2.901200164940e-01 3.575812330864e+00 1.123400907188e+00
3.575812330864e+00 3.019639642852e+01 3.128950584589e+00
1.123400907188e+00 3.128950584589e+00 -2.529212171343e+00
Mode 44
4.048003312835e-01 3.858613767302e-01 4.386126017950e-02
3.858613767302e-01 8.678125677111e+00 3.921788107702e-02
4.386126017950e-02 3.921788107702e-02 3.931783431946e-01
Mode 45
-8.819714487672e-01 -8.969814676085e-02 6.883278176626e-01
-8.969814676085e-02 -1.139255755136e+00 -1.238498227015e+00
6.883278176626e-01 -1.238498227015e+00 -8.023990185115e+00
Mode 46
6.058740477213e-01 6.500493505416e-01 1.087403273587e+00
6.500493505416e-01 2.757520732232e-02 1.302610935460e+00
1.087403273587e+00 1.302610935460e+00 7.220194611871e+00
Mode 47
1.231253191591e+00 1.188390085336e+00 -2.216629329111e+00
1.188390085336e+00 6.632850572990e-01 -2.082868690283e+00
-2.216629329111e+00 -2.082868690283e+00 5.419440853867e+00
--
