Number of atoms 
15
--
Anisotropy 
68.879
--
Frequencies 
29.106200000000
89.750000000000
107.833400000000
177.429900000000
227.911600000000
255.025100000000
325.946000000000
368.768100000000
421.361500000000
432.808800000000
736.053500000000
821.598200000000
875.335300000000
930.319800000000
957.023500000000
966.550400000000
1073.737800000000
1127.570900000000
1184.885200000000
1225.023400000000
1253.030200000000
1346.324600000000
1359.189400000000
1389.886200000000
1404.886700000000
1452.813000000000
1459.723300000000
1469.624900000000
1475.130700000000
1482.396900000000
3017.937700000000
3021.647000000000
3026.680300000000
3058.362300000000
3100.042200000000
3104.742000000000
3111.220700000000
3122.569900000000
3124.116600000000
--
Displacements 
Mode 0
2.381307125533e-03 2.617074731597e-01 -1.878262161010e-03
-1.794774552329e-02 -6.275183079928e-02 1.844142516104e-02
-1.115824451610e-02 1.701691249248e-01 4.238219161251e-03
-8.267601462024e-02 -1.476237266443e-02 2.113643678179e-02
2.182629877618e-01 -2.027096067820e-01 -1.643421709690e-02
-1.679722601355e-01 -1.708471535813e-01 4.686757875239e-02
-1.407222626383e-01 2.317283462076e-01 -4.795016539977e-02
1.063838274804e-01 2.312109650882e-01 3.352567484167e-02
-2.638385681813e-01 8.721091657628e-02 5.082780705469e-02
-9.101455484449e-02 -1.979594676075e-01 4.035343840377e-02
6.703869214860e-02 1.032777222738e-01 -6.286957685116e-03
2.023472911479e-01 -3.681127554786e-01 2.342163570488e-02
3.530257096664e-01 -9.344608649378e-02 -6.116107613117e-02
2.829912568587e-01 -2.506990649169e-01 -1.912922871766e-02
-8.440857999272e-03 -2.977411723194e-02 -6.500296862040e-03
Mode 1
6.199825063869e-02 3.874992690498e-02 -1.656944781295e-01
-5.467264995999e-02 -4.936266536120e-02 -2.596591255455e-02
7.427918453719e-03 -1.640357161674e-01 -1.659430922000e-01
-2.339054723867e-01 1.033822836934e-01 -5.774131249315e-04
-7.613576168910e-02 -3.714169742929e-02 -5.407254482722e-02
4.520235829038e-02 -5.963564597025e-02 1.067723584768e-01
8.417066388821e-02 -2.599874201673e-01 -2.876140481537e-01
-1.217531001163e-01 -2.644624625690e-01 -1.074047880871e-01
-2.543316806572e-01 1.201886301436e-01 2.588608503161e-02
-2.847769122104e-01 1.583265023258e-01 1.368752312626e-01
-3.242735931130e-01 1.466329778698e-01 -1.582574061794e-01
-1.368896188009e-01 7.217195973903e-02 1.394720061230e-01
-2.245186967324e-01 -1.126355484306e-02 -2.568355254826e-01
1.024774450507e-01 -1.699971021715e-01 -7.745552600797e-02
1.736472569086e-02 6.620777347547e-03 3.942881698701e-02
Mode 2
2.503673006737e-02 -8.995733102897e-02 -9.736960892228e-02
-3.858375149718e-02 7.305779837522e-02 -3.839078296896e-02
-1.540070633702e-02 2.306117729814e-01 -9.788272782611e-02
-1.111384250598e-01 -1.164590777323e-01 -7.606269577763e-02
5.991541938504e-02 6.952599358696e-02 1.267922660720e-01
-8.013413758723e-02 9.075855841824e-02 -1.270488255239e-01
-1.794008621223e-01 3.835703067128e-01 2.981862636076e-02
1.192179397849e-01 3.814761960469e-01 -2.560527185621e-01
-1.205870604514e-01 -1.522003556655e-01 -2.231452723832e-01
-1.342505861461e-01 -1.635727595875e-01 -1.485706701714e-02
-1.496489848482e-01 -1.954424748853e-01 -2.724030948248e-03
7.637468545863e-02 -8.324336747791e-02 5.135610179943e-02
1.620665624676e-01 2.405930287148e-02 3.100896310348e-01
-1.231912202769e-02 2.457496907194e-01 1.518398127759e-01
2.412740826674e-03 -2.155797302470e-03 2.212535241966e-02
Mode 3
5.928317175678e-02 -2.378831921753e-02 -4.494019821119e-02
1.891987557300e-01 1.652976227741e-02 9.397126044307e-02
2.118227449707e-01 -7.127177144909e-02 -2.552370089887e-02
-8.845513829532e-03 5.895481705423e-02 1.106620369919e-01
2.003330363332e-01 3.558509223363e-02 2.076062999147e-01
2.871074369916e-01 3.150571961860e-02 1.751476784185e-01
2.800297844191e-01 -1.182134305510e-01 -3.753537898508e-02
1.456477544317e-01 -1.269814302444e-01 7.902404828096e-03
5.663897694875e-02 2.411372741096e-02 7.752776561045e-02
-6.567418675198e-02 1.924094139032e-01 2.654534208404e-01
-1.682477797595e-01 2.555850908996e-02 -6.280702118999e-03
1.382690637739e-01 7.423754527569e-02 4.034482034593e-01
9.033152487196e-02 3.276990358772e-02 1.018152691553e-01
4.030295856972e-01 3.183112781202e-02 2.077352458178e-01
-5.622168917705e-02 3.611954197503e-04 -2.095211693236e-02
Mode 4
-3.098078434123e-04 9.944772156189e-03 1.002759124438e-03
3.098078434123e-04 -9.944772156189e-03 -1.002759124438e-03
6.196156868245e-04 -1.988954431238e-02 -2.005518248876e-03
-2.662752729209e-02 2.785911687597e-02 1.465757132679e-02
1.725724576258e-02 -2.779891763935e-02 -1.814959081551e-02
3.032356513499e-03 -2.204534161485e-02 2.011983417078e-02
1.377847541116e-02 -2.884671667227e-02 -8.832924350050e-03
-6.028117172598e-03 -3.192991453441e-02 1.562505555762e-02
3.114827933645e-01 -1.503841420319e-01 -7.942245472560e-03
-4.735321909957e-02 4.302955808785e-01 1.058460472448e-01
-3.733622321034e-01 -1.563744018840e-01 -6.039610976029e-02
1.302583800662e-01 -1.987979692609e-01 -3.815915641629e-01
2.724727297590e-01 -6.185444276878e-02 2.987183279402e-01
-3.340119346184e-01 1.594015136284e-01 1.127763208501e-02
0.000000000000e+00 0.000000000000e+00 0.000000000000e+00
Mode 5
1.980659258376e-02 3.083197862142e-03 -2.445797990767e-02
-6.957540702835e-03 -2.095598065844e-03 1.863333293093e-02
4.718001725066e-03 -3.873128959183e-02 -1.332770296322e-02
2.339284286346e-02 3.855069188196e-02 2.380376142940e-02
-1.422488924908e-02 5.753576024500e-03 3.826942498629e-02
-1.066029524743e-03 -3.203596335392e-03 3.144201888512e-02
3.861287756340e-02 -7.443958055815e-02 -4.762136634537e-02
-5.133048560308e-02 -8.135277913223e-02 -6.848837508209e-03
-3.177789603729e-01 2.402210745876e-01 1.122958933723e-01
4.318911114070e-02 -3.340514556520e-01 -6.437643711529e-02
3.803906568801e-01 2.689102927009e-01 4.347646073272e-02
9.709059984302e-02 -1.485595276200e-01 -2.917250112271e-01
2.033728626348e-01 -6.109906496239e-02 3.696030072990e-01
-3.348338782203e-01 2.236555250839e-01 7.186431726085e-02
0.000000000000e+00 0.000000000000e+00 0.000000000000e+00
Mode 6
1.239748449993e-01 4.242820411722e-03 -1.034999337311e-01
-8.494467966423e-02 -5.420747813917e-02 1.124542160638e-01
-4.932987039484e-02 7.985917343264e-02 -9.438024448133e-03
1.905454670320e-01 1.117036863955e-02 1.475386317478e-01
-1.158855528511e-01 -7.634600595753e-02 2.327715649991e-02
-1.249751526034e-01 -8.484879669416e-02 1.047945272011e-01
-2.471009279654e-01 1.883600538174e-01 -4.961473092293e-02
2.893048055556e-02 1.980468791139e-01 -1.601263906047e-01
4.726199323019e-01 -9.649052269188e-02 3.051556629355e-01
2.846140346680e-01 2.603415280305e-01 -1.005839950130e-01
1.394956632061e-01 -7.874540046594e-02 2.256991844295e-01
-1.294199423395e-01 1.995831850560e-02 6.125474714068e-02
-1.855467835297e-01 -5.846464820463e-02 -7.585694452117e-02
-9.056814100657e-02 -1.748663269598e-01 1.091693776753e-02
-1.874056305902e-02 1.203984732501e-04 -6.984038977454e-03
Mode 7
1.836170523954e-01 7.692988390766e-03 8.015981536444e-02
7.675537737592e-02 1.725215311691e-02 5.206702657835e-02
1.018338654510e-01 3.911689702188e-02 4.242325087375e-02
-1.184348996723e-01 -1.072281214590e-01 2.958554559207e-02
-7.056152814259e-02 4.633389203853e-02 -1.821379729621e-01
9.549594043494e-02 1.713175464366e-02 5.905106555580e-02
4.299710753209e-02 8.599835688719e-02 5.792694844870e-02
1.554696119524e-01 8.389418386475e-02 1.381903299909e-02
-2.973414201308e-01 -7.901358386045e-02 -2.057788459491e-01
-1.887716905352e-01 -3.291751433071e-01 2.144970253435e-01
-1.188813135102e-01 -1.303212621068e-01 5.902204622831e-02
1.871815369449e-02 2.237960482703e-01 -4.186465806631e-01
-7.011511430468e-02 6.942703268630e-02 -2.115744735983e-01
-3.408506634214e-01 -1.107027014484e-01 -2.041218683464e-01
-2.811084458853e-02 1.805977098751e-04 -1.047605846618e-02
Mode 8
1.467555419641e-01 -1.195575897511e-02 6.418621916066e-02
-1.501634282417e-01 1.213482526932e-01 -5.315586879185e-02
-1.624271526553e-01 -8.598978193059e-02 4.814299931841e-03
1.573733261174e-02 2.054316095866e-02 -9.914794450766e-02
1.097208296840e-01 1.137817861916e-02 2.078164056951e-02
-1.830997544836e-01 1.258404450080e-01 -1.078826320973e-01
8.683496042585e-02 -2.693244252601e-01 -9.446715622980e-02
-4.310597687887e-01 -2.583305412115e-01 3.539501672788e-02
1.099522836654e-01 -3.436807070686e-02 -1.238116756718e-01
6.382050184476e-02 5.510189173195e-02 -2.275757567753e-01
2.542489177284e-02 -6.410062601532e-02 4.521818907014e-02
5.322823615287e-02 -3.168179398482e-01 1.667127705558e-01
3.129346769598e-01 1.411576475963e-01 -6.812230260257e-03
3.433873783011e-01 2.838095983297e-02 2.407549672223e-02
-9.370281529509e-03 6.019923662505e-05 -3.492019488727e-03
Mode 9
-7.599915569459e-02 -4.103784625328e-03 -8.250628633903e-02
-3.175018484742e-02 1.553193407540e-01 1.451476081439e-01
-1.539839870211e-02 -3.186971529779e-02 1.213303606889e-02
1.030717484792e-02 -1.045333312864e-01 1.423606153289e-01
8.735742049091e-02 5.205168083670e-02 -9.032886364418e-02
-1.648839213982e-02 1.541511432478e-01 1.614483135869e-01
1.524978152063e-01 -1.593055271655e-01 -6.830933590536e-02
-2.547175347278e-01 -1.681495631492e-01 -6.685949065813e-03
2.782500065808e-02 -1.794602804347e-01 -1.063944410422e-01
3.551710676420e-02 -2.374733472755e-01 7.242198879401e-02
3.633002602954e-02 -2.617805350123e-01 4.134623086780e-01
1.231402694559e-01 -4.470702524969e-02 -2.166512310873e-01
2.902539901351e-01 2.664147375512e-01 -2.587968485630e-01
-1.459353383472e-03 -2.169029740471e-01 -1.430068884258e-01
9.370281529509e-03 -6.019923662505e-05 3.492019488727e-03
Mode 10
-2.816909672098e-02 2.944162075748e-03 1.615482401625e-01
-6.169591258345e-02 2.594411652000e-02 2.281484579153e-02
9.945927502711e-02 -5.591157722622e-05 -4.673412559201e-01
-2.132059049486e-03 -6.407192670783e-03 6.288403777024e-02
-2.507848807503e-02 -2.186474390497e-02 9.643775704599e-03
1.215822059023e-01 4.496365924990e-02 1.899895695948e-01
4.693131605804e-02 7.019247284924e-02 -3.824532237129e-01
1.026282375351e-01 1.093665961189e-02 -4.756551632611e-01
1.687016633856e-01 -7.710418402336e-02 1.187210746963e-01
1.299246083099e-01 3.712577763017e-04 -2.627155464056e-01
1.485270108259e-01 -6.747904536344e-02 3.162061123570e-01
-2.656826749463e-03 -6.530181048839e-02 -5.127001871038e-02
4.426546497197e-02 4.483748607949e-02 -3.209623736339e-02
-5.418964026767e-02 -1.022901224775e-01 4.623107083793e-04
0.000000000000e+00 0.000000000000e+00 0.000000000000e+00
Mode 11
-5.581703334679e-03 -8.836773886642e-03 -1.381144507863e-02
-5.301096866139e-02 1.231758415428e-01 5.845980894430e-02
2.009451822318e-01 9.033436350242e-02 6.372390845228e-02
-2.191699535520e-02 6.376664286531e-02 -1.405470048499e-01
-1.245996228394e-01 -1.721959487974e-01 7.364434266149e-02
-5.662634500731e-02 8.909012970592e-02 9.621021692157e-02
5.122130157398e-01 -1.288891685033e-01 -5.937515262533e-02
-7.419109097839e-02 -1.356476687778e-01 2.253783307565e-01
6.843102364155e-02 -1.804909284678e-02 -2.984818675410e-01
5.075649010727e-02 -1.472509803814e-02 -3.369079254036e-01
3.931084711229e-02 -5.852764770070e-02 9.396367252262e-02
-1.103090116697e-01 -2.553519047689e-01 5.227492260034e-03
-1.929445682522e-02 -5.739243716142e-02 -3.512594614374e-02
-1.781039254996e-01 -3.717779955343e-01 4.195370970583e-02
0.000000000000e+00 0.000000000000e+00 0.000000000000e+00
Mode 12
-2.859154664593e-03 -2.093734334530e-02 7.311148216589e-03
3.010629764351e-02 -2.681131784305e-02 -2.397423779225e-02
-3.727363604965e-02 1.437190025015e-01 -4.068813556336e-02
1.512518671309e-02 -3.420611031013e-02 4.473444695473e-02
3.568800097819e-02 -1.797454395641e-02 -1.016279271362e-02
-2.193468113812e-01 -1.015405193683e-01 -1.577228558685e-01
3.675769008837e-01 -2.237300739743e-01 -3.601833920883e-01
-4.494412962085e-01 -2.309716555417e-01 2.570109250572e-01
-2.530994205638e-02 2.388150542105e-02 1.542370919459e-01
-2.971813593804e-02 5.266802285669e-02 1.665620357847e-01
-3.204349856604e-02 5.067847361035e-02 -1.135997645780e-01
5.663666931383e-02 2.865952156902e-01 -3.248799828455e-02
-2.051435784102e-01 -1.805511287910e-01 3.189674167304e-02
-1.059979734098e-01 5.712722820462e-02 -9.536407442518e-04
0.000000000000e+00 0.000000000000e+00 0.000000000000e+00
Mode 13
0.000000000000e+00 0.000000000000e+00 0.000000000000e+00
-8.614059848178e-03 1.320856772821e-02 -3.393127924941e-02
1.526179270760e-02 -1.168197506172e-03 1.630070544292e-02
-1.608373630956e-02 6.542220896164e-02 4.428597973292e-02
1.969911265548e-02 -3.133649712475e-02 -8.203638771019e-02
-1.262777982628e-01 -2.301488164016e-01 2.489687530090e-01
3.641509659329e-02 -3.444393281892e-03 4.541009684003e-02
2.463207423711e-02 -1.228396742797e-03 1.979272493165e-02
6.787712987535e-02 -7.556192848145e-02 -3.266237747073e-01
2.297039293851e-02 -1.737669036468e-01 -6.463299656720e-02
-1.406587389005e-02 -1.851249579151e-01 4.354663031150e-01
-6.857509942423e-02 5.964999562399e-02 1.850387358393e-01
-2.085782831190e-01 -3.322583411692e-01 2.389550052512e-01
1.391812400928e-01 4.561623482487e-01 6.670415763975e-03
0.000000000000e+00 0.000000000000e+00 0.000000000000e+00
Mode 14
3.098078434123e-04 -9.944772156189e-03 -1.002759124438e-03
-1.157198207904e-01 -4.468987533651e-02 -9.116873432623e-02
1.396247994124e-01 2.893132791919e-02 5.538856970422e-02
-9.579827849018e-02 -8.182579806864e-02 8.382856678214e-02
-1.908696675683e-02 8.608576839355e-02 -6.184600375219e-02
-8.671614852603e-02 1.315808249159e-03 -1.395656771325e-01
1.977344617162e-01 -3.248028262063e-02 -1.568801742438e-02
1.789065204585e-01 -2.821453759857e-02 2.353643915412e-01
1.151643724758e-01 -4.751495216069e-02 6.065307054333e-01
7.056824484429e-02 1.762007725221e-01 -3.295047959928e-01
1.561967075675e-01 9.842433453927e-02 6.939192255274e-02
-7.303021346680e-02 -2.112282345724e-01 7.777673714191e-02
1.539205727354e-01 1.336180446457e-01 1.883282862128e-02
2.296024507984e-01 2.223054170084e-01 -3.953499912876e-02
0.000000000000e+00 0.000000000000e+00 0.000000000000e+00
Mode 15
0.000000000000e+00 0.000000000000e+00 0.000000000000e+00
-1.374187955676e-02 -4.717388109184e-02 6.469764824923e-02
-1.918697689694e-02 -2.297274217452e-02 2.245246165879e-02
-8.567924506751e-02 5.901186767487e-03 -8.499554670332e-02
1.146829173319e-01 4.010449681818e-02 3.659860389701e-02
-5.769006689714e-02 -1.765949549087e-01 2.376679997017e-01
-4.340176336235e-02 2.730577398984e-03 5.923538540523e-02
5.891511178092e-03 -1.107998269547e-03 1.280868595419e-02
1.683918555422e-01 -6.715941186717e-02 1.197238338207e-01
9.080861932454e-02 8.917325391509e-02 -5.571372590687e-01
1.468630218924e-01 2.246393601178e-02 1.217646269632e-01
1.981471342180e-01 5.169576167685e-01 -1.791438965363e-01
-1.569895251033e-01 -3.555210526674e-02 -9.481738669123e-02
-2.381456265727e-01 -9.865655652917e-02 7.317403782706e-03
0.000000000000e+00 0.000000000000e+00 0.000000000000e+00
Mode 16
-3.098078434123e-04 9.944772156189e-03 1.002759124438e-03
-3.300204816250e-02 8.189457226186e-02 -2.457933789033e-02
4.840044686461e-02 -5.002485696407e-02 1.244630182145e-02
3.651972200323e-03 -4.193488592723e-02 1.811431592190e-02
2.965988380559e-02 -4.990445849082e-02 5.462262843992e-03
-2.750512026465e-01 3.235410945023e-02 -2.063977895338e-01
2.293934061815e-01 4.413521959089e-02 5.306889367531e-01
-1.609788766648e-01 5.240132686214e-02 -5.694206724477e-01
-4.511653464014e-02 2.079830755891e-02 1.786950718536e-01
-1.156806249962e-02 7.105538651289e-02 8.953944369667e-02
-6.345394804186e-03 5.265367320295e-02 -1.252490585315e-01
3.328042230477e-02 1.720239260441e-01 -4.270358147691e-04
-1.829242449997e-01 -1.796237282314e-01 2.956411418503e-02
-1.117162827390e-01 1.525254151402e-02 1.366865568893e-02
0.000000000000e+00 0.000000000000e+00 0.000000000000e+00
Mode 17
1.284905188093e-02 9.875997962972e-04 -5.824646976737e-03
1.221451240051e-01 6.252967116592e-02 -1.834955282988e-01
-1.135094078789e-01 -2.481205495891e-03 -1.046221497961e-02
-8.046560170869e-02 2.744629717619e-02 1.018429561284e-01
-1.281245602653e-02 -7.700819756041e-02 6.168937087591e-02
4.249167018997e-01 2.666197472714e-01 -2.192252421863e-01
9.361543709642e-02 3.543354182558e-03 2.929566428303e-01
8.848014759966e-02 1.779972094369e-02 2.497086971154e-01
1.547865819799e-01 -8.129538015505e-02 1.559877405581e-01
3.636586879746e-02 -4.062765263466e-02 -1.841926095912e-01
1.339631876672e-01 -5.039891499981e-02 4.414904457821e-01
4.205505206042e-02 2.628816238877e-03 -1.128027567100e-01
-9.077793870987e-02 -5.586304423549e-02 -7.237876851902e-02
-1.613954113500e-01 -2.692470761103e-01 2.752332104254e-02
0.000000000000e+00 0.000000000000e+00 0.000000000000e+00
Mode 18
0.000000000000e+00 0.000000000000e+00 0.000000000000e+00
1.300521899678e-01 7.335599429890e-02 1.104777171425e-01
-6.410865341013e-02 2.809991382247e-02 6.894933718791e-04
-5.584615941302e-02 -8.698595668348e-02 -5.210230147196e-02
-3.969153902958e-02 -4.196787289412e-02 -9.467459730153e-02
3.878095509972e-01 1.448214002521e-01 2.791603735926e-01
-1.284905188093e-02 -9.875997962972e-04 5.824646976737e-03
-2.408756450309e-01 -1.191717148934e-02 -1.556820627260e-01
4.662742345437e-02 -2.919356243828e-02 3.039302868984e-01
2.895960662179e-02 1.966650969309e-01 -2.461385399190e-01
1.520124978791e-01 1.561034182301e-01 -2.047533230633e-01
-1.521491038736e-01 -1.891413310340e-01 2.331870645751e-01
-1.549093905404e-02 -2.155670414470e-01 2.383083746934e-01
1.748640789178e-01 2.503451315942e-01 -3.535348626816e-02
0.000000000000e+00 0.000000000000e+00 0.000000000000e+00
Mode 19
3.098078434123e-04 -9.944772156189e-03 -1.002759124438e-03
-8.973587309810e-02 1.365650069809e-01 1.405247122870e-02
1.818666929282e-02 -5.763323410792e-02 -2.115786818883e-02
3.313865415701e-02 -4.885665945790e-02 -3.854403621472e-03
7.261523333002e-02 -7.572817653758e-02 -2.433662192500e-02
6.390401786008e-02 2.787460415998e-01 -5.212409033991e-02
-2.930355440241e-01 4.562287641506e-02 -2.438210882719e-01
4.605397340437e-01 2.887410312028e-02 4.542790326836e-01
-1.129846401789e-01 5.641341232171e-02 1.036918415010e-01
-1.039455304659e-02 1.086786778352e-01 1.156758326141e-01
-4.969557436031e-03 4.591249738215e-02 -1.576938365410e-01
3.896960556773e-02 2.152803949176e-01 7.096281706639e-02
-2.315321819327e-01 -2.730770768223e-01 4.383786997204e-02
-1.710360503502e-01 1.150614584957e-01 2.744130000941e-03
0.000000000000e+00 0.000000000000e+00 0.000000000000e+00
Mode 20
3.478770351417e-03 1.047799032922e-03 -9.316666465464e-03
-4.171611815078e-02 -1.395537057800e-02 2.578784827124e-02
-6.029094914907e-02 1.782115851627e-02 -9.564208153236e-02
3.947657917302e-02 -2.687151707968e-02 -2.048221830352e-02
-9.680089372921e-03 1.000497139281e-02 -2.489260364289e-03
2.947249546681e-02 -1.548176225101e-01 3.477971761980e-01
4.069823414043e-01 1.989829344724e-02 6.264738076751e-01
1.909410985256e-01 -3.761174192798e-02 4.320033029538e-01
-6.200572042686e-02 3.588888867619e-02 2.381760491597e-02
-1.456382315872e-02 1.708013036363e-02 1.252843334251e-01
-3.638597052707e-02 2.062611098956e-03 -1.314222461544e-01
-9.370281529509e-03 6.019923662505e-05 -3.492019488727e-03
6.827792352225e-02 6.349863364907e-02 -1.029799418287e-02
5.225990913332e-02 5.151846266367e-02 3.840560134896e-03
0.000000000000e+00 0.000000000000e+00 0.000000000000e+00
Mode 21
0.000000000000e+00 0.000000000000e+00 0.000000000000e+00
4.382652092222e-02 -5.289447014945e-02 1.392171364864e-01
-1.009737714462e-02 -1.446995143789e-02 -5.906490904238e-02
-3.661742450842e-02 4.780886042498e-02 1.317107008694e-02
-1.705491784745e-02 -1.656554950374e-02 -4.043157611145e-02
-2.520689308530e-01 2.689645430621e-01 -7.508124457373e-01
5.144543531954e-02 4.113365853796e-02 2.063041185242e-01
1.077328464172e-01 -3.662991682884e-02 1.971088100414e-01
9.110424067808e-02 -6.866736722051e-02 -1.883741224518e-01
3.488255150102e-02 -6.830617180076e-02 -2.093262393841e-01
5.538937662007e-04 5.751283563467e-02 2.814190716628e-02
-4.091813846180e-02 1.110150728475e-01 8.307442172824e-02
1.231603711855e-01 -6.141983713987e-03 9.896362465823e-02
1.146463214775e-01 1.161250945823e-01 -1.926612000216e-02
0.000000000000e+00 0.000000000000e+00 0.000000000000e+00
Mode 22
0.000000000000e+00 0.000000000000e+00 0.000000000000e+00
-1.211574483424e-01 -9.512755200036e-02 8.462952296847e-03
2.339284286346e-02 3.855069188196e-02 2.380376142940e-02
2.370265070687e-02 2.860591972577e-02 2.280100230496e-02
2.724714297891e-02 -4.774866118835e-02 -1.666308957566e-02
6.826083410085e-01 4.154875331717e-01 -2.039516032105e-02
1.432767716127e-01 -1.300355800803e-02 7.350288562612e-02
-1.996059407181e-01 -2.105494155911e-02 -1.520334103610e-01
-6.542623864583e-02 3.207752527740e-02 -1.388900272472e-01
4.997861214789e-02 -1.011304999280e-01 -7.857964311508e-02
-1.639470658061e-01 -3.764770333258e-02 -7.618405376030e-02
5.756609284407e-02 2.567608992216e-01 -3.549627565786e-02
5.986619158920e-02 3.234273423420e-02 -1.028104403592e-01
2.353461101123e-02 2.594312773840e-01 2.723112923610e-02
0.000000000000e+00 0.000000000000e+00 0.000000000000e+00
Mode 23
0.000000000000e+00 0.000000000000e+00 0.000000000000e+00
3.806414595046e-02 5.589025650523e-02 -4.390216419314e-02
-3.168962508005e-03 -1.099257118911e-02 8.313907341026e-03
-3.334694568735e-03 -4.264870181013e-02 1.227597981672e-01
-4.712461963656e-02 -6.577482942479e-02 3.940738557998e-02
-1.367215791052e-01 -1.586533979192e-01 1.350418791919e-01
-5.105727361407e-02 -1.527695352431e-02 -6.371632053182e-02
4.971056231214e-02 2.063634716218e-02 1.014894922705e-02
-1.113317286384e-01 -1.120414343079e-01 -4.191085339105e-01
1.871391353029e-01 1.552548542202e-01 -3.849348961567e-01
-4.328756673237e-02 2.596849369465e-01 -3.948289757471e-01
3.843736807958e-02 2.310245926812e-01 -1.850681126277e-01
1.874981709421e-01 1.824933414167e-01 -1.563349488499e-01
1.843784362299e-01 2.086840295804e-01 8.158166492227e-02
0.000000000000e+00 0.000000000000e+00 0.000000000000e+00
Mode 24
0.000000000000e+00 0.000000000000e+00 0.000000000000e+00
2.159971772361e-02 2.081694487205e-02 -3.271092391344e-04
-3.168962508005e-03 -1.099257118911e-02 8.313907341026e-03
-1.312973365811e-02 7.575390176956e-03 -7.918474321316e-02
-6.145698881392e-02 -9.444094838719e-02 2.009840276375e-02
-8.794791011151e-02 -3.354391870726e-02 6.322232578727e-03
1.094844681279e-02 -5.116584220051e-02 -8.753392544780e-02
8.250281277133e-02 5.774505762457e-02 -4.856741916916e-02
6.953725662551e-02 6.228458656002e-02 3.013058250649e-01
-1.479380757538e-01 1.427929137147e-02 3.113043969818e-01
1.386028355302e-01 -1.249316817615e-01 2.845721857020e-01
2.497386266509e-02 4.377692098953e-01 -1.453768380836e-01
3.623279616404e-01 2.463775824959e-01 -1.375373951223e-01
2.470089344969e-01 3.407482692899e-01 8.761965107593e-02
0.000000000000e+00 0.000000000000e+00 0.000000000000e+00
Mode 25
0.000000000000e+00 0.000000000000e+00 0.000000000000e+00
-3.478770351417e-03 -1.047799032922e-03 9.316666465464e-03
6.424525940463e-02 4.937998981486e-03 -2.912323488369e-02
-1.843075521561e-02 -9.824373682939e-03 -7.986798101892e-03
-1.066029524743e-03 -3.203596335392e-03 3.144201888512e-02
1.570820654552e-02 2.192494314160e-02 -1.313579519333e-02
-3.650350238507e-01 3.292510050569e-01 2.119981297826e-01
-3.748306098235e-01 -3.333305522125e-01 1.982240068738e-01
7.853587057434e-02 -7.821795699006e-02 -9.754008528514e-02
-6.967772480337e-02 1.324669970527e-01 1.606160308253e-01
2.412854630144e-01 1.110309099012e-01 7.038083819060e-02
8.303891244284e-02 -1.857886365557e-01 -2.260246038534e-01
-2.251383124192e-01 8.625989469318e-03 -2.548300072337e-01
8.688704274002e-02 2.181829950699e-01 5.698089562490e-02
0.000000000000e+00 0.000000000000e+00 0.000000000000e+00
Mode 26
0.000000000000e+00 0.000000000000e+00 0.000000000000e+00
3.478770351417e-03 1.047799032922e-03 -9.316666465464e-03
-9.370281529509e-03 6.019923662505e-05 -3.492019488727e-03
-3.568800097819e-02 1.797454395641e-02 1.016279271362e-02
3.220923062677e-02 -1.902234298933e-02 -8.461262481584e-04
-1.057291704876e-02 -3.618130990273e-02 5.638374090820e-02
4.326515736785e-02 -3.576849020294e-02 -3.080164389343e-02
4.426546497197e-02 4.483748607949e-02 -3.209623736339e-02
4.475870644179e-01 -2.343226880796e-01 -3.096284252056e-02
-8.281031297983e-02 -3.102817737476e-01 1.595859421886e-01
1.336526267373e-01 2.567193372981e-01 -2.110264372618e-01
-1.055657460618e-01 -6.767548012702e-02 3.393757543609e-01
8.369797850241e-02 1.686253823451e-01 -2.503200527796e-01
-4.372873593581e-01 2.044281723744e-01 3.144658463597e-02
0.000000000000e+00 0.000000000000e+00 0.000000000000e+00
Mode 27
0.000000000000e+00 0.000000000000e+00 0.000000000000e+00
-1.298565787543e-02 -3.402551260026e-02 3.425838848854e-02
-4.822724501570e-02 7.042172003923e-03 1.498468056592e-02
-1.781113952878e-02 -2.971391799532e-02 -9.992316350768e-03
1.812094737219e-02 1.976914583913e-02 8.989557226330e-03
4.229913798321e-02 7.008642402973e-02 -8.365809041929e-02
3.121972570382e-01 -2.490578484743e-01 -1.261073384509e-01
2.616676056425e-01 2.448839767963e-01 -1.538242570786e-01
-8.028337552317e-02 -5.548321150260e-02 -2.723530665441e-01
-6.729641767784e-02 3.941744702124e-01 1.587377686643e-01
3.704739513726e-01 1.368188407216e-01 1.537194072912e-01
6.233949218324e-02 -2.350581157134e-01 -1.426936226733e-01
-2.485602813489e-01 -2.854292022971e-02 -1.926216193487e-01
1.998495658593e-02 1.479431856000e-01 3.483411179821e-02
0.000000000000e+00 0.000000000000e+00 0.000000000000e+00
Mode 28
0.000000000000e+00 0.000000000000e+00 0.000000000000e+00
-1.483317296438e-03 -2.767851916610e-02 -2.513362979297e-02
2.221933341044e-02 9.274005596721e-04 -2.332627488010e-03
-2.549346821181e-03 -3.088211550149e-02 6.308389092151e-03
1.074611889766e-02 -6.801375057423e-03 -2.895275852083e-02
2.904026811876e-02 -3.001491417844e-02 7.467781092868e-03
-9.062870077393e-02 9.037872568534e-02 7.292547250119e-02
-1.315937593966e-01 -9.827094909913e-02 3.641295169324e-02
-2.461841363766e-01 4.532188023193e-02 -2.263609908283e-01
-1.152861212688e-02 4.453589497260e-01 6.724951301936e-02
2.547616003704e-01 1.749014980397e-02 2.044275461785e-01
-1.354227956292e-01 2.144361182049e-01 4.243557677623e-01
3.436023381577e-01 9.722034980677e-02 1.392323123273e-01
-3.236516697913e-01 -1.357380547218e-01 -5.024716053325e-02
0.000000000000e+00 0.000000000000e+00 0.000000000000e+00
Mode 29
0.000000000000e+00 0.000000000000e+00 0.000000000000e+00
4.685140764755e-02 -3.009961831252e-04 1.746009744364e-02
-9.370281529509e-03 6.019923662505e-05 -3.492019488727e-03
2.569810376185e-02 1.975199592594e-03 -1.164929395347e-02
1.588140839443e-02 -2.105774181855e-02 1.429518719404e-02
-8.519623537519e-02 -4.702627034885e-02 -5.856732344039e-02
-3.478770351417e-03 -1.047799032922e-03 9.316666465464e-03
-3.478770351417e-03 -1.047799032922e-03 9.316666465464e-03
-3.348630042866e-01 2.250373072668e-01 1.578764665752e-01
1.114281311736e-01 6.794926404041e-02 -2.405549190923e-01
-2.909519596840e-01 -2.823266704087e-01 1.172118096950e-01
-4.960077474894e-02 -2.486981404545e-01 1.574452224705e-01
-8.704089594580e-02 1.605382115677e-01 -4.223166644351e-01
-3.228433657958e-01 3.649177340998e-01 7.076163156078e-02
0.000000000000e+00 0.000000000000e+00 0.000000000000e+00
Mode 30
0.000000000000e+00 0.000000000000e+00 0.000000000000e+00
3.482429936857e-02 -6.554260743489e-02 -3.730194075547e-02
-3.098078434123e-04 9.944772156189e-03 1.002759124438e-03
-3.788578194830e-03 8.896973123267e-03 1.031942558990e-02
-3.098078434123e-04 9.944772156189e-03 1.002759124438e-03
-4.597151905020e-01 7.381362236537e-01 4.158327295343e-01
0.000000000000e+00 0.000000000000e+00 0.000000000000e+00
4.450438874150e-02 -7.554757882770e-02 -3.481268039118e-02
-3.098078434123e-04 9.944772156189e-03 1.002759124438e-03
-9.370281529509e-03 6.019923662505e-05 -3.492019488727e-03
7.839926457983e-02 -1.112558697940e-01 -6.910634377333e-02
-3.748112611804e-02 2.407969465002e-04 -1.396807795491e-02
8.311726630490e-02 -1.499871593859e-01 -8.243404673655e-02
-1.066029524743e-03 -3.203596335392e-03 3.144201888512e-02
0.000000000000e+00 0.000000000000e+00 0.000000000000e+00
Mode 31
0.000000000000e+00 0.000000000000e+00 0.000000000000e+00
0.000000000000e+00 0.000000000000e+00 0.000000000000e+00
0.000000000000e+00 0.000000000000e+00 0.000000000000e+00
4.544799876160e-03 4.251395368314e-03 -4.075868535058e-02
8.750665842685e-03 1.982934507575e-02 5.497537737603e-03
-1.346866756775e-02 1.890194451608e-02 7.830165225613e-03
1.222943619410e-02 2.087714410868e-02 -3.819128727862e-03
1.346866756775e-02 -1.890194451608e-02 -7.830165225613e-03
-2.102765602720e-01 -4.287762503091e-01 9.866455985317e-02
4.629323731408e-01 -1.184673571789e-02 1.607895293577e-01
-2.913777249089e-01 4.459508797357e-01 2.740927476053e-01
-2.064560014926e-01 1.126915536194e-02 -7.582166962756e-02
1.307906175544e-01 -2.145421670244e-01 -1.255606344688e-01
5.613635543766e-04 -1.712597994651e-02 1.700187803798e-01
0.000000000000e+00 0.000000000000e+00 0.000000000000e+00
Mode 32
0.000000000000e+00 0.000000000000e+00 0.000000000000e+00
1.315885972434e-02 -8.957172359892e-03 -6.827406101175e-03
0.000000000000e+00 0.000000000000e+00 0.000000000000e+00
-2.412740826674e-03 2.155797302470e-03 -2.212535241966e-02
-2.098010203679e-02 -4.070648918443e-02 -1.678409009741e-03
-9.217773999100e-02 1.401025864663e-01 7.793926812338e-02
1.539839870211e-02 3.186971529779e-02 -1.213303606889e-02
3.103572117374e-02 -5.664563431162e-02 -2.698251516557e-02
-9.480313303932e-02 -1.890624944843e-01 5.067286399367e-02
1.967759121197e-01 -1.264183969126e-03 7.333240926327e-02
-1.129137561050e-01 1.668537050727e-01 1.054055254044e-01
4.635519888276e-01 -3.173628003027e-02 1.587840111089e-01
-2.797679044016e-01 4.867175681568e-01 2.722791371263e-01
-2.023024572766e-03 6.270449417864e-02 -4.230414327006e-01
0.000000000000e+00 0.000000000000e+00 0.000000000000e+00
Mode 33
0.000000000000e+00 0.000000000000e+00 0.000000000000e+00
3.098078434123e-04 -9.944772156189e-03 -1.002759124438e-03
5.549459356195e-02 -1.489134609427e-02 -3.462077262129e-02
0.000000000000e+00 0.000000000000e+00 0.000000000000e+00
0.000000000000e+00 0.000000000000e+00 0.000000000000e+00
-3.482429936857e-02 6.554260743489e-02 3.730194075547e-02
-2.870244678598e-01 -5.206672190072e-01 1.884744064883e-01
-3.652687854670e-01 6.374787426622e-01 2.465756821289e-01
-1.539839870211e-02 -3.186971529779e-02 1.213303606889e-02
4.685140764755e-02 -3.009961831252e-04 1.746009744364e-02
-3.788578194830e-03 8.896973123267e-03 1.031942558990e-02
3.748112611804e-02 -2.407969465002e-04 1.396807795491e-02
-3.788578194830e-03 8.896973123267e-03 1.031942558990e-02
1.066029524743e-03 3.203596335392e-03 -3.144201888512e-02
0.000000000000e+00 0.000000000000e+00 0.000000000000e+00
Mode 34
0.000000000000e+00 0.000000000000e+00 0.000000000000e+00
0.000000000000e+00 0.000000000000e+00 0.000000000000e+00
0.000000000000e+00 0.000000000000e+00 0.000000000000e+00
4.281874352993e-02 -5.886163085071e-02 -1.365143257182e-03
-4.884686070253e-02 2.693171631630e-02 1.699019881480e-02
-1.694743791917e-02 1.785414548316e-02 1.714683169108e-02
-1.539839870211e-02 -3.186971529779e-02 1.213303606889e-02
1.346866756775e-02 -1.890194451608e-02 -7.830165225613e-03
1.597388922047e-01 2.845512419044e-01 -8.008793322288e-02
-3.935518242394e-01 2.528367938252e-03 -1.466648185265e-01
-2.948564952603e-01 4.449030807028e-01 2.834094140708e-01
3.751210690238e-01 -1.235274162119e-02 1.386780204246e-01
1.700231108046e-01 -3.088712918950e-01 -1.751875190630e-01
-1.130748245204e-02 2.392735500393e-02 -1.410660218590e-01
0.000000000000e+00 0.000000000000e+00 0.000000000000e+00
Mode 35
0.000000000000e+00 0.000000000000e+00 0.000000000000e+00
-3.788578194830e-03 8.896973123267e-03 1.031942558990e-02
3.098078434123e-04 -9.944772156189e-03 -1.002759124438e-03
-1.091932074657e-02 4.978406001757e-02 1.521776133462e-03
-6.200572042686e-02 3.588888867619e-02 2.381760491597e-02
6.524040485549e-02 -1.022986974341e-01 -6.227893767216e-02
5.873444014384e-02 1.065415178458e-01 -4.122099605896e-02
-4.071581054667e-02 6.665060570443e-02 2.449325480128e-02
-1.622882390258e-01 -3.154333574059e-01 8.639632231503e-02
1.496146966287e-01 8.981584370188e-03 5.687507094407e-02
2.120490367988e-01 -3.048606934732e-01 -2.019781264587e-01
5.004134992588e-01 -1.208753266439e-02 1.747576073126e-01
2.355733235035e-01 -4.211147614853e-01 -2.384692158596e-01
-6.006460894550e-03 4.132711886382e-02 -2.122639669702e-01
0.000000000000e+00 0.000000000000e+00 0.000000000000e+00
Mode 36
0.000000000000e+00 0.000000000000e+00 0.000000000000e+00
0.000000000000e+00 0.000000000000e+00 0.000000000000e+00
-3.098078434123e-04 9.944772156189e-03 1.002759124438e-03
-8.415933191668e-02 -4.244089183052e-02 -3.997193011175e-03
-1.315885972434e-02 8.957172359892e-03 6.827406101175e-03
1.694743791917e-02 -1.785414548316e-02 -1.714683169108e-02
-4.333604144173e-02 -7.467180254806e-02 2.908795999008e-02
4.450438874150e-02 -7.554757882770e-02 -3.481268039118e-02
2.840995912745e-01 5.771322556089e-01 -1.510158328566e-01
6.659096042820e-01 -2.416369011276e-02 2.459278654508e-01
8.196772076484e-03 -3.768349055891e-02 -2.264436942868e-02
9.370281529509e-02 -6.019923662505e-04 3.492019488727e-02
4.829296693632e-02 -8.444455195097e-02 -4.513210598108e-02
1.822251206074e-03 1.635196482697e-02 -6.188127864580e-02
0.000000000000e+00 0.000000000000e+00 0.000000000000e+00
Mode 37
0.000000000000e+00 0.000000000000e+00 0.000000000000e+00
3.098078434123e-04 -9.944772156189e-03 -1.002759124438e-03
-6.904997607069e-04 -9.055074843863e-02 2.918343455242e-04
-8.750665842685e-03 -1.982934507575e-02 -5.497537737603e-03
1.526179270760e-02 -1.168197506172e-03 1.630070544292e-02
-3.451449152516e-02 5.559783527870e-02 3.629918163103e-02
3.557488052199e-01 6.072589933041e-01 -2.282089013074e-01
-2.922780223729e-01 4.744034140214e-01 1.910888756643e-01
6.717529814311e-02 1.363156350778e-01 -3.472069919692e-02
3.748112611804e-02 -2.407969465002e-04 1.396807795491e-02
-4.767335124950e-02 6.455500763859e-02 4.312658773220e-02
-1.443428011375e-01 9.799961672643e-03 -4.206086674101e-02
-3.788578194830e-03 8.896973123267e-03 1.031942558990e-02
2.607598953629e-03 2.811855113562e-02 -1.783326877208e-01
0.000000000000e+00 0.000000000000e+00 0.000000000000e+00
Mode 38
0.000000000000e+00 0.000000000000e+00 0.000000000000e+00
0.000000000000e+00 0.000000000000e+00 0.000000000000e+00
-6.196156868245e-04 1.988954431238e-02 2.005518248876e-03
0.000000000000e+00 0.000000000000e+00 0.000000000000e+00
3.156048887372e-02 2.248983505983e-03 8.717154131505e-02
1.725724576258e-02 -2.779891763935e-02 -1.814959081551e-02
-8.350312037545e-02 -1.383510339070e-01 4.986201263912e-02
6.796295352558e-02 -1.143992668928e-01 -4.115634437694e-02
-1.539839870211e-02 -3.186971529779e-02 1.213303606889e-02
-3.748112611804e-02 2.407969465002e-04 -1.396807795491e-02
3.788578194830e-03 -8.896973123267e-03 -1.031942558990e-02
-4.479803882766e-01 2.062331036791e-02 -1.434860647904e-01
8.491039144475e-02 -1.322534123759e-01 -5.830317606802e-02
7.427165367239e-03 1.331377639744e-01 -8.194627343684e-01
0.000000000000e+00 0.000000000000e+00 0.000000000000e+00
--
Dipole derivatives 
Mode 0
-8.869900794193e-03 2.765910780245e-02 -7.938393043260e-03
Mode 1
-6.992106968438e-03 5.470927437183e-03 -2.399627057384e-02
Mode 2
1.435136880534e-03 -2.928628839616e-02 -1.203085765932e-02
Mode 3
2.000775575993e-03 1.005060695770e-04 -2.966226653255e-03
Mode 4
-1.198397394213e-02 2.429252983903e-03 5.473621825255e-04
Mode 5
-1.970240253098e-02 -9.393426925594e-04 -4.079869182846e-03
Mode 6
-3.189432488597e-02 -1.811770748444e-02 -1.448568993089e-02
Mode 7
-1.186987853551e-02 -3.425640751873e-03 2.328269151660e-03
Mode 8
-3.609938717746e-03 3.511853667841e-03 -1.825804270445e-03
Mode 9
-1.385576278023e-02 8.066405386572e-03 -3.188475317395e-03
Mode 10
-2.725790797640e-02 9.456186028001e-03 5.804431438055e-02
Mode 11
-3.761126283718e-02 1.893294513147e-02 1.193220153664e-02
Mode 12
-3.636175026157e-02 4.989872254550e-03 -8.472583941513e-03
Mode 13
2.848804874263e-02 1.647375561372e-02 -3.475556581361e-02
Mode 14
4.092017775835e-02 2.602887722264e-03 -1.497611554419e-02
Mode 15
1.666930186603e-02 1.902847796684e-03 9.377219007847e-04
Mode 16
-3.171396854308e-02 -5.160655249033e-02 1.600493592409e-02
Mode 17
3.810860274702e-02 1.068697085668e-02 3.427800658800e-03
Mode 18
1.224217175206e-01 3.076961749406e-02 -4.776764651149e-02
Mode 19
-8.407867837540e-02 -1.324111393139e-02 4.393785688413e-02
Mode 20
-9.537444200124e-02 -4.366451058233e-03 7.984086031840e-02
Mode 21
-3.510154187426e-02 -1.342903399535e-02 -2.388586995668e-03
Mode 22
-5.096983488543e-02 1.004959323742e-02 1.663844803849e-03
Mode 23
8.996283446652e-02 -9.878214461790e-03 5.352590586584e-02
Mode 24
8.085781551734e-02 -3.619355868513e-02 -6.386635936415e-03
Mode 25
-7.142523312983e-02 -4.052213484470e-02 5.536942791900e-02
Mode 26
-1.022995435093e-02 1.968642487267e-02 -2.268547284724e-02
Mode 27
7.149092069466e-02 -3.330269089858e-03 1.747238003168e-02
Mode 28
-5.043563400672e-02 -8.904037873978e-02 -4.053133418834e-02
Mode 29
-5.020950833492e-02 -5.695209767567e-02 -1.599390515344e-02
Mode 30
3.071287440942e-02 8.117739445946e-02 1.221023087393e-02
Mode 31
-1.593139773677e-02 -3.788083525460e-02 1.430431906989e-01
Mode 32
-1.283748394590e-01 8.765186953159e-02 3.302770163298e-02
Mode 33
-3.661373292570e-02 3.105332147955e-02 1.316857459464e-01
Mode 34
-1.932693357427e-02 5.507574180916e-02 -2.846845904865e-02
Mode 35
-6.150609026679e-02 -1.864390895897e-01 -4.857855015397e-02
Mode 36
-1.465804704592e-01 -1.480236879302e-02 -5.588857890197e-02
Mode 37
-1.370240231960e-02 1.107603607939e-01 -4.836851662855e-02
Mode 38
1.315235748491e-01 -1.284130168033e-02 -7.877380930493e-02
--
Polarizability derivatives 
Mode 0
7.034152589657e-01 -3.076121281498e-01 1.497666949706e-01
-3.076121281498e-01 -5.615924265799e-01 1.584532851179e-01
1.497666949706e-01 1.584532851179e-01 7.369842100519e-02
Mode 1
-1.225376744953e+00 -2.633700794295e-01 8.715281203117e-01
-2.633700794295e-01 -1.873739409880e-01 2.441780561756e-01
8.715281203117e-01 2.441780561756e-01 -4.535321017954e-03
Mode 2
-1.055027448273e+00 -1.249498821464e-01 5.365757737435e-01
-1.249498821464e-01 1.534063156036e-01 4.054482842461e-01
5.365757737435e-01 4.054482842461e-01 -3.319581927416e-01
Mode 3
1.493910580988e+00 7.088382871119e-01 -1.370197468331e-01
7.088382871119e-01 2.417919835588e-01 3.973727039296e-02
-1.370197468331e-01 3.973727039296e-02 2.297942343306e-01
Mode 4
4.182970703725e-01 -1.381224876884e-01 9.836851609360e-02
-1.381224876884e-01 -5.633731148720e-02 9.885263860144e-02
9.836851609360e-02 9.885263860144e-02 -2.896905981386e-02
Mode 5
7.964382714274e-02 -9.281910706236e-02 2.246345232745e-01
-9.281910706236e-02 -2.617045752078e-02 1.231974012405e-01
2.246345232745e-01 1.231974012405e-01 -3.091571422758e-02
Mode 6
1.805766626749e-01 2.306013859842e-02 5.061917941696e-02
2.306013859842e-02 1.343649891974e-01 2.444019608239e-01
5.061917941696e-02 2.444019608239e-01 3.456642526926e-01
Mode 7
3.097948767381e+00 9.082650729769e-01 -9.105451179008e-02
9.082650729769e-01 2.548252987630e-01 -1.077557622443e-01
-9.105451179008e-02 -1.077557622443e-01 1.032726517341e-01
Mode 8
8.128870616386e-01 3.341216420601e-01 2.933752525193e-02
3.341216420601e-01 4.695847508542e-02 1.204385163563e-01
2.933752525193e-02 1.204385163563e-01 2.036169070231e-01
Mode 9
-1.022198761952e+00 -4.985199333171e-01 2.577746610344e-01
-4.985199333171e-01 2.798828849726e-01 -1.541300213510e-02
2.577746610344e-01 -1.541300213510e-02 6.558648776229e-01
Mode 10
1.322914587701e+00 9.304552612586e-01 8.440765053144e-01
9.304552612586e-01 1.193049733301e-01 -1.786909867688e-01
8.440765053144e-01 -1.786909867688e-01 -2.847625972303e+00
Mode 11
-2.518884623494e+00 -3.600773419965e-01 3.253232443653e-01
-3.600773419965e-01 -4.607547003597e-01 9.867035361383e-01
3.253232443653e-01 9.867035361383e-01 -1.861870129422e+00
Mode 12
1.686673427955e+00 -2.848752216615e-01 -5.158447144439e-01
-2.848752216615e-01 -4.015556462331e-01 1.147552816254e-01
-5.158447144439e-01 1.147552816254e-01 7.386532168613e-02
Mode 13
-1.430159668753e+00 7.590118822442e-02 -4.459508538088e-01
7.590118822442e-02 2.603925749394e-01 -8.886499443289e-02
-4.459508538088e-01 -8.886499443289e-02 1.013472449443e+00
Mode 14
-2.192500671877e+00 -7.209775299599e-01 3.317138318703e-01
-7.209775299599e-01 2.953427053788e-01 -4.534020192324e-01
3.317138318703e-01 -4.534020192324e-01 1.964812676997e+00
Mode 15
1.688282525822e+00 -5.023761200488e-01 8.008147924528e-01
-5.023761200488e-01 2.305507772344e-01 -3.126502413972e-02
8.008147924528e-01 -3.126502413972e-02 -3.293160954700e-01
Mode 16
-1.527266476949e+00 6.401314646774e-01 -1.794402346359e-02
6.401314646774e-01 -2.573340063100e-01 -8.115569857906e-01
-1.794402346359e-02 -8.115569857906e-01 3.460750706824e-01
Mode 17
3.085512758555e+00 1.358242494970e+00 -2.387973163852e+00
1.358242494970e+00 -3.501322087965e-01 2.102561168075e-01
-2.387973163852e+00 2.102561168075e-01 2.634044711716e+00
Mode 18
1.201067378946e+00 1.672482327630e+00 -3.293141250614e-01
1.672482327630e+00 3.145188896619e-01 -4.514229303325e-01
-3.293141250614e-01 -4.514229303325e-01 3.661960730077e-01
Mode 19
-8.330466331192e-01 -1.012863868951e+00 3.604909182737e-01
-1.012863868951e+00 -1.067961379307e+00 1.170233927022e+00
3.604909182737e-01 1.170233927022e+00 -2.333901790513e-01
Mode 20
-4.645237938144e-01 1.746383718691e-01 -8.004210385623e-01
1.746383718691e-01 3.847887424747e-01 -8.350365779751e-01
-8.004210385623e-01 -8.350365779751e-01 7.260378811808e-01
Mode 21
1.925748016065e+00 -8.000155634249e-01 2.895214364893e-01
-8.000155634249e-01 -9.559907243068e-01 1.075303108530e+00
2.895214364893e-01 1.075303108530e+00 -6.965403993671e-01
Mode 22
-2.882888996304e+00 1.325261711743e-01 2.880762061355e+00
1.325261711743e-01 -1.536178667820e-01 1.085321741045e-01
2.880762061355e+00 1.085321741045e-01 9.137898960897e-02
Mode 23
1.225383433260e+00 -1.182233818030e-01 -4.987911518433e-01
-1.182233818030e-01 8.459477841652e-01 -4.081517025565e-01
-4.987911518433e-01 -4.081517025565e-01 -4.621993608134e-01
Mode 24
-4.219782873861e-01 -1.151460968527e+00 -1.715086631499e-02
-1.151460968527e+00 -3.205669668036e-01 -2.268400113475e-01
-1.715086631499e-02 -2.268400113475e-01 1.181312884053e-01
Mode 25
-4.308696883328e+00 -7.548599015268e-02 2.006561354416e+00
-7.548599015268e-02 -5.967130333985e-01 6.113202384456e-01
2.006561354416e+00 6.113202384456e-01 3.371400879195e-01
Mode 26
7.448572778847e-01 2.989658190084e-01 -2.551438821463e+00
2.989658190084e-01 2.667720664761e+00 -2.524971088451e+00
-2.551438821463e+00 -2.524971088451e+00 -1.861190682585e+00
Mode 27
1.937677548686e+00 -3.503260948898e-01 -1.069131352743e+00
-3.503260948898e-01 2.399170642685e-01 -2.430105166054e-02
-1.069131352743e+00 -2.430105166054e-02 -9.407752659787e-01
Mode 28
2.251043589898e+00 -2.678807135345e+00 -1.380451908716e+00
-2.678807135345e+00 -1.486060455842e+00 1.268684957709e+00
-1.380451908716e+00 1.268684957709e+00 -8.763676148658e-01
Mode 29
-2.985674826541e-01 6.280850361489e-01 2.940316110964e-01
6.280850361489e-01 2.518004005197e-01 -6.553727079325e-01
2.940316110964e-01 -6.553727079325e-01 6.703166601277e-01
Mode 30
-8.785625606625e-01 -1.553720970667e-01 8.651892627945e-03
-1.553720970667e-01 -1.041796148923e+01 -3.660240592882e+00
8.651892627944e-03 -3.660240592882e+00 -2.442449699987e+00
Mode 31
2.611445168139e+00 4.222427967385e-01 -9.239344737148e-01
4.222427967385e-01 2.975117183941e+00 -7.626944607596e-01
-9.239344737148e-01 -7.626944607596e-01 3.607343273967e+00
Mode 32
1.049907112404e+01 -5.920256596791e-02 -7.698479784306e-01
-5.920256596791e-02 5.132285779272e+00 -1.800905597348e-01
-7.698479784306e-01 -1.800905597348e-01 5.360661181603e+00
Mode 33
3.328149106673e+00 -9.901676481190e-01 -2.253658616945e-01
-9.901676481190e-01 4.161337470369e+00 -3.272451305248e-01
-2.253658616945e-01 -3.272451305248e-01 4.747746723288e+00
Mode 34
-3.895608135253e-01 3.296196757346e-01 4.487854003594e-01
3.296196757346e-01 -1.501701539807e+00 2.974183576222e+00
4.487854003594e-01 2.974183576222e+00 7.514590501915e-01
Mode 35
8.247014172114e+00 3.148054991495e+00 9.428632933682e-01
3.148054991495e+00 -2.402525782726e+00 -3.489479807839e+00
9.428632933682e-01 -3.489479807839e+00 1.297998946993e+00
Mode 36
8.674328675373e+00 5.111518229060e+00 -3.930217090203e+00
5.111518229060e+00 -2.060686753880e+00 7.791184186610e-01
-3.930217090203e+00 7.791184186610e-01 -1.227895020989e+00
Mode 37
-1.718559157748e+00 3.902351638951e-01 -2.293680953804e+00
3.902351638951e-01 5.088574239445e-01 3.969627402898e+00
-2.293680953804e+00 3.969627402898e+00 -1.238295561463e+00
Mode 38
-3.165272113838e+00 -1.572569342645e+00 -5.738756815425e-01
-1.572569342645e+00 -1.321266724432e+00 -2.141020316013e+00
-5.738756815425e-01 -2.141020316013e+00 6.338532700423e+00
--
