Number of atoms 
19
--
Anisotropy 
98.019
--
Frequencies 
14.990896995003
51.474348570045
105.808833350716
137.932729683486
142.684984169790
169.289015988823
244.115392864720
261.834153527546
309.768486004161
339.071169221053
347.485524493912
356.187348139650
416.274160788620
462.002189877522
526.728215795105
533.274644095022
604.997700084252
620.149707198307
739.056892589839
741.987072706410
837.321017839274
853.004613083223
960.790017102259
970.275663305708
1013.211244710728
1042.962945626016
1049.195767364729
1051.283025089243
1149.139578906203
1194.288957857317
1268.557645993641
1294.485153418699
1337.374481719360
1392.480270777689
1400.053518139193
1419.091803726735
1448.358275402222
1449.184447183304
1455.942771403210
1465.853635870902
1515.305370040764
1637.621142079126
1642.320285830476
3031.221971140480
3033.802896688771
3105.504129524658
3108.895267354189
3132.755966909548
3163.888977935211
3184.368795222361
3210.272562194687
--
Displacements 
Mode 0
6.062641510824e-02 2.364689257807e-01 2.067806128422e-01
-6.698875369256e-03 7.774336231280e-02 8.378808901629e-02
4.328852595384e-02 -6.041174973913e-02 3.990894668067e-03
-1.149812742224e-02 -1.759753965254e-01 -7.621094209534e-02
-1.145968051289e-01 -1.456991199148e-01 -8.014679424646e-02
-1.607870005349e-01 -6.075154608182e-03 3.422405100900e-03
-1.083482637615e-01 9.899535539405e-02 8.655313807672e-02
-1.608605552047e-01 2.367358070725e-01 1.716727057395e-01
-4.974917866222e-01 6.081796129515e-02 4.632343358729e-03
-1.792554373783e-01 -2.778626571706e-01 -1.717332312148e-01
3.553826644110e-02 -2.146910871100e-02 1.982598804719e-03
7.433408165842e-03 -8.279216203875e-02 -4.021678977575e-02
-3.012838728064e-02 4.996299894614e-02 7.370171623844e-02
-6.468738863003e-02 8.960576289548e-02 1.384460786234e-02
-5.861439148200e-02 1.018868435182e-01 8.091001875881e-02
3.743557692033e-01 -2.568559453210e-02 -6.839414243862e-02
-8.148187310976e-02 -9.492239894701e-02 -2.965748571181e-02
-3.512244467402e-02 -8.067790830020e-02 -6.986222092084e-02
-5.640214653213e-02 -1.003208815190e-01 -7.208968322305e-02
Mode 1
2.388858324400e-03 3.133375727375e-01 1.821784733512e-01
-4.346213128254e-04 1.622790776938e-01 1.483211124748e-01
1.380174127551e-03 3.123656701751e-01 1.416346255446e-01
6.070035717647e-04 2.315750695342e-01 1.499233599275e-01
-1.925674114089e-04 3.017847711639e-02 1.622265754687e-01
-1.311129363042e-03 -8.760382330796e-02 1.606884595641e-01
-2.229700869546e-03 -5.700034727240e-02 1.600625661252e-01
-1.535101043637e-03 -2.104331405897e-01 1.695993964054e-01
1.729132354122e-02 -1.533896314924e-01 2.661383268891e-01
4.797405368459e-03 -1.700343960484e-02 1.784491383696e-01
8.185153222795e-04 1.407816698876e-01 3.788173752752e-02
6.382211836339e-04 9.809778702396e-02 4.231670174357e-02
-4.018033427912e-03 -7.244646076476e-02 4.766531686433e-02
2.544784001537e-02 -7.093069663869e-02 6.208966198458e-02
-2.103572853277e-02 -7.261085664421e-02 3.919823161172e-02
-8.494448537418e-03 -1.254001163324e-01 -5.052871317053e-01
-4.523900012615e-04 -1.117642186543e-02 6.235852224333e-02
-5.132666447650e-04 8.729064244493e-04 5.377752328679e-02
6.371924836835e-03 -1.325642254588e-02 4.317870103208e-02
Mode 2
3.313872022748e-03 6.933448418372e-02 -9.537335459890e-02
6.538664330653e-04 2.810365420339e-02 -7.534423273255e-02
8.103997612053e-03 1.831997371586e-01 -9.086973170310e-02
4.157636269270e-03 4.020384456710e-02 -8.336185014237e-02
-5.109163777131e-03 -1.337604362130e-01 -7.164704909169e-02
-7.476075616378e-03 -9.191198148054e-02 -6.274662763843e-02
-8.991434123863e-03 -1.651257617634e-01 -6.208325854335e-02
-6.679980695146e-03 -5.352251535553e-01 -4.077241622575e-02
-1.947592261371e-02 7.765303894015e-02 -9.122078150647e-02
-3.070494424592e-02 -4.559075168423e-01 -6.547350797653e-02
4.571427217473e-03 1.015761402781e-01 -2.936561230650e-02
1.539207587489e-03 1.684989231954e-02 -2.475135154452e-02
-1.218898364474e-02 -1.965797227521e-01 -1.389104498339e-02
7.064802163823e-02 -1.805391247105e-01 1.678856931444e-02
-6.051986521020e-02 -1.824346573154e-01 -3.377578787956e-02
2.040708567802e-02 2.923785191130e-01 2.127198220431e-01
-6.061180580627e-02 -1.640781446493e-01 2.796359266286e-02
-5.526668073042e-03 -1.432211951670e-01 -2.264656133397e-02
3.099585139130e-02 -1.767277362831e-01 -6.046508216913e-02
Mode 3
7.384306461308e-03 5.501497224349e-01 -4.863788371266e-02
-2.431893072319e-03 2.032955078611e-02 -1.501653919087e-02
-7.449597803066e-03 -2.586113369637e-01 -1.661538224809e-03
-1.003862033989e-02 -3.562002415527e-01 1.831756578164e-03
-5.095581848922e-03 -1.089402424935e-01 -1.221527398295e-02
-7.008927716584e-03 -9.565489121503e-02 -7.139138323350e-03
-6.564044548116e-03 -1.094012166300e-01 -8.260921592343e-03
-6.371318299138e-03 -2.725944917539e-01 2.916126473611e-03
-9.085041865672e-03 5.074407622589e-03 -1.214404289575e-02
1.120973928559e-02 3.370322629048e-01 -5.691613381766e-02
-1.662661347032e-03 -8.821807805799e-02 3.556370329622e-04
-3.944804819189e-03 -1.436412758501e-01 2.704023174729e-03
-5.418569622678e-03 -8.141896113700e-02 -2.902720167799e-03
2.685291113632e-02 -9.907436727286e-02 3.219924768046e-02
-2.538762715852e-02 -1.064325967091e-01 -2.293600678241e-02
9.101015350588e-03 4.136175671085e-02 4.765850454864e-02
1.770524632422e-03 2.307395899113e-01 -2.318400869510e-01
-3.630513318853e-03 -6.236697464402e-02 -2.700664518684e-03
1.975859724339e-02 2.674497911569e-01 1.712878884468e-01
Mode 4
4.109702360055e-03 4.062103315449e-02 -9.327452313073e-03
-2.306189068122e-03 -1.279585073914e-02 -1.208107200324e-02
-1.768363170694e-03 1.432372996289e-02 -6.184501424214e-03
5.325373871712e-03 1.848320049081e-02 9.110805336428e-03
2.029096885663e-02 -6.957288278524e-03 8.559459646644e-03
2.516597215704e-02 -3.657460893040e-02 7.693167384350e-03
1.572040379261e-02 -6.194027093355e-02 -7.917005357184e-03
4.951711827092e-02 3.603006366076e-03 -8.010701770393e-02
-3.011797976032e-02 9.016825011677e-03 1.788297111541e-02
2.657574877516e-02 2.938590838626e-02 1.491811763668e-02
-3.482079925440e-03 1.391561061692e-02 -2.478404831168e-03
-5.530660221991e-05 1.517791051360e-02 5.325475681178e-03
-2.350713616193e-02 -5.274946008559e-01 6.083325665477e-02
2.546568577435e-01 2.131453171382e-01 -5.205192450120e-01
-1.753729744106e-01 3.999446838846e-01 3.485509313272e-01
-2.880292142313e-02 -1.400291701802e-02 1.874936289878e-02
1.452060589042e-02 1.134903196571e-02 3.130285603338e-04
6.640510635904e-03 1.098207981626e-02 5.478413528042e-03
3.069609305445e-03 1.264820080139e-02 7.925165655174e-03
Mode 5
8.217432909570e-04 -2.229630865214e-01 3.842807717104e-02
-3.227312101344e-03 2.305316984277e-02 5.604447630021e-03
6.014679120514e-03 1.813623877646e-01 -1.324506610166e-02
9.173904700537e-04 1.442726256775e-01 -1.798800959484e-02
-1.679818324073e-02 -2.117139982984e-02 -7.059132333480e-03
-1.965482277915e-02 1.365824196299e-02 -5.528588714918e-04
-1.567477304586e-02 3.595973966670e-02 4.426679876700e-03
-2.057373692414e-02 9.035548653528e-02 9.640339503223e-03
2.639913146515e-02 1.126680036129e-02 2.249649632598e-03
-3.469596029588e-02 -1.318187760668e-01 -2.210991282528e-02
4.205517914105e-03 6.993701969885e-02 -4.879789902361e-03
1.699183438438e-03 5.294081669307e-02 -7.855347576179e-03
-3.554374389582e-03 2.557709809931e-02 5.846927633268e-03
-1.674842369883e-02 3.420714272612e-02 -9.886515672792e-03
1.021316103057e-03 3.755942529065e-02 1.265696600457e-02
1.784860611274e-02 -2.776054293669e-02 -3.356162557408e-04
-2.342643507054e-01 2.104667140609e-01 -4.266140654209e-01
-3.044064306646e-02 -5.582191020185e-01 3.590267428762e-02
2.341070209320e-01 2.619368110252e-01 3.624589889530e-01
Mode 6
-6.191010756389e-03 -6.208632382758e-02 2.537192348349e-03
1.954402193616e-02 1.801584821846e-01 2.053112164822e-02
-9.665001137849e-03 -1.573881255985e-01 7.010750918725e-02
-7.621112520580e-03 -1.283925866284e-01 7.126537521229e-02
3.436257163846e-02 2.426867628397e-01 4.389577641238e-02
5.602639392300e-02 4.916163147937e-01 -2.311942387493e-02
5.911652760284e-02 3.944159106064e-01 4.286486078433e-03
6.355145173686e-02 -2.160044661117e-01 4.785063389732e-02
-1.080528317321e-01 3.274570792899e-01 -7.517257554873e-02
6.583547779773e-02 -9.733187187534e-02 1.620035795800e-01
-9.044397812022e-03 -1.526852156389e-01 2.697267150072e-02
-6.791867108587e-03 -1.420805761674e-01 2.954457969054e-02
-1.398696473442e-04 -1.603517509120e-01 1.562187412352e-02
1.600481496246e-01 -1.035337303688e-01 5.216535511098e-02
-9.949292232717e-02 -1.008558700126e-01 -1.424187710470e-02
-3.163321967395e-02 -2.275766851952e-01 -8.846584241024e-02
-4.548140474031e-02 -4.036423334393e-02 5.984395997443e-02
2.088033229322e-03 -9.430294537011e-02 6.925127154712e-02
1.063739428038e-01 -4.824989396131e-02 4.068872139336e-02
Mode 7
6.962424613570e-02 1.318489581122e-02 3.169085031011e-01
-5.993803174889e-02 4.452774292110e-02 3.887143295613e-02
-1.618564965601e-02 -6.655515283845e-02 -2.735206210470e-02
-5.283588205853e-02 -3.307393646272e-02 -6.786284629823e-02
-1.616105629761e-01 7.890064213677e-02 -6.545320042849e-02
-1.650600294160e-01 1.256777778634e-01 -2.732677455798e-02
-1.741975726375e-01 1.049357178763e-01 1.596151668563e-02
-2.325297179124e-01 -5.033110367533e-02 1.186099301895e-01
6.989381394075e-01 -5.542919838006e-02 -6.676291608417e-02
-2.517496712648e-01 -1.457483501008e-02 -2.021860903339e-01
4.742226539266e-03 -5.352987075203e-02 -5.543052741764e-03
-6.660484646224e-03 -3.754871453374e-02 -3.473587747251e-02
-5.956868109985e-02 -8.386764893852e-02 6.125227146488e-02
-2.312950889601e-02 -7.466339650891e-03 5.877131666522e-03
-1.302284161093e-01 1.226401575555e-02 6.021935320458e-02
4.269161770405e-03 -1.306975945708e-02 -9.512469865316e-03
-1.019382005046e-01 -2.335205539553e-02 -2.925337177973e-02
-4.947338106154e-02 9.490219522347e-03 -8.675455922941e-02
-8.804254416693e-02 -3.224009595509e-02 -9.010260766697e-02
Mode 8
-1.018519116362e-01 -3.327387819511e-02 -1.097614813611e-02
-4.103964576542e-02 6.752675624904e-02 4.724931325274e-02
4.234848292314e-03 -3.029871696230e-02 2.206417766636e-02
6.929118680047e-02 -1.259634284190e-02 6.134238829880e-02
5.622049594344e-02 5.797172778068e-02 5.755315312066e-02
3.285591797764e-02 8.409357906571e-02 1.667830096047e-01
1.868096664590e-02 1.200879044926e-01 5.146539162548e-02
2.647924267425e-01 -4.455918075110e-02 -3.686625997825e-01
-3.936288738314e-02 -7.327909650177e-02 4.473820664802e-01
-2.199988972287e-01 -1.654405450213e-02 -4.193561217024e-01
1.256562772456e-03 -3.914991004904e-02 8.881768457272e-03
1.353550713080e-02 -2.435925686083e-02 3.036070944396e-02
-6.812919817645e-03 -1.064389989470e-02 -2.042345546807e-01
1.604655665606e-01 -3.391482367458e-02 -9.005247289743e-02
1.510072922257e-01 -4.875713015707e-02 -1.422178598921e-01
-9.414722843480e-04 -1.983893459497e-03 -1.809965976159e-02
-1.617431614436e-01 -4.504093107583e-03 -1.299517441181e-01
2.976457592452e-02 -2.048259515687e-02 -2.318076039039e-01
-1.488826236694e-01 -1.199323376114e-02 -1.434962087629e-01
Mode 9
-2.376899976071e-01 -9.955100932523e-02 -5.860509437685e-01
7.769903087544e-02 1.142615160226e-01 -2.286276011525e-02
2.574980426413e-02 1.011467756861e-02 6.908930069997e-02
5.177309554948e-02 -4.886132617008e-02 4.330114512694e-02
6.380820333166e-02 2.698628939081e-04 3.054705955292e-02
6.381216786527e-02 3.459406204859e-02 2.370675457646e-02
1.170222649062e-01 1.445328558572e-01 1.885475980593e-02
-9.679735829270e-02 4.725395962686e-03 4.571478629658e-01
3.742165148197e-02 -2.828260084768e-01 1.172423215867e-01
-4.904464363039e-02 5.853748317831e-03 -1.880198875243e-01
1.047310964830e-02 -2.667280234386e-02 2.203841813000e-02
1.357589426299e-02 -4.165788192202e-02 1.624945933526e-02
4.253580148717e-02 -5.684740990292e-02 2.248031730465e-01
-3.091954477315e-02 3.353785797757e-03 1.301599239101e-01
-1.603229187509e-01 1.926627136826e-02 1.550818882581e-01
1.083624842117e-02 8.578719881425e-02 5.469060717282e-03
-4.798254873159e-02 6.016305063983e-03 -6.390746439949e-02
2.965706129757e-02 1.818659996029e-03 -1.064873341247e-01
-6.382365573952e-02 4.531261670233e-03 -6.011351847254e-02
Mode 10
1.117654198601e-01 -1.708157401174e-01 2.174874303720e-01
-1.841466903482e-02 2.676264133573e-01 -4.170929890632e-02
-6.137061051863e-03 5.712509420126e-02 -7.053668779345e-02
-3.044891465243e-02 -1.447804858535e-01 -4.815375307097e-02
-2.275506288499e-02 -6.879954344114e-02 -4.458563932274e-02
-2.916949423614e-02 3.647489830956e-02 -3.760718989540e-02
-4.570614713343e-02 3.082068436723e-01 -5.723810012121e-02
-2.111164655414e-03 -5.328126830713e-02 -1.398722578199e-01
-1.425083282853e-01 -6.994848289718e-01 -6.868904509710e-02
9.489341912577e-02 4.989128645209e-02 1.431087381999e-01
-3.163341126611e-03 -3.393958201607e-02 -1.742794870095e-02
-1.082043374776e-02 -1.023072483838e-01 -1.057985218212e-02
-2.785479353088e-02 -6.600231050544e-02 -5.851750915745e-02
9.255340956533e-02 -4.197200687687e-02 -1.394929135342e-02
-5.127414160710e-02 -4.280928429589e-02 -6.311810756679e-02
2.865913023050e-02 2.367496235069e-01 3.191560759126e-02
9.750471025041e-02 2.538988620792e-02 3.054948651585e-02
-1.297028493486e-02 3.780973091765e-02 8.869062925873e-02
3.929418877377e-02 3.422886992781e-02 6.421695975362e-02
Mode 11
-1.972153522524e-02 -2.593922220345e-01 2.675963449997e-02
-1.062724249275e-04 2.852954025709e-01 -2.220448104320e-03
2.325969188047e-03 4.303683987436e-01 -1.079376001366e-02
-1.592392509598e-02 -3.230455107503e-01 3.143590326857e-02
-1.966058547138e-02 -4.560684478629e-01 3.995604994972e-02
-1.586881087552e-03 -9.678636407851e-02 9.888427350687e-03
4.623592739941e-03 1.243326460603e-01 3.736038599066e-03
1.003297210243e-02 -5.302906910909e-03 8.105556070588e-03
7.243061938669e-02 3.559043873176e-01 -6.773703244580e-03
-1.487514210073e-02 1.336090465844e-01 -4.410457264437e-02
4.058136522741e-03 2.153920865696e-01 -8.769237324856e-03
-5.944465330807e-03 -1.344999281595e-01 1.190961867382e-02
-3.256284554257e-03 -1.770270828238e-02 -1.078394846824e-03
3.364915661055e-02 -1.210605992868e-02 1.388927354507e-02
-1.801630491044e-02 -1.336544966303e-02 -7.559238686864e-03
-1.448240949318e-02 -1.114640476967e-01 -1.011972872265e-02
1.459353878408e-01 6.800718917984e-02 -4.734638691275e-02
8.977520529312e-03 1.687944172555e-01 -3.308452877278e-02
-1.639125643747e-01 8.651612796583e-02 1.124619038532e-02
Mode 12
-1.432493407235e-01 1.547019452552e-02 5.415228928942e-02
3.236516631566e-02 -1.749911305015e-02 2.312641290560e-01
-1.990273821825e-02 4.000527375895e-02 3.186363928485e-01
-8.724482816463e-02 5.084217427538e-03 1.622877336075e-01
-9.681574337876e-02 -1.121126535546e-02 1.155654814801e-01
3.332305398280e-02 -1.379511334221e-02 -5.695196941572e-02
1.883253193290e-01 -4.357952142247e-02 1.732553249187e-01
3.362593265723e-01 4.835751478244e-03 4.646018091933e-02
-1.132134406344e-02 -1.210298135327e-01 -6.423379688757e-01
-2.356257503888e-01 5.563547075681e-03 -4.548583608660e-02
1.433553056098e-02 2.808869228930e-02 9.226826883893e-02
-8.498623424686e-03 4.724879853722e-03 1.910336191371e-02
5.600636004493e-02 4.504143971984e-03 -3.744051534419e-02
1.176892284832e-01 7.556500283685e-03 -5.157125845095e-03
1.544205561890e-01 4.815524669242e-03 1.395374593779e-02
5.898756560221e-03 4.725201379427e-02 1.130727795330e-02
-1.102868385505e-01 8.103001712534e-03 -2.709077603667e-02
-1.805711020582e-02 -3.802249016354e-03 -7.341301188597e-02
-1.223059873645e-01 5.527130703864e-03 -1.846726155311e-02
Mode 13
5.211432827239e-01 -2.818241480218e-02 -2.424234034044e-01
2.701336896258e-01 -1.435892469134e-02 -2.228784689091e-01
6.980552112840e-02 1.942921601039e-02 9.233282628382e-02
8.888281597041e-02 -9.386997217483e-03 2.713373880024e-01
-1.968968024471e-01 2.841429666014e-02 2.683136086847e-01
-5.163814090600e-02 7.008834316604e-03 -2.099493278892e-03
-4.649306394916e-02 -2.270894348516e-02 -1.840880965256e-01
-1.292616790503e-01 -8.740794721828e-03 -1.203777067358e-01
-6.116555897770e-02 -1.010590155416e-02 3.134720651602e-03
-3.954319963671e-01 3.379885526736e-02 1.764106252085e-01
-9.405314046418e-02 1.112872167454e-02 2.280990740343e-02
4.442104988928e-02 -1.530821136376e-02 4.479076163354e-02
-2.264999647135e-02 2.939988002264e-03 -1.835437056515e-02
-5.157185653692e-02 -1.497487759034e-03 -3.192930835059e-02
-4.632059333467e-02 -8.271878069059e-04 -3.304005881155e-02
-1.685324489393e-03 2.915576858703e-03 -4.281136303731e-04
-1.477065852556e-01 1.317948954378e-02 4.251030764942e-02
-7.816025278517e-02 4.015403515836e-03 6.487898602626e-03
-1.497205384706e-01 9.448966337648e-03 4.504366669191e-02
Mode 14
9.209915762290e-04 -4.920720318856e-03 -9.704596175068e-02
6.891114776771e-02 9.262467524764e-02 5.774604633348e-02
8.117016937196e-02 -3.258942563116e-01 6.395067383034e-02
-2.167294382316e-03 3.780422745010e-01 -1.333009296257e-01
-1.443722093774e-01 -3.194437099372e-01 -6.498916771631e-02
-1.139449952028e-01 -3.580574678145e-01 -2.352717874285e-02
6.812872742782e-03 4.011454242923e-01 4.423065490583e-02
8.101440721456e-02 -7.289507711801e-03 -1.705670204181e-03
3.737099680226e-02 1.341744746270e-01 3.823259711000e-02
-8.435643781518e-02 -4.217354930410e-03 8.565985263498e-02
5.714377303963e-02 -1.942784936131e-01 2.545672440996e-02
2.816367426362e-02 2.957156044052e-01 -9.133464827814e-02
-2.199652910164e-02 -7.710791931894e-02 -3.698893686486e-02
1.790690878571e-01 -5.432979773551e-02 5.592631248824e-02
-5.262826716072e-02 -6.430193764561e-02 -5.282031443425e-02
-4.906275980945e-04 -1.854222652377e-02 5.874363370041e-03
8.915345228600e-02 2.522071526819e-02 -6.501493881110e-03
-6.337386942263e-02 4.690341814948e-02 6.887483684949e-02
-5.417556314771e-02 4.078811728730e-02 6.443469488135e-02
Mode 15
6.508184199195e-02 1.707001037384e-02 2.595233914674e-01
-1.463263964860e-01 1.525641925517e-02 -1.831269580521e-01
-2.658124465758e-01 -1.248470649751e-01 -6.331478672281e-02
-1.509077010609e-02 1.759155703822e-01 2.980236568662e-01
2.802069007403e-01 -1.242496703363e-01 2.480433272404e-01
2.665251876029e-01 -1.307395554954e-01 6.266242817138e-02
4.270290251286e-02 1.395932449173e-01 -2.111799498210e-01
-1.411096015082e-01 -1.413212913707e-03 2.429254758179e-02
-7.305209931215e-02 3.206775940865e-02 -1.847966351773e-01
1.431267770337e-01 -2.921534451773e-02 -2.027078873010e-01
-1.840321646363e-01 -6.680434878068e-02 -1.867998406968e-02
-5.642023762121e-02 1.378523291331e-01 1.780534212239e-01
3.352537496727e-02 -2.134729836159e-02 1.020356540440e-01
-5.865914338213e-02 -2.407127679400e-02 6.069923568855e-02
-1.763175733750e-01 -1.860901965204e-02 -1.901975394461e-03
-1.527153265316e-03 -1.692961947276e-04 2.712959019804e-03
-2.967325173158e-02 1.239061706380e-02 -9.848971028786e-02
1.508389518798e-01 -7.086375685248e-03 -1.877437904565e-01
-9.569517802810e-02 1.032367810767e-02 -6.361304076424e-02
Mode 16
-1.673597246133e-02 1.434616611896e-01 -2.935843899798e-02
-5.469410529462e-03 -6.288315606980e-01 5.184213304172e-02
3.579476817883e-02 7.435939017558e-02 -7.800168864973e-03
5.079324115400e-02 1.320714547102e-02 6.206469821162e-03
-3.879991709050e-03 -3.300662337755e-01 3.209051743271e-02
-1.015302862783e-02 4.537466877165e-01 4.055627009329e-03
-3.197979553087e-02 2.363878218261e-01 -2.879315621704e-03
-3.845882662571e-02 1.024312845470e-02 -2.192083798961e-02
-7.542539731031e-03 -1.103934698343e-01 7.883766716248e-03
1.533425447268e-02 -2.009730928938e-02 4.354280276428e-03
1.954562478339e-02 3.051421475720e-01 -1.973841305558e-02
2.130324205026e-02 1.844598953691e-01 -1.109973362887e-02
-2.858609291198e-02 -5.171754320807e-02 -1.304718702829e-02
8.316732446463e-02 -3.488875227329e-02 3.748270165046e-02
-7.687718921266e-02 -3.957370763906e-02 -3.949586144608e-02
2.210968880159e-03 1.116476536173e-02 -6.639273567870e-03
1.095760356421e-01 3.294105271632e-02 -5.231240791309e-02
4.191217540812e-03 5.445020107051e-02 -3.939477339991e-04
-8.942581698612e-02 5.125296246580e-02 4.691965141083e-02
Mode 17
-2.205138301261e-01 -1.710571397623e-02 -1.083588181581e-01
6.700668349543e-02 9.102508241049e-02 1.868192154115e-01
2.870681877018e-01 -2.151277456878e-02 1.580145503134e-01
3.854924296311e-01 2.270573435584e-02 1.628572275056e-01
1.218321166037e-01 3.841701825947e-03 1.054675158434e-01
-1.061370475572e-01 -2.487409024595e-02 1.916417157649e-01
-2.748033478289e-01 -2.581549938490e-03 1.069650790559e-01
-4.139654738620e-01 -2.219676950905e-02 -2.446500234835e-01
5.252107759250e-03 5.938114022404e-03 -2.482553444101e-01
1.793629709512e-01 -1.411877051590e-02 -4.516123797839e-02
1.056132867798e-01 -4.335091026841e-02 5.144583930339e-02
1.255958970098e-01 -4.212104944398e-03 2.834482957120e-02
-1.838866911863e-01 -4.182560102109e-03 -1.442750521654e-01
-7.780332078141e-02 -1.410140566873e-03 -9.262447492959e-02
-4.470722804456e-02 -4.431536878061e-03 -7.447503474614e-02
-3.024461293524e-04 6.423436228937e-05 4.239896047777e-04
4.637161864570e-02 -4.511892394172e-03 -1.249570407320e-02
6.428118956069e-02 -6.084663027280e-03 -2.595170822617e-02
4.824076765610e-02 -3.306827385490e-03 -1.328820650203e-02
Mode 18
-4.488305458405e-02 2.705959240552e-02 1.915606709845e-02
-1.416798181648e-02 -3.427138726809e-01 2.160017148364e-02
3.105331614434e-02 1.533898101616e-01 -3.531457420222e-02
4.503858919029e-02 -2.581983254816e-01 2.614173433976e-02
2.042682465993e-02 3.859461384863e-01 -1.077227866680e-02
-4.653276362352e-03 -5.297494245140e-01 2.764140078727e-02
4.730061273231e-03 3.805704575551e-01 -3.467149723266e-02
-2.499477902106e-03 7.568870329624e-02 -1.199980689912e-02
2.403669707003e-03 5.526555409266e-02 -2.770432628659e-02
-2.207787616375e-02 8.096920264064e-02 1.441167369778e-02
1.477227251259e-02 2.302897469067e-01 -2.167277635850e-02
1.393581800937e-02 -6.367553169160e-02 6.203502511726e-03
-1.449755777328e-02 -7.592168086761e-02 4.320256329192e-03
1.543041099790e-01 -4.805597229531e-02 8.844743648482e-02
-1.420221601943e-01 -5.739925492393e-02 -6.743409994760e-02
-6.247676109433e-04 -3.866769722868e-03 3.217018196258e-03
-1.574116683541e-01 -3.591259668118e-02 8.646540165282e-02
-6.352158987162e-03 -7.475841282196e-02 7.252050885979e-03
1.277192382772e-01 -6.260316062532e-02 -6.545998284707e-02
Mode 19
-3.237616920125e-01 9.833620368728e-03 1.543439416082e-01
-1.391763742763e-01 4.088340444166e-02 -9.560481988373e-02
1.771253333221e-01 -5.343794328899e-02 -5.115526213468e-01
4.486290393572e-01 8.641170986064e-03 -1.173668450312e-02
2.058822180599e-02 -3.171790819489e-02 1.302771896659e-01
9.307907538369e-02 3.080569704831e-02 6.244113328037e-02
4.775337802535e-02 -4.749555785094e-02 -5.750026676639e-02
1.373717811848e-01 2.461754671963e-03 8.499429548102e-02
-1.742704228064e-02 -4.098702434471e-03 -6.113991526882e-02
-3.281586677826e-01 2.785310716973e-02 2.473188254496e-01
5.271278127070e-02 -2.993814785008e-02 -1.476431964536e-01
1.163237427184e-01 5.008571930089e-03 1.718933804118e-02
8.742789025588e-02 9.224590549802e-03 7.711950322472e-02
-3.238867855827e-03 3.548126379565e-03 3.299402600570e-02
6.141488918033e-03 9.132236715587e-03 3.509892844802e-02
-5.853872198728e-04 1.146169213546e-03 -9.586289933956e-05
-1.093555294647e-01 1.623684523737e-02 5.835838557980e-02
-8.140917134013e-02 1.256339527324e-02 5.136549746293e-02
-1.342341334492e-01 1.452677893620e-02 7.339411369975e-02
Mode 20
-2.461370564180e-03 6.489388486543e-02 -2.250979061367e-03
-5.406326058182e-03 -3.039645706007e-01 1.873644043181e-02
8.308400265198e-03 3.339010126489e-01 -2.447078975684e-02
1.257435956625e-02 2.735627331769e-01 -1.686725628299e-02
-2.582504095599e-03 -5.354350959450e-02 7.801622032267e-03
-6.528887770068e-03 -5.961468743674e-02 4.039577656774e-03
1.432884937382e-04 6.746970614713e-02 -6.742419281320e-03
3.189004127384e-03 1.916524172061e-02 -4.756027825156e-04
5.014792320975e-05 7.282751641198e-03 -2.884807064656e-03
-2.632808562118e-03 -6.738538426421e-02 5.097805169804e-03
-1.459526136334e-02 -5.520958199809e-01 3.358697959172e-02
-1.658384452916e-02 -5.944965889755e-01 3.671357286019e-02
-2.439529367415e-03 -1.737007874387e-02 1.609618660401e-03
3.609548178213e-02 -1.014688470152e-02 2.015445380072e-02
-2.941497120008e-02 -1.323568299355e-02 -1.526926232787e-02
2.766297705416e-04 -5.174385501324e-04 5.540235274759e-04
1.005526978601e-01 2.827687468948e-02 -6.456012591084e-02
3.043915595276e-03 7.238677526534e-02 -6.245139643929e-03
-9.449855651933e-02 4.792321629460e-02 5.673252236446e-02
Mode 21
-2.705342465685e-01 1.643407812540e-02 1.959810450125e-01
9.485450841468e-02 4.604744834428e-03 6.848952760343e-02
1.500809655692e-01 1.744713429397e-02 3.555341880287e-01
-1.666279811241e-02 8.272290200759e-04 -7.723399357156e-02
4.792043788552e-03 -1.445969129801e-02 -5.752371436139e-02
2.647158012890e-01 -4.241786280919e-03 -3.770673639968e-01
2.534161004231e-01 -2.256159876454e-02 -2.938183571991e-01
-1.616746687996e-01 -2.054958855798e-02 -2.524264963556e-01
-2.162873297127e-02 -1.998001476405e-03 1.726075872334e-01
-1.260521992213e-01 8.881617195894e-03 7.846822214087e-02
1.491193414314e-01 1.802928234692e-03 1.089999481827e-01
5.847639391021e-02 -1.074244832089e-02 -1.296506309994e-01
1.204031794781e-01 9.108824301155e-03 1.241000888752e-01
-2.160775126052e-01 -1.426954033346e-02 -6.376729391814e-03
-2.583698529621e-01 1.845279633015e-02 -4.096262378056e-02
-6.940474863033e-04 1.692380622075e-03 1.160341475265e-03
-5.817934505190e-02 9.730772812874e-03 8.216621325922e-03
-1.715794277399e-02 2.850687498940e-03 -3.432830350548e-03
-7.135622511619e-02 3.005403472191e-03 1.688081352007e-02
Mode 22
1.390252371213e-01 -6.714116158263e-03 -1.091641204990e-01
-1.474348184829e-02 -3.446558271245e-04 1.618966256777e-01
1.001158535836e-02 7.312129803646e-03 -1.385102466286e-01
-3.220881175841e-01 -2.620489740112e-02 -3.367913822232e-01
2.445037222170e-01 -8.765256405004e-03 3.758550011960e-02
2.426733303791e-01 1.983139740052e-03 2.552199937865e-01
7.094013909402e-02 2.512188497576e-02 1.640369491752e-01
-2.049785231676e-01 -1.370588717148e-02 -6.090245670535e-02
-2.376440577219e-03 4.031330101721e-04 -7.526134758890e-02
-7.576186952522e-02 2.836033938769e-02 2.873113274050e-01
2.830008061309e-01 -3.613546057145e-02 -3.689570900643e-02
-1.337234687813e-01 2.628919196013e-02 -4.093227822631e-02
-1.135801088909e-01 2.000029655193e-03 -7.852838666246e-02
-4.146138218138e-02 4.008077305803e-03 -3.891651580613e-02
-1.834642957320e-02 -2.877058917369e-03 -1.984948335362e-02
-7.339750055104e-04 -1.073882912772e-03 -1.033816263507e-03
-2.786868139664e-01 4.424600341682e-02 2.919443212880e-03
1.789543014952e-01 -2.613371494044e-02 -1.619192113814e-01
-2.855153085530e-01 -1.697339316774e-02 1.023896053650e-02
Mode 23
7.096113485865e-03 -2.684080975155e-02 -3.799243141289e-03
1.029402279808e-03 8.801624097152e-02 3.020580362765e-03
-9.837277703626e-03 -3.617372141664e-01 1.728508832694e-02
-4.897118168119e-03 3.322422041648e-01 -3.805270278350e-02
1.174658860829e-02 4.984728839624e-02 8.874799658259e-04
4.425380706530e-03 -4.363547360593e-02 1.321265738816e-02
1.646643461226e-03 -1.237236539733e-02 7.830700193054e-03
-7.351165336811e-03 3.040652113221e-02 -5.012475228257e-03
1.386397317166e-03 5.647033759459e-03 -4.518590354781e-03
-4.500063634072e-03 -9.587390342655e-02 2.061686690509e-02
2.629287400938e-02 5.966828010680e-01 -3.897973758122e-02
-2.298389577271e-02 -5.740140014958e-01 3.225149643840e-02
-9.463303910312e-03 -2.020663620248e-02 -2.917671529311e-03
3.270575708947e-02 -8.442982820165e-03 2.199049266670e-02
-2.910775722659e-02 -1.304801976128e-02 -1.982031569486e-02
-1.564847825534e-04 -2.939836276052e-04 2.923591506460e-04
8.955706323245e-02 2.969675502738e-02 -7.644545149261e-02
1.321899198205e-02 7.427443031501e-02 -1.510459314721e-02
-1.099508484394e-01 4.912394877769e-02 6.860282715766e-02
Mode 24
8.440668441199e-02 -5.308643077106e-03 -6.364216481471e-02
-4.134276311424e-02 3.624476796628e-03 7.431280555368e-02
-1.634720486282e-02 2.830127924991e-04 5.841878927554e-03
-8.753498666396e-02 -3.821592353212e-03 -6.903602056014e-02
3.990667700744e-02 5.738576911975e-03 -3.469085289041e-02
5.205266615631e-02 2.173215922843e-02 5.352201632224e-01
3.379122918066e-02 1.522734517068e-02 2.814159035515e-02
1.131563775042e-01 -3.739909002924e-02 -2.581566513018e-01
6.461348166341e-04 6.352715916973e-03 -1.172008993411e-01
-1.702089486629e-01 -1.859661297107e-02 -1.865633701643e-01
8.625880639842e-02 -4.679458723866e-05 2.593698588613e-03
-4.835345871016e-02 5.453891690254e-03 1.922074770410e-02
2.950212713380e-01 1.626769915459e-02 2.332042893095e-01
-2.440958118553e-01 -3.336738582503e-02 6.413736916580e-02
-2.863347514627e-01 6.426232945718e-02 1.494780674813e-02
-7.255328769307e-04 -3.787531804543e-03 -2.389597836806e-03
1.955371098868e-01 -4.616108666709e-02 4.099089596870e-02
-2.819789164553e-01 3.913105036005e-02 2.248553788553e-01
1.880416177480e-01 4.026618755089e-02 4.184699968430e-02
Mode 25
8.231934429306e-03 -1.447387517215e-02 -5.524963538031e-03
4.455193349070e-03 8.506777464441e-02 5.242066239673e-03
2.787716987112e-03 1.160821615164e-02 5.973527417970e-03
-9.327509118544e-03 1.957128061073e-02 -1.827841295713e-02
-1.109505037358e-02 -9.622943817794e-02 1.500081828916e-02
-3.178964382819e-02 9.588318088549e-02 2.707763996833e-02
-2.335447309706e-02 -3.876733413042e-01 1.757742635558e-02
2.364585697337e-02 4.242002976341e-01 -5.996004509142e-02
2.957023635784e-03 -1.193890953429e-02 -5.513864207482e-03
2.877948961777e-02 9.455450826124e-02 6.569305115362e-03
9.755783236768e-03 -4.579286334538e-02 4.950971760772e-03
6.840133259424e-04 -7.484144200767e-03 -1.179387345673e-02
-2.540683329832e-02 -2.736732358256e-01 4.038675843704e-02
4.081408138569e-01 -1.068411807907e-01 3.111208121146e-01
-3.799097336901e-01 -1.710853801135e-01 -2.588620704871e-01
-1.404933405928e-04 6.615707406000e-04 -6.328028394289e-04
-1.027371919495e-01 -1.687870519529e-02 6.154570087907e-02
2.548348606559e-02 -6.455657581577e-02 -1.547497718150e-02
6.841705385076e-02 -4.509435703482e-02 -6.523001265120e-02
Mode 26
-3.069244862531e-03 1.184339175774e-04 1.778592406516e-02
-1.656994023713e-02 5.796705687236e-03 -2.065103332929e-02
-2.342220740096e-02 3.614038740004e-03 -1.608781102936e-02
-4.173394262964e-02 -1.041441248902e-02 5.590880112691e-02
1.500825231760e-01 2.716023097521e-02 -7.950999105177e-02
3.977104640339e-01 -1.107476135819e-02 -6.094636370164e-02
1.683026024528e-01 -4.058302707542e-02 7.099242272037e-02
-2.936304240867e-01 6.760873653477e-02 1.444203428883e-01
-1.497173816851e-02 -1.134609123457e-03 1.340266926079e-02
-2.995080193576e-01 -4.405441628600e-02 -1.722817150699e-01
1.181725548850e-02 -8.114231302100e-03 -3.986182441531e-03
-6.295548225053e-02 2.958574485458e-02 1.059279151669e-01
-3.383417418369e-01 -4.133289765148e-02 -2.411487611016e-01
1.890862345166e-01 2.124113858665e-02 -5.225868085462e-02
1.443682558397e-01 -8.031040685022e-02 -6.530836406264e-02
-7.500174838643e-05 3.822389166261e-04 -1.819365756065e-05
2.121538176558e-01 -4.579043391829e-02 3.579691490532e-02
-3.469947052028e-01 6.649309013951e-02 2.575838048263e-01
1.472944845776e-01 6.547873850965e-02 8.062134856187e-02
Mode 27
-2.170683176016e-03 -4.098386805356e-03 -2.042677834902e-04
4.312834359779e-03 2.280815629585e-02 -1.204825618366e-03
7.033726154805e-03 3.151940524823e-02 -3.567645475023e-04
-2.378243760273e-04 -1.666071798399e-01 2.977559874536e-03
-7.769952754493e-03 3.931772275150e-01 -1.493821234027e-02
-5.178551220882e-02 -5.107134832601e-02 4.567480616425e-03
-2.584130817247e-02 -8.049289948404e-02 -5.576902387742e-03
3.434249468158e-02 9.146341193553e-02 -2.023502158824e-02
5.297617511455e-03 6.694464453360e-03 -4.782769477231e-04
2.082856979771e-02 -4.149203999989e-01 5.529572316613e-02
-1.914932513053e-03 -4.449464834852e-02 3.225213338660e-03
1.568675521681e-02 2.236157917026e-01 -2.934588501454e-02
2.177147547026e-02 -5.834018780649e-02 2.829217645662e-02
7.945161453288e-02 -2.471140654402e-02 7.429860064239e-02
-9.105206459501e-02 -3.160766304771e-02 -5.200389239979e-02
-4.516177551283e-04 -3.773724763586e-04 2.526784551618e-04
3.544127397314e-01 9.565945926861e-02 -2.962226977842e-01
5.573441179322e-02 2.570149376707e-01 -5.576441090917e-02
-3.822245529729e-01 1.690634541203e-01 2.567311584229e-01
Mode 28
-5.250262300017e-02 3.724549094532e-03 4.597216503990e-02
5.038053356488e-02 -7.200202296193e-03 -1.026688880348e-01
-1.121577498401e-01 1.570008442758e-02 1.902270283620e-01
9.513188746217e-02 -1.629059926223e-02 -2.240959607607e-01
8.704653793054e-02 -1.028408412137e-02 -1.071755199152e-01
1.260907853018e-01 1.272125952967e-02 3.058999703259e-01
2.361948400692e-02 -8.540772145576e-04 -2.125419375885e-02
-5.338093098607e-02 3.867445277352e-03 4.570918777051e-02
-4.235927898840e-04 1.503335792015e-03 -4.467661764301e-02
-3.771100716409e-02 7.379415667311e-03 7.605140149591e-02
-5.999146299068e-01 1.768525375425e-02 4.785858785082e-02
2.905885343376e-01 -3.992127179021e-02 -5.142007187495e-01
-5.320629270870e-02 -8.249115949632e-05 -3.197485103191e-02
4.092707350390e-02 8.001110459092e-03 -1.692555476993e-02
5.217021068565e-02 -1.424451295527e-02 -4.162829873090e-03
-2.083050406596e-04 -1.389637793390e-03 -1.000889613595e-03
-5.954048398959e-02 8.166544183964e-03 1.155991451438e-02
5.471613593238e-03 -1.519845827589e-03 1.376490492420e-04
-6.097393830482e-02 -6.848292605563e-04 1.234314885212e-02
Mode 29
1.423435137982e-01 -1.004984559068e-02 -1.245077672204e-01
-7.904036540485e-02 2.527968207664e-02 3.907178515243e-01
-1.498622957475e-01 -6.538602243908e-03 -1.799898231886e-01
1.837391327759e-01 -4.386714916938e-03 3.122807065868e-02
6.493612512805e-02 -1.036840874017e-02 -1.372453275421e-01
-5.216544911842e-02 -1.625454649442e-02 -3.151042627538e-01
2.204670863697e-01 2.050407215463e-02 4.101994684581e-01
-5.891588776170e-02 -1.298526308590e-02 -2.010707421981e-01
1.255871794167e-02 -1.455655821195e-03 3.877731161048e-02
-4.832985589703e-02 4.868687397256e-03 5.782867446784e-02
-4.430110219632e-01 6.196631197875e-03 -5.992193328073e-02
-3.356119798582e-02 1.216420183835e-02 1.643845305470e-01
1.276101660064e-02 -9.954552324035e-03 -1.073919693087e-02
-1.887801824579e-01 -1.958956003070e-02 2.357780741250e-02
-2.248600435303e-01 3.643727248559e-02 -1.191768468434e-02
2.042578675201e-05 1.311135750078e-03 9.783217989025e-04
-3.750136193768e-02 1.092656584882e-02 -3.004622593047e-03
-1.006772588714e-02 2.872947185180e-03 8.363120001563e-03
-4.293124848450e-02 -5.960482482870e-03 2.574236876160e-03
Mode 30
-1.898729009999e-01 9.226000474834e-03 9.652865703022e-02
3.960701480802e-01 -1.343774095651e-02 -1.136399556664e-01
1.256507894604e-01 3.386606114082e-03 1.231688578917e-01
-3.010835823907e-02 -5.932260317679e-03 -1.181256797993e-01
3.040914938199e-01 -3.315525781793e-02 -2.986678498832e-01
-1.410019220854e-01 9.250325014992e-03 8.576090393290e-02
-1.755912621289e-01 -3.566997974792e-03 -9.498258581853e-02
2.749841716145e-02 1.293817764637e-03 2.930520298339e-03
5.994197642700e-03 1.002879440736e-04 -4.821346767410e-03
-6.899865958846e-02 1.017942822803e-02 9.789167389041e-02
-2.764722742710e-01 8.671006339044e-03 2.820089006524e-02
-3.050744099825e-01 3.870034395678e-02 4.808117909211e-01
7.184384585429e-02 2.463851133618e-03 6.860766700479e-02
6.490154934928e-02 -1.320966154430e-02 1.444082355574e-02
7.481418892710e-02 1.011507316753e-02 8.388363357239e-03
-1.445005085594e-05 -2.116215205841e-04 -5.939510737183e-05
-1.363520360618e-01 1.068892608975e-02 7.301647778458e-03
-7.330008135809e-02 1.125075795735e-02 7.943122043961e-02
-1.395687947753e-01 4.014429708078e-03 1.093843060776e-02
Mode 31
-2.315287250766e-01 1.107839677541e-02 1.124721558060e-01
4.737633163801e-01 -1.145154656975e-02 -3.389046038982e-02
1.596602680850e-01 -2.301979895212e-02 -2.861830494696e-01
-2.317175689083e-01 4.596264880875e-03 -2.271123361124e-02
-4.022474857414e-01 3.217805485698e-02 2.431185065201e-01
-1.604131047921e-02 1.040620100221e-02 1.550671058386e-01
3.682603553656e-01 9.518539598004e-04 7.411215698536e-02
-1.401656709871e-01 -4.374571292406e-03 -5.938161142486e-02
-3.206663109352e-03 1.951640403745e-03 -1.420410173514e-02
1.202767315354e-01 -1.085451504909e-02 -8.495273316926e-02
-1.915061154682e-01 -8.621147216375e-04 -1.024796180469e-01
-9.950265437662e-02 4.707931960695e-03 2.194009201912e-02
-6.871524361094e-02 -1.830739374899e-03 -4.967072514964e-02
-3.592762692710e-02 8.568490790199e-03 -3.709506276855e-02
-3.674662246619e-02 -1.475206497612e-02 -3.120160800380e-02
-1.795264084120e-04 -1.370162001051e-03 -8.881258105415e-04
1.073936346671e-01 1.385802794494e-03 -2.669797289872e-02
9.739691880008e-02 -1.477105558326e-02 -9.007885566282e-02
1.085422745706e-01 -1.697291784288e-02 -2.948173593795e-02
Mode 32
-1.546388072161e-02 9.545177710281e-04 4.200014866192e-04
-1.473414348813e-01 -1.851829538476e-02 -3.292359321538e-01
3.191669219739e-01 -5.805994539115e-03 2.164905288438e-02
-1.207840572166e-01 2.425602814069e-02 3.025530566424e-01
-2.910240300553e-01 -1.767761287768e-02 -3.974110210128e-01
4.062135414350e-01 -6.074998805161e-03 4.192215023380e-02
-1.804136776803e-01 2.468907959484e-02 3.563776045421e-01
3.593805812161e-02 -7.775263603897e-03 -7.427813443051e-02
-2.075361545735e-03 -3.027276409519e-04 -3.222601975494e-03
5.068121326887e-02 6.404051359239e-03 9.253136301331e-02
-5.195339315555e-02 1.606617583360e-03 4.868774789941e-03
2.910009625579e-03 -3.179845590063e-03 2.381263446304e-02
2.344492292285e-02 -8.453388957792e-03 9.289131630352e-04
-5.335171409739e-02 -4.892175500575e-02 1.024660195544e-01
-5.981277641749e-02 7.918505969698e-02 6.071990132867e-02
-2.493178306147e-04 -2.554241424696e-04 -2.823158654434e-04
-4.202999900429e-02 7.162568920749e-02 -1.000536105507e-01
6.526197702620e-02 -6.093731938610e-03 -3.909942100545e-02
-5.210534155626e-02 -8.290136840721e-02 -8.205099083501e-02
Mode 33
-1.937191004487e-03 -1.468493667188e-03 -1.973281561056e-02
6.736089001293e-02 5.275543096914e-03 7.418470278908e-02
1.225670055005e-02 -5.772558497528e-03 -8.429917745067e-02
-8.922880444395e-02 2.492833442613e-03 -3.099904324660e-03
8.113662141480e-02 6.577295552513e-03 1.500554334413e-01
7.526999523373e-02 -9.872561330350e-03 -1.547541313968e-01
-1.256462599530e-01 3.997721766451e-03 1.060078863704e-01
-2.792703237561e-01 -3.145559645045e-02 -2.515651582757e-01
-2.930929133225e-03 -1.230276254613e-03 1.004290284029e-02
-5.137366265567e-02 -1.718722050857e-03 -5.197979472233e-02
-4.001139918023e-02 -1.671455369576e-03 -2.941964293270e-02
3.310511618526e-02 -7.737161013595e-03 -1.103762002001e-01
2.590961581168e-01 5.297130505884e-02 3.067359927751e-01
3.535748834340e-01 -2.390526459122e-01 2.984687757705e-01
3.690788437676e-01 3.004228998491e-01 2.043551160220e-01
6.167834728251e-05 7.653038917028e-04 5.263271586708e-04
5.184745714219e-02 -4.789638726949e-02 7.101610394247e-02
7.992334667121e-03 -3.935670846593e-03 -3.607791229386e-02
5.732465965597e-02 5.466696905732e-02 6.048753382099e-02
Mode 34
2.361623189455e-02 -8.203203062624e-04 -4.241380860893e-03
-4.556438232434e-02 3.101469863490e-03 3.289940263345e-02
-6.767189689910e-02 5.573794721827e-03 6.355847481785e-02
8.778454971435e-02 -6.464466011307e-03 -5.364511800542e-02
4.899531354704e-02 -4.956532238935e-03 -9.586306499192e-02
-3.574695058729e-02 4.876745772156e-03 7.322014741334e-02
6.555604601573e-02 -6.461623257654e-03 -8.182983056287e-02
-6.304510591351e-02 -6.456533928308e-04 2.927754442769e-03
3.964243221414e-04 4.424420343151e-04 -4.791331377273e-03
-3.405739768245e-01 4.338030112378e-02 2.716471271382e-01
4.557532402846e-03 1.597766441149e-03 2.229346102051e-02
-3.763362335196e-02 7.508833467243e-03 9.544764371887e-02
2.926923334390e-02 1.646701351504e-02 4.999879720172e-02
6.859749923612e-02 -6.556072362929e-04 -2.261555927995e-02
6.320897981099e-02 -1.121206651305e-02 -1.318966467502e-02
-5.880614043871e-05 -3.517648246631e-04 -2.664135281995e-04
4.003518452141e-01 2.408249852685e-01 -2.832878825726e-01
2.239546998325e-01 -5.305104122527e-02 -2.970501970289e-01
3.523858755427e-01 -3.280106423127e-01 -2.371603813878e-01
Mode 35
5.377614232564e-02 -9.165849883680e-04 8.965230800179e-03
-1.670166396080e-01 1.174367126290e-03 -4.581985545478e-02
-1.771715791212e-01 1.014506288823e-02 8.342331851044e-02
2.304729958289e-01 -4.406461389444e-03 3.858594712297e-02
-2.441345054522e-01 -5.641869187838e-03 -2.403452394359e-01
-1.444834354882e-01 1.692088470594e-02 2.300678955271e-01
4.712020567295e-01 -1.864818204844e-02 -9.816575601299e-02
-2.744654562701e-01 -2.069988924455e-02 -6.565007377236e-02
5.166130161445e-03 1.853398777444e-03 -9.839252183848e-03
2.157428412931e-01 -8.773233531149e-03 4.025227986390e-02
1.340674991834e-01 -1.011912444730e-03 3.583617507723e-02
1.868385944917e-03 8.635738591191e-03 1.415398701131e-01
5.092723280426e-02 8.472025428396e-02 1.088165782093e-01
2.187620227121e-01 -5.065549951674e-02 -2.368055778669e-03
1.571645614242e-01 4.561327115626e-02 1.868161418019e-02
-2.925185008968e-04 -1.050177014020e-03 -4.597060149018e-04
-2.023642848032e-01 7.935340037672e-02 -1.473396907392e-01
-1.054046981940e-01 2.892102567006e-02 1.943877281178e-01
-2.034604959580e-01 -8.407946493412e-02 -1.277001734943e-01
Mode 36
-4.111263267398e-03 3.870340043122e-04 3.626419717307e-03
7.682220042007e-03 -4.823557424172e-04 -1.134937707014e-02
-5.781858902537e-03 3.486826237212e-04 2.789355067136e-03
-5.768454610332e-04 2.623267283145e-03 -2.054288172454e-03
1.182926714633e-02 -6.857024182850e-02 7.793592617514e-03
-1.101348244262e-02 1.174473959527e-02 3.266700061049e-04
5.712071657733e-03 -2.049953160128e-03 -6.729597050315e-04
1.079568858431e-02 -1.169113440421e-02 -3.065161995626e-03
-1.828789650231e-03 -4.184008129097e-04 -5.031117233894e-04
-2.005439617396e-02 -1.723389275493e-01 2.520592593907e-02
5.550502510002e-03 -2.557188069780e-03 1.023416901689e-03
1.484129616662e-03 4.923203412604e-03 -3.516678506628e-03
-1.922393896028e-02 3.221938503633e-02 -3.450427932696e-02
1.062087522957e-02 -1.354675864867e-02 2.119931997544e-02
-3.281160585661e-02 3.061405345325e-02 3.219158317519e-02
4.221091633032e-04 1.056477058650e-04 -1.800714841405e-05
-4.410133060451e-01 5.668559709448e-02 -1.811025712701e-01
3.861623909782e-02 6.923663879194e-01 -7.064833245864e-02
4.638828388741e-01 2.808030681380e-02 1.572265895570e-01
Mode 37
-4.269773643572e-02 2.435584534502e-03 4.483934450652e-02
6.927530084461e-02 -6.403118302104e-03 -1.461065011630e-01
-9.140345454496e-02 6.222325763573e-03 4.432990767292e-02
3.068136625981e-02 -3.249938798331e-03 -2.450495621678e-02
1.066340473148e-01 4.425631739368e-03 2.411721682333e-02
-1.434467667638e-01 8.605388805107e-03 2.196556546536e-02
1.014474152508e-01 -3.554153797405e-02 -2.414353097564e-02
1.362343090891e-01 -8.129218751945e-02 -5.899167078226e-02
2.315248598614e-03 3.967551830441e-04 -3.160496772639e-04
-2.401261976448e-02 1.704980565123e-02 2.081705893334e-02
8.805659951825e-02 -2.687625031209e-03 1.539461947762e-02
1.760908850141e-02 -1.179232169572e-03 -1.714511296128e-02
-2.845244347094e-01 1.757721328901e-01 -4.271602698414e-01
-7.399594849056e-03 -1.961396326761e-01 3.835848047735e-01
-2.697240617381e-01 3.947458380242e-01 3.912744513109e-01
-3.718624047035e-04 -2.033691215006e-04 -3.156899425134e-05
4.804862759626e-02 2.484125258720e-02 -2.615847102888e-02
-2.391442751866e-02 -5.422112087989e-02 2.693252633629e-02
-3.038960809931e-02 -3.990785036930e-02 -4.741011514113e-02
Mode 38
-1.591887128592e-02 4.513602921380e-03 1.672878234394e-02
4.054572316829e-02 -1.013649086254e-02 -4.738334452679e-02
-6.622928035579e-02 5.405466021107e-04 3.480883765994e-03
1.613090223159e-02 2.342077142851e-04 4.078632267731e-03
3.769432634296e-02 -3.723156613051e-03 1.810776100620e-02
-5.718351470139e-02 -7.107479692745e-03 6.298348813441e-03
6.168898331767e-02 6.133581440116e-02 -7.901906871275e-03
3.115960267175e-02 1.500593323643e-01 -6.922410048442e-02
-7.274793486247e-04 6.986665916500e-04 -1.399136234931e-04
1.909517966590e-02 -2.858564452975e-03 1.908419192682e-02
5.305942827111e-02 -9.108829043562e-05 1.791398699962e-03
2.065968226943e-02 -1.548075736075e-03 -2.352072522347e-02
-1.215765999647e-01 -6.605239398336e-01 5.547340412562e-03
-4.582039418190e-01 -6.238970061903e-02 3.163012576476e-01
3.851778046499e-01 3.782220163456e-02 -2.718629089428e-02
2.715940621773e-04 -1.679810315635e-04 2.248569565927e-05
-3.083945354512e-02 5.348654854844e-02 -9.012988357203e-02
-5.287595631548e-02 2.689331700371e-02 6.957914072695e-02
-1.204805976637e-02 -6.473872865617e-02 -7.105945048129e-02
Mode 39
-2.687997529372e-02 -5.510801391365e-04 -9.642737849639e-03
1.406539523270e-01 5.291565539723e-03 1.171623738880e-01
2.866017643500e-02 -8.733202611189e-03 -1.221009166502e-01
-1.502393489737e-01 6.578094127848e-03 4.837822071561e-02
1.257457025546e-01 1.272944252769e-02 2.227901877603e-01
4.917569939064e-02 -8.511559024159e-03 -1.292105854826e-01
-1.950445195945e-01 -3.946020513782e-03 1.675777194784e-02
5.113666505357e-02 -1.819789446089e-02 1.838885732662e-02
-3.990152476978e-03 -1.547775138919e-03 3.454450324916e-03
1.157978741996e-01 6.163780724900e-04 3.266448360354e-02
-2.271639502846e-02 -2.064055241690e-03 -4.407439990600e-02
5.465850352797e-02 -1.105694765553e-02 -1.632019022756e-01
4.954481194706e-02 8.941988715567e-02 2.007515730504e-02
4.691075208900e-02 2.431265002946e-02 -6.775338071976e-02
-7.164636291698e-02 -2.866898152709e-02 -1.579581578440e-02
-5.922867152079e-05 7.718671052988e-04 3.494665255904e-04
-8.265321666249e-02 2.464756554819e-01 -4.231851259338e-01
-2.946325283831e-01 4.328705870950e-02 3.776939476950e-01
-1.118684629566e-01 -3.124791366709e-01 -3.730276708299e-01
Mode 40
-9.751088342041e-02 6.200037862709e-03 7.362375685836e-02
2.576260452035e-01 -2.578317633532e-02 -3.462282775374e-01
-2.284479868722e-01 8.781152380489e-04 -7.317447183261e-02
-9.025543590477e-02 2.180044513197e-02 3.071325646429e-01
3.421240953271e-01 -2.390997794510e-02 -1.729382413148e-01
-3.040626954662e-01 4.923841613163e-03 -5.728338629883e-02
1.623450614954e-01 2.038806267038e-02 3.660749748355e-01
-7.113579473331e-02 -2.599724698542e-03 -5.426315380704e-02
1.320313815894e-02 -6.172019726008e-04 1.382879616735e-04
-1.037234789164e-01 8.819344963293e-03 3.985500685151e-02
2.517682046948e-01 -7.269072491958e-03 -2.403841232344e-02
1.697684548925e-01 -1.980536674074e-02 -2.333242917762e-01
8.156623699644e-02 2.846185088027e-02 9.228263368631e-02
-7.166654296672e-03 5.550934903727e-02 -1.345284211999e-01
-5.018721814402e-02 -9.822258808839e-02 -1.064582588161e-01
1.261219817210e-04 2.434637061658e-04 2.000948764542e-04
1.347126977056e-02 -1.420944580665e-02 4.036850413798e-02
3.343296628930e-03 -6.186133752669e-03 -2.636625551853e-02
7.278454054931e-03 1.928880457886e-02 3.717194404163e-02
Mode 41
-5.148346656449e-02 1.763334439638e-03 1.377442419044e-02
4.486391715662e-01 1.859598350113e-03 1.722814582217e-01
-5.788572453899e-01 9.605770651592e-03 -6.668814758260e-02
2.493179193152e-01 -7.042165169818e-03 -8.179244580134e-03
-2.616833216647e-01 -1.048502488085e-03 -1.703439915863e-01
3.539632613180e-01 -6.636733401481e-03 3.083600812694e-02
-2.921490081617e-01 2.140799859213e-03 -5.121181479664e-03
5.452937935717e-02 -1.913021388581e-03 2.767880406342e-03
-5.533222530828e-03 2.865319998712e-04 2.508992341627e-03
3.010390190478e-02 -1.412774243622e-03 1.557598325570e-02
2.018152381221e-01 -6.124529831202e-03 -1.896221851003e-02
5.705535535431e-02 2.797327491499e-04 3.977841777055e-02
8.736126884128e-03 7.420351000639e-03 -1.140563113303e-02
-1.072931238649e-02 -4.165037434832e-03 9.295478130822e-03
-2.655354392854e-02 1.057484178898e-02 1.154932998824e-02
-1.289868045414e-05 -2.521015439583e-04 -2.164307319517e-04
-1.488161774368e-02 -6.112279620532e-03 1.607548480196e-02
3.869353028348e-02 -3.646910491609e-03 -3.228655687345e-02
-1.259466296124e-02 1.137338078767e-02 1.466835148185e-02
Mode 42
-9.895793955818e-03 2.500981907632e-03 3.622078706774e-02
-5.733226469289e-02 -2.556758671492e-02 -4.449461155899e-01
-1.201409749447e-01 1.863223178306e-02 2.389842391896e-01
2.407728279352e-01 -3.723490050552e-02 -4.796997137847e-01
-8.271213387627e-02 2.870402491136e-02 3.846072732060e-01
6.804882063276e-02 -1.139071333394e-02 -1.234397941945e-01
-3.065340198605e-02 2.710063117273e-02 4.283886029974e-01
-1.810212124445e-02 -2.242632644894e-03 -4.433407841251e-02
-1.240995337619e-03 -1.749362737706e-03 -1.083807576450e-02
3.408513208698e-02 -4.521636225799e-03 -3.818391993950e-02
3.636473718946e-02 3.774877984785e-03 8.217598836701e-02
-1.071676173481e-01 1.421557839029e-02 1.628519224173e-01
5.676387979156e-02 1.109952930119e-02 5.682447006014e-02
-1.987480234024e-02 2.033017589699e-02 -5.056567315119e-02
-3.976184578332e-02 -3.679723677723e-02 -4.414847431218e-02
1.285703769686e-04 8.947568122884e-04 2.616141083467e-04
2.086916868640e-02 1.847180225680e-02 -4.136974577355e-02
-3.630991769064e-02 5.530203237770e-03 4.358947680651e-02
2.007034212029e-02 -2.763900600845e-02 -3.793262223784e-02
Mode 43
-9.962474190694e-04 -3.793432937290e-05 -2.604931617014e-04
1.634049611622e-04 3.915428627496e-04 -4.338273012255e-03
1.245343981813e-03 2.516835122074e-05 6.590320167183e-04
-3.799434894348e-04 8.050294741869e-05 4.595790573093e-04
4.590369195345e-04 1.397448427313e-04 -2.155910358018e-04
-2.583742892353e-03 -8.287374771603e-05 3.152287164068e-03
7.858430669609e-04 -3.518397298023e-05 6.454975047935e-04
1.090331538038e-01 1.162656386710e-01 1.184733759927e-01
-8.178021391790e-04 -4.246411086193e-04 -6.068428058758e-04
3.427402080601e-03 -1.566696875566e-03 -2.967953357157e-03
3.693350267787e-04 -2.155604906245e-04 -1.892624734920e-04
-4.032242351753e-04 -3.373139832965e-05 -2.915810484060e-04
-2.581698452677e-01 6.159089188205e-02 2.281168067443e-01
-1.011481370421e-01 -7.398825637825e-01 -3.533717017722e-01
-9.762114256702e-03 2.777307631390e-01 -2.785006492140e-01
1.430560602689e-04 3.242486532097e-05 -7.730377487836e-05
-4.215015668264e-04 1.592343857503e-02 9.504475827689e-03
-9.353978800616e-03 -3.395006223821e-04 -8.432358496033e-03
-1.168360125615e-03 -1.024441723562e-02 8.976820905633e-03
Mode 44
-2.775730350877e-04 9.582774271554e-06 1.328685421353e-04
6.523266542971e-04 6.506758821884e-06 -3.022128196588e-04
-9.569085645931e-04 8.465436325539e-05 6.374381264196e-04
4.393904190314e-03 1.291642627675e-04 -8.563284146488e-04
1.321117895877e-03 -1.588188948494e-04 -2.161851217148e-03
2.131925235924e-03 -3.592792393017e-05 2.511378001785e-03
-5.764385644281e-04 7.551099624482e-05 5.596343142734e-06
2.913911730694e-03 3.311652934942e-03 3.054493531138e-03
6.505731887830e-04 -2.608907704623e-04 -3.314185942705e-04
-1.330366805613e-01 6.280823468820e-02 1.020372582914e-01
-3.811730869138e-04 -7.196328313702e-05 5.629234606736e-04
-1.091892938579e-02 -9.611286265799e-05 -5.205874940749e-03
-7.095639988375e-03 1.692559456677e-03 6.004638851140e-03
-2.833572649406e-03 -2.000432164408e-02 -9.557144935256e-03
-4.154666502476e-04 6.919003076750e-03 -6.805606941058e-03
-5.367251463945e-05 1.358698359998e-05 -4.630615281148e-05
2.070751425528e-02 -5.965191689927e-01 -3.544803225683e-01
3.751025675929e-01 1.402662554284e-02 3.265798992881e-01
4.909426787964e-02 3.667873589653e-01 -3.172210904050e-01
Mode 45
-3.158032163522e-05 -6.134247967945e-05 -6.687314283177e-05
3.011864250455e-04 8.132561317807e-05 5.641403414545e-04
-5.194227124678e-04 4.423025060696e-05 -5.227249621709e-06
-2.807746913436e-03 1.081549695172e-03 -2.096983791346e-03
-1.751950622189e-03 6.990791273049e-04 2.234105942014e-03
-1.433550035764e-04 -7.707892760019e-04 8.867617717704e-04
1.535632900081e-04 4.584192329287e-04 -4.514080573621e-04
1.662265076578e-03 -7.904317283926e-03 1.248754528831e-03
-1.802095756508e-04 -5.176136714960e-04 -3.263513794213e-04
7.841077320736e-02 2.899945672302e-01 2.633099651314e-02
8.260682763160e-05 -1.883272968988e-04 -1.033587406516e-03
9.402159944814e-03 -1.775735891187e-04 4.723453033552e-03
-6.472371897975e-03 1.143462260178e-03 5.647842054048e-03
1.799100211413e-03 1.188686982170e-02 6.115135489061e-03
-8.028245054879e-04 1.446028408198e-02 -1.600704783583e-02
-3.236771696746e-05 3.391005556527e-05 -3.075498252458e-05
2.748044262375e-02 -5.460325650870e-01 -3.394066023853e-01
-2.220200092818e-01 5.027770781786e-03 -1.919423332213e-01
-6.771504829777e-02 -4.623002129840e-01 4.353901339560e-01
Mode 46
8.328929164794e-04 -1.694945841752e-04 5.765318206730e-04
-1.002084410344e-03 1.394733266279e-03 2.835556473186e-04
5.905737317471e-04 1.099631728796e-04 -2.973331248384e-04
-4.994680781866e-04 9.865615409596e-05 3.303646605573e-04
-3.606803430766e-04 5.742400227310e-04 -3.593914484329e-04
4.170657928030e-04 -8.064013702904e-04 1.659083877805e-04
2.043409247274e-03 5.446489850593e-04 1.232251780708e-03
-6.305229687123e-02 2.802379611155e-01 -4.163382316729e-02
5.756052039020e-04 -5.549816467451e-04 -2.005557509171e-04
2.920894509461e-03 7.857822232990e-03 1.701110914568e-03
-1.058741324885e-04 -2.050298423947e-04 6.217157912147e-04
7.606061036179e-04 -3.046465746245e-04 4.295147452220e-04
2.452125082218e-01 -4.069525993753e-02 -2.137986920143e-01
-6.292547268931e-02 -4.200736403894e-01 -2.151644022132e-01
2.292668691136e-02 -5.093325545333e-01 5.663746925292e-01
2.667858776678e-05 5.271578174929e-05 -4.634393493354e-05
7.119243173842e-04 -1.550851520038e-02 -9.584773855151e-03
-8.867973014171e-03 1.827388260213e-04 -7.629655313237e-03
-1.554729220438e-03 -1.166029137606e-02 1.114200575961e-02
Mode 47
-2.886796965781e-05 1.972199418334e-05 -6.920391563546e-05
-1.035346049868e-04 -3.740448148080e-05 -2.541310880825e-04
3.171892756790e-04 2.987710899293e-05 9.032430596794e-04
-1.198712595762e-02 -3.644639636703e-04 -7.115838875160e-03
-1.691396094029e-03 3.832303407984e-04 4.187653354786e-03
-1.979723514505e-04 3.413126673265e-04 1.304503715924e-03
-3.793373744104e-04 -1.218589017074e-04 4.131773115598e-04
1.266471368224e-03 -9.840381496385e-04 -1.054880668238e-03
6.631263397724e-04 5.364189530483e-05 -1.539302479422e-04
1.484813458063e-01 -6.378916895993e-02 2.637779639307e-01
1.733539540871e-04 -3.639097868516e-04 -5.669949389495e-03
3.782430958070e-02 1.950301700972e-04 1.982101513266e-02
-4.152961264008e-03 8.651099754806e-04 3.557664612979e-03
7.814349156900e-05 1.494568849198e-03 7.992847875738e-04
-2.205566249612e-04 9.882525716229e-04 -9.984524535963e-04
-2.820203159121e-05 -2.468767646297e-05 -2.334389788398e-05
1.304098805849e-02 -1.570051158473e-01 -7.717097864928e-02
-5.843966781725e-01 -2.054211149412e-02 -4.983448542986e-01
6.616842885201e-02 3.970377075812e-01 -3.451222033553e-01
Mode 48
-2.053090682254e-03 -4.856639546535e-05 -1.229068092147e-03
3.108283226337e-03 5.636454199931e-04 1.567229199119e-04
-4.637041056701e-04 7.188029625869e-05 2.082058225296e-03
-1.073193071746e-03 1.069163671013e-05 -6.279036895135e-04
-2.553872835798e-04 9.729926215411e-05 -8.306272860182e-05
-6.362784111863e-04 -3.706621697256e-04 -1.405606921007e-03
-2.493566494118e-03 -3.119240867807e-04 -2.289009821636e-03
1.707295803554e-01 1.356648071431e-02 -2.559091377305e-01
6.175072939912e-04 -3.420217663865e-05 1.860889391902e-04
-5.893212552376e-04 4.557517377367e-04 -1.244679927189e-03
2.494197605349e-04 -4.808166099306e-04 -6.706401429908e-03
4.139647605426e-03 -6.019364006844e-06 2.488067027478e-03
-6.238319284957e-01 1.326227604011e-01 5.378999753598e-01
2.323719559576e-02 1.234814583696e-01 4.579564620072e-02
1.950463841303e-02 -3.027024597796e-01 3.147415784341e-01
-4.909711520679e-05 2.594000484602e-05 2.206174905798e-05
-2.038003317929e-04 7.713984901770e-04 2.849659051917e-04
2.661813307952e-03 1.355819263522e-04 2.304982273154e-03
-4.663377520044e-04 -2.376783659489e-03 1.989763171959e-03
Mode 49
1.015342850911e-04 -1.244962254903e-05 -1.556633995244e-04
-2.361812971507e-03 7.754951471805e-05 3.360339544212e-04
8.844512110056e-03 4.574613945538e-03 7.667431075332e-02
-2.367660337584e-01 -1.629224221587e-03 -1.411692577581e-01
-3.583693697570e-03 7.196891875953e-04 1.016248393412e-02
2.151692667927e-03 3.489969684935e-05 6.534162726502e-05
5.391606099630e-04 -5.747560906690e-05 -2.779265284719e-04
-1.191159754084e-03 -1.892764266906e-05 2.008001314956e-03
-4.105762008821e-05 -1.558998096136e-05 6.872105883313e-05
-9.121535295335e-03 4.730730721917e-04 -1.055245098449e-02
1.754461959560e-03 -1.723508887590e-02 -2.738488551845e-01
7.922969002005e-01 4.676153612963e-03 4.610188346613e-01
4.144926797566e-03 -9.084614793476e-04 -3.504388486689e-03
4.823738909242e-05 -1.212344812017e-03 -5.311055107768e-04
1.021322729272e-04 2.283190561143e-03 -2.549053295558e-03
4.519880110400e-06 -9.279211227153e-06 -1.370216892394e-05
4.510808767397e-04 5.846901986764e-03 2.876355018249e-03
3.462910218373e-02 8.410449667721e-04 2.668586072211e-02
-4.115326211433e-04 -8.423412766138e-03 6.871509515850e-03
Mode 50
2.166190599173e-03 -6.860191822453e-05 -4.759149172830e-04
-1.555561994962e-02 3.006194353125e-05 -4.280540338459e-03
-6.258734408101e-03 1.780650545026e-02 2.806948196785e-01
8.205405178641e-02 -2.763228825672e-04 3.481476065054e-02
6.099153585402e-04 -3.422245936142e-04 -5.259679163198e-03
-5.140657577006e-04 -1.906857223827e-05 -8.576832868189e-04
7.329517905919e-04 -5.140757800787e-05 -1.472684560655e-03
-1.166361379279e-03 9.472912186725e-05 1.385882376628e-03
7.453347196671e-06 -2.556371259667e-05 8.894337652017e-06
1.793301854809e-03 -2.829160799437e-05 1.886858244619e-03
1.645978654176e-02 -5.775268109758e-02 -9.141105266218e-01
-2.355237924703e-01 -1.157765676606e-03 -1.335472556844e-01
3.591365004712e-03 -7.502110868112e-04 -3.076965877018e-03
1.461308528092e-04 -6.354691529272e-04 -7.315656779509e-05
2.375909802086e-04 1.090021036358e-03 -9.489523245839e-04
2.366321423883e-06 3.337604464661e-06 -3.325996962769e-06
-4.859151833861e-04 -5.039035366693e-04 -4.446174132242e-05
-6.360837859044e-03 -1.360744856103e-04 -4.735708755070e-03
-4.324375853851e-04 8.422292160753e-04 -4.382623083271e-04
--
Dipole derivatives 
Mode 0
1.950089629031e-02 7.135353253517e-04 6.007493216105e-03
Mode 1
-3.375642062387e-03 -7.810550681144e-03 5.740120218719e-03
Mode 2
5.417652602683e-03 1.814912122247e-02 -5.697224003133e-04
Mode 3
3.287451011705e-03 1.009855639815e-02 7.792282788001e-03
Mode 4
-3.094063151980e-03 -1.477645618232e-02 3.338890298958e-04
Mode 5
-3.790275117774e-03 -2.098417002026e-02 -5.503464647427e-03
Mode 6
2.108716770467e-02 4.554868317311e-02 -2.970321399195e-03
Mode 7
-2.946412290887e-02 1.782748165330e-02 1.944026671255e-02
Mode 8
1.515716488337e-03 -1.609974150293e-02 1.976353085389e-02
Mode 9
6.379247244429e-04 1.161922374362e-02 -4.003490769036e-02
Mode 10
-1.181349203512e-03 -6.961826152600e-03 1.611556558081e-02
Mode 11
-1.048905422313e-02 -3.029837677166e-02 -1.255912114567e-02
Mode 12
1.825431653259e-02 3.133340831970e-02 9.487689313225e-02
Mode 13
-5.959201247236e-02 2.803911028473e-02 -3.671845537543e-03
Mode 14
4.588445091017e-03 -1.091644168752e-02 -2.981299292610e-03
Mode 15
-1.781079859524e-02 -4.438750259337e-04 2.593837028855e-02
Mode 16
-1.977797695394e-03 -2.472305770167e-02 -3.129936961625e-02
Mode 17
2.254189992244e-02 1.040456327688e-02 2.189506243231e-02
Mode 18
-2.558249923715e-03 -1.590801770327e-02 3.442668838441e-02
Mode 19
4.803368791660e-02 -3.434688788113e-02 3.749309246161e-02
Mode 20
4.658049412790e-02 1.375799418269e-01 5.378699506542e-02
Mode 21
6.959860575507e-02 -5.000126861417e-02 3.740596114170e-02
Mode 22
-2.159171132128e-02 3.254281641202e-02 -3.642013852905e-02
Mode 23
-1.103774662763e-02 -2.023896481076e-02 -2.107476510500e-03
Mode 24
-3.167516115708e-02 6.833283014591e-02 -5.436110630774e-02
Mode 25
-1.097973691081e-02 4.281616201988e-02 7.957793298414e-03
Mode 26
-6.014894276564e-04 -5.774824585784e-03 2.718370602507e-03
Mode 27
-2.456340527386e-02 -3.804986951520e-02 -8.838329094191e-03
Mode 28
-4.161253364528e-03 -9.690585279366e-03 1.082864163311e-01
Mode 29
-9.790562992743e-02 4.104373898172e-02 -1.255750406990e-01
Mode 30
1.423031922780e-01 -6.853028486376e-02 9.565129402516e-02
Mode 31
1.484882921224e-01 -3.205117973386e-02 2.108477521217e-01
Mode 32
9.032670879124e-02 -2.160612405664e-02 5.921438882617e-03
Mode 33
3.815202631153e-02 -2.775782790615e-02 -8.014872791743e-02
Mode 34
2.530266494943e-03 1.041652480883e-02 3.786641770206e-02
Mode 35
-3.000830093445e-02 4.484247212093e-02 3.716243531480e-02
Mode 36
-2.517666567413e-02 -9.915781886569e-02 -3.204486152734e-02
Mode 37
-3.296372342328e-02 -3.558539251658e-02 3.271052569856e-03
Mode 38
2.060178121506e-02 9.153043255004e-02 4.692615690280e-02
Mode 39
-6.738898785671e-02 -1.884654473129e-02 6.070929349270e-02
Mode 40
2.889175991955e-01 -1.454439155204e-01 1.601347380939e-01
Mode 41
7.127127989155e-02 -3.384096410248e-02 9.335086519639e-02
Mode 42
3.813997013402e-02 -4.293476491112e-02 3.925552416647e-02
Mode 43
7.161947352683e-02 -4.157033315931e-02 -3.967526396721e-02
Mode 44
-1.170935221814e-01 3.698649590572e-02 -1.876299438084e-02
Mode 45
2.868437649876e-02 -8.030017882203e-02 -4.797667758430e-02
Mode 46
-6.288306939580e-02 -4.939058629639e-02 -3.030222522340e-02
Mode 47
9.782860200152e-02 2.396245120362e-03 -7.173814660306e-02
Mode 48
6.243161105030e-02 -2.619995969178e-02 3.989506759192e-02
Mode 49
-8.399786523630e-02 2.763321881381e-02 5.138635340690e-02
Mode 50
7.516095706225e-03 1.202561510977e-02 -5.329496313387e-02
--
Polarizability derivatives 
Mode 0
6.109658341320e-01 1.101990415144e+00 8.257613324817e-01
1.101990415144e+00 -6.768785530667e-01 -3.781532405210e-01
8.257613324817e-01 -3.781532405210e-01 1.259935603959e-01
Mode 1
-2.011000678793e-01 -5.300532007935e-01 8.705904499986e-02
-5.300532007935e-01 -6.657254283384e-01 1.002630013631e+00
8.705904499986e-02 1.002630013631e+00 2.811840573735e+00
Mode 2
-2.073536267463e-01 -2.576145517883e-01 7.929936983705e-02
-2.576145517883e-01 -8.670940850937e-01 -1.268147475786e-01
7.929936983705e-02 -1.268147475786e-01 -7.516905119947e-01
Mode 3
-8.710595020219e-02 8.596917022072e-02 -8.107717885055e-02
8.596917022072e-02 1.465597923702e-01 -8.081048283136e-01
-8.107717885055e-02 -8.081048283136e-01 -8.991347123801e-01
Mode 4
-2.194420864788e-01 3.567089461444e-01 -2.415705703598e-01
3.567089461444e-01 8.313812427314e-03 -1.204685717078e-01
-2.415705703598e-01 -1.204685717078e-01 4.599002388936e-02
Mode 5
-2.712292709907e-01 -7.192306884140e-02 -5.781147528647e-02
-7.192306884140e-02 3.033392819639e-01 2.563058803924e-01
-5.781147528647e-02 2.563058803924e-01 1.951703451382e-01
Mode 6
4.134488676340e-01 7.237935753861e-01 -3.721964797969e-02
7.237935753861e-01 1.273519231326e+00 6.412135743685e-02
-3.721964797969e-02 6.412135743685e-02 1.334504595952e+00
Mode 7
-1.736972406716e-01 -1.816327014611e-01 2.269017159361e-01
-1.816327014611e-01 3.862636354143e-01 -3.796904209452e-01
2.269017159361e-01 -3.796904209452e-01 -8.813397604555e-02
Mode 8
-3.990878742965e-01 1.104295642012e-01 5.352046533366e-02
1.104295642012e-01 -4.083000740470e-01 4.586071880653e-01
5.352046533366e-02 4.586071880653e-01 1.862938382480e+00
Mode 9
1.724103240151e-01 3.742612853509e-02 9.755061894541e-03
3.742612853509e-02 -5.195781974679e-01 -1.101004617982e-01
9.755061894541e-03 -1.101004617982e-01 -1.284835719454e+00
Mode 10
3.490299172869e-01 2.397330563921e-01 2.312368342023e-01
2.397330563921e-01 -1.476929510599e+00 -9.860840579462e-01
2.312368342023e-01 -9.860840579462e-01 -3.358298469802e+00
Mode 11
4.066127540145e-01 6.267594063861e-01 4.527057532586e-01
6.267594063861e-01 -1.723970848354e-01 9.832246530899e-01
4.527057532586e-01 9.832246530899e-01 1.941517140778e+00
Mode 12
-1.489543320236e+00 4.065765608778e-01 -4.723215848037e-03
4.065765608778e-01 -7.324142248967e-01 -2.663098172102e+00
-4.723215848037e-03 -2.663098172102e+00 -5.014412410431e+00
Mode 13
-9.279798486508e-01 6.070201812684e-01 -1.672308216598e+00
6.070201812684e-01 -4.732862901722e-01 4.873645749832e-01
-1.672308216598e+00 4.873645749832e-01 -5.576367068987e-01
Mode 14
-5.662741704345e-01 1.575213582110e-01 -2.531249823018e-01
1.575213582110e-01 -2.108425305178e-01 -2.504496837741e-02
-2.531249823018e-01 -2.504496837741e-02 2.197151450750e-01
Mode 15
9.383115778455e-01 -1.891881248522e-01 -1.822732225513e-01
-1.891881248522e-01 2.670957223558e-01 -7.622054317300e-01
-1.822732225513e-01 -7.622054317300e-01 -3.099667691243e-01
Mode 16
1.250807368355e-01 -3.194690061781e-01 -1.792904892226e-01
-3.194690061781e-01 1.901601855440e-01 4.402529615924e-01
-1.792904892226e-01 4.402529615924e-01 2.543560665674e-01
Mode 17
3.048900500739e+00 -5.753033495877e-01 -1.061030490329e+00
-5.753033495877e-01 4.296731752622e-01 -1.122707981043e+00
-1.061030490329e+00 -1.122707981043e+00 -1.123159171153e+00
Mode 18
1.723159091677e-01 -1.233759620783e-01 -1.777523466674e-01
-1.233759620783e-01 3.643642641262e-01 -5.258107350386e-01
-1.777523466674e-01 -5.258107350386e-01 -1.376444878842e+00
Mode 19
-1.574959431418e-01 1.255052828881e-01 -4.146937036448e-01
1.255052828881e-01 -2.716230600607e-01 5.833583872559e-01
-4.146937036448e-01 5.833583872559e-01 -1.271433550803e+00
Mode 20
1.952188656210e-01 3.172006303240e-01 -1.344981871443e-01
3.172006303240e-01 4.973909665794e-01 -3.963001812902e-01
-1.344981871443e-01 -3.963001812902e-01 -5.137443914802e-01
Mode 21
9.767124463455e-01 -6.805617181346e-02 -6.609371687170e-02
-6.805617181346e-02 3.581219274089e-01 8.463228943141e-01
-6.609371687170e-02 8.463228943141e-01 6.066101001485e+00
Mode 22
-1.057463082551e+00 5.500979089516e-01 3.008157679081e-01
5.500979089516e-01 -7.328983858273e-01 -4.271476495129e-01
3.008157679081e-01 -4.271476495129e-01 -5.074564511061e+00
Mode 23
2.300135403089e-01 3.867506041403e-01 1.661367617706e-01
3.867506041403e-01 -7.172905422601e-01 -3.119218804548e-01
1.661367617706e-01 -3.119218804548e-01 -5.539499914795e-01
Mode 24
-1.390294166586e+00 6.904866884359e-01 -6.189502182382e-02
6.904866884359e-01 -4.317634316986e-01 -3.260834257145e+00
-6.189502182382e-02 -3.260834257145e+00 -1.355558845903e+01
Mode 25
-1.347653229337e-01 1.626778288587e-01 -1.624771340698e-02
1.626778288587e-01 -2.726521662683e-01 -6.196844666273e-01
-1.624771340698e-02 -6.196844666273e-01 -5.522549730751e-01
Mode 26
-3.098546370828e-02 -1.316191249999e-01 2.248228554204e-01
-1.316191249999e-01 9.145968289139e-02 1.214868907622e-01
2.248228554204e-01 1.214868907622e-01 8.468709293183e-01
Mode 27
-7.071234747703e-02 5.763401028218e-03 3.075273860383e-01
5.763401028218e-03 6.770611165140e-02 4.180468695099e-01
3.075273860383e-01 4.180468695099e-01 1.583080990733e-01
Mode 28
-1.465769457772e-01 -8.613687102641e-02 2.251252968853e+00
-8.613687102641e-02 -3.428381535199e-01 -2.146622329855e+00
2.251252968853e+00 -2.146622329855e+00 -5.065800020807e+00
Mode 29
3.606361102548e-01 3.146557734114e-02 8.349672769792e-01
3.146557734114e-02 5.904929409548e-01 1.385476212489e+00
8.349672769792e-01 1.385476212489e+00 6.247910955748e+00
Mode 30
-5.885589125222e-01 2.772188379015e-02 1.323544616793e-01
2.772188379015e-02 -5.931937779067e-02 -7.410151704785e-01
1.323544616793e-01 -7.410151704785e-01 -1.011784231405e-01
Mode 31
-2.775415709149e+00 5.676402803693e-01 1.530157659185e+00
5.676402803693e-01 -1.558165616599e+00 -2.573953334263e+00
1.530157659185e+00 -2.573953334263e+00 -1.607818617016e+01
Mode 32
-3.268111942813e-01 -1.219285984819e+00 -4.279932527229e+00
-1.219285984819e+00 7.867614823713e-01 8.791524599478e-01
-4.279932527229e+00 8.791524599478e-01 -2.141729189936e+00
Mode 33
-2.274933054082e+00 3.586148587326e-01 1.624825485917e+00
3.586148587326e-01 8.241236361804e-01 1.663323735116e+00
1.624825485917e+00 1.663323735116e+00 4.644333702608e+00
Mode 34
1.806007150180e+00 -1.425796505242e+00 1.784405975214e+00
-1.425796505242e+00 3.133416585067e-01 -2.001025425080e+00
1.784405975214e+00 -2.001025425080e+00 -1.555352439574e+00
Mode 35
-2.317421758585e+00 6.600787364083e-01 -1.078294844526e-01
6.600787364083e-01 -1.047725550076e+00 -2.649706846128e+00
-1.078294844526e-01 -2.649706846128e+00 -8.315611356585e+00
Mode 36
-1.446190372054e+00 -2.171785719397e+00 -5.951565883257e-01
-2.171785719397e+00 1.884058878467e+00 4.337453686851e-01
-5.951565883257e-01 4.337453686851e-01 2.883872783299e-02
Mode 37
5.633665865682e-01 5.872909618105e-01 1.420003265892e+00
5.872909618105e-01 5.489439447668e-01 1.490407590179e-02
1.420003265892e+00 1.490407590179e-02 -1.157771912999e+00
Mode 38
-1.089855780076e+00 -2.405412958354e+00 1.020830083234e-01
-2.405412958354e+00 1.286942770382e+00 -4.083688270875e-01
1.020830083234e-01 -4.083688270875e-01 -4.029616215723e-01
Mode 39
-4.284045960908e-01 -2.923397689054e-02 1.042175311905e+00
-2.923397689054e-02 -6.467625507354e-01 2.259753153546e-01
1.042175311905e+00 2.259753153546e-01 5.561510474488e+00
Mode 40
-1.163767187806e-01 -8.474516481601e-01 -1.466853236450e+00
-8.474516481601e-01 5.077576442723e-02 1.136734534720e+00
-1.466853236450e+00 1.136734534720e+00 1.846792286580e+00
Mode 41
1.180377379159e+00 1.413455667591e+00 8.308138373898e-01
1.413455667591e+00 -1.238231051290e+00 -1.023038429717e+00
8.308138373898e-01 -1.023038429717e+00 -7.196947697127e+00
Mode 42
-3.236870069572e+00 1.226849716758e+00 -8.928301123271e-01
1.226849716758e+00 -7.973638864355e-01 1.951013320673e+00
-8.928301123271e-01 1.951013320673e+00 1.781738053534e+01
Mode 43
7.183468007865e+00 -5.940762800086e-01 2.388054577500e-02
-5.940762800086e-01 3.619387091437e+00 3.589718323028e-01
2.388054577500e-02 3.589718323028e-01 3.387665889795e+00
Mode 44
8.091524104644e+00 -2.140261225407e+00 1.319049118674e-01
-2.140261225407e+00 5.393268907728e+00 -2.417959616572e-01
1.319049118674e-01 -2.417959616572e-01 3.604124359313e+00
Mode 45
-1.046530879964e+00 1.932962065372e+00 2.136858362570e+00
1.932962065372e+00 -4.996887503535e+00 2.048648249701e+00
2.136858362570e+00 2.048648249701e+00 1.126549728205e+00
Mode 46
-5.180993644316e+00 -2.470425320667e+00 -2.502835284316e-01
-2.470425320667e+00 -2.388561770636e+00 2.834377687694e+00
-2.502835284316e-01 2.834377687694e+00 -6.248705681824e-01
Mode 47
-5.108671970599e+00 5.685000682542e-01 4.001232376249e+00
5.685000682542e-01 4.599255042102e+00 -1.726671319884e+00
4.001232376249e+00 -1.726671319884e+00 -6.279453014460e-01
Mode 48
3.801285261845e+00 -3.426679266776e+00 4.530721627459e+00
-3.426679266776e+00 -1.477869047595e+00 -8.144843494288e-01
4.530721627459e+00 -8.144843494288e-01 1.350294333906e+00
Mode 49
7.448179028175e+00 -1.259566191485e+00 -5.208668999139e+00
-1.259566191485e+00 -8.897235683039e-02 1.476908286078e+00
-5.208668999139e+00 1.476908286078e+00 8.344474352517e-02
Mode 50
-2.770856101025e+00 1.092737296249e-01 2.648641324800e+00
1.092737296249e-01 -1.185762720381e+00 3.099387888984e+00
2.648641324800e+00 3.099387888984e+00 -1.345813120713e+01
--
