Number of atoms 
21
--
Anisotropy 
90.505
--
Frequencies 
20.879227062909
27.824446166894
48.634649463026
66.742779650384
68.260790286199
121.091412307709
151.262246394690
174.957022673873
219.083037718655
242.190800216087
316.686475410291
323.962094004177
362.248741648743
369.987248355677
475.224083355385
496.452511535648
643.473912631990
653.672786348799
678.738387295125
693.536452069104
709.379958077209
756.029735446320
796.945929990864
840.762135952228
910.162012480752
922.657063499009
944.029694538542
969.041029648247
1008.615651785637
1024.377311155819
1032.532089856379
1041.679303965280
1054.322138048079
1101.143230546298
1200.991916253661
1212.153197771397
1256.153235525910
1290.707271707696
1374.407314279141
1384.180179822758
1395.289670475136
1406.112712187018
1427.266118439303
1447.648887001114
1454.441404375983
1455.549080785259
1489.265516917431
1526.923313253104
1601.851255017391
1655.553065443660
3031.698827898816
3082.236413737658
3104.676402512530
3142.262015951522
3162.820310471521
3241.866186523925
3281.827845541011
--
Displacements 
Mode 0
-1.831140054953e-02 -3.166097213684e-02 6.001842901337e-02
3.221969331660e-03 -8.920733711655e-02 4.483692090916e-02
3.402511458391e-03 -1.156919524328e-01 2.463501905195e-02
2.747067722327e-02 -1.675393673317e-01 1.633538483829e-02
3.915386715169e-02 -1.654737742080e-01 3.259112734057e-02
2.838309007253e-02 -1.335277483965e-01 5.643128593442e-02
3.044530626115e-02 -7.473598066548e-02 7.030750897213e-02
-7.161008257157e-02 -5.778994398881e-02 -4.035164842233e-02
4.875197129494e-04 -1.994592887196e-01 -1.695895536490e-01
-2.026278638825e-01 -7.330936806451e-02 -2.289454925477e-01
-4.109549067096e-01 1.351468154188e-01 -1.541183380061e-01
-3.425284920194e-01 1.552858089409e-01 -2.784298628493e-02
1.097336488737e-01 -3.505900728301e-01 5.398260917457e-02
-1.066133802606e-02 -8.228458976471e-03 1.377043900039e-02
3.107865656241e-03 -2.757881627159e-03 2.724166530622e-02
-1.423864215918e-02 -2.345054793701e-03 1.437874616290e-02
1.397211512305e-02 8.780100663035e-03 3.726013153600e-02
2.694454484202e-02 -4.342912891464e-02 3.363472694690e-02
4.819518172804e-02 -1.059154654599e-01 -6.275923309949e-02
-6.553253883406e-02 -3.498300077335e-02 -9.596334819677e-02
2.011599715819e-01 3.563115449094e-01 6.067890479489e-02
Mode 1
-1.875856452950e-02 1.807991628689e-01 7.270148547419e-04
-7.585734684213e-03 5.380577894976e-02 -4.463828643901e-03
-8.071126564112e-03 2.800443515216e-02 -1.826421002948e-02
7.988447714769e-03 -1.144423668330e-01 -2.322397057075e-02
1.662440578648e-02 -1.565669868694e-01 -9.886664043042e-03
8.264671714006e-03 -6.311047910005e-02 2.287599179285e-03
8.765366582045e-03 5.802357838474e-03 1.341973217596e-02
-6.087400010543e-02 3.259066601190e-02 2.865928734662e-02
-4.340312169145e-01 1.639084347772e-01 1.799018195790e-01
-2.585771120251e-01 1.005150532753e-01 1.272465234945e-01
1.955458684961e-01 -5.809003895953e-02 -4.426746148713e-02
3.499678124000e-01 -1.106630711880e-01 -1.175499949112e-01
5.223403543610e-02 -4.962073881031e-01 -1.856447946831e-02
-7.927444231769e-03 7.384138113177e-02 -2.891566512162e-03
-7.015052660087e-04 5.729540981890e-02 2.589877938657e-02
-8.902038274884e-03 5.412942160419e-02 -2.060233301999e-02
1.033191728894e-02 1.229088961241e-02 3.779985507772e-03
1.088178165213e-02 1.119113256262e-03 4.529756869255e-03
-2.258760148497e-01 8.049234384052e-02 9.218022108890e-02
-1.265137833351e-01 4.726949776397e-02 5.956270408309e-02
3.606462171849e-02 1.694606981116e-01 -3.122422548426e-02
Mode 2
8.363783985506e-03 2.189206192216e-01 -1.407043696232e-01
2.789737960811e-02 1.193660436122e-01 -1.526140033654e-01
3.086385621753e-02 1.291582336979e-01 -1.809026856051e-01
5.131942705182e-02 -7.239061133380e-03 -1.840237353942e-01
5.597829829301e-02 -7.949249712515e-02 -1.636569268395e-01
4.896118671171e-02 -8.822930409642e-04 -1.597176706477e-01
5.596221544795e-02 1.328687156088e-02 -1.180504423371e-01
8.528438512030e-02 2.306744940323e-02 2.294508309816e-02
2.997802144931e-01 5.647095645302e-02 3.050327124990e-02
1.663338994748e-01 4.834155921354e-02 1.987000189715e-01
-1.140084174794e-01 1.506101425627e-02 3.082177314492e-01
-1.772602213924e-01 -3.158927810060e-03 1.998379737923e-01
2.908591147190e-02 -4.207161648886e-01 -2.651095612335e-01
-2.979757778414e-03 7.436628705237e-02 -4.511776101746e-02
9.047378034550e-03 6.910586734636e-02 -2.217911967664e-02
-3.953808159980e-03 6.723396207303e-02 -5.323074723445e-02
9.597797402433e-03 -2.066805292601e-02 -4.485033353830e-02
1.783163093851e-02 3.045305218586e-02 -4.861269164492e-02
1.504433916238e-01 2.401538604459e-02 -2.168440864503e-02
7.466903909447e-02 1.929717185003e-02 7.544189672044e-02
-1.566709288271e-01 1.652355537222e-02 1.987265926022e-01
Mode 3
3.643869672938e-01 7.185763281880e-02 -7.702246317181e-03
2.296571590333e-01 7.479343176072e-02 9.606151042940e-02
2.511559427759e-01 1.897031381773e-01 2.565651183517e-01
9.145786273254e-02 1.418564054744e-01 3.053389009412e-01
-4.393376786002e-03 3.349331202618e-03 1.791441285003e-01
9.146532781800e-02 -4.575959672846e-02 5.771404084327e-02
3.514763146430e-02 -5.367915238101e-02 -8.216534428229e-02
2.568649942163e-02 -4.226480943764e-02 -1.814903774808e-02
4.674453601344e-02 -2.117069265070e-03 1.501238070119e-02
-5.872018623972e-02 8.522382008132e-03 1.092254895278e-01
-1.467415125481e-01 -2.393485092539e-02 1.409888768290e-01
-9.140980477570e-02 -6.383974923999e-02 5.621107484070e-02
-1.483242191245e-01 -1.615552536269e-01 2.828785158420e-01
1.363657666405e-01 3.570721890070e-02 1.721813371547e-02
9.605838531980e-02 1.343423255544e-02 -1.592529790229e-02
1.146110274572e-01 1.189740110151e-02 -3.218325184367e-02
2.731339228092e-02 -3.550321033005e-02 -5.397283783488e-02
-2.106347644159e-02 4.927255538019e-03 -3.644635604637e-02
3.489594099497e-02 5.666374080934e-03 -6.482917013109e-03
-2.425592702706e-02 1.110595601877e-02 4.716703053857e-02
-1.744404327587e-01 -4.842972775638e-03 -3.989565739418e-01
Mode 4
1.417487197907e-03 1.284529230743e-01 6.081616866892e-02
-9.848687604024e-03 -4.959071733499e-02 7.430720631669e-02
-6.649513115911e-03 -3.758893003346e-01 1.018556747231e-01
-2.689723966283e-02 -4.524337560586e-01 1.082292782096e-01
-3.889269662666e-02 -1.582143859326e-01 8.551036942095e-02
-2.561649933905e-02 1.100491998465e-01 7.251118571883e-02
-2.887584618608e-02 1.740567906434e-01 6.420862402426e-02
1.543204296259e-02 1.597051959058e-01 4.623970187699e-02
2.024181556507e-01 9.399288310915e-02 -3.031047383567e-02
3.525330064214e-01 5.103688957154e-02 -9.782429909569e-02
2.798914689543e-01 9.673937050557e-02 -6.595954688070e-02
5.355990177359e-02 1.854269652811e-01 3.440850327960e-02
-7.872268517848e-02 -1.543277114675e-01 1.368937259226e-01
1.042181445835e-03 -4.743495807720e-04 2.057995369616e-02
5.442496506708e-02 7.387898982879e-02 1.373883731929e-02
-4.980905899917e-02 7.611826226278e-02 1.587880049598e-02
-4.519323802546e-03 5.187538154150e-02 1.642651866715e-02
-3.240185957495e-03 5.130345693278e-02 1.838748168479e-02
7.228362262729e-02 2.136202887508e-02 -1.407712957072e-02
1.529468915081e-01 -2.566828800219e-03 -4.972803104790e-02
-1.803386234295e-01 5.704574222765e-02 -1.743313315035e-01
Mode 5
-3.009072478807e-02 -5.643462615877e-01 4.218348561721e-02
-1.771125656948e-02 -4.205646452139e-02 1.676789291729e-02
-2.010537518495e-02 1.687935770251e-01 -4.711244318539e-03
2.097229204798e-03 2.924344937351e-01 -1.406807740373e-02
1.359826595523e-02 1.289407452681e-01 2.649772334951e-03
7.395755903033e-03 1.330983909755e-02 2.436352723614e-02
2.014806743556e-02 1.257390664670e-01 7.224588471476e-02
-2.244856517984e-02 1.510401387433e-01 6.874734841083e-02
2.987035862635e-02 9.943344701901e-02 1.643386063423e-02
1.305681736782e-01 8.863341567879e-02 -6.975148013740e-02
1.428110561361e-01 1.455119287710e-01 -6.901832947100e-02
3.510930282286e-02 2.050299279385e-01 3.013026707200e-02
1.981814643275e-02 -4.265248807665e-01 1.758480011333e-03
-7.413335087653e-03 -1.440039118022e-01 1.181348776085e-02
-1.143629925685e-01 -2.391437533721e-01 -3.207334948907e-02
8.893418556434e-02 -2.365430808918e-01 6.444196560296e-02
8.712169886228e-03 4.886426938341e-02 2.688677401079e-02
2.931901331744e-02 3.770653934221e-02 2.105028038959e-02
5.759587075612e-03 1.864621146748e-02 7.653118203623e-03
5.953107194585e-02 1.334995561975e-02 -3.936537038928e-02
-8.887017643269e-02 -1.294943760024e-02 -3.354758857466e-02
Mode 6
-3.841577199590e-02 5.052478141636e-02 1.011090274428e-01
7.753269566330e-02 -2.360352493499e-02 7.965276925365e-03
8.551402800743e-02 -9.670137571202e-03 -8.785576041659e-02
1.894599202257e-01 -4.913652973518e-03 -1.105580318777e-01
2.118753980949e-01 -1.226251144634e-02 -5.667023653880e-02
1.958356597040e-01 -5.080889112015e-02 3.979452977882e-02
2.909418637474e-01 -7.338284518359e-02 2.985726956712e-01
2.577976782268e-01 -7.203456304091e-02 2.119139223307e-01
4.477216345321e-02 -2.072502714234e-01 1.224881619213e-01
-1.566298777379e-01 -4.123900162604e-02 -4.246738019978e-02
-4.702271296402e-02 1.837204146503e-01 -5.613765774774e-02
2.568833739251e-01 1.603062525666e-01 1.318566663937e-01
6.644079476662e-02 1.275981895511e-01 -1.090764357915e-01
-4.253348564163e-02 3.158105018952e-02 7.346930534039e-03
-1.063551589033e-02 1.761918164015e-02 6.980863993646e-02
-1.284945769071e-02 1.664998576078e-02 3.637060454945e-02
4.314587853711e-02 5.763351350884e-03 1.441762771099e-01
1.459670868036e-01 -5.098676534481e-02 1.057262577957e-01
-2.136976264124e-03 -1.148830464525e-01 5.174588167888e-02
-1.097213526033e-01 -1.918697373534e-02 -4.435064990864e-02
-3.835580626134e-01 -2.691680902309e-02 -1.215812946194e-01
Mode 7
-2.051921839724e-03 1.923283785856e-02 1.211547655066e-02
2.484844114392e-03 4.697530994830e-02 1.705386279375e-03
3.464035980429e-03 -2.008090982896e-02 1.520202880144e-03
1.367983779586e-03 -1.372541807228e-01 4.356552834209e-03
5.105310655680e-04 -9.837721191500e-02 3.245908374232e-03
1.827669296996e-03 -2.100223427145e-02 3.046917714968e-04
-4.965177269020e-03 6.235162773407e-03 -2.187689901362e-02
-8.918483044644e-03 1.192844107609e-02 -1.411445391903e-02
1.223452023489e-02 2.092770347312e-02 -9.107197598593e-03
1.477971344477e-02 1.450942984294e-02 5.115012263191e-03
-3.452689918494e-03 6.221851246143e-03 1.013546573005e-02
-1.705321311595e-02 6.254471734262e-03 -5.794553548461e-03
-7.629665739023e-03 8.961587940588e-02 5.680040229529e-03
1.090848762928e-02 5.667725458594e-01 -2.611051555684e-02
-4.062415790594e-01 -2.547697516863e-01 3.192717814191e-01
3.731611223306e-01 -3.012616256402e-01 -2.691667852066e-01
4.009693623551e-03 -3.897545256258e-03 -1.534300744444e-02
-7.350214541644e-03 7.390216786870e-03 -9.673849535796e-03
7.667704017039e-03 9.248224036923e-03 -5.054533101294e-03
8.328248900531e-03 4.629045377583e-03 3.418975891964e-03
4.285330840066e-03 7.031719711161e-04 8.587725443919e-04
Mode 8
1.530046726659e-01 1.147597089710e-01 -1.519189885789e-01
2.768653697445e-02 -1.596483626732e-01 -4.520437058774e-02
2.914168259663e-02 1.579187760049e-01 -1.823948122886e-02
1.296450993064e-02 1.345178980655e-01 -2.137534354063e-02
1.689046511157e-03 -1.881889726749e-01 -3.685815901091e-02
-1.336386463363e-03 -5.095676754522e-01 -3.741954569360e-02
-1.321181477323e-02 -1.747943485764e-02 8.136402607295e-02
-3.286228796358e-01 1.158121877462e-01 2.429092084904e-01
-2.002507232246e-01 2.470201400540e-03 1.363485596353e-01
1.887097542134e-01 -8.365787682129e-02 -1.057658339712e-01
2.127018979271e-01 8.438049461591e-03 -1.048235199976e-01
-2.153611554322e-01 1.694905560744e-01 1.741269067319e-01
-1.176422321626e-02 1.406631365598e-01 -6.923740430189e-02
7.932100880251e-02 5.780283779660e-02 -2.266325583505e-02
8.566529260893e-02 6.361206906040e-02 -2.468572634878e-02
6.361080487484e-03 5.982855539172e-02 -1.124321080452e-01
2.642779851914e-02 2.262746477354e-02 1.431709497673e-02
6.370074114723e-02 3.751963610942e-02 2.501932018126e-03
-6.515239829403e-02 -1.906922068865e-02 4.622925282104e-02
1.392873772119e-01 -6.229535308425e-02 -8.463518139710e-02
1.672615226257e-02 -7.475398889358e-03 9.902569964220e-03
Mode 9
3.116612429420e-01 -3.347104873051e-02 -4.101563072827e-01
-9.171412694592e-02 9.635845683180e-02 -8.620461452568e-02
-9.646144674018e-02 -7.703744158345e-02 2.641416170852e-02
-1.675633999136e-01 -8.273691856927e-02 2.577554816283e-02
-1.863448934181e-01 9.555681511001e-02 -3.510169699359e-02
-1.932424241956e-01 2.672399713101e-01 -8.191607357736e-02
-9.596369528105e-02 5.960745028544e-03 1.451823263573e-01
1.217921507885e-01 -6.777276711388e-02 2.227799883986e-01
2.068582220755e-03 -2.115054608808e-01 1.294446414434e-01
-1.079877885664e-01 -9.347821980030e-02 -4.345339992347e-02
-2.670042303677e-02 1.065438281000e-01 -4.958793155366e-02
1.428525820595e-01 9.808799487761e-02 1.591385596616e-01
-1.460512523609e-01 -6.679068071051e-02 -5.497751115232e-02
2.154759668330e-01 2.120484219775e-03 -3.721287995243e-02
6.096735018375e-02 -3.637570875697e-02 -2.088960901511e-01
1.219311216698e-01 -3.900485204646e-02 -1.957443476459e-01
-9.017273747691e-02 -5.167727977637e-02 6.153215486878e-02
-1.250284018134e-02 1.676437302639e-02 3.424325462446e-02
-1.633998393895e-02 -1.128647107002e-01 5.409012540777e-02
-6.988099550713e-02 -3.907889725861e-02 -4.714736458812e-02
1.436672997161e-01 1.192888822916e-02 4.133884644452e-02
Mode 10
-3.268776247524e-02 1.816118966974e-01 9.517774512844e-03
9.827579869234e-03 -5.147792123040e-01 -5.583557946982e-03
8.928780824231e-03 -3.834582916510e-01 1.089805436845e-02
-2.167473429205e-02 3.847334601770e-01 1.716012593983e-02
-3.318692383174e-02 4.647954460526e-01 9.912907708810e-04
-1.127813421751e-02 -2.824260671653e-02 -2.476325541831e-02
-1.017297012662e-02 -3.699188628252e-03 -4.566891338380e-02
3.809853449900e-02 -3.813275122207e-04 1.305653140135e-02
2.941892697506e-02 -8.443018433846e-03 7.049433192867e-03
-1.260513937242e-02 1.498872141259e-02 -1.323366233094e-03
-4.196050084094e-03 3.751846823197e-02 -2.468047528504e-03
4.568893279845e-02 2.258663452387e-02 7.773421348378e-03
-7.603803961253e-02 -1.831819731697e-01 4.623483229136e-03
-2.715377244101e-02 2.074315472299e-01 -1.920499159857e-02
4.827506370066e-02 1.054643073678e-01 1.950955285806e-01
-6.537814395479e-02 8.861655997689e-02 -1.589466446047e-01
-6.053082022783e-03 -2.622797222000e-02 -2.900537457924e-02
-1.155818849859e-02 2.101086481241e-02 -2.701844631504e-02
7.814642850481e-03 -8.165079748138e-03 3.132924380381e-03
-1.440795261702e-02 5.195061400725e-03 -1.651210071238e-03
3.282796094901e-02 3.319859268056e-03 3.811578350019e-03
Mode 11
-2.092614392164e-01 -2.041784513987e-02 1.155719871641e-01
4.153918109458e-02 -1.437965707532e-02 -7.154729512859e-02
5.360820529898e-02 1.264794982715e-01 1.095995475505e-02
-5.161152376854e-02 -1.282564584901e-02 7.194193556392e-02
-1.080995499074e-01 -1.856576621088e-01 -3.002682840880e-04
2.261037788776e-03 -2.186915202419e-01 -1.183908778834e-01
5.750189831813e-03 -3.303196429794e-02 -2.162939852073e-01
1.746024968709e-01 -8.579661632336e-04 9.774324911684e-02
1.219096530713e-01 -6.706431170919e-02 4.862065188321e-02
-6.130181234402e-02 4.693240115893e-02 -3.301992035512e-02
-1.335905272021e-02 1.804856836329e-01 -3.701579295048e-02
2.108819278690e-01 1.234446375642e-01 6.006884155756e-02
-6.351081914966e-01 1.196397126711e-02 -5.571892071463e-03
-1.491112113961e-01 -3.071327729540e-02 -2.310078328967e-02
-5.199444817702e-02 3.047386101731e-03 7.424882561523e-02
-7.190890356418e-02 7.300865943480e-03 1.094155705252e-01
1.054946630721e-02 -1.247599746669e-01 -1.513375806697e-01
-5.071819810655e-02 1.060876810949e-01 -1.302818056246e-01
3.319512852212e-02 -5.326697499089e-02 2.058585237207e-02
-6.685672064818e-02 1.341239223059e-02 -2.352530054974e-02
2.316276083148e-01 1.327698775726e-02 2.794753290545e-02
Mode 12
3.919902915805e-02 6.364659597830e-04 -9.617117753347e-02
-4.657040827177e-02 -6.391899316996e-02 -1.929150319104e-02
-4.415600884916e-02 2.669308849542e-02 -3.517497481613e-03
-2.362538492403e-02 3.324742192395e-02 -4.554222753816e-03
-2.661802471727e-02 -5.115307960313e-02 -1.883905666830e-02
-6.203408628555e-03 -1.125021425817e-01 -6.772829484425e-03
1.610921067669e-01 1.271148075845e-04 3.965160455586e-01
-9.773619658152e-03 1.184717650040e-02 -2.183297494048e-01
8.833022121678e-02 1.561673922230e-01 -1.394198388132e-01
3.583273283834e-02 1.105335594809e-01 8.692243019419e-02
-3.841210293434e-02 -7.285294399012e-02 9.433369669109e-02
-1.026444181468e-02 -8.546016200790e-02 -1.870755654794e-01
-4.410769508391e-01 -8.016585370256e-03 -3.348121415036e-02
3.904143201869e-02 1.283939446816e-02 -1.070237623522e-02
1.861561876444e-02 5.165468614594e-03 -2.861085787864e-02
3.555294861673e-03 4.533759330539e-03 -5.972198236511e-02
-3.201957814594e-03 2.505325531237e-01 3.385940053671e-01
2.442407558538e-01 -2.343724581385e-01 2.557676060802e-01
4.518686800692e-02 1.034537818579e-01 -5.965906245769e-02
8.235906481865e-03 5.465071442037e-02 7.003709606316e-02
1.255516060146e-01 6.406404019203e-03 1.155738741503e-02
Mode 13
1.090662628845e-02 1.108920323054e-03 -1.812226961276e-01
-1.986742027964e-01 -1.645941084592e-01 2.327368382788e-02
-2.235014279373e-01 1.152138639368e-01 9.258571374549e-03
-1.776011269394e-01 7.704889612973e-02 -3.364687104379e-02
-9.295067615588e-02 -2.135250214141e-01 6.036335882791e-02
-9.489885875596e-02 -3.696303897008e-01 4.634553507407e-02
-4.332660352394e-02 -2.612218167349e-02 -4.426098316492e-02
1.883248668324e-01 5.056075320707e-03 -9.647506971857e-02
2.728769189311e-01 6.431603828373e-02 -8.885268425529e-02
-5.769431533184e-02 1.776318257070e-01 3.927898990039e-02
-7.521340750297e-02 1.684873595748e-01 4.134811756103e-02
2.832806565657e-01 4.997068809033e-02 -1.250163846822e-01
3.521805356898e-01 6.006840563475e-02 2.803091240527e-01
8.947718069798e-02 1.445855139037e-02 3.114238997783e-03
3.968306025889e-02 2.371772185607e-02 -8.534327798054e-02
-2.457690229347e-02 1.835989389779e-02 -1.428257327171e-01
4.937531650086e-03 -2.904122490462e-02 -4.470461683942e-02
-2.763412265017e-02 1.171614350206e-02 -2.458183538851e-02
9.315461991198e-02 3.183719327967e-02 -3.467899006345e-02
-9.269455978082e-02 7.706783601571e-02 4.171262695391e-02
-9.581524753523e-02 -8.131401006270e-03 -2.576101177909e-03
Mode 14
1.570718103834e-01 7.140123088169e-04 2.307972687103e-01
5.827139301384e-03 -5.848716341647e-02 2.264952336503e-01
-1.237551232572e-02 3.848896379745e-02 2.673356944878e-01
-4.419985425860e-02 2.105912856368e-02 2.026670286436e-01
-1.075888857955e-01 -7.482740379482e-02 2.762964894564e-02
-1.287355485775e-01 -8.795413081841e-02 1.664264320170e-01
-1.711561082840e-01 2.211580607497e-02 6.441355389115e-02
2.087313678162e-03 1.342401555051e-03 -1.650438977951e-02
1.112817492221e-01 6.463070789191e-03 -3.980254867623e-02
-2.548592532170e-02 5.336673153299e-02 1.597882363328e-02
-3.521996182356e-02 4.553468259758e-02 1.710642483477e-02
1.088856282788e-01 -5.081252346874e-03 -5.730427952316e-02
8.584839399169e-02 1.320482087290e-02 -7.529114218468e-01
7.649130343872e-02 6.172001316742e-03 8.779916648277e-02
5.987588144050e-02 9.952967647618e-03 5.828400213958e-02
3.413092631570e-02 7.833127141628e-03 3.454941684050e-02
-2.912689147688e-02 -1.116457629355e-02 -1.280163194143e-02
-8.094810521634e-02 1.425189145311e-02 1.279156968792e-02
3.659083155530e-02 1.049844833439e-02 -1.517276823901e-02
-4.072794817195e-02 2.697669014774e-02 1.845186740244e-02
-3.939657990321e-03 -8.827363602447e-04 6.625359080405e-03
Mode 15
-1.606470102968e-01 -5.072653584068e-03 -4.972048521157e-02
2.356755784538e-01 -6.618615718663e-03 -2.966851709723e-01
2.992095779327e-01 2.671662278703e-02 1.442049352194e-01
-1.733988167257e-01 -1.568009978217e-02 3.212270523774e-01
-3.581374623437e-01 -7.834562502461e-03 -2.799027990544e-02
-1.520551888992e-01 -1.187465562290e-02 -3.616662080568e-01
-1.133534819877e-02 -2.853861858084e-03 5.063907523124e-02
5.836792968837e-03 -3.522246704084e-03 2.036109390754e-02
1.268437563804e-02 -1.577302358847e-02 1.605605428304e-02
-9.481453974679e-03 -1.093745204861e-03 3.164709997570e-03
7.143258798270e-03 1.626325432639e-02 2.141314359110e-04
2.329902125686e-02 1.728673294788e-02 2.023465072946e-02
3.123102949826e-01 1.283933893965e-02 1.211942253268e-03
-2.343111656739e-01 -6.473900481684e-03 -1.379091984301e-01
-6.255763957465e-02 -3.946529887588e-03 1.110993615620e-01
-5.029060877192e-02 7.274893580134e-03 1.201682867153e-01
-9.681253548531e-02 9.302560794271e-02 1.694857557419e-01
1.651679408779e-01 -9.310556166922e-02 7.429954271062e-02
3.974497388172e-03 -8.233640269419e-03 5.334800044248e-03
-9.696311992238e-03 -1.080848738276e-03 -2.537209714514e-03
-3.657556057314e-02 -2.758370168374e-03 1.184681547974e-02
Mode 16
-5.929568102584e-02 4.244839770546e-03 -4.659942185165e-02
-8.938922042165e-02 4.447612360967e-02 3.423465762716e-02
-9.952401505092e-02 -2.756859197595e-02 1.269209446373e-01
-9.757566916178e-02 -2.145216785556e-02 9.651355557127e-02
-7.175086717830e-02 4.812926770105e-02 6.388815444135e-02
4.026898709123e-02 8.666012850368e-03 1.861217282865e-02
2.333405783831e-01 -4.126559764015e-01 -8.373248360412e-02
3.646863888361e-01 -2.096548376682e-01 -1.757076023039e-01
-2.839210352723e-01 2.017318878142e-01 1.685021176853e-01
2.702181336584e-01 7.125199481411e-02 -7.841351252973e-02
-5.360317202257e-02 1.681681174012e-01 3.128135071344e-02
-1.641915772136e-01 1.556489742688e-01 9.752463211544e-03
2.596581668407e-02 -2.707043109512e-03 -1.009283138293e-01
2.273441962093e-02 -7.631123442587e-03 1.295345847233e-02
-2.077283832223e-02 -4.208761911245e-03 -5.410408502247e-02
-9.491626700513e-03 -5.949558054807e-03 -3.662943650845e-02
3.359172322798e-02 -1.512202813176e-01 -1.331019346690e-02
9.470588352748e-03 -1.551890935809e-01 -8.001984003432e-03
-1.727712548180e-01 1.374175823780e-01 7.592713202154e-02
1.997799591969e-01 -2.356779366364e-02 -8.205366850315e-02
-1.854870234894e-03 2.128643013708e-05 1.615303884176e-03
Mode 17
1.762107176063e-02 -3.937248337739e-03 1.365901989641e-02
3.433153403569e-02 -2.535835195846e-02 -1.590762770834e-02
3.867739038529e-02 1.244405394111e-02 -4.447965539555e-02
3.356471217627e-02 1.550022574252e-02 -3.122074626438e-02
2.268013535006e-02 -3.278831280848e-02 -2.173358876064e-02
-1.633266448540e-02 4.810800465816e-03 -7.151824021735e-03
-8.875072625087e-02 1.546683165411e-01 2.564791868098e-02
-1.203945517456e-01 7.687176296395e-02 6.219936918839e-02
-1.639375859037e-01 8.515868096604e-03 4.137378471406e-02
3.902361897788e-01 -1.862654795100e-01 -1.603713257432e-01
-5.750620237501e-01 1.357886699015e-01 2.138214940639e-01
4.024855854871e-01 -1.645323343174e-01 -1.237631446414e-01
-8.169171420205e-03 2.513415144330e-03 3.417418831398e-02
-1.150745622431e-02 2.900000274154e-03 -7.140089808286e-03
9.063062793915e-03 2.874829373797e-03 2.189793987165e-02
-1.493223776910e-04 3.387107188358e-03 1.075210898076e-02
-9.629623826840e-03 6.304370965898e-02 4.473190397157e-03
-7.850019101417e-03 4.735590285229e-02 7.299103346617e-03
-1.423564341203e-01 1.073609916447e-02 5.400227894438e-02
2.144356598983e-01 -8.525362984717e-02 -8.118545505615e-02
6.444361016992e-04 -2.408235584102e-04 -5.351217820147e-04
Mode 18
2.875437937942e-02 -9.816257022460e-02 2.264525237663e-02
1.453576455013e-02 -5.805764155935e-01 1.459924428789e-02
-4.478706342051e-03 5.640066146494e-01 -3.606151440462e-02
1.352079486340e-02 -2.998015102680e-01 -2.291899079587e-02
1.699599411017e-02 -5.174484227930e-02 -9.539268264690e-03
-1.887280364031e-02 3.362522176030e-01 -7.207852108933e-03
-2.410719732918e-02 7.277409599360e-02 -5.121879128801e-03
1.250499160222e-01 -2.183155775852e-02 -4.173726000356e-02
-5.913101703547e-02 2.903175739507e-03 1.137173678239e-02
-1.565428196381e-04 -2.489756622368e-02 -3.646227725968e-03
1.945084012945e-02 -3.277851285432e-02 -8.963510075004e-03
-7.383021416393e-02 1.048265952717e-02 3.799192793686e-02
-5.510371918653e-03 1.580792309046e-02 1.949853362081e-02
-3.049052557708e-03 6.624031560839e-02 -6.867288625104e-03
1.272659168223e-01 6.504836560068e-02 1.639193276750e-01
-1.049702121834e-01 5.471991930347e-02 -1.294864531806e-01
-3.791065952738e-02 6.729448392330e-03 1.615818296916e-02
-1.233198992654e-02 4.616180911003e-03 7.539858770257e-03
-5.010398837427e-02 1.215404999320e-03 1.833950815616e-02
1.661353091077e-02 -1.118475845999e-02 -4.060169990380e-03
1.450551023412e-04 -9.638090631920e-04 -5.117489610430e-04
Mode 19
-8.102136275821e-03 1.918028504283e-02 -2.813966423664e-03
-1.980686958417e-02 7.594568148236e-02 1.189134651573e-02
-2.031224353010e-02 2.207565307682e-01 1.873775887848e-02
-3.497791944271e-03 -5.111581589137e-01 6.615055686703e-03
-7.297554623674e-03 6.948518191027e-01 5.793214398016e-03
1.785114307661e-02 -3.542156706489e-01 4.730317397039e-03
2.069029845917e-02 -1.069726373442e-01 -2.052321592589e-02
-1.569369440265e-01 2.135484559854e-02 5.204060746206e-02
6.333444774242e-02 1.125047369086e-03 -5.927114780710e-03
6.175457099814e-03 3.434189753378e-02 2.965737191775e-03
-2.271359377497e-02 4.717908315882e-02 9.844242755769e-03
8.707968012943e-02 -1.168611104460e-02 -4.693269692878e-02
3.721477919390e-04 -3.841128532015e-02 -9.191633953830e-03
9.316779305225e-03 -2.748768125044e-02 9.021668325419e-03
-3.226228816336e-02 -1.799154170884e-02 -5.008291309276e-02
2.713131170173e-02 -1.565120051586e-02 2.936641607604e-02
2.375427834738e-02 -1.259149939010e-02 -1.002153512490e-02
3.319379597665e-02 -1.721877241601e-02 -1.342248758714e-02
6.381814894603e-02 2.499709420850e-04 -2.261357092341e-02
-1.496578914027e-02 1.305886502817e-02 1.815067074245e-03
-2.472483890701e-05 1.046212477161e-03 -2.861075117342e-04
Mode 20
3.491272041564e-01 1.095507072738e-02 4.091037864658e-01
1.302015061312e-01 3.134159699828e-02 3.910872770490e-02
7.222394295024e-02 -2.924660187245e-02 -3.195250054461e-01
-9.538888313739e-02 6.012740717726e-03 -2.680367552038e-01
-7.824485838312e-02 -2.610840066257e-03 -1.716855610162e-01
-1.996603873955e-01 -1.362731072559e-02 -1.313727969209e-01
-2.986074479587e-01 -2.551365318541e-01 2.986643903275e-02
-4.411320788172e-03 -1.200919209755e-01 -2.014910987706e-02
3.047063405337e-02 5.530434454285e-02 7.827812512571e-02
4.046151435543e-02 1.107949314706e-01 8.299854857876e-04
4.324639286024e-02 1.459346901826e-01 -1.135720749447e-02
-3.252842261738e-03 7.182903930521e-02 -2.753750680752e-02
-1.060656800497e-02 -9.326261210158e-04 1.732911291190e-01
7.232649686355e-02 -5.622171715194e-03 1.033061320142e-01
9.911725124609e-02 3.161170928821e-03 1.538288440210e-01
1.030171604897e-01 5.320910141399e-03 1.656132455074e-01
-1.623642642186e-01 -5.120136925006e-02 9.676544239583e-02
-1.959637230300e-02 -1.467428423332e-01 5.119390054779e-02
9.631447618294e-03 6.254480522021e-02 1.419896956190e-02
2.779468127031e-04 2.376359196190e-02 -2.288333859074e-02
4.043355452149e-03 4.283762566378e-04 2.368711704804e-03
Mode 21
-1.924064898640e-01 -1.975811404936e-02 -2.882365508323e-01
5.722480569427e-02 -4.709273384548e-02 -7.054353261001e-02
1.438473485218e-01 1.964586348071e-02 4.636560251359e-02
3.186624677967e-01 2.006995931893e-02 8.032685818762e-02
1.964299525032e-01 -6.276205158676e-02 1.229995459302e-02
-2.768265139185e-02 1.507138076668e-01 1.486714947587e-01
-3.229532618655e-01 -3.850134827191e-01 1.726451622506e-01
-2.812175334673e-01 -9.942465544626e-02 5.987406978631e-02
9.389906514481e-02 5.864554778859e-02 6.923350751177e-02
3.815487475619e-02 1.588457285314e-01 1.867203896654e-02
2.615832710447e-02 1.806993969197e-01 1.474496436764e-04
7.167303634742e-02 2.962441993635e-02 -1.407478461935e-01
-2.878920652325e-02 2.689735347303e-03 -9.268566125362e-03
-1.270140289289e-01 1.512542595810e-03 -1.329833845957e-01
-5.161302364851e-02 1.261704299284e-03 -3.379674070445e-02
-7.549833222269e-02 9.371089356697e-03 -6.661256873248e-02
-8.520156967030e-02 -1.735309430416e-01 -1.703557113941e-03
-2.065341875789e-01 -1.005919371347e-01 3.746144540537e-02
1.470257669865e-01 7.022422045401e-02 -4.376858801796e-02
-1.592379393234e-02 3.970020751439e-02 -1.920068262336e-02
-6.577481549804e-04 2.773465353417e-04 -4.545406699658e-03
Mode 22
-5.034845822586e-02 1.656331182010e-02 -1.122839616414e-01
5.961434189132e-02 5.199455153993e-02 -3.527956953690e-02
1.144539852624e-01 -1.244343017941e-02 -2.192916768580e-02
1.915213835482e-01 -3.448316299536e-02 -6.468942707698e-03
9.850103325919e-02 9.382995289692e-02 -2.889870051235e-02
-8.081469920835e-02 -2.422842920471e-01 8.716185495405e-02
-3.741002636221e-01 2.525881264107e-01 1.763589436032e-01
3.753291751357e-01 -8.086012859992e-02 -1.402280343669e-01
8.802728925009e-02 -3.106196548361e-02 -6.938020188602e-02
4.542674991744e-02 -3.439015382571e-02 -2.012529778141e-02
4.672363212416e-03 -8.167562176474e-02 -3.298458560152e-03
-1.646926966387e-01 6.721798737343e-02 6.460190749242e-02
-1.735382724763e-02 -6.624922576524e-03 2.201398093269e-02
-7.102517343656e-02 -1.506703859881e-02 -6.906876075230e-02
-4.436231423530e-02 -1.466129801514e-02 -2.713645372054e-02
3.175912623828e-05 -5.146545731341e-03 2.548160837298e-02
-1.027609666051e-01 1.424505655554e-02 3.215662822524e-03
-1.329163545076e-01 7.898492385240e-02 4.774536378395e-02
-5.018617248128e-01 1.283470409425e-01 1.958649685785e-01
-9.356163729950e-02 3.576816848466e-02 5.892721677217e-02
5.003168582646e-04 1.778381885302e-04 -2.149436950634e-03
Mode 23
5.394071199666e-03 -9.633975639534e-03 4.031915596089e-02
-3.247504314239e-02 -2.237755360622e-02 1.490234557171e-02
-6.081353498776e-02 5.492251362176e-03 1.850965666217e-02
-8.215227667724e-02 1.390819148499e-02 1.475945307122e-02
-2.881673913917e-02 -4.263406470561e-02 3.070547879870e-02
6.283898387647e-02 1.575283798915e-01 -4.450516258434e-02
2.023769326820e-01 -2.125998886021e-01 -1.289941604626e-01
-3.437605546790e-01 6.662404833946e-02 1.141625039053e-01
3.517035247063e-01 -1.149845421065e-01 -1.032132686584e-01
1.185964497295e-01 -3.784613289690e-03 -3.271840388360e-02
1.095269995578e-02 1.150281530267e-01 1.044908937266e-02
-1.207870728249e-02 -3.699532944507e-02 -5.320014333328e-03
5.479570903179e-03 2.724420214162e-03 -1.445661502763e-02
3.622115716062e-02 8.716694431361e-03 3.386669220997e-02
1.820772464021e-02 7.862079958562e-03 4.624383608747e-03
-5.870568211996e-03 1.776019510207e-03 -2.474395777883e-02
6.630596552387e-02 6.082082350783e-03 4.863331124327e-03
9.089603038138e-02 -7.736161550153e-02 -2.683606295171e-02
-5.554088970612e-01 1.737833567322e-01 2.336876872062e-01
-3.151840722166e-01 9.872248648913e-02 9.539245186270e-02
-1.537429766187e-04 -3.366765536602e-04 6.025939478120e-04
Mode 24
9.442752347246e-02 -6.117789980043e-03 -6.717688583663e-03
8.965671956590e-02 -4.743957897720e-03 -9.992527118879e-02
5.154572841719e-02 6.396991509181e-03 -1.041068528682e-01
-2.139339365790e-01 -9.249539797608e-03 -4.651546340717e-02
-1.307757048013e-01 2.927268894682e-03 -3.291140028952e-04
2.235681252738e-02 3.006160610463e-02 8.579941933498e-02
2.041760063436e-01 -5.977922147806e-02 3.794021261419e-01
-2.709829749127e-02 7.321380337205e-03 1.087037552848e-01
3.704634657539e-02 7.956750162433e-02 1.295757245269e-02
8.396907079024e-02 7.963151913966e-02 -3.553539425040e-02
-1.629464724540e-01 -4.314593893682e-01 -2.394025046728e-02
1.086681994287e-03 2.660422115861e-01 -2.461458148336e-01
4.109594696727e-03 -7.559907868022e-04 -5.508071637328e-05
-7.307639069271e-02 -1.926175698848e-03 -6.726719129784e-02
2.106594211648e-02 -1.060635903385e-04 8.036702373093e-02
1.378196488616e-02 1.300110398338e-02 7.562607001408e-02
1.005257721470e-01 -3.304908541183e-01 -1.509778237931e-01
-1.553501330865e-01 2.831834079489e-01 -6.873240482169e-02
-4.279819518172e-04 2.830039629070e-02 8.097653350714e-03
-2.515795430192e-02 1.145398461228e-01 1.669517584639e-01
5.694220896683e-04 2.717057041017e-04 2.179235993919e-03
Mode 25
1.050847415608e-02 -1.972375515503e-03 6.684845231512e-04
1.029921091982e-02 -1.099978479748e-03 -1.223852239317e-02
3.128783326423e-03 9.988114923741e-04 -1.387495979924e-02
-3.357943195780e-02 -4.851459311657e-04 -3.947215312141e-03
-1.680388749776e-02 -2.444701191288e-03 5.592869336990e-03
1.054602640700e-02 2.058584446948e-02 9.270018622243e-03
4.084917031129e-02 -3.892398182880e-02 3.588153056712e-02
-7.078224454528e-02 1.621501674870e-02 3.655839532032e-02
2.401052699978e-01 -6.699988677887e-02 -8.326307515748e-02
-3.958609466482e-01 1.624876486458e-01 1.517858154978e-01
7.969815126205e-03 -3.648850434437e-02 -1.364038842188e-02
5.022677736857e-02 -4.830949476042e-03 -5.558953766393e-02
4.472358817048e-04 1.018171633697e-04 -1.532007928191e-03
-6.972078248302e-03 3.741114450247e-04 -6.397169499204e-03
4.159874643626e-03 9.047910687945e-04 9.836527641566e-03
4.427779769947e-04 1.811739879469e-03 6.056880002614e-03
2.143652614608e-02 -3.931486686884e-02 -1.795692584972e-02
-9.133715354643e-03 2.710493857107e-02 -1.212165814095e-02
-2.587563286845e-01 6.138488003605e-02 1.111064091994e-01
7.161199111065e-01 -2.077950440294e-01 -2.474054063271e-01
1.076118132303e-04 -3.798105574038e-05 2.794438239342e-04
Mode 26
4.742808500982e-02 -4.389343507653e-03 -2.331713220724e-02
6.584077488595e-02 8.567952774211e-04 -5.348281908815e-02
4.681768993464e-02 3.942420835872e-03 -7.364181167289e-02
-1.475797503039e-01 -7.187284022086e-03 -3.972031546340e-02
-7.675476208583e-02 6.569906601751e-03 2.562213128572e-02
3.424977601738e-02 -9.659484623147e-03 9.467977475382e-02
7.797712064437e-02 2.586093210690e-02 1.814851669400e-01
-3.363626600967e-02 6.223659347434e-03 -1.502602530987e-01
-1.516163072286e-01 -1.570457846182e-01 -2.652983756825e-01
-3.008860266023e-02 -3.838424248652e-01 2.564228529427e-01
2.471943164782e-01 4.103740150803e-01 3.013353551585e-01
-4.197206035799e-02 5.157195327897e-02 -1.431165737808e-01
4.180422645364e-04 -8.335964947396e-04 -9.184939348218e-03
-5.720981364892e-02 -4.594708902521e-03 -5.309081190370e-02
7.264218345943e-03 -1.903628962067e-03 4.177120180311e-02
3.609323857956e-03 8.545728505239e-03 3.717717956620e-02
8.364223790320e-02 -1.059458291837e-01 -8.706547593104e-02
-1.106731418223e-01 1.338611769730e-01 -2.422528295052e-02
5.665544446660e-03 2.273506047386e-01 -1.495599745082e-01
-9.582495020799e-02 -1.972664571487e-01 -1.150690811481e-01
2.061311172676e-04 2.026595792101e-04 1.275252833781e-03
Mode 27
-7.633941837544e-02 2.138987997072e-03 6.139904599971e-02
-7.881305762798e-02 3.988502668296e-04 5.654358633966e-02
-3.994541193222e-02 -3.314126995051e-03 8.207790551779e-02
1.915769897524e-01 6.526465883040e-03 5.875812494657e-02
6.938164873436e-02 -6.831157498772e-03 -6.217080132126e-02
-5.952400036371e-02 1.712373436470e-02 -1.504444039141e-01
-8.743019112845e-02 -6.578805870663e-02 -2.035918437307e-01
-8.045671164332e-02 -1.754319290685e-02 -7.776512741306e-02
-5.083872473096e-02 -1.396225067128e-01 -6.926161531800e-02
-6.004216256092e-03 -2.256924631371e-01 2.003470392267e-01
-2.637373963505e-02 -2.976459377831e-01 1.869258888690e-01
1.779264184768e-01 6.741008647468e-01 -1.331952608871e-01
2.729854897280e-03 5.439926846574e-04 2.161921061264e-02
9.631138464513e-02 4.733162866437e-03 9.506129287015e-02
-2.226633765541e-03 7.845657268254e-03 -6.676151857927e-02
-5.835011416607e-03 -1.475743640440e-02 -6.668947068463e-02
-9.020402933294e-02 6.646955628457e-02 6.306612844980e-02
9.457562564439e-02 -1.249402047784e-01 3.737974911485e-03
-1.789154361666e-02 3.085909126843e-02 -3.161229412760e-02
2.729842718479e-02 -6.003412275162e-02 9.600677113651e-02
1.215100035165e-05 -1.521115204288e-04 -1.346389214459e-03
Mode 28
-3.285588721950e-01 2.134000122681e-02 2.288634765994e-01
-6.833651839536e-03 -2.613601398154e-02 2.140673421944e-02
2.419603697491e-01 9.334028086480e-03 -1.094867405120e-01
9.716408549220e-02 1.019996240769e-03 1.304954962123e-01
-1.229380133930e-01 -4.883664386388e-03 -1.263508845719e-01
-1.691626521431e-02 1.626909893004e-03 -1.769853940033e-01
2.223906879998e-02 6.735427191761e-02 1.656210649134e-01
2.584534471118e-02 -4.828148472757e-02 6.381546381618e-02
4.504997672663e-02 9.181580110555e-03 1.226147473054e-01
7.870418041218e-03 1.668367058417e-02 -1.395628794842e-03
2.145766770751e-02 6.802163908399e-02 5.929874144658e-03
-1.230989903185e-01 -1.216167842401e-01 -2.215896964384e-01
1.417836905385e-02 2.530727319560e-04 3.172879294954e-02
3.678607965614e-01 1.349527061350e-02 3.647436081314e-01
-8.836809385309e-03 3.761058008424e-02 -3.228729061963e-01
-9.759145368489e-03 -7.641206761934e-02 -3.112494082763e-01
-1.397723783861e-02 -1.137970661226e-01 -2.793302622993e-02
2.841253073296e-02 1.758233794124e-01 -3.913717869045e-02
2.151593217749e-02 5.193099659917e-02 2.676734728089e-02
-3.670288141885e-02 -2.656136867123e-02 -7.498178067913e-02
1.002190458759e-03 7.930845449295e-05 7.471461151287e-04
Mode 29
-1.691888130634e-01 8.536300096862e-03 1.147522976272e-02
1.454546825986e-01 -1.240137955680e-02 1.788794908818e-03
2.753848869862e-01 3.772406546286e-03 -3.234692884516e-01
-2.276817924980e-01 -5.557165575708e-03 2.677292535447e-02
-9.188311580106e-02 2.477382209139e-03 1.722630348611e-01
8.647233103903e-02 1.087360257891e-02 2.395775008124e-01
-7.152609003964e-02 -1.386593861245e-01 -1.660641691376e-02
-2.062108090906e-02 1.144769289419e-01 -8.311409501904e-02
-1.132279388487e-01 3.670818174076e-02 -3.443033078647e-01
-1.296657908043e-02 1.142330783952e-02 -3.930900654712e-02
-3.686169293394e-02 -6.742487164407e-02 -4.843428920718e-02
1.912797461694e-01 6.181318110753e-02 4.506447165340e-01
-2.076059678952e-03 2.711074500907e-04 -5.666422421184e-02
1.122462609909e-01 4.361256656769e-03 1.046879183425e-01
-1.996536896746e-02 1.143257613902e-02 -1.637083068616e-01
-1.635345248669e-02 -3.087343854504e-02 -1.573058100820e-01
2.397170985676e-02 1.941366067538e-02 -1.563299210620e-03
-1.021923467200e-01 -1.641437407507e-01 6.055555042657e-02
-4.249319885348e-02 -3.653075409596e-02 -9.699705647940e-02
9.083764377561e-02 8.704061169476e-02 1.784445253986e-01
-4.828496197161e-04 8.000998189446e-05 1.489781764497e-03
Mode 30
4.090193629670e-02 -9.276310649078e-03 7.105319413529e-02
-1.211385469122e-01 1.082626718568e-02 -1.046385672399e-02
-1.462820175813e-01 -2.263596102265e-03 2.161163201198e-01
2.691733398886e-01 1.943205847935e-03 4.340196396940e-02
2.537988510574e-02 -2.109452875916e-03 -2.302540602314e-01
-1.365076121417e-01 4.654373557514e-03 -2.577806831512e-01
7.482467423817e-02 -1.128007548175e-01 1.610210323470e-01
2.108812865401e-02 1.202923619244e-01 4.089318680825e-02
-3.903824225491e-02 1.949639535391e-01 -3.202512111781e-01
-7.490770507109e-02 -1.023011454929e-01 -1.071257034327e-01
-6.724441118037e-02 -5.822945005806e-02 -1.195260894429e-01
1.150144590600e-01 -1.096938289107e-01 3.853056361340e-01
6.507306293326e-03 -8.697368525139e-04 6.915825394916e-02
2.726616437693e-02 6.789055780118e-03 3.228291286591e-02
2.611524906759e-02 8.078835853114e-03 4.678774079680e-02
5.938058362350e-03 2.886848743035e-03 2.745090439482e-02
-6.238381593438e-02 -2.283839913244e-01 -1.385401218324e-02
8.959164282913e-03 1.238571435818e-01 -4.394892475241e-02
2.710827677260e-02 3.937043306635e-01 -1.741440946327e-01
1.105798814492e-02 -8.662679016566e-03 2.025387966526e-02
1.002637665310e-03 6.147268890109e-05 -1.204792716967e-03
Mode 31
2.109449694572e-02 -1.724871816483e-02 4.416148065324e-02
-6.318928041886e-02 1.699434461389e-02 -1.163003217064e-02
-7.312956531292e-02 -1.882811675576e-03 1.242156985356e-01
1.461436618119e-01 -2.362304533306e-04 1.707426088941e-02
1.800573094257e-03 -4.197946819205e-04 -1.371067258513e-01
-7.751879592077e-02 -3.795700617721e-03 -1.425676495204e-01
3.532652800726e-02 -8.491760628024e-02 1.088146638454e-01
1.587401468656e-02 1.106372778963e-01 -3.516186555860e-02
-1.963790316689e-01 -1.920353517819e-01 -3.104958957958e-01
1.096621153536e-01 2.022462452879e-01 8.550976225129e-02
1.126123121721e-01 1.766725789216e-01 1.502788101515e-01
-4.634965604912e-02 -7.936071360737e-02 -6.242979698409e-02
3.990074354376e-03 1.243163112691e-03 4.073571438817e-02
1.427443886637e-02 8.939616757722e-03 1.835557042674e-02
2.553628982069e-02 9.576386281658e-03 3.368424231970e-02
-6.531086829268e-03 4.903964378481e-03 2.564919354570e-03
-2.449786803556e-02 -1.393077871936e-01 -1.813508315585e-02
-1.824020030842e-02 6.645874872166e-02 -2.224580443665e-02
-1.458072792465e-01 -5.895012766447e-01 2.901452372643e-02
1.655110059849e-01 1.913016967761e-01 3.113408695106e-01
7.547094709668e-04 -9.829502042807e-05 -5.485530072694e-04
Mode 32
-2.509256353524e-02 -4.406912015651e-01 5.431155613432e-03
-1.818371692856e-03 3.866529190769e-01 -9.923664743600e-04
2.013902645162e-02 -4.602627039509e-02 -3.229846228103e-02
-3.646635042300e-03 -1.947414619043e-02 2.319738533697e-02
-6.762230708105e-03 2.804474107852e-02 7.345357692833e-03
6.469939886430e-03 -6.986522850686e-02 6.111320354807e-03
-9.268205392061e-03 1.355104259432e-02 -3.304974775635e-03
2.765528960477e-03 -1.010636828492e-02 -4.307454801336e-03
9.171059307408e-03 3.608402282200e-03 2.303914943486e-02
-2.727647300815e-03 -4.215556521400e-03 -2.097755776930e-03
-3.752588399312e-03 -7.186351610286e-03 -5.770404857057e-03
4.594908740913e-04 3.691476261563e-03 -8.639599263622e-04
8.532662269300e-04 -1.180642501401e-03 -3.854238030838e-03
1.306511893318e-02 2.786315558784e-01 -1.241848312316e-02
3.810153518443e-01 1.693372558770e-01 3.426778789815e-01
-3.617701759618e-01 1.381827440586e-01 -3.521593832275e-01
8.964391391813e-03 1.576845941642e-02 -3.419435742840e-03
-9.217196901327e-04 -5.177919962823e-03 4.752374002480e-03
5.313536115177e-03 1.174391590742e-02 4.371698641653e-03
-7.767880884989e-03 -6.890162184601e-03 -1.331347693583e-02
1.848469546482e-05 1.155242598755e-04 4.698720123469e-05
Mode 33
1.028471181169e-01 1.132700304627e-02 -2.639570047660e-02
-7.528536809192e-02 -2.730024720883e-03 8.036236407034e-04
-2.750488916838e-01 -7.726053595826e-03 -6.279226555879e-01
2.174756739508e-01 6.015291294218e-03 6.508247020924e-01
2.106033666054e-02 4.282314706061e-03 5.930771413403e-02
-8.656722948791e-02 -1.371822207019e-02 7.238255492431e-04
6.455732017438e-02 3.671117808517e-03 -1.781671185121e-02
1.763375890487e-02 1.309097086822e-02 1.054254535464e-02
-1.331784671547e-03 3.829063301157e-03 6.200788027357e-05
-2.783561718753e-04 -3.672344577874e-03 2.731476721190e-05
6.676612056464e-03 9.572503047759e-03 1.044681461537e-02
-1.653774233338e-02 -1.798767504294e-02 -2.598673302715e-02
1.744959754092e-02 -8.874055137743e-04 -3.859395457981e-02
-1.869873043660e-02 -1.274413323321e-02 -3.497791359356e-02
6.369949999546e-03 -9.592790564184e-03 7.959587354798e-02
3.046856373546e-02 9.381421967701e-03 1.008564703772e-01
7.820745160841e-04 -9.639647860449e-03 2.942904815824e-03
2.776767666977e-02 3.133159940660e-02 -2.052393760451e-02
4.082725958330e-04 -8.103991669857e-03 1.332274678404e-03
-5.486235483221e-03 -5.842778993492e-03 -1.097319621464e-02
-5.325255887621e-04 6.265760332125e-05 -1.137657165540e-03
Mode 34
-9.862617920542e-03 -2.506778009170e-03 -2.690999941027e-02
-3.474032426348e-03 1.169394806130e-02 4.387678287759e-02
-1.688040247627e-02 -6.034421286198e-03 -3.528789364691e-02
-1.877096244918e-01 4.278930979088e-03 -2.106390207216e-02
2.531691400027e-01 -2.925663368593e-03 3.752528065987e-01
1.584002247805e-01 -5.865257536821e-03 -1.382441930994e-01
-1.347024997807e-01 2.178932276127e-02 -5.872852403684e-02
8.480292015943e-02 -8.654128074069e-03 2.225788484011e-01
-5.293317884786e-02 -1.013571576554e-01 -4.179663707285e-02
-4.944366437077e-03 -6.758123547114e-02 3.885574753109e-02
-1.488544111652e-02 1.134490062445e-01 -1.256717364966e-01
-7.708311654369e-02 -6.046462295926e-02 -1.652213823799e-01
-4.651162737030e-03 3.072732021983e-04 -7.214599518875e-02
2.669949931934e-03 -1.616795511079e-03 -4.267564567396e-03
-2.280610860708e-03 -8.191140882615e-04 7.628172033662e-03
-5.956754893100e-03 2.251907410446e-03 -8.213991691823e-04
-3.620546239480e-01 -1.542010403520e-01 1.673612316684e-01
2.870131483100e-01 1.482828514451e-01 -8.317017889518e-02
4.214410698141e-02 2.415860392421e-01 -8.583792698808e-02
1.790614181964e-01 1.287494845500e-01 3.597658945052e-01
-2.527218730655e-03 -2.538002228323e-04 -7.820962008378e-04
Mode 35
-1.342318825831e-02 -1.153404572519e-03 -1.140698816883e-02
1.355271093427e-03 6.800929690642e-03 1.547709275027e-02
8.079219724000e-03 -3.600066370922e-03 -1.136152795553e-02
-9.484949754768e-02 1.085095569196e-03 -2.504054277717e-02
1.507614647270e-01 -7.774771625786e-04 2.127887979411e-01
5.385553965660e-02 -1.150070365482e-02 -7.939951390851e-02
-6.224418075798e-02 -1.328178414773e-01 2.545460780332e-03
1.029523896320e-01 3.225998935903e-01 7.668558867677e-02
3.588451076142e-02 2.910989400658e-01 -1.528624469831e-01
-4.755234885090e-02 -3.517109109289e-02 -1.002841671846e-01
4.324027807265e-02 -1.724581567937e-01 2.638893092963e-01
-2.287111730648e-02 -2.897400210201e-02 -4.914070840497e-02
-3.907918177351e-03 5.736941506031e-04 -3.867896221802e-02
1.236876689035e-02 4.190025157189e-04 7.114383671114e-03
2.008205629528e-03 2.997570074982e-03 2.102960737957e-03
-1.170772907320e-03 -2.289144188368e-03 -2.050869426314e-03
-2.896684157714e-01 -2.395822641645e-01 1.120280183016e-01
8.442293113287e-02 -1.765425258417e-02 -9.233159814157e-03
-6.630082721631e-02 -2.988299253227e-01 5.299687730504e-02
-2.271285934983e-01 -1.891779083263e-01 -4.417794657490e-01
-1.336351769376e-03 -2.423053113719e-04 -5.534281773911e-04
Mode 36
-7.686277017807e-03 5.185130356984e-03 1.286731813641e-01
-1.605161292765e-02 -1.204640828400e-02 -4.187812473632e-01
-2.616628158664e-01 3.197338607790e-03 9.677190502569e-02
-1.341699283024e-01 -1.559626639506e-03 1.031532672151e-01
1.922400419940e-01 3.643342025244e-03 2.074846924971e-01
3.867392434847e-01 -1.112234620767e-03 -2.953354686013e-01
-1.604890874594e-01 9.141267349793e-02 1.713341314507e-01
-1.391290258659e-01 -1.951507968000e-01 -2.086835276224e-01
-2.071141721665e-02 -1.006749682890e-01 3.181858401545e-02
5.728372064125e-02 1.693281078138e-01 1.316882476330e-02
-1.858429102605e-03 -1.698077228624e-02 1.250960695340e-02
7.300134077160e-02 4.652038448174e-02 1.559283420661e-01
1.689120354910e-03 -4.995498091123e-04 -3.229702014499e-02
1.510324500902e-01 4.692691619914e-03 1.391159190321e-01
8.387233191245e-02 5.461174269984e-02 4.918939694312e-02
8.045459675840e-02 -5.573128736496e-02 5.708433838062e-02
4.570219110706e-02 1.791170056916e-02 -4.510014005263e-02
-2.244953020022e-01 -6.200382714108e-03 6.062663946167e-02
6.875535317063e-04 -7.046489923263e-03 -1.210382924715e-04
-4.587276397560e-02 1.763346132980e-03 -1.209892618348e-01
-1.763947267846e-03 7.085058575570e-05 -8.100969775179e-04
Mode 37
-1.688515147495e-02 7.360090177396e-05 5.919136802269e-02
2.312941467703e-02 -9.133773930557e-03 -2.719455882886e-01
-1.265435023095e-01 2.486319987530e-03 6.082712556317e-02
3.273903701161e-02 -2.129801129811e-03 3.614121101379e-02
-5.251680925206e-02 2.466227548242e-03 -5.689050501483e-02
1.342490074769e-01 -2.292599216480e-02 2.498858425346e-02
-3.600065489240e-02 -6.435889202766e-02 -2.882598910738e-02
1.797354449812e-01 3.371142374291e-01 2.439682049366e-01
9.722623036247e-02 2.114936933500e-01 6.616649709995e-02
-1.183054762185e-01 -3.813294034949e-01 1.750832121740e-02
-1.573871400085e-02 7.019490681152e-02 -1.093395929653e-01
-9.684319734313e-02 -4.631523988749e-02 -2.056752628974e-01
1.414477594218e-03 -4.532631456253e-04 1.131695305741e-02
9.095035944243e-02 1.189807899578e-02 7.968426452746e-02
6.065032405417e-02 4.224269586869e-02 2.933324987771e-02
5.403001596556e-02 -4.086576745079e-02 4.330146948341e-02
5.787950170900e-02 4.648041213862e-02 -2.162476690264e-02
-3.509117311923e-01 -3.278681048573e-01 1.522899830581e-01
1.050231240969e-02 -4.287489416970e-02 5.652475942796e-02
9.635665630382e-02 -1.468583785158e-02 2.669443196918e-01
1.945524784173e-04 2.023576174606e-04 1.060054056335e-04
Mode 38
-9.154652844411e-02 -8.321173173253e-04 -6.026776685485e-02
7.330342134847e-02 -2.995705514419e-03 -1.919093367553e-01
-2.850243467963e-02 5.022562377178e-04 2.384511002443e-02
1.402735455661e-01 2.153729377771e-03 -7.223526415224e-02
-1.303740104518e-01 -3.561059729616e-03 8.083400926165e-03
-1.273856654996e-01 -5.628604195618e-02 2.542338883175e-01
2.741080219565e-01 2.220820418817e-01 -1.950356309788e-01
4.169987086558e-03 4.836962376866e-03 1.626978708873e-01
-1.128205032172e-01 -2.941718903540e-01 -6.946759081837e-02
7.066565931992e-02 2.804715880456e-01 -5.176016467455e-02
2.343331241746e-02 -7.018155584983e-02 1.179855449377e-01
-2.570457610220e-02 -2.943821644220e-02 -4.896035983480e-02
-1.005292771042e-03 -2.933059075515e-04 2.732701858656e-03
1.479919520234e-01 1.100119354725e-03 9.755207265746e-02
9.010179395253e-02 8.133871132503e-02 1.057299972528e-01
8.637672667120e-02 -7.700413539379e-02 1.149572920511e-01
-3.347537217806e-01 -1.825572033229e-01 1.521167865581e-01
-2.030844832403e-01 -2.099209841641e-01 8.984565448770e-02
1.622109728615e-02 2.038158476220e-01 -1.006348856929e-01
-2.856049772318e-02 5.124397140518e-02 -1.200244657169e-01
1.914290714355e-04 1.558841088493e-04 3.727213489582e-04
Mode 39
-9.389963216025e-02 -6.956092215026e-03 -6.334494356766e-02
8.839958099654e-02 -1.975422154006e-03 -2.396110952303e-01
-1.321746445397e-01 -3.306836299893e-03 4.133372260186e-02
1.325918956106e-01 3.248171388330e-04 -4.808553261891e-02
-2.222748360815e-01 -7.465628382726e-04 -2.983023300506e-02
1.435195832117e-01 6.185468257733e-02 2.608189802602e-01
-2.869223435488e-01 -2.472083747001e-01 -1.546286713888e-02
1.485654844005e-01 1.435068115385e-02 1.979178516876e-01
-6.313003974529e-02 -1.392704118634e-02 -1.306666615452e-01
-1.718578689534e-02 8.140909446939e-02 -1.102964064330e-01
3.546447659209e-02 -6.030731142730e-02 1.477077871859e-01
-2.628968776475e-02 -2.296496410523e-03 -6.051437429909e-02
2.665947149531e-03 5.879363784910e-04 4.429623905188e-03
1.531409943464e-01 2.842308733637e-02 9.835700404978e-02
1.191603918346e-01 1.005069888241e-01 1.067314684481e-01
1.080228339594e-01 -9.274142648989e-02 1.524415339830e-01
2.084280770579e-01 2.680957867869e-01 -3.272864328382e-02
3.811004703391e-01 2.316069566646e-01 -1.555922085637e-01
-1.500360783283e-03 5.815690813520e-02 -6.490400267691e-02
-1.155245613641e-02 2.119338178016e-02 -5.199885572884e-02
3.376982382768e-04 -8.274874496255e-07 1.173952744605e-03
Mode 40
1.897659131637e-01 -4.459498376388e-03 2.853406361904e-01
5.684069673679e-02 -1.003142537066e-03 -7.516690483643e-03
-1.659313650063e-01 -9.250386835279e-04 2.048648979986e-03
1.169244674919e-02 6.165610012023e-04 5.696337662209e-02
-1.126142728932e-01 -2.126759960809e-03 -1.179628826088e-01
2.640384837527e-01 6.165295963442e-03 -2.172547085175e-02
-1.290748306111e-01 2.022506087778e-02 -2.007902476208e-02
1.014725304749e-01 6.068049335219e-02 2.319582763608e-01
-9.095475383250e-02 -1.696206486662e-01 -1.003208331755e-01
1.811516353848e-02 1.801459617789e-01 -9.870532557397e-02
3.091900425691e-02 -8.081489236519e-02 1.466540598351e-01
-3.538991443628e-02 -1.919789310968e-02 -7.781810933991e-02
4.690174912839e-03 7.289970257842e-05 1.498256242044e-02
-3.709155363003e-01 3.828130807875e-02 -2.055974074156e-01
-7.981536959222e-02 -1.118859850601e-01 -3.613423745661e-01
-9.643529269247e-02 8.959198479348e-02 -3.432179133095e-01
3.035309567682e-02 4.636242063707e-03 -6.430571761031e-02
-7.975222113565e-03 -1.489927099029e-01 8.184408390401e-02
1.118664108613e-02 1.520191405170e-01 -8.898313988534e-02
-1.791901392209e-02 4.077621735197e-02 -8.145780294964e-02
4.141729491410e-04 1.248531636050e-04 5.058613978885e-04
Mode 41
3.322590640124e-02 6.166849061248e-03 1.922863203863e-01
1.680359848295e-01 3.612722146810e-03 -2.808176939223e-01
-2.154106462932e-01 -3.395087085079e-03 1.989312230415e-02
2.502395565031e-01 2.447660105243e-03 -1.112420086134e-01
-2.662172616775e-01 -3.727048713423e-03 1.347021303085e-01
7.815870290522e-03 -3.570442259729e-03 2.573538843869e-01
6.694066632250e-02 5.957660707263e-02 -2.368450425349e-02
-1.412232420292e-01 -7.636978174041e-02 -2.686415853041e-01
9.140247070822e-02 1.636882304916e-01 1.060787902518e-01
-3.085002978576e-03 -1.674291800055e-01 1.264364712364e-01
-3.998126664115e-02 8.052598403782e-02 -1.699059535925e-01
4.489360559103e-02 2.035654575309e-02 9.049031683682e-02
3.030336816446e-03 5.385036364794e-04 -1.169613184218e-02
-1.750323066127e-01 -4.937949878543e-03 -7.098534937824e-02
9.581920546926e-02 4.457109751454e-02 -1.747360543816e-01
8.890659057171e-02 -7.066894223106e-02 -1.917964831297e-01
-2.451020537539e-01 -1.976357440468e-01 8.361256249718e-02
2.076570340825e-01 1.165803610618e-01 -5.544204531890e-02
-1.062990945821e-02 -1.572768338055e-01 9.125473331378e-02
9.916738022426e-03 -4.684042498736e-02 6.695921584067e-02
-1.195670435457e-04 -9.097295964740e-05 1.296307347855e-03
Mode 42
2.486713361133e-02 -1.574375333786e-02 1.825539531701e-01
3.911926374771e-02 -7.752853026389e-03 -2.121778246194e-01
1.492217161251e-02 -8.137358106445e-05 8.957660959402e-03
5.970185138765e-02 -3.232680136741e-03 -9.047705383003e-02
2.244367072264e-01 7.603553156285e-03 3.647690666317e-01
-4.865697425697e-01 -9.149104160628e-03 -8.010312195518e-02
1.667911947632e-01 -1.659018663746e-01 -1.744120842835e-02
7.010766418986e-02 9.693883830698e-03 8.368110923679e-02
-1.903678903404e-02 -9.682101024555e-03 -3.509588786665e-02
-1.468815212475e-02 2.363096357187e-02 -5.827011963726e-02
1.796423437277e-02 -1.862622633924e-02 6.143788984773e-02
-1.552317828115e-02 -2.080331415749e-03 -2.845825070607e-02
-5.232809634143e-03 -7.893412645223e-04 -3.799884830336e-02
-1.246695261254e-01 9.039886700403e-02 -4.395382536727e-02
8.204600074780e-02 3.170178371009e-02 -2.074838119729e-01
4.892766360385e-02 -4.122861074674e-02 -9.517309438494e-02
1.418782207173e-01 3.448136677274e-01 1.792965210698e-01
-2.689496455202e-01 2.041740634655e-01 -1.533222298833e-01
2.056151178025e-03 2.983226558952e-02 -2.202340833835e-02
3.642233382120e-03 1.445409153710e-02 -4.432608176441e-03
-1.528170273877e-03 1.413923293188e-05 -1.068003713231e-03
Mode 43
1.438512092665e-01 3.180631308350e-02 -1.968378355602e-02
-4.062077353516e-02 1.557673437556e-02 -4.173409622318e-02
-1.053112543598e-02 -1.943746669014e-04 -4.285946894349e-03
1.149463418293e-01 7.424239937182e-04 -3.735754315912e-02
-2.335606998221e-01 -2.699768018027e-03 5.258261156123e-03
2.269298918873e-01 -1.382680283716e-02 2.887984846438e-02
4.374030358188e-02 -1.148745713764e-01 -3.041086320581e-02
-6.556584443579e-03 -1.315923104274e-02 -1.643388248815e-02
5.051752582122e-03 2.228687572404e-02 -1.961880833251e-03
-1.302282063753e-03 -1.067556844520e-02 2.832036800134e-03
-2.651530543838e-03 -3.128325417222e-03 -4.596120368876e-03
7.546054852198e-03 9.041147966482e-03 1.101866176524e-02
7.001115333119e-03 -6.258267167872e-04 3.949839546226e-04
1.600503950927e-01 -1.690097696678e-01 9.083878468288e-02
-3.698199201861e-01 -2.563528268829e-01 1.776112762709e-01
-3.146629900951e-01 2.700440283386e-01 -8.594062653909e-02
-1.855004334120e-01 2.064716025388e-01 3.404179606560e-01
-2.761443089621e-01 2.431643455715e-01 -1.744391750114e-01
-5.109206585689e-03 -1.730563326550e-02 6.319836319988e-03
-1.259095820281e-03 -4.242397996927e-03 -1.524087171666e-04
4.447128954818e-04 2.460852617889e-04 1.170197394814e-03
Mode 44
8.781933462558e-02 -5.764146243413e-03 -7.255081385122e-03
-1.102841734504e-01 -3.549330982965e-03 -3.924548790802e-02
5.458008650136e-02 1.418533697362e-04 -5.898670083564e-02
3.294765913554e-01 8.315776880861e-04 -2.246698434784e-01
-2.674743756375e-01 7.058501083066e-04 5.401741798478e-01
-1.253992714405e-01 1.422340825317e-02 -1.851695148277e-01
-4.477548263708e-02 8.249236899166e-02 7.351053356836e-02
1.476709718543e-02 2.139873090018e-02 3.385400929571e-02
-9.262283631778e-03 -3.142618952723e-02 -1.903059702612e-03
-1.531339006306e-03 1.864712284560e-02 -1.578500421538e-02
5.323500612316e-03 -5.779304872540e-03 1.751878238908e-02
-8.700699965677e-03 -9.025399769756e-03 -1.593043750375e-02
1.260769157373e-02 1.266242165546e-03 -5.686067109092e-02
1.040668597775e-01 7.148817760926e-03 5.421853613580e-02
-1.729254807333e-01 -1.256508718864e-01 6.280941675910e-02
-1.715670677031e-01 1.497391414611e-01 6.275454856269e-02
2.216682966396e-01 -1.368142608988e-01 -3.048499355317e-01
1.510986551119e-01 -2.176130103323e-01 1.622066710350e-01
6.891479287662e-03 2.779705439819e-02 -1.134982570352e-02
1.472777535192e-03 8.114897157392e-03 -1.794826682908e-03
-1.415070382566e-03 -2.642519241841e-04 2.078742989737e-03
Mode 45
2.999977950604e-02 -1.624922746967e-01 -2.618789766171e-02
-8.173548507409e-03 -6.860484339994e-02 1.430053305076e-02
-1.144796416347e-03 4.014578750713e-03 -5.098601391515e-04
6.238155815171e-03 -5.630885150492e-04 6.604745260320e-03
-5.598774151449e-02 -1.941984439738e-03 -4.814309342744e-02
8.711648918875e-02 5.894593600081e-03 2.454544628487e-02
9.437541176110e-03 -8.677481337819e-04 -6.693386508057e-03
-2.428283235328e-02 -1.581910661139e-02 -3.811679840675e-02
9.110346485934e-03 1.713494458733e-02 9.858222553369e-03
5.565473972059e-03 -1.543371451712e-02 2.571346047280e-02
-6.654054230517e-03 1.215169633809e-02 -2.591111931484e-02
6.759265624394e-03 2.839559325378e-03 1.470725495880e-02
1.267385171338e-03 2.713250628370e-04 5.111880182049e-03
8.474826017768e-02 6.662608551434e-01 -3.598144488599e-03
4.010343421444e-05 -5.799691573475e-02 -4.141093629291e-01
-2.032407283293e-01 1.534177073060e-01 4.917707528755e-01
-8.296642647963e-02 -1.089753398984e-02 6.826162718075e-02
-3.332100624967e-02 3.945393830062e-02 -2.619861817739e-02
-3.003751271959e-03 -2.048141070722e-02 1.057092289122e-02
-4.141960208118e-04 -7.423241989974e-03 3.820987572954e-03
2.607202683139e-04 3.818145441168e-05 2.497882631958e-04
Mode 46
1.025084685602e-01 1.779285861664e-03 1.056510676295e-01
1.133235562143e-01 1.354814149782e-04 -4.176048821151e-01
-2.970628724343e-02 -4.363546374733e-04 9.080164521539e-02
-1.983927549657e-01 -6.749115781843e-04 1.265271087932e-01
3.810747699645e-01 3.288690233174e-03 -1.778616599002e-01
-2.921895944301e-01 5.627569300153e-03 2.725124448439e-01
2.042443072564e-03 4.797163050177e-02 -4.632530073654e-02
2.822790634771e-03 -1.577002855128e-02 -2.191918326421e-04
2.453949397066e-03 1.513602222220e-02 -3.944188156374e-03
-3.637659146317e-03 -9.115176440419e-03 -3.017070577902e-04
3.689571176093e-03 1.091566578227e-02 1.264777297296e-03
-1.220543002702e-03 -3.575087267552e-03 -4.060535586784e-03
-1.668739558970e-02 -9.823584609189e-05 1.949248445184e-02
1.603826636755e-01 -2.361623707511e-02 1.214246014901e-01
-2.651279507578e-01 -1.964934233324e-01 8.868430259619e-03
-2.605937116630e-01 2.160473618528e-01 -5.610968418595e-02
4.904994332422e-02 -1.118604196864e-01 -1.505791860211e-01
2.687508203515e-01 -6.712701453658e-02 4.498354209604e-02
6.596396774631e-04 -6.863012780638e-03 4.601716201578e-04
2.266479428750e-03 -6.743748380623e-04 5.843051516126e-03
-2.369435877694e-04 -1.421031417756e-04 -2.409047141630e-03
Mode 47
-2.586195338342e-03 -1.196916902859e-03 -4.759018088141e-03
4.431062011016e-03 -1.288062194316e-03 1.440882612369e-02
-6.153153508283e-03 7.658382611074e-04 -1.669898300618e-03
2.543653797028e-03 6.568079392158e-04 -3.284892157984e-04
-1.356168506325e-02 -9.900189159709e-04 -4.668328855988e-03
2.086465757223e-02 -4.624712699698e-03 -4.462494650271e-03
6.345140284484e-02 1.487367184416e-01 -2.409326767165e-02
-1.303666230455e-01 -3.887092231758e-01 3.623838736833e-02
7.864756465704e-02 2.461272601049e-01 -9.700495520995e-03
-2.619175484683e-01 -1.357720537254e-01 -5.745132007234e-01
1.890073302882e-01 5.745853027041e-02 4.495234737784e-01
2.386281173981e-02 5.553604098252e-02 1.265545677440e-02
-6.224264517829e-05 -1.581275803795e-05 4.914130246247e-04
-1.459436462900e-03 3.830271029902e-03 -2.191540473697e-03
2.074812186610e-03 1.420683616397e-03 -2.398941594406e-03
7.389665664406e-04 -1.059324282173e-03 3.262426522155e-03
-4.747425490726e-02 -3.054342632407e-02 5.740010119810e-04
-2.473328026375e-02 -1.916835015843e-02 2.652004697141e-02
-4.149966649568e-03 -3.926156051466e-02 2.747202040785e-02
1.137519094666e-01 1.210063752961e-01 1.979796346554e-01
1.013745642682e-04 -2.648590601782e-05 6.312129446855e-05
Mode 48
1.586271334150e-01 4.528772454672e-03 1.423825584034e-01
-7.623843642702e-01 -1.252007796314e-02 -2.963819259494e-01
4.489284336719e-01 3.823717439233e-03 -8.862329018425e-03
1.294371817013e-02 1.369850692206e-03 6.720371120898e-02
-1.072479491380e-02 -7.488390777096e-04 -2.456643696116e-02
1.029020923809e-01 5.951704555315e-03 1.594633364779e-01
-1.166355955959e-02 -1.304314250777e-03 -4.383882460817e-02
-5.943756633573e-03 -8.816497639467e-03 -3.111989640514e-03
6.889552111685e-04 4.350128464457e-03 -1.249805029877e-03
-1.071538313394e-03 -2.059907682665e-03 -1.680645860820e-03
1.096114409338e-03 1.494901706836e-03 1.722446074110e-03
1.569939768741e-03 1.795364349105e-03 2.672626493019e-03
1.047104654454e-03 3.558840673703e-04 -3.471205846452e-03
-1.117709969318e-01 3.292473515698e-03 -5.994336663397e-02
8.495126733411e-02 2.725625147599e-02 9.777804284780e-03
8.622996735316e-02 -3.090026927206e-02 2.207356280583e-02
-5.238283022306e-02 -9.872434730990e-03 2.465083272035e-02
5.320769079820e-02 1.507873180808e-02 -2.082662887618e-02
-1.248278894125e-03 -3.049612865908e-03 8.875821330368e-04
3.987272715126e-04 -6.858303061071e-05 9.118968731056e-04
1.143356341839e-04 -5.939961492466e-05 9.783279907956e-05
Mode 49
-2.526044188005e-04 8.534186362382e-04 -3.144134478117e-05
-2.115152287124e-03 -3.682957045107e-04 6.995937841039e-03
-1.189760768074e-03 4.243539814646e-04 -1.079116842724e-03
1.364528919294e-03 7.467274648809e-04 -6.602792190710e-04
-6.008413067887e-03 -1.233665213975e-03 2.829151770874e-03
1.184642711616e-02 -1.370897445001e-03 -1.146704311416e-02
3.267118402646e-02 1.492071082905e-01 -6.748878095463e-02
-1.181265435145e-02 -5.311967257615e-01 4.432835075081e-01
-2.829238401665e-02 3.561407359430e-01 -3.756283313390e-01
1.219489773579e-01 8.157765448960e-03 3.125873301617e-01
-6.115907236547e-02 3.685743332136e-02 -1.902797169041e-01
-5.952485921860e-03 3.868277857689e-02 -5.147784819561e-02
1.542847943816e-04 9.322951072337e-05 -2.509960036134e-04
-2.856889811772e-03 -4.178201548410e-03 -1.559868472154e-03
6.029483683859e-04 6.958828114656e-04 1.780750296617e-03
1.981494656615e-03 -1.324434359761e-03 -5.179436304348e-03
2.214338921270e-02 6.796573666743e-02 -1.178746780693e-02
-4.219552671461e-02 -5.487825171770e-02 3.696918615055e-02
-7.470945406071e-02 -1.506385090371e-01 -6.922741222338e-02
-6.565009083383e-02 -8.542662491125e-02 -9.955447461303e-02
3.181627479133e-05 1.009984329881e-05 3.982408568885e-05
Mode 50
1.538913646671e-01 -5.219867291477e-02 9.168826900068e-02
-3.821408025283e-04 -1.213742656714e-04 -2.947560297106e-03
-3.397804162835e-03 -1.307132932608e-04 -6.983302274378e-04
-1.738134232732e-04 1.092977455077e-05 1.659645558125e-03
1.427037515515e-03 -1.491804904193e-04 1.181663599976e-05
5.268418946730e-04 1.373335579736e-04 -1.135219486769e-03
-1.352427417957e-03 1.589202442841e-03 -1.018730749493e-03
-1.949881168819e-04 -2.752581449870e-04 2.087574026045e-05
1.891356690564e-05 6.416002428761e-05 9.090096684145e-05
4.030963726982e-05 3.403852911097e-05 1.890320554781e-05
1.731503134359e-05 1.010363236730e-04 -8.414676092372e-05
2.339569998986e-04 3.897682465382e-04 -2.194456060923e-04
-2.564835488439e-05 -9.978507435412e-06 1.816236820899e-04
2.030675741266e-01 -2.512820112023e-02 -2.967454384393e-01
-4.169490111713e-01 6.236418881121e-01 -3.244688681935e-02
-3.089879490174e-01 -4.186205768323e-01 2.398719760014e-02
4.551530421222e-03 -4.158289839838e-03 7.072241493163e-03
-6.260235357691e-04 -1.482020729064e-03 -3.986861327869e-03
6.316227048379e-05 -2.460117256469e-05 -9.316388219225e-05
3.401667472638e-06 -6.115599198279e-06 1.771001286979e-05
-8.401937026102e-06 1.308775070612e-06 -1.281910307049e-05
Mode 51
-3.541445248462e-04 -9.633064847704e-03 1.129495092599e-03
-1.265164291546e-03 6.813135033255e-05 3.336762539633e-03
7.975734186530e-04 -3.256602531399e-04 1.152433461022e-04
4.282877599495e-04 5.090698415176e-05 -5.325159369117e-04
-2.908869615746e-03 1.446649233623e-04 -1.367599262999e-03
3.651274274330e-03 7.205067780335e-04 -1.684148134897e-03
1.178595282971e-01 -1.917869009021e-01 -6.070296313133e-02
6.431127577418e-04 2.509682494096e-03 -1.130046388942e-04
4.884932724348e-04 1.029227288415e-03 4.153734409345e-04
-1.360731821331e-04 4.198061876081e-04 -5.485635306306e-04
4.333621121555e-05 -7.001377401296e-04 9.093328143103e-05
6.080381312138e-04 1.308768761672e-03 6.545716411715e-04
-1.596307997937e-05 7.651276910881e-05 1.879637986190e-04
4.619176876960e-04 -8.957641803623e-04 -1.965208685738e-03
-1.377482111775e-02 1.982877400399e-02 -9.705364585987e-04
1.227339099609e-02 1.464313909578e-02 -8.038119654990e-04
-3.900812075357e-01 2.943840056072e-01 -4.246638380894e-01
-2.314314260324e-02 3.512671817977e-01 6.335937876443e-01
-9.708728932934e-04 -9.336012994292e-04 -2.292565073295e-03
-1.026208338603e-04 -1.791866854677e-03 6.213415656639e-04
1.175825123618e-05 -4.060020661365e-05 -5.072561079980e-06
Mode 52
1.030770064652e-02 3.016584411542e-01 2.539218946184e-02
-1.121319837952e-03 6.981396955088e-05 -3.704545940124e-04
-1.751536186544e-04 8.637101113020e-04 -1.476048766886e-04
1.180234297148e-04 4.402527833460e-05 -1.993991927313e-04
-2.157144350169e-04 3.717992755046e-04 1.594281212941e-05
-8.535621416339e-05 -6.080062537323e-04 -2.913890932232e-04
1.092773115900e-03 -5.740701906693e-03 -8.076885487759e-03
-1.608641287242e-04 -6.073216978573e-05 -1.457203915229e-05
1.798087042278e-05 1.338756278861e-05 7.033172701927e-05
-1.727043101911e-05 2.865552686479e-05 4.898366486040e-05
6.540349706888e-05 1.036292754231e-05 -1.101688612368e-04
4.602694949004e-04 5.829362775941e-04 -3.484552688794e-04
1.750871039648e-05 3.233483432548e-05 -9.061312205282e-06
9.410251832597e-02 3.640783472394e-03 -1.429756369374e-01
3.314894509638e-01 -4.720003987053e-01 2.580192546389e-02
-4.583987063741e-01 -5.769173819037e-01 3.509710663224e-02
-1.802150438220e-03 1.872262188961e-03 -3.883311521748e-03
-1.180318062517e-03 1.732585717414e-02 3.136777338995e-02
1.426502156572e-05 -6.227906515178e-05 -1.016062604269e-04
-4.210955150150e-05 -3.681288302915e-05 5.641799369879e-06
-2.939487078928e-08 -3.112159806163e-06 2.202772260726e-06
Mode 53
-4.628931260046e-03 5.954118111233e-03 5.909178087023e-03
1.486007685585e-03 9.683237287478e-04 2.318399399968e-04
-2.788463515999e-04 -3.611790496929e-05 -6.009025313291e-04
2.112877318969e-04 -2.516815494981e-05 -6.541877226211e-05
-1.499537586785e-03 -9.500757413602e-04 3.465044658582e-04
-4.598053438288e-04 1.438581442998e-04 -1.198385525218e-04
1.179525130786e-01 -4.717387598210e-03 2.911778537658e-01
1.460939179101e-03 -2.237846283950e-04 3.382344269731e-03
3.048255766725e-04 1.810587528462e-04 -1.293431457542e-03
3.354336904523e-04 3.802788754121e-04 3.685884520167e-04
-4.833783431274e-04 -6.555824313541e-04 -4.732936197750e-04
-8.950967107550e-04 -4.743178761314e-04 -5.645973208381e-04
-1.333346800114e-06 -3.696953477507e-05 -1.619025837352e-04
1.326071836318e-02 -1.550215438066e-03 -2.081047100941e-02
7.299314108118e-03 -1.059127612090e-02 8.086796188661e-04
-6.688153249120e-03 -8.574568699618e-03 5.012585461284e-04
-4.270342631660e-01 3.287501769834e-01 -4.621570117646e-01
2.249584663386e-02 -3.113299612668e-01 -5.466337175284e-01
-1.727271478696e-05 7.087846840309e-04 9.838872626347e-04
-1.441693086123e-05 8.199872547566e-04 -6.076883794327e-04
-1.445097683083e-05 3.616349379316e-05 1.134839607369e-05
Mode 54
2.192880362214e-01 2.055330445290e-02 -2.110819172049e-01
3.813577116257e-03 -5.538477652241e-06 -7.013633627275e-04
-3.786542304997e-04 8.329448182665e-05 1.489215425483e-04
-7.868066395500e-04 6.285776920712e-05 9.006954256376e-05
5.022246600693e-04 -9.752377409440e-06 2.182287614577e-04
5.204942359963e-04 -6.023795948818e-05 1.164040543813e-03
3.129507134753e-03 -1.100472074465e-03 6.322952924963e-03
-5.394117546744e-05 -1.123264024871e-04 1.550999228664e-04
3.968028215047e-05 7.091614350767e-05 3.210266268907e-05
1.843458353804e-05 8.406768698357e-05 -2.693527985189e-05
5.137901794807e-06 2.507872714222e-05 -4.528247218712e-05
1.331488579011e-04 2.116536209120e-04 -1.824547727195e-04
-3.041737638419e-05 -7.425065540968e-06 1.215110412215e-04
-4.809048880061e-01 4.982749194059e-02 7.295247952158e-01
-8.958264255160e-02 1.458044540843e-01 -1.463605068449e-02
-1.983780977223e-01 -2.674024857558e-01 9.019952897071e-03
-1.170585973089e-02 8.748537899877e-03 -1.173729394337e-02
2.984128680946e-04 -5.241973398758e-03 -9.520394676159e-03
-1.923432092508e-05 -2.490206777694e-05 -1.104696167931e-04
-2.969138155272e-05 -1.679404436285e-04 8.018098567928e-05
-2.776416636588e-06 1.632217692024e-06 1.550964689203e-06
Mode 55
-5.678784643370e-05 8.683473761857e-06 4.032280185976e-05
-2.742274741534e-05 1.606454054988e-05 1.221612341410e-04
5.295670152222e-05 -6.134261844926e-06 -1.426277421273e-05
3.899241624097e-05 -6.100593906196e-06 -3.085015930090e-05
-1.234027068215e-04 -2.838054367500e-05 -4.305812407421e-05
5.450527863221e-05 4.894541987926e-05 -5.197093471578e-05
-1.621008577302e-04 3.696909377380e-04 7.142584325065e-04
-3.586061538178e-04 -6.667737564816e-04 -5.002335739540e-04
1.279911571459e-02 -6.351428538649e-03 3.704852778654e-02
3.399858214357e-02 2.621085157439e-01 -1.321117994591e-01
3.266156120340e-03 7.345351867458e-04 7.854185363478e-03
-9.085208198072e-04 -6.403834297657e-03 3.000939619740e-03
5.447189885518e-05 1.580337678819e-05 1.817746936731e-05
1.024071444828e-04 -1.197244321028e-05 -1.668889610353e-04
5.104783955535e-05 -8.609604467282e-05 5.365548950077e-06
3.580491002536e-05 5.515632498068e-05 -1.846894213255e-05
5.699591985555e-04 -3.291314021442e-04 4.847860056200e-04
1.466518480998e-04 -1.129939877610e-03 -2.000316166260e-03
-5.717071960220e-02 -1.767700915075e-02 -1.283825622657e-01
-1.120643430473e-01 -8.398301369533e-01 4.159873895485e-01
-3.365008561017e-06 5.165404874447e-06 -3.035452562700e-07
Mode 56
-4.494996978124e-05 -1.221901651286e-05 -1.136601971393e-05
-2.765611598704e-05 5.249767485212e-06 1.094344263691e-04
4.461396133465e-05 3.331978639772e-05 -7.887365649666e-06
1.692541924447e-05 -2.546142498916e-05 3.134447311917e-05
-1.401159493009e-04 -1.358521286949e-04 -7.749161748239e-05
-9.927781988474e-05 -3.383785321083e-05 3.451563544885e-05
5.717512445325e-05 -5.392614694368e-04 1.581649912858e-03
-1.181017517675e-03 1.507110662565e-02 -1.561776264046e-02
1.214742006348e-01 4.122492235911e-02 2.725640439696e-01
-1.080712365694e-02 -4.916749206738e-02 1.310694140188e-02
-1.412771221981e-03 -5.130082234977e-05 -3.874346164242e-03
-1.619543459849e-03 -3.247120031239e-04 -4.225093751497e-03
2.485952202172e-04 1.440541462335e-04 1.075420046519e-04
3.080885615964e-05 7.598754616068e-06 -4.976545690681e-05
6.531291992918e-05 -6.354498829398e-05 -1.043538349194e-05
5.091178133575e-05 7.248938992414e-05 5.325221323741e-05
2.182599273331e-04 -1.486747159732e-03 4.524652135018e-04
3.160978709379e-05 -1.224121519859e-03 -2.024696838697e-03
-3.848663467413e-01 -1.425781395876e-01 -8.477465032024e-01
1.774300284116e-02 1.235587065494e-01 -5.761873296082e-02
-5.282485753617e-06 1.714841037241e-05 1.039910296283e-06
--
Dipole derivatives 
Mode 0
2.698212526794e-02 5.503964447965e-03 2.519235974978e-03
Mode 1
-5.783793478071e-02 3.797336282659e-02 -3.052061695937e-02
Mode 2
3.991495119925e-02 2.827551990825e-02 -9.426756022913e-03
Mode 3
2.597456700590e-02 -6.647763874924e-02 -4.870525825002e-02
Mode 4
1.813841989828e-02 2.179989301325e-02 -6.068823454901e-02
Mode 5
-1.158376573448e-02 -1.853598241440e-02 3.342967776371e-02
Mode 6
-3.852129966377e-02 4.612621430113e-03 4.606149830684e-02
Mode 7
1.095405075316e-02 -2.622803250964e-03 -7.976628690372e-03
Mode 8
1.715059232579e-02 -1.506505015244e-02 1.946873579157e-02
Mode 9
1.620733679208e-02 -1.233709028987e-02 9.232712924362e-03
Mode 10
7.949171640355e-03 1.465069808783e-02 -2.561444577268e-02
Mode 11
-3.098841631434e-04 -2.807290141176e-02 -5.202872147536e-03
Mode 12
4.916961425597e-02 5.450797044915e-02 1.922181470506e-02
Mode 13
1.430554331155e-02 4.373477364135e-04 -1.970729250719e-02
Mode 14
-2.355131395450e-02 2.786889986723e-02 1.947827510170e-02
Mode 15
-9.178614331794e-03 -4.528913341131e-02 -3.135156853463e-02
Mode 16
5.499443055295e-02 -2.844766407757e-02 2.770775481467e-02
Mode 17
1.039773347464e-02 -1.407709884892e-02 4.847125066219e-03
Mode 18
-6.188243006870e-03 -2.174313646794e-02 1.807338751439e-02
Mode 19
6.581229023050e-03 2.328381858735e-02 -1.879913146544e-02
Mode 20
-7.226330910086e-02 2.144170042291e-04 4.406201151634e-02
Mode 21
-7.803899833143e-02 -6.893898550891e-02 1.543457368074e-02
Mode 22
-1.741017534108e-01 6.020877640577e-02 -5.609378310218e-02
Mode 23
-1.299483498251e-01 1.589331198852e-02 3.172211138848e-02
Mode 24
2.569267423681e-03 3.847933215060e-02 7.988987043299e-02
Mode 25
2.704409733699e-02 -1.479925971694e-02 3.350056978531e-02
Mode 26
-2.573518435193e-02 -8.513965844118e-02 -3.535243513605e-02
Mode 27
-4.028814500837e-02 -1.391768429803e-02 1.168438331806e-01
Mode 28
-3.210317384365e-02 2.546461059034e-02 1.611317422745e-02
Mode 29
6.570617872924e-03 3.769656396633e-03 -7.913586898677e-03
Mode 30
5.846497136021e-03 -5.500720277019e-02 -8.342892853166e-02
Mode 31
-4.608269652612e-02 -7.498704978926e-03 3.929552193129e-02
Mode 32
7.608906806637e-03 2.763632279878e-02 -5.024910237828e-02
Mode 33
3.562220115170e-02 6.323250767640e-02 2.900832901482e-02
Mode 34
7.172876797196e-02 1.774926847070e-01 9.912618120565e-02
Mode 35
-2.778730288789e-02 -2.088969873904e-02 1.135769044624e-01
Mode 36
2.065379377422e-02 -9.185082982845e-03 -9.158415085583e-02
Mode 37
-1.460115928512e-02 -9.964956954229e-03 5.525149403525e-02
Mode 38
1.875783800611e-01 6.937337181769e-02 -1.265482719130e-01
Mode 39
-8.872452043033e-02 -6.845270334158e-02 2.663218880605e-02
Mode 40
-3.544700938949e-02 -2.650791102358e-02 -5.740140591369e-02
Mode 41
4.908335361683e-02 -4.882535974534e-02 -3.166030358267e-02
Mode 42
1.770618741213e-01 1.249839656332e-01 -4.602642503510e-03
Mode 43
-2.189400003787e-01 4.327746000304e-02 1.304303166858e-02
Mode 44
-1.285270281685e-02 1.473065432305e-01 1.862019829276e-01
Mode 45
-5.757157605287e-02 6.985739800972e-02 -5.403670514322e-02
Mode 46
2.369112929253e-01 -9.004955253153e-02 -6.597179324487e-02
Mode 47
-7.495761037379e-02 -7.821271096787e-02 8.354798396320e-02
Mode 48
-1.277975123027e-01 -1.179040027891e-01 -9.629502321542e-02
Mode 49
-4.026593440015e-02 1.497335226081e-02 1.082027157952e-01
Mode 50
7.280886593582e-02 4.693852267033e-02 1.058693765032e-01
Mode 51
5.730007662583e-02 -2.482715096682e-02 5.758087865140e-02
Mode 52
-1.508566459278e-02 4.284026045504e-02 -4.638292748000e-02
Mode 53
1.974172025949e-02 3.905841512577e-03 1.866267111289e-02
Mode 54
2.318356415527e-02 -1.287157247463e-02 -5.864851822763e-03
Mode 55
1.881097424063e-02 1.490343779809e-02 -1.368671490728e-02
Mode 56
5.487486222852e-04 -2.436987548094e-02 -3.689264139079e-02
--
Polarizability derivatives 
Mode 0
-6.858852864740e-01 -1.025376345780e+00 -4.455456262521e-02
-1.025376345780e+00 -2.845183318627e-01 1.038496091014e-01
-4.455456262521e-02 1.038496091014e-01 4.889110488623e-01
Mode 1
-4.250063942197e-01 1.689022824195e-01 9.388947137711e-01
1.689022824195e-01 -2.949037118872e-01 -3.970854052798e-01
9.388947137711e-01 -3.970854052798e-01 9.752372110905e-02
Mode 2
-1.581727895492e-01 -6.155187649016e-01 2.365019881420e-02
-6.155187649016e-01 3.192963452900e-01 -2.843977615761e-01
2.365019881420e-02 -2.843977615761e-01 -8.434871624165e-01
Mode 3
8.474493600983e-04 6.917943554024e-02 6.853995716063e-01
6.917943554024e-02 5.951168050800e-01 2.343091961530e-02
6.853995716063e-01 2.343091961530e-02 7.445616137486e-02
Mode 4
6.086103860037e-01 2.874800404052e-01 -6.797625803470e-01
2.874800404052e-01 -3.601222086846e-01 4.117654572110e-01
-6.797625803470e-01 4.117654572110e-01 1.739930038557e-01
Mode 5
1.296239656343e-01 -3.296618353541e-01 1.602581681517e-01
-3.296618353541e-01 -5.394914207356e-01 4.013347476235e-02
1.602581681517e-01 4.013347476235e-02 6.529779874523e-01
Mode 6
5.635604706942e-01 4.688196137222e-01 7.670443966618e-01
4.688196137222e-01 7.656445815186e-01 3.486061024013e-01
7.670443966618e-01 3.486061024013e-01 5.978943700109e-01
Mode 7
-1.606324559446e-01 -1.043468036026e-01 -1.150722372898e-01
-1.043468036026e-01 2.021831471827e-02 3.061173748652e-02
-1.150722372898e-01 3.061173748652e-02 5.796551763056e-01
Mode 8
6.840721521393e-01 4.449377050093e-01 -2.598562828246e-01
4.449377050093e-01 -1.625006288472e-01 2.433027733670e-01
-2.598562828246e-01 2.433027733670e-01 -5.925552466482e-01
Mode 9
-7.644419750964e-01 -4.048005186657e-01 -2.712366175454e-01
-4.048005186657e-01 -1.030525025050e+00 -6.139230601248e-01
-2.712366175454e-01 -6.139230601248e-01 -5.323649105758e-01
Mode 10
-1.818582880740e-01 -3.055257820411e-01 3.843932043382e-03
-3.055257820411e-01 -4.318446249616e-01 9.854926234820e-02
3.843932043382e-03 9.854926234820e-02 7.583931654479e-01
Mode 11
-1.862612703992e+00 -8.096555584212e-01 -3.349135729424e-01
-8.096555584212e-01 -2.069624297974e-01 -8.898649799225e-01
-3.349135729424e-01 -8.898649799225e-01 -3.994220175229e-01
Mode 12
-1.819055957892e+00 -9.249814034746e-01 -3.971242984931e-01
-9.249814034746e-01 -2.509682450490e-01 -4.147973861386e-01
-3.971242984931e-01 -4.147973861386e-01 1.846053348885e-01
Mode 13
1.036543053471e+00 3.002919253356e-01 4.649244505317e-01
3.002919253356e-01 9.061189652759e-01 -1.067798517014e-01
4.649244505317e-01 -1.067798517014e-01 3.884649984549e-01
Mode 14
-1.142141101177e-01 -1.324556818072e+00 -9.910331210378e-01
-1.324556818072e+00 -2.588973650932e-03 -1.804014038401e-01
-9.910331210378e-01 -1.804014038401e-01 3.565056459491e-01
Mode 15
4.905251075993e-03 -2.716852041836e-03 -4.502475398770e-03
-2.716852041836e-03 7.402886515123e-01 4.756800358285e-01
-4.502475398770e-03 4.756800358285e-01 2.333899565887e-01
Mode 16
9.175974032926e-01 -2.541864356678e-01 -5.493211545575e-01
-2.541864356678e-01 1.465574256601e-01 -9.388408285721e-01
-5.493211545575e-01 -9.388408285721e-01 8.202498832083e-01
Mode 17
-2.340113988535e-01 5.856690225432e-02 -2.110443456937e-01
5.856690225432e-02 -2.060434141957e-01 4.319327771371e-01
-2.110443456937e-01 4.319327771371e-01 -5.036420407703e-01
Mode 18
-6.952738934046e-01 -8.286311581871e-01 4.911405509304e-01
-8.286311581871e-01 -1.352263417890e+00 -1.433963477133e-01
4.911405509304e-01 -1.433963477133e-01 6.792803530856e-01
Mode 19
3.179728368103e-01 2.481178733854e-02 -4.217374933238e-01
2.481178733854e-02 2.207270834238e-01 -9.564584737289e-02
-4.217374933238e-01 -9.564584737289e-02 -1.843533983406e-01
Mode 20
-3.137722032599e-01 1.581516323703e+00 9.515269059215e-01
1.581516323703e+00 2.141317449424e+00 1.094564544500e+00
9.515269059215e-01 1.094564544500e+00 1.728563441368e+00
Mode 21
-1.203150530656e+00 -1.187169071883e-01 -4.307755654213e-01
-1.187169071883e-01 -7.194863501905e-01 -1.065463457957e+00
-4.307755654213e-01 -1.065463457957e+00 -5.391017540864e-02
Mode 22
-1.542969635245e+00 3.879383204456e-01 2.586299369245e-01
3.879383204456e-01 -7.629946138849e-01 -2.681556477312e-01
2.586299369245e-01 -2.681556477312e-01 -5.102432158020e-01
Mode 23
9.949544198017e-01 -2.659443957899e-01 -6.427188742967e-01
-2.659443957899e-01 -3.421779272002e-01 -3.882667384755e-01
-6.427188742967e-01 -3.882667384755e-01 5.764034684026e-01
Mode 24
2.320737136706e-01 8.867601456972e-02 7.405248695062e-01
8.867601456972e-02 -8.663088984084e-01 -1.289135784747e-01
7.405248695062e-01 -1.289135784747e-01 -5.107509498747e-01
Mode 25
1.323010442365e+00 3.814470874615e-01 -8.774412764284e-01
3.814470874615e-01 -6.046032766826e-01 2.307425545110e-01
-8.774412764284e-01 2.307425545110e-01 -1.913541777863e-01
Mode 26
2.460957508995e-01 5.830148755191e-01 4.431109646990e-01
5.830148755191e-01 8.063248191728e-01 5.499593937684e-01
4.431109646990e-01 5.499593937684e-01 -1.461183010026e-01
Mode 27
-9.568371314995e-01 -5.215850741966e-01 6.139520442357e-01
-5.215850741966e-01 2.178923305770e-01 6.860283272910e-01
6.139520442357e-01 6.860283272910e-01 -1.348831196213e+00
Mode 28
-6.260534108565e-01 2.491191554740e-01 8.853373843109e-02
2.491191554740e-01 6.008136969986e-01 5.943183430984e-01
8.853373843109e-02 5.943183430984e-01 3.853154269028e-01
Mode 29
3.068029736989e-01 5.091222348453e-01 1.581215864047e-01
5.091222348453e-01 5.061025950768e-01 -1.067383501600e-03
1.581215864047e-01 -1.067383501600e-03 8.323472014509e-01
Mode 30
6.417873263728e-02 -3.288756960893e-02 -3.468604965786e-01
-3.288756960893e-02 9.214386099053e-01 1.154808333794e+00
-3.468604965786e-01 1.154808333794e+00 2.387525065300e+00
Mode 31
9.529068781721e-01 8.536287741271e-01 -2.214508459920e-01
8.536287741271e-01 1.883937180093e+00 7.376528338178e-02
-2.214508459920e-01 7.376528338178e-02 1.907733957333e-01
Mode 32
2.338094722641e-01 2.584982105026e-01 2.085574225988e-01
2.584982105026e-01 3.343397625545e-01 4.223945503391e-01
2.085574225988e-01 4.223945503391e-01 2.191614459595e-01
Mode 33
1.062930538228e+00 3.702164517586e+00 3.013643535267e+00
3.702164517586e+00 6.411046372862e+00 4.791883311998e+00
3.013643535267e+00 4.791883311998e+00 4.780148392092e+00
Mode 34
-1.064253575838e+00 -1.757546104700e+00 -1.195552998100e+00
-1.757546104700e+00 -2.113817142301e+00 -1.802867713645e+00
-1.195552998100e+00 -1.802867713645e+00 -1.028995086266e+00
Mode 35
-2.978416086978e-01 -6.954082632843e-01 -4.827816606118e-01
-6.954082632843e-01 -5.237423432546e-01 -7.318884288444e-01
-4.827816606118e-01 -7.318884288444e-01 -6.364878751800e-01
Mode 36
-1.739035927489e-01 -8.044101243825e-01 -1.953715493882e-01
-8.044101243825e-01 -1.190514030329e+00 -4.006122991236e-01
-1.953715493882e-01 -4.006122991236e-01 1.663856232767e-02
Mode 37
-3.189113793304e-01 6.890042353813e-01 1.005891426277e+00
6.890042353813e-01 3.238778401403e-01 -5.474497283331e-01
1.005891426277e+00 -5.474497283331e-01 -2.262470849470e+00
Mode 38
-5.070427786249e-01 2.462536365741e-01 -8.700291466500e-01
2.462536365741e-01 -2.086959016474e-01 -1.425192610798e-01
-8.700291466500e-01 -1.425192610798e-01 1.650606884716e+00
Mode 39
8.698455932537e-02 -6.333608920929e-01 -1.063033772734e-01
-6.333608920929e-01 1.191812066411e-01 9.285739758945e-03
-1.063033772734e-01 9.285739758945e-03 -5.269347493156e-01
Mode 40
5.970537903910e-01 -4.777113402451e-01 -1.196282914293e-01
-4.777113402451e-01 9.004768828258e-01 -1.255725378304e-01
-1.196282914293e-01 -1.255725378304e-01 4.532638896138e-01
Mode 41
-1.016598983771e+00 -2.474766786451e+00 -1.966832610396e+00
-2.474766786451e+00 -3.686599416378e+00 -2.575279068630e+00
-1.966832610396e+00 -2.575279068630e+00 -2.448793507237e+00
Mode 42
7.947848251365e-01 1.531578729433e-01 -1.806594036176e+00
1.531578729433e-01 -3.120887591726e+00 -2.866329056966e+00
-1.806594036176e+00 -2.866329056966e+00 -3.288406527095e+00
Mode 43
-8.958773860107e-01 9.145229347739e-03 -2.877527596331e+00
9.145229347738e-03 -1.069840333572e+00 -1.677579060626e-01
-2.877527596331e+00 -1.677579060626e-01 8.418826676602e-02
Mode 44
-3.596576152030e+00 -4.381648251991e+00 -1.991436051344e+00
-4.381648251991e+00 -6.658345406911e+00 -6.615945888482e+00
-1.991436051344e+00 -6.615945888482e+00 -4.189710981873e+00
Mode 45
-7.333331340391e-01 1.444382234623e-01 2.960127925802e-01
1.444382234623e-01 3.108441279990e+00 -5.488616659444e-01
2.960127925802e-01 -5.488616659444e-01 -3.537448188470e+00
Mode 46
-2.169568210986e+00 -8.456629208240e-01 -5.072911580866e-01
-8.456629208240e-01 2.387568043936e+00 5.489765987902e-01
-5.072911580866e-01 5.489765987902e-01 1.673053971539e+00
Mode 47
2.959436999095e+00 3.397489718904e+00 -1.456795619171e+00
3.397489718904e+00 4.563868094956e+00 -1.916242381375e+00
-1.456795619171e+00 -1.916242381375e+00 7.755105519957e-01
Mode 48
-1.308961275816e+00 -1.620401647651e+00 -1.272947174728e+00
-1.620401647651e+00 -3.375778285694e+00 -2.668177454330e+00
-1.272947174728e+00 -2.668177454330e+00 -3.074663414053e+00
Mode 49
2.659489308908e+00 1.659683032222e+00 -1.387344523343e+00
1.659683032222e+00 1.328012638079e+00 -9.426791172952e-01
-1.387344523343e+00 -9.426791172952e-01 1.751086420179e+00
Mode 50
-5.585630625944e+00 -1.242271474752e+00 -2.327504047679e+00
-1.242271474752e+00 -6.109065191057e+00 -1.886629757036e+00
-2.327504047679e+00 -1.886629757036e+00 -1.034902336100e+01
Mode 51
-5.920419999571e+00 -2.515800685620e-03 -2.539983581310e+00
-2.515800685619e-03 -4.882673657745e+00 4.185598828638e-01
-2.539983581310e+00 4.185598828638e-01 -5.460039265979e+00
Mode 52
-2.737312859508e+00 -2.958792470106e+00 4.193734261851e+00
-2.958792470106e+00 -4.681554136482e+00 -5.054289446954e-01
4.193734261851e+00 -5.054289446954e-01 4.178191581865e+00
Mode 53
-2.194454841333e-02 -4.801573279901e-01 -1.940609729957e+00
-4.801573279901e-01 3.416617480982e+00 -9.497005964092e-01
-1.940609729957e+00 -9.497005964092e-01 -5.237467154490e+00
Mode 54
5.750998040941e-01 -4.759578775799e+00 -2.967052756579e+00
-4.759578775799e+00 3.183099586002e+00 4.040186297227e+00
-2.967052756579e+00 4.040186297227e+00 6.517837757370e-01
Mode 55
-2.339600706583e+00 -1.494093022199e+00 4.150871976094e+00
-1.494093022199e+00 -1.166015471479e+00 3.620005700808e+00
4.150871976094e+00 3.620005700808e+00 -7.956840748501e+00
Mode 56
1.630814681596e+00 1.440532322932e+00 -2.673714921552e-01
1.440532322932e+00 4.522543248410e+00 2.103812335660e+00
-2.673714921552e-01 2.103812335660e+00 3.556294197960e+00
--
