Number of atoms 
17
--
Anisotropy 
150.821
--
Frequencies 
18.145002030952
33.446082331751
49.531779576667
85.660694009294
105.627447391745
157.673169503205
178.692582158986
224.089130929246
293.043110609848
324.824628336572
344.078017146000
391.671847183512
440.625472056839
457.654026724504
513.651986462892
553.305507521844
564.546546526116
683.019020003355
692.272812205342
742.073857102791
773.653725539011
795.570151742964
876.408865891708
920.336994277876
952.044018498592
998.174041479529
1013.211622201315
1025.643509421563
1069.973323112340
1119.889381795017
1156.330247655558
1208.579893052179
1219.292341186737
1288.336698835520
1304.468939810022
1383.146539441808
1428.956762364999
1496.858222301338
1552.743071970418
1572.761146099963
1612.343408334504
1641.732534448491
3164.619156362596
3169.639886188222
3227.319465110999
--
Displacements 
Mode 0
1.739220931013e-03 -6.518026848435e-01 4.267507501251e-04
5.850716543897e-04 -2.266022723869e-01 2.567076164919e-04
3.298874538543e-04 -1.732535394760e-01 8.231485785324e-04
-2.970875485439e-04 -4.993023148913e-02 6.397253832117e-04
-2.651695500474e-04 -7.906784462467e-02 5.466782883158e-05
2.867927114050e-04 -2.000528591099e-01 -1.777409222692e-04
-7.484669276290e-04 2.606290669379e-02 -3.026182037403e-04
-4.516112761959e-04 1.656500642152e-01 -8.609206062120e-04
-8.131110286572e-04 2.851980642948e-01 -1.163996692635e-03
-1.573679668321e-03 2.914565715556e-01 -1.050428556711e-03
-1.768933629234e-03 1.296964264129e-01 -4.682096431718e-04
-1.451598842016e-03 3.954872662672e-03 -1.188162301401e-04
-3.333039811315e-03 -3.139236023091e-01 8.215444706421e-04
2.303730752354e-03 3.436213398490e-01 1.073247572900e-04
1.185869512640e-05 5.212953898048e-02 -2.960495841701e-04
-1.664846172472e-04 1.155545799643e-01 -4.571316958560e-04
-6.670817243318e-04 3.242619577996e-02 -9.293150704383e-05
Mode 1
-5.991164869170e-05 2.063496084655e-01 -4.829708111393e-04
-1.141045344973e-04 -1.015530075296e-01 -2.981333480428e-04
-1.310145523058e-04 -5.759412023613e-01 -3.231951774951e-04
-1.826524688467e-04 -6.038537616971e-01 -3.474434006490e-04
-2.168468272429e-04 -2.034337118300e-01 -3.211895389966e-04
-1.708720369328e-04 8.946998165279e-02 -3.474069279524e-04
-2.321818072105e-04 -1.028490672656e-01 -3.340159003692e-04
-2.520645287435e-04 -1.316374406247e-01 -5.378266491403e-04
-2.422909905081e-04 -2.087603646867e-02 -5.516911368965e-04
-2.228705605652e-04 1.393239531041e-01 -3.703282519659e-04
-1.791570866875e-04 1.727139717379e-01 -1.255999731874e-04
-1.874509214585e-04 6.107643280693e-02 -1.014320032281e-04
-2.072602313021e-04 2.983291167229e-01 5.709257455315e-04
6.668097543174e-04 1.354293153455e-01 9.187154352807e-04
-6.814371363894e-05 -6.786261086761e-02 -1.998993751110e-04
-7.560248503591e-05 -1.449451411146e-02 -2.109296446431e-04
-3.466891398442e-05 8.885188240061e-02 1.476339978920e-05
Mode 2
1.259233154278e-01 2.095772437418e-03 2.657144133121e-01
1.375670583462e-01 9.276685463182e-04 1.644267347015e-01
1.331986222561e-01 -4.694273121666e-04 2.201194624730e-01
7.809934788488e-02 -6.874693433038e-04 2.050311458563e-01
7.177359883625e-02 5.523159459899e-04 1.489525479182e-01
1.242041103973e-01 1.732745961195e-03 1.440680904943e-01
3.152506726924e-03 4.088076564137e-04 1.028671323651e-01
1.686051316269e-02 3.817269623015e-04 6.490796463487e-03
-6.203877625272e-02 -2.618846734970e-04 -5.764127460779e-02
-1.668637792732e-01 -8.880309602729e-04 -2.958299364680e-02
-1.705268671693e-01 -6.257064304284e-04 6.505407797482e-02
-9.598227652795e-02 -1.800760054586e-05 1.337985892049e-01
-2.238637582779e-01 3.096583879179e-04 4.368292954070e-01
2.491220844137e-02 -1.206494497743e-03 -5.768378897582e-01
2.599212065863e-02 2.158777337441e-04 -5.603829835158e-03
-1.447118625421e-02 -1.079631572010e-04 -3.973581873202e-02
-7.083987386678e-02 -2.959182284643e-04 2.585302375698e-02
Mode 3
2.638027500400e-05 3.280697657265e-01 2.672283431921e-04
-1.731054146070e-05 -6.513460435789e-02 1.743829952709e-04
-1.633457643967e-04 2.916851547024e-01 3.888927037012e-04
-3.307011009292e-04 1.171377839430e-01 3.284963140295e-04
-2.567040177665e-04 -2.582980707427e-01 8.435625131903e-05
-1.032002189503e-04 -4.567650806322e-01 -1.909962725268e-06
-3.383585493176e-04 -2.604276219505e-01 5.884785487334e-05
-3.818109057369e-04 -3.096360542882e-01 -1.374785314568e-04
-7.970639728174e-05 1.113065594972e-03 7.082324196203e-05
3.143912639269e-04 3.948877351284e-01 5.171202239958e-04
2.191260614791e-04 3.350424182231e-01 5.959736282066e-04
-1.495234949594e-04 -8.652771122708e-03 3.667411499866e-04
-6.034647437037e-04 -1.680239729683e-01 9.711033902854e-04
5.724750484265e-04 -2.084335008945e-02 -1.161194754238e-03
-1.540600691681e-04 -1.521054586373e-01 -1.151574301573e-04
-2.324714343388e-05 -3.316454448288e-03 -1.784456305062e-05
1.420869024475e-04 1.737602436597e-01 2.590533150498e-04
Mode 4
9.113822929627e-02 -6.950583015921e-04 4.541327777143e-02
-1.336900499203e-01 2.551095428736e-04 4.024895592825e-02
-2.091696214785e-01 -4.670623636213e-04 1.217305361510e-01
-2.720436383790e-01 -3.921446375208e-04 7.750960889660e-02
-2.516606551169e-01 2.729289274535e-04 1.795432373605e-02
-2.042058568327e-01 8.990156196651e-04 -1.711139640734e-02
-1.991751365853e-01 2.800709220772e-05 6.678322239100e-02
-2.242168477204e-01 -1.841234509074e-04 2.325238374547e-01
-9.832126727991e-02 -3.298521175960e-04 3.430256644170e-01
4.721047458532e-02 -2.825145691223e-04 3.211882085477e-01
7.008288631092e-02 -1.569493955862e-04 1.423723355919e-01
-5.343195943636e-02 1.045275975949e-05 2.758476105368e-02
-1.191685532928e-02 4.068459839468e-04 -2.427560888890e-01
3.677446793486e-01 2.212888895788e-04 -2.848322561404e-01
-1.019794740819e-01 -2.541533855964e-05 8.001200321113e-02
-3.403760547962e-02 -1.298316277054e-04 1.357111436961e-01
5.688000084000e-02 -3.521016849585e-05 2.928990991087e-02
Mode 5
4.571293243336e-04 -2.483550156049e-01 5.181566645125e-04
5.502895573930e-04 2.553226496326e-01 2.439119423766e-04
6.070805388399e-04 2.528822902628e-02 3.569778087467e-04
4.074072273945e-04 -2.875753218642e-02 2.878187002578e-04
3.364244733049e-04 1.944256017356e-01 1.196913434396e-04
5.149022527525e-04 5.021797868418e-01 1.442304505919e-04
3.972166783707e-05 2.512205486566e-02 -1.777196160784e-04
-3.970909304160e-04 -3.109602303179e-01 -5.837939894133e-04
-4.443676050548e-04 -3.392760711801e-01 -6.284151013092e-04
2.485030000884e-04 1.380570477371e-01 -1.852159709684e-04
5.510748592704e-04 3.577034796908e-01 1.165087428299e-04
2.361025691831e-04 1.410162742809e-01 -9.832046522752e-05
-3.083966589788e-04 -3.212575620170e-01 -1.232129155563e-03
-7.444438942050e-04 -3.502579772784e-03 4.197504904027e-04
-1.585554745080e-04 -1.508938508906e-01 -2.386751127211e-04
-2.684339927747e-04 -1.977567347761e-01 -2.774080141662e-04
2.838490522727e-04 1.929854770186e-01 1.236784481620e-04
Mode 6
1.578019590506e-01 1.140347470137e-03 3.351063792237e-01
2.194924673274e-01 -7.687316884315e-04 1.655458165645e-01
1.937746556173e-01 -3.973904249543e-04 2.715357801017e-01
5.637789018099e-02 -1.556347128695e-04 2.273445916816e-01
4.559336001680e-02 -5.541633394301e-04 8.396545630194e-02
1.710148574922e-01 -1.337172306042e-03 7.296172731250e-02
-8.140083425432e-02 -1.167019569798e-05 -4.761062579938e-02
-6.991450906237e-02 2.873490408437e-04 -8.321363906403e-02
-4.530443035142e-02 3.999054621946e-04 -6.101459189247e-02
-1.614820205356e-02 3.546340588162e-05 -7.370468518319e-02
-1.135790526087e-02 -2.141863813899e-04 -5.845161751711e-02
-4.919400509884e-02 1.412821155560e-05 -8.330035530107e-02
3.945618442571e-02 1.082680368405e-03 -7.003506837748e-01
-1.910548562335e-01 -2.193646099291e-04 4.661779554570e-02
-1.975085784411e-02 1.242228986519e-04 -2.436595555592e-02
-1.456907986247e-02 2.112701874567e-04 -8.572455948670e-03
-2.657584691141e-03 -1.297961702138e-04 -1.712565929217e-02
Mode 7
7.418062538584e-04 -2.200573918507e-01 2.360683566035e-04
3.654034690594e-04 3.520601052661e-01 6.585347170314e-05
2.047156510490e-04 2.854339961084e-01 4.327711352827e-04
-2.371663900873e-04 -1.805523290214e-01 2.156907007016e-04
-2.113763498583e-04 -1.427209244865e-01 -2.452304844754e-04
1.546419107101e-04 2.883082289172e-01 -3.299813200221e-04
-4.411834090346e-04 -3.904341761795e-01 -5.124193612381e-04
-1.480696082872e-04 -1.869701763610e-01 -4.246144990263e-04
4.993382994064e-04 2.817720475726e-01 -5.177558798744e-06
4.314634313870e-04 2.265863497797e-01 -7.341621383045e-05
-2.532282391283e-04 -2.367225871324e-01 -4.609802985450e-04
-3.785756863806e-04 -3.656815750334e-01 -5.090867287618e-04
5.194357874142e-04 2.131926071766e-01 3.527743047706e-04
-5.429077866234e-04 -7.201179473946e-03 2.092018677960e-04
-8.075224817705e-06 -4.571866242725e-02 -1.221792775989e-04
3.305217820886e-04 2.148429750155e-01 1.324942327175e-04
-1.277534707902e-04 -9.174430688362e-02 -1.493784825527e-04
Mode 8
4.977271967491e-01 7.967830313363e-04 -1.945211162682e-01
2.922643270164e-01 -5.253025300915e-04 -1.068535954392e-01
2.080791469811e-01 -5.701977324069e-04 1.093288758528e-01
-9.329770115920e-02 5.778327595446e-04 3.050642613305e-02
-8.514685505802e-02 4.825565880592e-04 -1.938730659011e-01
1.642715261724e-01 -1.542402936779e-04 -3.159626032280e-01
-9.040898697239e-02 3.500230581912e-04 -1.612229189128e-01
-1.406170216733e-01 1.815208393164e-04 6.070310360973e-02
-1.120138476914e-02 -2.336941346688e-04 1.903750164015e-01
1.269609424021e-01 -3.745590595712e-04 1.616529525658e-01
1.361328674681e-01 -1.194663404653e-04 -5.909452680862e-02
7.568911129657e-03 2.026892310552e-04 -1.667063745214e-01
-1.492716769228e-01 -5.171461826790e-05 2.534231889429e-01
-2.758193152122e-01 -2.316592890576e-04 7.473103454861e-02
-9.050921899261e-02 1.582891901073e-04 3.391626764742e-02
-8.594730965842e-03 -1.120099767419e-04 9.063832873586e-02
8.944797832725e-02 -6.952087322340e-05 -3.371613212804e-02
Mode 9
1.719318647638e-01 1.775695576619e-04 2.734131432359e-01
-1.045668611015e-01 3.622691809606e-05 9.055797664243e-02
-2.144465588936e-01 -4.171539529183e-05 2.203258118236e-01
-3.324172296575e-01 -5.996211655437e-05 1.213776410291e-01
-2.609417272624e-01 -6.414855255385e-05 -4.893712108054e-02
-2.303217285286e-01 -5.704156023630e-05 -6.509070714287e-02
-3.823303692274e-02 3.512930218921e-04 -5.674039381413e-02
-3.860481328605e-03 9.005660808230e-04 -1.822924426684e-01
6.470336624264e-03 4.014398653888e-05 -2.265784056055e-01
1.292416387427e-01 -4.550392037548e-04 -2.982917124722e-01
1.126043565579e-01 4.625945094561e-04 -2.105993323829e-01
1.843207416866e-01 3.756991002049e-04 -1.155794808530e-01
4.001071465698e-01 -9.530008384900e-04 2.408567794145e-01
-3.798519309863e-02 -5.029648450149e-05 -1.319717219977e-02
3.256628738394e-02 3.021863855010e-04 -6.429118633095e-02
-1.429584458329e-03 -1.662796403030e-04 -4.529857332753e-02
4.454341115003e-03 2.246646877067e-04 -5.174426979974e-02
Mode 10
1.239111837521e-03 -1.059941357608e-01 -5.267290928712e-04
7.447786944654e-05 2.976839517945e-01 -1.817534100442e-04
1.527414132850e-05 4.052052593587e-01 -8.901398904920e-05
4.993818909294e-05 -4.441259104106e-01 -2.591729027679e-04
3.414561460707e-06 -3.867562171278e-01 -1.768933512760e-04
7.662552169203e-05 -1.171505492097e-01 -2.643509747762e-04
2.193759156907e-04 2.399300121202e-02 2.251542879517e-04
6.992273759534e-04 3.633218455745e-01 6.162097617243e-04
-3.406759795175e-05 -7.528334533390e-02 1.705977971403e-04
-6.865663635761e-04 -3.022853122905e-01 7.136724512772e-05
8.138800074388e-05 2.196940315077e-01 6.381354859867e-04
6.358078648058e-05 2.194987387924e-01 5.625430113167e-04
-5.120080811918e-04 -3.745384621190e-02 -5.211625176248e-04
-4.281434376326e-04 -2.875757516041e-03 9.277212332237e-05
2.295473892840e-04 1.629523010765e-01 2.489760816858e-04
-1.021446896785e-04 -9.574846225795e-02 -9.490674760941e-05
1.001261503945e-04 1.104569038001e-01 2.282072045768e-04
Mode 11
6.662585620421e-01 5.906152758440e-04 -2.017322779708e-01
-1.463546933716e-01 -3.334892455935e-04 -4.000443411298e-02
-1.452819918283e-01 -5.768934192667e-04 -1.058348786588e-01
7.537028385329e-03 6.296852388050e-04 -1.009580411450e-01
1.181616174846e-02 4.781571838211e-04 7.135176214807e-02
-1.087873672564e-01 1.868938738316e-04 5.445805821112e-02
9.363411584229e-02 -1.206508179854e-04 2.103440175805e-01
1.349199845647e-01 -7.371924985439e-04 7.378104448414e-02
-3.817995563296e-02 2.436544808201e-04 -7.482243576064e-02
-2.401702334897e-01 7.515668184828e-04 -1.888208498232e-02
-2.186507402908e-01 -1.913960663948e-04 1.787941732800e-01
-3.724763526933e-02 -3.276727079629e-04 2.795786079387e-01
2.166785909031e-01 -1.702170280359e-04 -1.413915462583e-01
-1.751282913447e-01 -1.487768574990e-04 1.577067293208e-02
8.137241643412e-02 -4.258269098924e-04 6.743816088667e-03
-3.119248360795e-03 1.886779493815e-04 -7.465286665024e-02
-1.171743454209e-01 -1.426886203190e-04 6.980246318775e-02
Mode 12
3.189386702313e-01 1.649149957595e-04 4.104249173245e-01
-2.326935684746e-01 5.597152124658e-05 4.637941609342e-02
-1.822039799977e-01 1.073892313816e-04 -2.304008408952e-01
1.087381356400e-01 -2.317379168301e-04 -1.866234944707e-01
9.528563008702e-02 -3.106790506382e-05 4.487390903721e-03
-1.766985838794e-01 -2.350086131069e-04 1.368672717230e-01
9.731488182816e-02 5.476853917120e-04 -9.106075561160e-02
1.230758967179e-01 -8.905570357313e-04 -6.313230466555e-02
2.332883623216e-01 -2.443193144897e-05 1.390322251683e-02
2.456020136930e-01 -1.713813625730e-04 2.328188873627e-02
1.844288517114e-01 -8.261149252760e-04 -3.615546109500e-02
-4.291168643529e-03 9.159322565592e-04 -1.319222433925e-01
-5.077709478545e-01 6.340348245539e-04 -4.412103868833e-02
-4.487092426363e-02 -4.530666828761e-05 -9.400926776440e-03
1.107043409868e-02 -6.097920523749e-04 -7.916267737572e-03
6.641666425816e-02 1.157869221556e-04 1.700545527571e-02
9.519543786398e-02 -7.138389819401e-04 -2.435128019912e-02
Mode 13
5.057820098652e-04 1.441923352140e-02 7.611378839684e-04
-3.890353658724e-04 -5.852123511494e-02 4.510926119393e-05
-2.846170875082e-04 -1.139340150487e-01 -5.063444480839e-04
2.157232606666e-04 1.743414294274e-01 -3.705006522524e-04
1.973039962691e-04 4.885221880265e-02 1.830241775686e-06
-2.755242312311e-04 6.870470300017e-02 2.469155433257e-04
-6.263672866994e-05 -2.735689231749e-01 -2.955183127681e-04
9.085704479892e-04 3.735375840449e-01 3.214180227472e-04
1.235558810956e-04 -2.292357568526e-01 -2.520281548600e-04
2.863868527538e-04 6.257325579809e-03 4.923449050919e-05
5.393039202189e-04 2.683004566096e-01 3.679494615209e-04
-9.124269533037e-04 -6.035942792584e-01 -6.466547845118e-04
-6.826248233872e-04 9.847960146446e-02 -1.133567597467e-04
-6.528834818593e-05 -7.760144825318e-05 -1.592459682185e-05
4.722798104097e-04 3.110449943605e-01 3.131461729372e-04
-7.208817177559e-05 -1.481973989455e-01 -1.847608535843e-04
5.777296346255e-04 3.379339919810e-01 3.492450040354e-04
Mode 14
-4.675349343251e-02 2.969502011612e-05 -4.865581495508e-01
-4.498672172175e-03 -9.126670684250e-05 5.371109484964e-02
-7.642266389421e-02 -3.236836456702e-04 3.665528605080e-01
-1.872606854084e-01 4.590302261073e-04 2.922066071124e-01
-1.073394377627e-01 1.535298454298e-05 1.177353879700e-01
-2.875748555027e-02 3.612582350162e-04 5.187845797219e-02
1.000913840715e-01 -4.986985894098e-04 1.172306665638e-01
2.496528473804e-01 -2.485434532746e-04 -9.260330189978e-02
2.994095946465e-01 -1.018634463715e-04 -1.194588047795e-01
2.297792676441e-01 -5.102514632034e-04 -1.071404800138e-01
1.335498345411e-01 -1.898766928670e-04 1.259309998146e-01
2.706985947264e-02 1.353796801162e-04 1.081188472843e-01
-3.501819614652e-01 5.865942773336e-04 -1.126505154684e-01
-3.187185288818e-03 -3.730684475524e-07 1.682931774443e-03
1.054973638024e-01 -1.080371358397e-04 -3.683700375719e-02
8.874412208862e-02 5.884168430601e-05 -4.086698911746e-02
2.122022773629e-02 -5.437562315859e-05 4.274549562813e-02
Mode 15
-1.428348472384e-01 3.523712547115e-07 3.634954203945e-01
1.983852346570e-01 -1.525176131447e-04 -1.045621869519e-01
1.044804155435e-01 -1.786109775484e-03 1.280360643013e-02
-2.693324026744e-01 2.907222046797e-03 -1.424345833178e-01
-1.917896586339e-01 -7.551713478068e-04 -2.958094403070e-01
-2.476707363192e-02 1.675509720433e-03 -4.505272385954e-01
2.161433463092e-01 -4.192169486526e-03 5.625903433037e-02
3.283096317995e-01 -1.109120326312e-03 9.711889184808e-02
1.957008148008e-01 2.277388584749e-03 -2.821398359143e-02
-1.430703256799e-01 -3.621431383077e-03 7.925813339140e-02
-1.241951721711e-01 1.815473264294e-03 1.834054662679e-01
-2.316974170890e-02 2.754245905410e-03 1.890048037497e-01
-8.018806928062e-02 -2.651066837434e-04 -9.408872843816e-02
2.171752269473e-02 5.642650444031e-06 2.925879420542e-03
1.036973648258e-01 1.078846644313e-04 2.549209485920e-02
7.027003959438e-02 2.023065409005e-03 -9.096309549900e-02
-5.565709735150e-02 6.800956741961e-04 5.986356157959e-02
Mode 16
1.192072940962e-03 7.677691623620e-03 -2.483575230868e-03
-1.686935255520e-03 -1.335091535788e-02 8.168273487096e-04
-7.675353103870e-04 -1.876411297172e-01 -6.098280342300e-04
2.495371168337e-03 3.032158807553e-01 9.347699810395e-04
1.750803081460e-03 -9.433663291665e-02 2.350726360157e-03
2.798439976719e-04 1.695723425580e-01 3.827950183871e-03
-2.430435134080e-03 -5.040126430806e-01 -9.944050552089e-04
-2.888603594133e-03 -8.183014546590e-02 -8.194765174152e-04
-1.286713061662e-03 3.146807928742e-01 6.209907770796e-04
3.362772591504e-04 -4.766091625432e-01 -1.027131817433e-03
1.261955450927e-03 2.462201017276e-01 -1.241531774644e-03
5.793382710661e-04 3.140197241000e-01 -1.233965543729e-03
6.409935848548e-04 -5.464845243102e-02 6.875410172035e-04
-1.657186761989e-04 -1.010825031638e-03 -2.487867724978e-05
-8.530580581278e-04 4.999502604917e-02 -1.287667140190e-04
-2.409568670444e-04 2.654032417442e-01 1.027036766550e-03
6.003564470220e-04 1.132514629621e-01 -3.787458803785e-04
Mode 17
-1.963492066415e-05 -4.122660445676e-02 -1.468647017805e-04
-1.320412155588e-04 6.310779258043e-01 7.675474491325e-05
4.873287657229e-05 -4.354894594232e-01 3.504516672631e-05
4.616262098659e-05 3.765188078769e-01 4.903360536391e-05
9.320416934710e-05 -3.831366216946e-01 1.710846033067e-05
6.048040382066e-05 -1.606822314610e-01 1.426301317639e-04
9.833596293031e-05 4.932983601477e-02 3.062751119604e-06
3.585542098163e-05 9.664039872382e-02 1.836229203190e-04
-3.510035048307e-04 -1.099130307271e-01 -1.689790458796e-05
1.825645746166e-04 1.592894769707e-01 2.058088969924e-04
-1.384560447408e-04 -1.090974657966e-01 -3.758661855511e-04
1.491621561635e-04 7.031698026726e-02 -1.044440581528e-04
9.428868906346e-06 3.635754372110e-03 1.528335579835e-05
3.738635782092e-06 -2.770557661348e-03 1.034635522164e-05
-6.016531037921e-05 -1.686852762956e-02 1.190403603438e-05
-2.380308390148e-04 -1.275315146599e-01 -8.785718789872e-05
-1.259802825291e-04 -1.156164383916e-01 -2.050958030825e-04
Mode 18
1.322592228820e-03 2.660292243585e-05 -8.934627562636e-02
-7.652644344370e-02 -2.784255889634e-04 6.338260393392e-02
-8.624771245432e-02 1.019894887505e-04 1.878982952464e-01
7.879875326395e-03 -8.353025331954e-05 1.065055152686e-01
4.557277288756e-02 8.309516775670e-05 -2.122645299630e-02
-7.382925540734e-02 1.058828996691e-04 8.397710396105e-02
3.019132828855e-01 -4.226578687531e-04 -1.137262509966e-01
2.890878195581e-01 -7.804717070612e-04 3.790607064937e-01
-4.553430807399e-02 -3.548382308620e-05 1.043638518477e-01
-3.134976533036e-01 2.440734485782e-04 1.897906624005e-01
-1.215566140333e-01 6.647952904197e-04 -4.981703622537e-01
1.526029543726e-01 1.370846652518e-04 -2.875370663550e-01
-4.262312249265e-02 9.103597520873e-05 -3.246228161530e-02
-1.488498702055e-04 5.184621132871e-07 -1.728809369989e-03
6.190750848697e-02 -1.433626000272e-04 1.207278923060e-01
8.143567514745e-03 1.057852945283e-04 -1.016177141473e-01
5.111518568613e-02 1.258510606836e-04 -1.764880373462e-01
Mode 19
-5.714867425170e-05 -2.695835900509e-02 -7.066663763689e-06
-1.128141863188e-05 4.097601621296e-01 4.575722670930e-05
-5.249982532611e-06 -1.250837866497e-01 2.150461647935e-04
-1.052275148790e-04 -1.435934892934e-01 2.489066043597e-06
-3.467275158918e-05 3.789252533059e-01 -4.784407199341e-05
-7.379848115258e-05 -3.868308130986e-01 -2.544995225546e-04
4.271511489064e-04 2.722284023648e-01 1.338094343019e-04
-9.935376701508e-05 -2.347068441548e-01 -2.401403363413e-04
5.973719161687e-04 2.160621229122e-01 1.962423716115e-04
-5.831398044734e-04 -2.868025631721e-01 -1.219624860631e-04
1.736003025830e-04 1.959412200798e-01 2.839178121960e-04
-4.983434614182e-04 -2.933917601850e-01 -3.256377398159e-04
7.687125707168e-05 5.923679844996e-03 7.204180878701e-06
6.201971574478e-06 1.575757789111e-04 4.058943539220e-06
-5.158037468696e-05 -7.663328161801e-02 -7.145324364744e-05
4.189666823419e-04 2.272538130575e-01 1.311400103439e-04
3.636104627791e-04 2.484400277375e-01 2.591248899860e-04
Mode 20
2.059516479018e-03 1.649316820909e-05 -3.430188978444e-02
-7.689926613518e-02 -1.731694132483e-04 3.543050195904e-02
-9.196926709228e-02 2.080149573640e-06 1.238073826098e-01
5.078458302500e-02 1.346040865935e-04 8.364401843994e-02
7.337725684289e-02 -3.470633407158e-04 -4.155920742502e-02
-5.627973708097e-02 2.227678190149e-04 5.029722566563e-02
-4.229323858002e-02 4.447132072815e-04 -3.433732508811e-01
2.809496169191e-02 3.214805348506e-04 -3.773557471299e-01
4.443872483006e-01 -7.334888587303e-04 2.589891022126e-02
-2.368161462050e-01 6.038472708807e-05 3.719349574828e-01
-1.411596972360e-01 -1.876762880157e-05 1.541706313678e-01
-3.356145363998e-01 7.027166808078e-04 -1.668346609790e-01
2.321543831963e-01 -4.017882358695e-04 6.783878934887e-02
1.265816124606e-04 -5.108851049294e-07 -1.440329278305e-03
-1.329590785140e-01 3.357563894262e-04 -5.888990063432e-02
1.414789966600e-01 -1.726002681450e-04 -5.668394734797e-02
5.312564337022e-02 -1.254508048085e-04 1.287211673888e-02
Mode 21
3.008407039279e-06 1.241657294011e-02 -1.726077839548e-05
5.029509655507e-05 -1.948466822992e-01 -4.647421712880e-05
5.423563251822e-05 4.214292109778e-02 1.008098616204e-04
-8.505230823281e-05 1.762935738774e-01 -1.306038632200e-04
-1.258659612726e-05 -5.357773979361e-01 -4.713979822874e-05
3.796045843021e-06 2.867378975454e-01 4.712963959052e-05
6.337532198281e-04 4.738265868799e-01 5.375846632879e-04
-2.552142268132e-04 -8.623749620558e-02 -2.509873094992e-05
7.176295887282e-05 2.080476584257e-01 2.610236712089e-04
-2.117537183635e-04 -1.984716020411e-01 -2.149345684153e-04
2.596619628551e-04 1.374675460895e-01 -1.034702669669e-05
-4.246607620726e-04 -3.222999400795e-01 -4.098213751356e-04
4.284618084570e-06 1.784044508660e-02 2.083544907865e-05
-1.804600022789e-06 -6.826280712136e-04 -3.614060743048e-07
-3.813066380696e-04 -3.235300742497e-01 -3.311300581451e-04
-1.042348461099e-04 -2.226894359498e-02 4.770356209832e-05
2.301295966434e-04 1.298580413612e-01 7.746596221133e-05
Mode 22
1.298697485757e-05 -2.088630481397e-03 3.345283387352e-06
3.388688611071e-06 4.044719851002e-02 3.166268898861e-05
1.415583838512e-05 -1.293384746879e-02 -3.133455693382e-04
5.248877500998e-05 -4.658591621903e-02 3.793337699503e-04
2.298130591598e-05 2.064380968805e-01 1.934268936460e-05
-2.137960092912e-05 -7.111459139186e-02 1.919692454081e-05
-3.918764157990e-04 -2.341036869448e-01 -2.717336310719e-04
3.678130441600e-04 2.353742152385e-01 1.594076912302e-04
5.229174555499e-04 3.116101272161e-01 3.291383376726e-04
-2.076229065614e-04 -1.010317295726e-01 5.419645260393e-05
2.183307081407e-04 1.621341664813e-01 1.652111573630e-04
-1.802081101168e-04 -8.358050458462e-02 -1.674997773204e-04
4.837858876167e-05 1.111895469721e-02 1.885216256016e-05
-5.780650309374e-07 2.506462244848e-04 2.279611331064e-07
-5.278778098661e-04 -5.207065265123e-01 -5.837068229900e-04
-7.883086862767e-04 -5.875722773723e-01 -6.106699324545e-04
-3.761862417419e-04 -2.847067319265e-01 -2.941730093228e-04
Mode 23
2.208945050368e-02 -1.090898584258e-05 1.014371730560e-02
7.716564072288e-02 3.984979155110e-05 2.483921020094e-02
6.694533377287e-02 4.979775965436e-05 -6.596501995372e-01
-1.021516453051e-01 -4.815851219343e-05 7.173185260136e-01
-7.702778248409e-02 -1.716524928586e-04 -9.279440121074e-03
-6.718992782430e-02 5.190013786176e-05 -2.942007294456e-02
-3.430670868041e-02 2.881372182915e-04 1.413166100018e-02
5.375242392790e-02 -1.138945196490e-04 1.073941427932e-02
6.903175962029e-02 -2.439913632263e-04 -3.063204509110e-04
-4.120485420523e-02 7.607935560457e-05 3.199240280322e-02
-9.390626141327e-03 -1.538387965383e-04 -4.198859954436e-02
1.499067967241e-02 2.665879865205e-05 -1.410743848855e-02
4.314809206155e-03 -7.137434274475e-06 -4.391057582594e-03
-1.226006008569e-03 3.392493566727e-06 1.113076213948e-03
2.647410172110e-02 1.414900252406e-05 1.704098517094e-04
2.581414243424e-02 2.868913003671e-04 -3.073298978066e-02
8.033530206965e-03 3.934260514433e-04 -1.663700919529e-02
Mode 24
-6.386042279042e-06 -2.291305514990e-04 4.733279179809e-07
-1.630270661890e-05 6.668649324104e-03 -1.348296692027e-05
-1.526101570709e-05 -3.802565198985e-03 1.980399072356e-04
3.537947661615e-05 -5.639393509922e-03 -2.446213229245e-04
2.872976555641e-05 3.861345259030e-02 3.158231883333e-05
4.214521861410e-05 -9.799352110964e-03 1.698566028888e-05
-1.449131846113e-04 -8.533570525295e-02 -3.913282236491e-05
2.165112271150e-04 1.669044156884e-01 8.131159381582e-05
5.710870052758e-05 7.658836078674e-02 5.095245887195e-05
6.195434502404e-05 5.453689719359e-02 1.461108303929e-04
-6.901526876431e-04 -4.918876879564e-01 -4.702999287845e-04
2.294871818178e-04 1.799931946882e-01 1.690051461756e-04
-1.299311722647e-05 -1.628638059626e-02 -1.372333486709e-05
2.717151519100e-07 4.433176997646e-05 -2.498133723276e-07
-2.522403228556e-04 -3.126125309818e-01 -3.915296056824e-04
-1.616811298324e-04 -1.030316109501e-01 -8.774751845954e-05
1.166098926469e-03 7.558976990010e-01 7.317097094022e-04
Mode 25
-1.020360334262e-02 2.140417924231e-06 -2.028489649514e-02
-1.999728946735e-01 -5.425341791698e-05 4.668273302273e-02
1.913422352827e-01 -1.510545925121e-05 1.903804185016e-01
3.642831559272e-01 2.904561932969e-05 2.528471950224e-01
2.359647841665e-01 -4.969651768368e-05 -1.833964367729e-01
-5.446405927251e-01 4.558886136485e-05 -3.217573092243e-01
1.500012124305e-01 -5.412490303066e-05 -1.714405884455e-01
-2.567681571476e-02 -9.975639401688e-05 9.524934402158e-02
-1.820482033366e-01 3.320043557547e-04 4.393888190983e-03
1.088004555738e-01 -3.837114079959e-06 -1.511547306075e-01
1.644796545382e-03 -2.557162566604e-04 1.965370886211e-01
-6.814374761995e-02 9.135344868366e-05 2.238064711437e-02
9.014475668005e-03 -6.633023191491e-06 -3.232962743780e-03
1.021530895895e-03 1.591750011369e-06 -1.472639017394e-03
-7.526386843563e-02 9.963762337067e-05 5.193796374278e-02
-6.269420211738e-02 -7.155614670627e-05 4.711626171919e-02
-6.304072890480e-02 8.417139368310e-05 8.077506968850e-02
Mode 26
-4.589673981896e-06 -1.299789471462e-04 -4.475696484312e-06
-7.276321178283e-05 4.490316361655e-03 7.150177686254e-07
9.553118825471e-05 -2.725209046601e-03 1.223501553846e-04
1.316547347951e-04 -5.268268479238e-03 -1.176356428125e-05
9.157729931242e-05 4.159323748488e-02 -1.320772866531e-05
-1.652701134599e-04 -6.733403631516e-03 -9.380862953500e-05
-1.298841529968e-04 -7.920647351008e-02 -4.709354762382e-05
5.322801423378e-04 3.773567773554e-01 1.579769820598e-04
-7.113218756040e-04 -3.911734981163e-01 -3.555951061597e-04
-3.771712884022e-05 1.731554941992e-02 2.550859575150e-04
2.192068524242e-04 1.113795682553e-01 1.064966475384e-04
-4.809159971558e-05 -3.862244746351e-02 -8.709322497728e-05
-4.028729661854e-06 1.327490938951e-03 2.458494991141e-06
1.996792651969e-07 4.150266110295e-05 -4.842002942507e-07
-3.261657145705e-04 -5.656166929279e-01 -7.732055465688e-04
7.513699173900e-04 5.881439780172e-01 7.216901353598e-04
-8.248534649457e-05 -1.282322516889e-01 -1.551583545564e-04
Mode 27
1.505002894420e-02 5.836973701574e-06 -9.089054000512e-02
-1.109603674041e-01 -3.225623016863e-05 2.414765662015e-01
7.269433389653e-01 8.792725980233e-05 -6.943502431583e-02
-1.679956469630e-01 -5.067215765462e-06 -2.333426299488e-01
-1.696943093657e-01 1.067540861355e-05 7.829903821710e-02
-3.728136629916e-01 -6.110080725877e-05 1.761613333832e-01
-8.452843154811e-02 -6.403077472922e-05 1.298633430515e-01
-3.034398404125e-02 1.041169480098e-04 -9.918113211350e-02
1.300734347916e-01 -1.421253629480e-04 -1.068367314270e-02
-7.462100727081e-02 5.549521406554e-06 1.015340176747e-01
-7.949565223522e-03 1.484610811030e-04 -1.338378169588e-01
8.204745006095e-02 -1.175145337910e-04 9.246631714104e-03
-1.399582668931e-02 2.091191914408e-05 -2.219277831890e-03
-1.267534846966e-04 8.371544964201e-07 -1.634270982927e-04
-1.812471062550e-02 1.350647807752e-04 -2.443448409342e-02
4.339751638426e-02 -1.019739826919e-04 -2.743319820687e-02
3.249226850761e-02 -5.395557750684e-06 -5.206970583301e-02
Mode 28
7.731176526078e-03 1.155334072449e-06 -2.846735162233e-02
3.071798750569e-02 1.051898703640e-05 8.528144562071e-02
8.029058994658e-02 1.529958925839e-05 -6.705765782914e-02
-1.208843774877e-01 -1.305778744955e-05 -7.642267815229e-02
-9.096413962378e-02 -4.040042490151e-06 -4.555292802578e-02
7.099988718164e-02 -3.232207671467e-05 2.144768004195e-01
-5.960430174580e-02 1.928723456454e-04 -1.636529063944e-01
9.436584663648e-02 -3.617701895546e-04 4.594406401258e-01
1.966381316976e-01 -4.615163189821e-04 4.337047755420e-02
2.086801583633e-01 1.293052562560e-04 -4.144544543071e-01
-1.212744325520e-01 9.553657970557e-05 6.242315312630e-02
-4.323995757112e-01 7.451583417900e-04 -1.287275003787e-01
1.122708217263e-01 -1.944047616780e-04 3.065164923400e-02
-2.381119925730e-04 -1.005442100795e-08 2.002071527898e-04
-2.563269972532e-01 -3.172697882417e-04 2.474771637280e-01
7.730677654378e-02 1.957510875726e-04 -9.255936004408e-02
-1.143606577762e-01 1.385455185882e-04 4.089598753157e-02
Mode 29
-6.797542994722e-03 -8.934678355587e-07 3.418047859197e-02
-2.132251061041e-02 8.951516347628e-06 -1.093102826165e-01
-8.395972864603e-02 -1.854053153852e-05 4.887122723001e-02
1.622965039625e-01 2.418209062420e-05 3.950332762127e-02
4.982799343818e-02 -4.230269073301e-05 1.028360096062e-01
-1.681978733164e-02 2.833988920020e-05 -2.073699482509e-01
-1.247990172710e-01 -2.153146818715e-05 1.642420275816e-01
-2.100005473692e-01 4.603219561029e-04 9.659273468771e-04
4.116871423596e-01 -7.258996824140e-04 7.229630097956e-02
-6.471972588849e-02 1.759074577031e-04 -9.122984029619e-02
-1.444912336592e-01 4.567188512925e-04 -2.531984531974e-01
3.501343155485e-01 -7.240676184243e-04 2.064260793551e-01
-6.743936302126e-02 1.217146806487e-04 -2.583650532612e-02
2.018424202950e-04 -2.850731160057e-07 -9.954824048797e-05
-5.068314168531e-01 1.777289629579e-04 1.667842033350e-01
1.374171724183e-01 -3.213910107118e-05 -5.595906331439e-02
-2.376862593873e-01 3.971784515345e-04 -1.447535857931e-02
Mode 30
-2.892710437415e-03 1.349216634899e-06 6.648074766368e-02
-1.271570060894e-01 8.023765529475e-07 -2.583730369381e-01
5.395708909326e-02 -2.068218509447e-06 6.784391716145e-02
1.366412999060e-01 8.391189938462e-06 3.118946174846e-02
6.411912793404e-02 -7.479465422606e-05 2.682882043802e-01
-4.731588137000e-02 3.983869824429e-05 -3.069500042725e-01
-2.840932939790e-01 6.282980103444e-05 3.016241261689e-01
9.786103841415e-02 -2.925495487214e-04 7.052503349153e-02
1.539913062965e-01 -2.733702188298e-04 1.004820079731e-01
8.245545176447e-02 -6.482613251372e-05 -5.526183138555e-02
-1.451741459996e-02 3.512997243875e-04 -3.210574309910e-01
-4.444310127348e-01 6.345479565971e-04 2.453628756966e-02
9.128879727084e-02 -1.524719017150e-04 2.083871251480e-02
-2.351115232093e-04 -6.584439293118e-07 -7.390771069363e-04
3.133607631345e-01 -1.094314042772e-04 -7.833255914033e-02
4.208103637162e-02 -2.037779493591e-04 7.761760779964e-02
1.835678976522e-01 -1.274527410405e-04 -1.644383804390e-01
Mode 31
2.383609506996e-02 1.128795096947e-05 1.172233832349e-01
-4.812494810947e-01 -6.733440630517e-06 -5.564292268761e-01
2.751085113109e-01 2.941125182293e-05 9.584948547931e-02
-1.687041712787e-01 -5.947563910635e-05 1.390904912533e-01
4.673270761065e-02 -6.647669109394e-06 1.030959360814e-01
2.302793719454e-01 -6.688122662071e-07 5.736756526751e-02
-1.195400287726e-02 8.974740334917e-05 -6.747771260810e-02
-2.275919279104e-02 -2.273395306863e-05 8.993021027378e-02
-7.734891909805e-02 2.492482493767e-04 -1.647926200698e-01
-5.616400671879e-02 3.227749901718e-05 5.570234507255e-02
1.160915611821e-01 -3.502431340739e-04 1.883790290075e-01
1.091015305946e-01 -6.091573570648e-05 -1.005775769949e-01
-2.006693738843e-02 2.723558832211e-05 2.407148230549e-03
-1.102255862466e-03 -1.683614576622e-06 -3.466441419339e-03
-1.094958034303e-01 2.421553408042e-05 6.521793397849e-02
1.409276792237e-02 3.134852378473e-04 -3.041981303977e-01
8.759426334662e-02 -1.778393997959e-04 4.371335408163e-02
Mode 32
1.471062053689e-02 5.941954864594e-06 4.238847880910e-02
-2.336234751291e-01 -8.268728232550e-06 -2.211248633197e-01
1.424322784254e-01 1.273566235838e-05 3.634935643467e-02
-1.955334706636e-01 -5.115361478501e-05 8.401229861346e-02
4.171248180979e-02 9.475088261285e-05 -9.188281476724e-02
1.355499318196e-01 -1.864834576554e-05 1.526311011734e-01
2.111205929926e-01 -1.314634033315e-04 -1.355769748148e-01
5.383970114927e-02 7.113830451732e-05 -1.780027217945e-01
3.333217769534e-02 -3.046924919036e-04 2.938828175541e-01
8.113426901173e-02 -2.101794517743e-05 -1.057821896961e-01
-2.206905747214e-01 4.422881802818e-04 -1.464003107301e-01
-4.043747792458e-03 -9.268614845749e-05 9.852580962784e-02
2.369526580515e-03 1.217752994240e-05 -1.479808404168e-02
-5.756894382082e-04 -6.020936708378e-07 -1.765039446583e-03
8.522066816334e-02 -6.333911749820e-06 -8.294598055324e-02
-6.657367226545e-02 -5.376889251541e-04 5.943881393108e-01
-3.452833550362e-01 4.898149997192e-04 4.229251873748e-02
Mode 33
2.982153039616e-04 4.898814071591e-07 -8.356317988584e-04
-1.388241929692e-02 -9.147597504378e-06 -4.370744203461e-03
4.880527675073e-03 9.162343306826e-06 3.077385302457e-02
1.628889061815e-01 2.735391067223e-05 -1.375670064353e-02
-6.337132441554e-02 -1.438974464374e-04 -4.804325111838e-02
-2.374993293106e-02 8.250326332518e-06 2.428929416600e-02
-4.260885370655e-01 7.205612007438e-04 -1.404459196648e-01
1.190750741373e-02 -2.286047958983e-04 1.670049794742e-01
1.485351361338e-01 -2.953441550454e-04 1.006264022633e-01
-4.887466862641e-02 7.559486489181e-05 7.734541631935e-03
3.468913865788e-02 -1.691197777462e-04 9.929493837027e-02
2.362535882786e-01 -1.071428663500e-04 -2.250208465732e-01
-2.378489495193e-02 2.118831838369e-05 1.111816583408e-02
-2.101586405633e-05 -2.041441492112e-07 -8.654259419192e-05
4.762214123070e-01 -3.655569575404e-04 -1.183866212881e-01
7.563404408042e-02 2.501770761939e-05 -1.566348350211e-01
-5.207456450398e-01 5.677716031792e-04 2.005836561517e-01
Mode 34
-3.981272009416e-03 -2.041603208981e-06 3.239865072717e-03
5.301461960421e-02 1.205922160386e-05 -1.706261196862e-03
-7.685542762813e-03 1.744112940959e-06 -3.289184527330e-02
-6.538078804140e-02 -5.281617448695e-06 -2.138418072559e-02
2.823652638359e-02 1.896462514460e-07 2.258276746187e-01
-2.884427704793e-02 5.077415468925e-06 -1.337933594817e-01
2.797971734564e-01 -6.419572268902e-04 2.490309103306e-01
-2.694379077515e-01 2.750746467270e-04 9.313588773504e-02
6.198321402005e-02 2.244088055689e-04 -3.184454129538e-01
3.248044083942e-01 -7.035885432749e-04 2.382205143623e-01
-4.144903335020e-01 4.878455166083e-04 1.097273298460e-01
1.429978135635e-02 4.693036927671e-04 -4.590829619287e-01
2.298578838002e-02 -4.547150388141e-05 5.125803272645e-03
2.985060432191e-05 5.487485115566e-08 4.433834040577e-04
5.733827429853e-02 -1.951540257878e-05 -2.087388238646e-02
5.400070906629e-04 -8.641359477521e-05 8.918042494956e-02
-1.492236333754e-01 1.475472531310e-04 4.882757033087e-02
Mode 35
-7.292010897438e-03 -2.913566068043e-06 -1.613765825351e-02
1.804022076776e-02 -1.624828672732e-05 1.781046595835e-01
-9.017891474568e-04 1.843010457303e-05 -1.007343731250e-01
-2.581209880213e-01 -9.365583817361e-06 -1.037811026755e-01
1.866661067862e-01 -9.516754189644e-05 6.423703986908e-01
6.198008484868e-03 6.016638827317e-05 -3.439110769317e-01
6.502244100790e-02 4.727069227285e-05 -2.114120285994e-01
2.043157658749e-01 -1.607766845051e-04 -9.251221587909e-02
-1.455229258258e-01 5.542563765710e-05 1.562806533070e-01
-1.114938947441e-01 2.026785827920e-04 -4.728680765312e-02
2.272985346294e-01 -3.671125686884e-04 4.323435527651e-02
-3.449217603816e-02 1.464498613767e-04 -9.349527617961e-02
8.855743412742e-04 -1.307770928449e-05 7.930890041700e-03
5.778246254811e-04 8.526238627980e-07 6.254810393302e-04
-1.278803202887e-01 7.966927310472e-05 3.958214904240e-02
-4.126490588755e-02 7.733170044777e-05 -1.557358782803e-02
-2.437526382385e-01 2.525473161922e-04 1.095123152258e-01
Mode 36
-8.153765072428e-04 -1.035274904724e-07 1.062272894006e-03
-6.969942463054e-03 -1.882378543085e-06 6.989690290101e-03
5.408212547818e-03 8.895314464394e-06 -1.088495240567e-02
7.666617807585e-02 1.731676375702e-05 -2.383194028988e-02
-7.817421934003e-02 -9.504254623934e-05 1.494930900649e-01
4.836639998169e-03 1.277471203407e-05 -6.283178243485e-02
-1.779261224249e-01 3.081670792646e-04 -7.637930133692e-02
8.453914550640e-02 -2.750011646796e-04 1.690860756487e-01
1.831705089350e-01 -9.831703382343e-05 -1.539311045862e-01
-3.407934108246e-01 7.388983216693e-04 -2.440342999167e-01
-6.413662688670e-02 -2.181009701194e-04 3.023876690885e-01
2.685643220051e-01 -1.779689536074e-04 -2.088027578140e-01
-2.376747566246e-02 2.832132350783e-05 6.280771429129e-03
7.638763204635e-05 -3.392205863597e-08 5.560062521833e-05
1.460643704346e-02 -8.145610014996e-05 6.454692444586e-02
-2.596005110995e-02 -5.254980349914e-04 5.421135049895e-01
3.784304072230e-01 -5.347159646718e-04 -2.600084633003e-02
Mode 37
-2.817675488780e-04 6.585694617704e-07 2.544153584475e-02
1.522580533605e-01 4.864148535680e-05 -2.506463490414e-01
-2.472021340726e-03 -8.260954693228e-06 2.887154786517e-02
2.490001299874e-01 1.997746677156e-05 1.424733646253e-02
-3.178934637717e-01 3.490015727612e-05 -4.121119662042e-03
-1.207612303268e-01 -3.642123949934e-05 1.333135022479e-01
-5.601504358839e-02 -1.075558206220e-04 2.130537059159e-01
3.314674015270e-01 -3.807616062473e-04 -7.428833717362e-02
-1.323997408321e-01 4.457675600224e-04 -2.626071646305e-01
-6.928952228810e-02 -9.777810018962e-05 1.942034924709e-01
3.076497959871e-01 -3.804075614318e-04 -6.159393423171e-02
-1.677766601196e-01 4.012264689607e-04 -1.637280369093e-01
1.386182755094e-02 -3.396901548999e-05 1.303117158390e-02
-6.557989888553e-04 -1.090589592889e-06 3.890774960441e-04
-2.852498912940e-01 2.157006854263e-04 1.228887895220e-01
-9.012920624947e-02 -1.137818572304e-04 2.416543914097e-01
-3.101299586572e-01 3.550993945940e-04 1.049535218094e-01
Mode 38
5.699672681730e-03 1.387973270870e-06 -4.232849563120e-02
-4.319751795272e-01 -1.029407178051e-04 4.775507216790e-01
1.748493644450e-02 1.652231016957e-06 -2.121657576046e-02
-7.211567104110e-02 -9.122519242064e-06 2.073628485051e-02
1.793541299277e-01 1.626274545966e-05 -2.866296891705e-01
3.600110639515e-01 6.679777347123e-05 -2.301409496133e-01
-2.068603964190e-01 1.656922777430e-04 1.385710466908e-01
1.043954280986e-01 -2.227936088286e-04 8.300051785264e-02
-5.824486381222e-04 2.989924569879e-04 -3.060057508307e-01
1.567628726090e-02 -2.009269500549e-04 1.791432868715e-01
1.078196587656e-01 -6.702251177381e-05 -8.545453015777e-02
-6.224724837074e-02 5.536498074857e-05 3.361176014179e-02
5.772092872891e-03 -1.096349071871e-05 3.032071748146e-03
1.315092882078e-03 1.979792944753e-06 -1.452123171675e-03
-6.873241698295e-02 2.925047740372e-05 6.705008454795e-02
-3.334648707782e-02 -1.170645275135e-04 1.640632604753e-01
-1.136069108897e-01 1.489323284312e-04 1.850366375968e-02
Mode 39
4.932417167743e-03 2.864496206684e-06 -7.116923118188e-03
-2.169964868683e-01 -3.687370801998e-05 1.385530702334e-01
4.493286686076e-02 9.258843415325e-06 -3.507614483202e-02
3.651924440142e-01 5.212191988425e-05 -3.201317989168e-03
-6.074992085456e-01 -4.193607709346e-05 2.161334008983e-01
2.126860605151e-01 2.454682046277e-05 -1.506135399647e-01
3.557231680058e-02 3.006067890512e-04 -2.981747137779e-01
1.468319910513e-01 -1.391277536699e-04 -5.581297077478e-02
-1.165859318886e-01 1.334052641583e-04 3.024146808689e-02
2.376703736854e-01 -4.245859585072e-04 8.599758461382e-02
-2.720866296331e-01 4.016669591874e-04 -1.671311143999e-02
7.238831185541e-02 -2.770756824122e-04 1.600294896585e-01
2.146166450534e-03 3.035649074679e-06 -4.901521078464e-03
4.862151314192e-04 3.890880158629e-07 -7.704407453232e-04
-1.043611567276e-02 -1.195800877488e-05 -8.308049493034e-04
-2.411390659752e-02 1.134931737104e-04 -7.656977862277e-02
7.535409410619e-02 -5.652033843770e-05 -5.163962867004e-02
Mode 40
-4.290643615710e-03 -1.883180541145e-06 1.044749766754e-02
1.993332620345e-01 3.992202757736e-05 -1.508573979247e-01
-2.012120570528e-02 6.585129527395e-06 9.303886285055e-03
-1.703191523790e-01 -1.377255668050e-05 -3.079164817153e-02
2.786558456566e-01 -8.098285443349e-05 8.805297102390e-02
-1.882181375806e-01 -1.573917570877e-05 9.953623290911e-02
-3.665780580107e-01 7.940219858356e-04 -3.469204296399e-01
2.317889121955e-01 -4.276876151772e-04 1.148163461134e-01
-8.785543031806e-02 4.445018993090e-04 -3.201419679046e-01
2.770384480108e-01 -6.588171210150e-04 2.626552517341e-01
-2.442150755185e-01 4.549150654827e-04 -9.862738936819e-02
1.214842549137e-01 -4.786678162613e-04 3.043859647582e-01
-1.811189489162e-03 8.637593442614e-06 -6.063515528662e-03
-4.303297795822e-04 -5.639894323145e-07 7.511583574772e-04
-2.070037802340e-02 -4.399051023125e-05 7.598486133619e-02
-4.828407764206e-02 -2.622253277718e-05 9.094426759596e-02
3.618220488046e-02 3.098816065817e-06 -6.060598484460e-02
Mode 41
-1.300587261042e-04 -3.373249957292e-07 -2.255849976134e-03
-2.227740809708e-02 -5.702877600744e-06 2.452689967595e-02
-9.804698381781e-03 -3.932254475448e-06 1.706084044954e-02
-3.336632415857e-02 -9.966487849150e-06 5.989157851749e-03
1.302677553035e-01 1.805374063378e-05 -1.420097477987e-01
4.415569501596e-03 9.005004576542e-06 5.300125991007e-03
-2.690640592512e-01 6.983509989936e-05 3.043316824328e-01
4.367713896178e-01 -3.480235471118e-04 -2.772327949887e-01
-1.960117290001e-01 -6.434110259804e-05 3.488501662128e-01
1.570674407958e-01 -1.367745481596e-04 -8.456424049663e-02
-3.366170472084e-01 3.239421442267e-04 1.477750220492e-01
1.615273996623e-01 9.906101843537e-05 -3.209552697220e-01
1.479020595616e-03 -1.048539790924e-05 8.167457422077e-03
1.067627820668e-04 1.451472179371e-07 -1.018985961498e-04
-1.928660499101e-01 2.251690085017e-04 3.099555325453e-02
-3.504721910856e-02 1.952413517396e-04 -1.407043470957e-01
1.091472686007e-01 -1.499995329140e-04 -1.339464426656e-02
Mode 42
-1.012019079880e-06 1.043637362834e-08 3.818146034224e-05
3.466501232451e-06 4.918404141682e-08 -2.462604670520e-04
-3.965323552167e-05 -9.795072435210e-08 1.465459238570e-04
1.059287517930e-04 3.140966286203e-09 4.449635804065e-05
-2.281620249175e-04 4.854786869049e-07 -1.002674338433e-04
-2.461562713938e-04 2.476885310235e-07 2.991735937519e-04
1.668026614390e-03 -3.582089251076e-06 1.411573534439e-03
1.629007034387e-02 -3.768023373768e-05 1.501246577366e-02
-2.509541180565e-01 3.765372210774e-04 -2.616537451589e-02
2.456801879879e-04 7.795612740259e-08 -8.384093555670e-04
-3.298010944170e-02 1.781035100330e-04 -1.308570398803e-01
-5.362789456006e-03 4.699132135303e-06 3.113880549524e-03
5.715900715924e-04 -1.089905751451e-06 1.393689802019e-04
1.564069263806e-06 8.846123181232e-10 -2.107807312206e-06
-3.244546057492e-02 1.195542536316e-04 -7.865221378735e-02
8.295266521819e-01 -1.276029134968e-03 1.193002064811e-01
1.363654359000e-01 -6.275493901830e-04 4.352092969350e-01
Mode 43
-6.040017146178e-06 -6.935221622021e-10 5.226108256901e-05
-1.663026058732e-05 -4.629141339688e-08 -3.653965237265e-04
-1.153086250419e-04 1.964705382048e-07 3.411948724411e-04
1.405304055493e-04 -2.905370215507e-08 -9.078276426966e-05
1.507504042015e-04 -3.476955911294e-07 -1.428687770955e-04
-2.791274472736e-04 2.969494501479e-07 3.419854779008e-04
-6.771772051978e-04 2.320197105187e-06 -9.911344535917e-04
1.087397723624e-02 -2.873652180184e-05 1.388003397501e-02
-1.391799061646e-01 2.130157126179e-04 -1.913095545361e-02
1.360818524939e-03 2.069406628462e-06 -3.158058230103e-03
7.081407922331e-02 -3.482532693478e-04 2.477122517159e-01
9.896489646873e-03 -7.824471415552e-06 -6.385169835430e-03
-1.068339775542e-03 1.916430022844e-06 -8.316336675793e-05
3.709858207496e-06 -2.703206481801e-10 -2.439126202745e-06
-2.528532194829e-02 9.319033788528e-05 -6.137513047461e-02
4.450505901282e-01 -6.846826668650e-04 6.390254506122e-02
-2.514788573843e-01 1.156882891432e-03 -8.022586828710e-01
Mode 44
-4.359945307138e-06 9.589021952974e-09 -8.074980521066e-06
9.214328992172e-05 2.826046854466e-07 -2.206625680316e-04
-5.856267670680e-05 -8.714452182394e-08 -7.250296496761e-05
1.703972654938e-04 2.299141320532e-07 -2.351633723516e-04
1.599439620267e-03 -9.081415172913e-07 1.924044542276e-03
-1.951563654492e-03 2.374076086304e-06 7.191350200112e-04
-1.001336189914e-02 1.545171184327e-05 -1.039978154349e-03
9.837437579290e-02 -4.028923480258e-04 2.732749774920e-01
3.903365875948e-02 -4.601790883762e-05 -7.774764227905e-03
-1.306876980104e-03 3.969177893273e-06 -1.804438474408e-03
-1.657783634535e-03 8.243444757321e-06 -6.269795950292e-03
-1.048063137151e-03 3.502901870490e-06 -1.668095731554e-03
-3.568270100231e-05 4.730580980818e-08 2.477945750855e-05
-1.816440591285e-06 -3.324961329314e-09 2.494618568323e-06
-3.273756729756e-01 1.305522940889e-03 -8.921314243597e-01
-1.019364399571e-01 1.522126982908e-04 -1.076710022727e-02
5.224587365250e-03 -2.484626161184e-05 1.693333199828e-02
--
Dipole derivatives 
Mode 0
-4.039897898735e-03 1.516302075521e-02 2.088951123899e-02
Mode 1
-5.666732794521e-04 1.915963727039e-03 2.697193622683e-03
Mode 2
2.985510729514e-02 4.574532032259e-03 2.421958305538e-03
Mode 3
4.117924660337e-03 -1.484734692102e-02 -2.038369522254e-02
Mode 4
1.458240768780e-02 -1.219005762246e-02 1.170997458408e-02
Mode 5
3.771100557857e-03 -1.408837211252e-02 -1.959601846650e-02
Mode 6
-8.981531108516e-04 1.202922448024e-02 -8.911725169294e-03
Mode 7
2.186469386756e-03 -8.193490918959e-03 -1.137005447055e-02
Mode 8
-6.865762606217e-03 2.055634910914e-02 -1.625370601820e-02
Mode 9
3.936270783905e-02 -5.984347214494e-03 1.213117504501e-02
Mode 10
-8.401918722129e-03 3.108294112002e-02 4.299859351710e-02
Mode 11
-2.351578891179e-02 -1.552155222712e-02 6.595704910258e-03
Mode 12
2.524754170937e-02 -5.191865219132e-02 4.248183470339e-02
Mode 13
-3.988606934289e-03 1.460935366349e-02 2.036958412487e-02
Mode 14
-4.655672657659e-02 -4.463501627725e-02 2.322728281275e-02
Mode 15
3.371232657570e-02 -5.347276597763e-02 4.567303629012e-02
Mode 16
-7.491147827635e-03 2.696374104557e-02 3.607663517858e-02
Mode 17
5.000265218380e-03 -1.853225271822e-02 -2.575090492901e-02
Mode 18
1.354561048053e-01 -7.905262813944e-02 8.375167333736e-02
Mode 19
-1.934565675893e-02 7.214474951909e-02 9.960660511203e-02
Mode 20
1.495491958617e-01 1.464594927479e-02 1.860648923675e-02
Mode 21
1.109365435005e-02 -4.105600272791e-02 -5.643533513016e-02
Mode 22
1.747697144048e-02 -6.467798030214e-02 -8.937551499996e-02
Mode 23
-1.505865947787e-01 7.047478134337e-02 -8.045565447568e-02
Mode 24
-2.737781201345e-03 1.043879634219e-02 1.451681990764e-02
Mode 25
4.119673736128e-03 3.251470420878e-02 -2.271811039168e-02
Mode 26
3.000224681677e-03 -1.063383792211e-02 -1.449877431232e-02
Mode 27
-8.106539660658e-02 3.355701376990e-02 -4.026587212847e-02
Mode 28
-1.786284204765e-03 1.542459110180e-01 -1.121100333269e-01
Mode 29
-1.510109961765e-01 -7.053937008143e-02 2.154302443466e-02
Mode 30
8.013116416689e-02 8.546814319374e-02 -4.615721068311e-02
Mode 31
2.614356625093e-01 -1.496558265523e-02 6.173798136479e-02
Mode 32
1.522420346973e-01 2.662177361308e-02 1.036896541480e-02
Mode 33
7.382093419652e-03 -8.808005434091e-02 6.518683493406e-02
Mode 34
-1.703459041367e-01 -1.262371756199e-04 -3.311148360554e-02
Mode 35
-5.323238134065e-01 1.482365110730e-01 -2.112083895009e-01
Mode 36
-2.002967853993e-01 -8.359721898466e-02 2.136353233000e-02
Mode 37
2.520481146615e-01 5.798858031221e-02 7.228172215934e-03
Mode 38
-3.227270643343e-01 1.859901353873e-01 -1.979204543024e-01
Mode 39
-2.619758767589e-01 1.601353243804e-01 -1.674215154590e-01
Mode 40
1.191787372148e-01 -1.066803438680e-01 1.006854872795e-01
Mode 41
-7.681435093626e-02 6.380367588691e-02 -6.126203261789e-02
Mode 42
5.863560993619e-02 1.139754817653e-01 -7.108453028049e-02
Mode 43
-6.358251866107e-02 2.240273196858e-02 -2.866780993437e-02
Mode 44
4.013472141343e-02 -1.831485967046e-02 2.108454841370e-02
--
Polarizability derivatives 
Mode 0
2.885756912405e-02 -8.837307464743e-02 -4.945979369949e-02
-8.837307464743e-02 2.271363244654e-01 6.460258821561e-02
-4.945979369949e-02 6.460258821561e-02 -2.514701507026e-01
Mode 1
1.061781579520e-01 -2.081172490375e-01 -2.447565835867e-01
-2.081172490375e-01 1.139860567004e-01 -3.697460027314e-03
-2.447565835867e-01 -3.697460027314e-03 -2.163944455649e-01
Mode 2
8.565444226653e-01 -3.491830026485e-01 4.157820369734e-01
-3.491830026485e-01 -2.377023845582e-02 -1.309467116682e-02
4.157820369734e-01 -1.309467116682e-02 1.381181538242e-01
Mode 3
3.538660087051e-01 -6.626324157663e-01 -8.724180372121e-01
-6.626324157663e-01 3.527323796415e-02 -1.167039765894e-01
-8.724180372121e-01 -1.167039765894e-01 -3.926051167241e-01
Mode 4
3.620571797363e-01 -8.194753182177e-01 6.604121420342e-01
-8.194753182177e-01 5.870030566923e-01 -5.694385951916e-01
6.604121420342e-01 -5.694385951916e-01 5.670291000465e-01
Mode 5
2.461407047175e-01 -3.499421969697e-01 -6.682880120807e-01
-3.499421969697e-01 -7.554067059293e-01 -3.359528354259e-01
-6.682880120807e-01 -3.359528354259e-01 5.138176947636e-01
Mode 6
-1.711262686133e-01 -5.890686040860e-01 3.817215763979e-01
-5.890686040860e-01 -2.593529981520e-01 1.231498052429e-01
3.817215763979e-01 1.231498052429e-01 4.975460275487e-02
Mode 7
-5.341191446763e-02 3.424886414318e-02 1.888517409743e-01
3.424886414318e-02 5.111489196170e-01 1.894597638750e-01
1.888517409743e-01 1.894597638750e-01 -4.562795875568e-01
Mode 8
-3.350317694180e-01 7.436418140938e-01 -6.386812520591e-01
7.436418140938e-01 -9.755710895477e-01 9.765876520859e-01
-6.386812520591e-01 9.765876520859e-01 -6.693871001947e-01
Mode 9
-5.068731652693e-01 2.190462046867e-01 -2.476817579207e-01
2.190462046867e-01 3.296047499534e-01 -2.235153610418e-01
-2.476817579207e-01 -2.235153610418e-01 7.511120641593e-02
Mode 10
-1.482914365640e-01 3.034812888995e-01 3.321022874951e-01
3.034812888995e-01 -2.497729729232e-01 -2.557321942817e-02
3.321022874951e-01 -2.557321942817e-02 3.897319904241e-01
Mode 11
-1.270810501203e+00 -2.823452447440e-01 -8.061690046460e-02
-2.823452447440e-01 -3.992261589319e-01 3.722636199923e-01
-8.061690046460e-02 3.722636199923e-01 -1.018355096803e-01
Mode 12
-5.571355643722e-01 -7.505232634508e-01 4.801925216928e-01
-7.505232634508e-01 -1.545002710694e+00 8.209874559691e-01
4.801925216928e-01 8.209874559691e-01 -7.092354562823e-01
Mode 13
1.315033080472e-01 -2.494704696775e-01 -3.235931990168e-01
-2.494704696775e-01 1.822270291287e-02 -3.897410464853e-02
-3.235931990168e-01 -3.897410464853e-02 -1.550030533997e-01
Mode 14
-3.217114236847e-01 9.673776798336e-01 -7.886111143151e-01
9.673776798336e-01 -1.637739132096e+00 1.453902523013e+00
-7.886111143151e-01 1.453902523013e+00 -1.100477640706e+00
Mode 15
5.211894286314e-01 -1.174490933174e+00 9.701566120328e-01
-1.174490933174e+00 -4.535993113317e-01 2.559525752816e-02
9.701566120328e-01 2.559525752816e-02 6.450924974537e-02
Mode 16
2.003343611041e-01 -4.134557832395e-01 -4.555330074240e-01
-4.134557832395e-01 3.867943535939e-01 5.129342622047e-02
-4.555330074240e-01 5.129342622047e-02 -5.776657165939e-01
Mode 17
-3.055805870233e-01 7.144034188961e-01 6.603179627869e-01
7.144034188961e-01 -1.053132651039e+00 -2.325069742628e-01
6.603179627869e-01 -2.325069742628e-01 1.365354253019e+00
Mode 18
-2.134274618518e+00 -6.367269428325e-01 7.066295005077e-02
-6.367269428325e-01 -2.970219768601e-01 -1.612623506964e-02
7.066295005077e-02 -1.612623506964e-02 -1.232694819325e-01
Mode 19
1.143235282519e-01 -2.685776064744e-01 -2.594208285386e-01
-2.685776064744e-01 3.676152628710e-01 7.921455645588e-02
-2.594208285386e-01 7.921455645588e-02 -4.894943386264e-01
Mode 20
2.318614951633e+00 8.426014043902e-02 4.160681976623e-01
8.426014043902e-02 -2.903680597006e-01 1.381062663682e-01
4.160681976623e-01 1.381062663682e-01 -1.404416430515e-01
Mode 21
-2.703562857015e-01 6.061695372807e-01 6.101229427745e-01
6.061695372807e-01 -7.252517289320e-01 -1.385685837924e-01
6.101229427745e-01 -1.385685837924e-01 1.003421571438e+00
Mode 22
2.044107418864e-01 -3.550604428479e-01 -5.313160882792e-01
-3.550604428479e-01 -2.085018071787e-01 -1.437984604076e-01
-5.313160882792e-01 -1.437984604076e-01 2.756036351667e-04
Mode 23
1.460392923691e+00 8.676247142654e-01 -2.704376595965e-01
8.676247142654e-01 -6.037623058065e-01 3.247287073842e-01
-2.704376595965e-01 3.247287073842e-01 -6.783146608120e-01
Mode 24
3.820056908267e-01 -6.517095238292e-01 -9.886366561393e-01
-6.517095238292e-01 -4.420075350349e-01 -2.841931296668e-01
-9.886366561393e-01 -2.841931296668e-01 5.743893546102e-02
Mode 25
2.981540353259e+00 -3.189092256258e-02 5.749783995448e-01
-3.189092256258e-02 1.719834741692e+00 -1.146126993941e+00
5.749783995448e-01 -1.146126993941e+00 1.092475264587e+00
Mode 26
9.811078247123e-02 -2.394226576542e-01 -1.982376431830e-01
-2.394226576542e-01 4.245778881377e-01 1.027619007743e-01
-1.982376431830e-01 1.027619007743e-01 -5.211320579366e-01
Mode 27
1.624117293107e+00 -1.458197728508e+00 1.326080541603e+00
-1.458197728508e+00 1.161201521515e+00 -9.463208666257e-01
1.326080541603e+00 -9.463208666257e-01 1.197553072071e+00
Mode 28
-3.736582266491e+00 1.504204988713e+00 -1.772801769392e+00
1.504204988713e+00 -1.970302599996e+00 1.543136539695e+00
-1.772801769392e+00 1.543136539695e+00 -1.710849153571e+00
Mode 29
1.278570604986e-01 -3.095566228701e-01 2.689702969521e-01
-3.095566228701e-01 -6.519922792067e-01 3.395340093219e-01
2.689702969521e-01 3.395340093219e-01 -2.904218281354e-01
Mode 30
-3.268811740961e+00 -1.467340105693e+00 5.138143728989e-01
-1.467340105693e+00 -1.135029049981e+00 2.073850511577e-01
5.138143728989e-01 2.073850511577e-01 -4.999097991400e-01
Mode 31
7.428151581933e+00 -1.957277589483e+00 3.012390071139e+00
-1.957277589483e+00 5.867987678460e-01 -1.319561331643e+00
3.012390071139e+00 -1.319561331643e+00 8.406480977061e-01
Mode 32
1.340897288003e+00 -2.271780772203e+00 2.006235689314e+00
-2.271780772203e+00 -4.764235205474e-02 -7.713928744295e-01
2.006235689314e+00 -7.713928744295e-01 4.511763443344e-01
Mode 33
3.653196025834e-01 2.264360377714e-01 -8.592034104700e-02
2.264360377714e-01 -9.899210472644e-01 7.341607676188e-01
-8.592034104700e-02 7.341607676188e-01 -5.858099294191e-01
Mode 34
4.488981456085e+00 8.994449777652e-01 2.079003294242e-01
8.994449777652e-01 -2.198762871809e+00 1.844362391092e+00
2.079003294242e-01 1.844362391092e+00 -1.190649448884e+00
Mode 35
-1.920797191855e+00 -3.355847835485e+00 1.920383144270e+00
-3.355847835485e+00 3.674304663228e+00 -2.800605052986e+00
1.920383144270e+00 -2.800605052986e+00 3.121005912016e+00
Mode 36
1.695330024636e+00 -7.968102063798e-01 8.661869240197e-01
-7.968102063798e-01 1.830544418386e-01 -1.270957904344e-01
8.661869240197e-01 -1.270957904344e-01 4.860769398469e-01
Mode 37
4.330262030273e+00 -1.254519141052e+00 1.784560784916e+00
-1.254519141052e+00 1.567489831101e-01 -4.737159386198e-01
1.784560784916e+00 -4.737159386198e-01 5.344634709562e-01
Mode 38
-1.267843862355e+01 2.644328007323e+00 -4.467361060976e+00
2.644328007323e+00 -1.098924300562e+00 1.581113156724e+00
-4.467361060976e+00 1.581113156724e+00 -1.649219474464e+00
Mode 39
9.601524745155e+00 -3.628053374781e+00 4.419548382338e+00
-3.628053374781e+00 4.850399173499e+00 -3.894901842062e+00
4.419548382338e+00 -3.894901842062e+00 4.145111272340e+00
Mode 40
1.540425762551e-01 6.808426325239e-01 -4.273853269679e-01
6.808426325239e-01 3.859735450789e-02 -2.384864610313e-02
-4.273853269679e-01 -2.384864610313e-02 -2.467245223696e-01
Mode 41
-1.081394387345e+01 6.404619505689e+00 -6.752779235626e+00
6.404619505689e+00 -1.163807236386e+00 2.086756265569e+00
-6.752779235626e+00 2.086756265569e+00 -2.846467378319e+00
Mode 42
5.599384150950e+00 1.024843152383e+00 3.766992091383e-01
1.024843152383e+00 -7.600215109339e+00 5.616193315740e+00
3.766992091383e-01 5.616193315740e+00 -4.116792546184e+00
Mode 43
-1.077760388261e+01 -1.523186161319e+00 -9.037132914397e-01
-1.523186161319e+00 -5.175228868909e+00 3.078948754933e+00
-9.037132914397e-01 3.078948754933e+00 -2.919398520314e+00
Mode 44
6.601375540435e+00 2.850054457261e+00 -8.569599049465e-01
2.850054457261e+00 3.242217892161e+00 -1.482965297817e+00
-8.569599049465e-01 -1.482965297817e+00 1.331007190323e+00
--
