Number of atoms 
17
--
Anisotropy 
74.932
--
Frequencies 
39.140067912996
53.892140134938
96.756262713561
151.438750944303
199.336860583006
214.262467484737
226.343416735341
252.512500334088
297.722033534422
314.755071542180
367.271707744762
434.771396772751
465.670025805353
526.559326948361
581.858057024872
628.883697350384
678.362237151585
747.558945363080
765.223160441294
888.264275329520
953.467167502307
957.172377970638
995.515515916074
1013.358062510098
1107.274943464393
1198.524517866412
1198.577741230474
1226.453748944620
1290.966665208574
1374.166884736110
1391.470191876799
1401.146597047638
1449.904734670006
1454.554720909962
1469.311281075492
1479.085462673045
1636.872548081144
1873.717373151415
3039.036003806900
3042.022975353384
3129.672226872879
3130.984819730525
3136.399151400552
3140.581907622667
3635.645441730423
--
Displacements 
Mode 0
-1.224295229578e-03 5.673375337106e-01 3.303772129209e-03
-9.313870486552e-04 2.185180985296e-01 2.073988221603e-03
-5.527106893056e-04 2.808292330707e-01 2.711415753674e-03
3.064180924157e-04 8.786905619806e-02 2.292658810239e-03
2.102373296253e-04 -1.453962129778e-01 1.459036672099e-03
7.005824406066e-04 -4.817667900363e-01 1.210375070798e-03
-5.608465737000e-04 3.320989917902e-02 1.508195005245e-03
2.207359344489e-01 1.265523550846e-01 7.346799158909e-02
-2.190328771250e-01 1.266485782290e-01 -6.827525714901e-02
1.648768497684e-04 -2.917166730575e-01 -5.874323225508e-03
-2.367663552734e-04 -3.390923664346e-02 2.430815316825e-04
1.122974294745e-01 3.009021682217e-02 3.736727589335e-02
6.299717404772e-02 -4.278204956414e-03 2.298251785029e-02
6.426314207454e-02 9.218435954942e-02 1.860495435144e-02
-6.371031259513e-02 9.215371028059e-02 -1.666732529534e-02
-6.211643562215e-02 -4.204737268511e-03 -2.163820069617e-02
-1.119847059174e-01 3.012105371570e-02 -3.595006732151e-02
Mode 1
1.639165843117e-01 4.405165546647e-03 -3.075696497780e-01
6.748192377476e-02 1.997307688529e-03 -1.953319585489e-01
2.357776785022e-03 2.771101100147e-03 -2.913914684028e-01
-1.203563138006e-01 9.758045379434e-04 -2.314005735831e-01
-1.075522693502e-01 -1.319342885642e-03 -1.065634071365e-01
-2.078684038645e-01 -4.661442573995e-03 -4.178782795700e-02
9.010023452781e-03 3.293451350474e-04 -1.001330910888e-01
-1.859292227552e-01 2.690029540816e-03 -2.737410912068e-01
-1.901684236971e-01 3.607701187252e-05 -2.751214836623e-01
1.472860470274e-01 -2.509772537919e-03 5.432701905480e-01
1.311265974858e-02 -3.401115120551e-04 -5.013741117733e-03
-3.928887764078e-02 2.140697128894e-04 -7.212869561251e-02
-8.105973107987e-02 1.887938786266e-03 -6.701808452600e-02
-5.652456757268e-02 7.279529309183e-04 -1.088489393491e-01
-5.773875547237e-02 1.189282823844e-03 -1.089999253998e-01
-8.209540791327e-02 -1.961326245406e-03 -6.753767839892e-02
-4.161248151366e-02 4.570678122665e-04 -7.294401307183e-02
Mode 2
5.325141751101e-05 -2.994508772397e-01 1.723801955026e-04
-2.685507835496e-05 1.205892762822e-01 1.223221903893e-04
-3.476910973968e-05 4.933839061163e-01 8.085999711015e-05
-1.006356553768e-04 1.678608576063e-01 1.341785432241e-04
-6.931246836376e-05 8.010898735196e-02 1.438420755439e-04
-1.298506765795e-04 1.391591677757e-01 2.218830103768e-04
-2.829104318448e-05 -1.531224609437e-01 1.585837324228e-04
1.188874999496e-02 -9.317179431411e-02 4.241537521290e-01
-1.220977892598e-02 -9.334371456891e-02 -4.238559101886e-01
1.865428327616e-04 -2.920564738106e-02 -3.917285463984e-04
-1.609884260683e-05 -8.532933606095e-02 3.963837270738e-05
-1.351766709664e-02 2.809458310040e-02 2.036500250220e-01
2.456570450633e-02 -1.198530739769e-01 1.159177036344e-01
5.493185551242e-03 -4.341723975757e-02 1.484703764018e-01
-5.593023416088e-03 -4.346658175474e-02 -1.483794228695e-01
-2.471605415382e-02 -1.199806719836e-01 -1.157761852087e-01
1.341550550301e-02 2.799172786733e-02 -2.036023896230e-01
Mode 3
-7.293245299933e-05 4.296437730648e-01 -1.346253551743e-04
-1.815034063214e-04 -2.312842901009e-01 -9.515740761879e-05
-2.030863426434e-04 6.813407740505e-04 -1.222732070069e-04
-1.558161149040e-04 -2.837350470486e-02 -1.339109930817e-04
-1.356682670823e-04 -6.890101155958e-02 -1.381087391588e-04
-1.378975068730e-04 4.755823141087e-01 -1.150540272864e-04
-1.862416849102e-04 -6.988234907572e-01 -1.330268087854e-04
6.483090926394e-02 7.029896111357e-04 -1.768130199315e-02
-6.494616682729e-02 7.341767162960e-04 1.748952738277e-02
3.231910523569e-04 -3.164711905019e-02 3.061054855834e-04
-5.539905626286e-05 -1.572600130452e-01 -5.265340759340e-05
1.386981264382e-02 -7.484288813905e-03 -2.010779384222e-02
4.194522902178e-02 6.826285756206e-03 -1.603219026967e-02
2.101127844043e-02 8.761154293266e-03 1.759573232181e-02
-2.101504309433e-02 8.831541210041e-03 -1.736953584495e-02
-4.172036098185e-02 6.770059108719e-03 1.584982508062e-02
-1.411249476002e-02 -7.463326967680e-03 1.993425186953e-02
Mode 4
2.121592535799e-01 4.275650957728e-04 2.404952790831e-02
3.553791517701e-01 -1.578535968638e-04 3.557700434781e-02
3.268604495668e-01 2.945204095234e-04 -5.433221994076e-02
1.221969115798e-01 1.366366265725e-04 -1.618382566457e-02
1.337841384762e-01 -6.657180596068e-05 1.985030772641e-01
-1.236317512647e-02 -8.998713809900e-05 3.987381167836e-01
3.373499496570e-01 -7.863715462339e-04 2.053706703772e-01
-3.610241060383e-02 1.583397281711e-02 -1.427356867642e-01
-3.546564681740e-02 -1.554027582062e-02 -1.424490137663e-01
-3.894166581057e-01 -6.682871230569e-05 -1.301074389333e-01
1.071040534231e-01 -2.225741859855e-04 8.825033688795e-02
7.056944179814e-02 -1.591790268149e-04 -4.412309107526e-03
-1.232566711102e-01 -7.484289656127e-03 1.007379864385e-02
-2.140024909873e-02 2.786729817820e-02 -1.679381797778e-01
-2.101530905697e-02 -2.696329435467e-02 -1.655088192918e-01
-1.210029280432e-01 6.670918837405e-03 9.163197581788e-03
6.881758985928e-02 2.986580282943e-04 -5.503224743290e-03
Mode 5
1.516335788982e-04 -8.553109627422e-02 3.881651258577e-05
1.034214633235e-04 4.066791385198e-02 1.883345016358e-05
3.952216614895e-05 -1.952485800079e-01 -4.114603103920e-05
-6.307211948071e-05 -2.254062437442e-01 3.081103186155e-05
-4.057123766177e-05 -3.561833640363e-02 1.324085124735e-04
-6.128418398916e-05 3.689106090210e-01 2.137429708781e-04
3.576221416794e-05 2.652922709743e-01 1.587408757633e-04
4.387132479101e-01 -9.614829259956e-02 5.429867145476e-02
-4.383596308589e-01 -9.620884308138e-02 -5.455871342706e-02
-1.898726739741e-04 5.889699483589e-03 -7.347828145041e-05
5.067292347838e-05 1.967110909022e-01 8.574522142215e-05
2.455431872854e-01 -5.384096868310e-02 3.830265040383e-02
1.373200619556e-01 -1.060468401330e-01 1.318744350644e-02
1.288540055772e-01 1.080123184682e-01 1.600794644703e-02
-1.287226425678e-01 1.076286118440e-01 -1.637484482420e-02
-1.374797594420e-01 -1.059682031237e-01 -1.311718682411e-02
-2.450207915346e-01 -5.372503194486e-02 -3.830373328143e-02
Mode 6
1.677380427948e-03 -3.967715677298e-03 -5.332006942185e-04
1.638447170482e-03 9.140966966884e-04 -1.617560524437e-04
1.215825085475e-03 -4.232833015434e-02 -8.587636654435e-04
5.063604232550e-05 -7.114200513902e-03 -5.889542660424e-04
-2.854678269740e-05 -3.094126117121e-03 7.623052242652e-04
-1.905131817280e-03 -2.885289015239e-02 2.764875045568e-03
1.483530206127e-03 6.509707210737e-02 9.807967062035e-04
9.626033556364e-02 7.144756454982e-03 3.762358020524e-02
-9.506103846090e-02 7.095518388555e-03 -3.832188397409e-02
-1.708667979278e-03 1.330799890930e-03 -4.522291171695e-04
4.994355413269e-04 3.868659467124e-03 4.703600603741e-04
-2.983329699685e-01 -1.139428573871e-02 -1.911903365247e-01
3.657320059060e-01 1.715724286684e-01 -1.471367171944e-01
5.954691449401e-02 -1.537833578060e-01 3.902047926027e-01
-5.893059913428e-02 -1.527648728591e-01 -3.869757114905e-01
-3.623760884965e-01 1.706227988898e-01 1.454199485761e-01
2.959603467005e-01 -1.137146913647e-02 1.894327940716e-01
Mode 7
1.487224593975e-01 3.601123835089e-05 -9.667067604308e-02
7.255008227487e-02 1.178303398838e-04 -3.981014575796e-02
2.016450982928e-02 2.334099176567e-04 -1.028027152925e-01
-3.661497732956e-02 5.765014265304e-06 -7.810011233489e-02
-8.527145240468e-02 1.572975914063e-05 3.175132264573e-02
-3.341861628402e-01 1.699851336331e-04 2.712441939030e-01
5.728587167995e-02 -1.389177565231e-04 6.071817968960e-02
1.764877119482e-01 2.209395332298e-02 1.008917811684e-02
1.777423864760e-01 -2.242165643654e-02 1.060438072941e-02
-9.574758567268e-02 -2.400577628715e-05 -1.924547134114e-02
2.327528199781e-02 8.175192819133e-05 3.221151920600e-02
-1.890952120858e-01 -7.900674484828e-03 -1.533235370442e-01
3.433710359927e-01 1.161690128388e-01 -1.327308493250e-01
7.900672944834e-02 -8.520982839883e-02 3.275136349285e-01
7.973899692663e-02 8.714373603088e-02 3.320569162523e-01
3.477065083663e-01 -1.185619636264e-01 -1.343360271338e-01
-1.925642784057e-01 8.031331150981e-03 -1.556726203794e-01
Mode 8
-9.174904984122e-02 -1.296904584443e-06 -3.372906924945e-02
-1.032300308165e-01 -2.376570391893e-05 -2.018653162050e-02
-1.233757744136e-01 1.073614888050e-04 -2.643858717083e-02
-3.789708238449e-02 1.180834620397e-04 -4.907606677953e-02
-1.553921013146e-01 1.174216035609e-04 -1.626974141173e-02
-4.077541710987e-01 -5.773653937817e-05 2.003872506300e-01
-9.878327821224e-02 -6.379258112127e-05 -5.589630311201e-03
3.489273263707e-01 1.236776485974e-01 -4.465231392737e-02
3.493482127099e-01 -1.237853043952e-01 -4.465373905194e-02
5.388771953933e-02 -7.053544783351e-06 1.546816740628e-02
-2.841508252906e-02 -1.206471988853e-04 -5.614832882496e-03
3.424207851678e-01 3.484920150080e-04 6.101127687532e-02
-5.046713109181e-03 -8.468023778388e-02 3.796737318864e-02
9.143475350555e-02 2.412929571001e-01 -1.471363273498e-01
9.146067633186e-02 -2.417099250549e-01 -1.475569865016e-01
-5.322241661917e-03 8.514462138088e-02 3.808708227639e-02
3.430937730175e-01 -4.607835000926e-04 6.135789995995e-02
Mode 9
-2.607619594582e-01 -1.020897944576e-04 3.761373630346e-01
-7.264745912801e-02 1.194558471058e-05 1.303743728543e-01
-5.437192157510e-02 1.912575067589e-05 1.255140213293e-01
1.731690016198e-02 9.043697968314e-05 4.410395119323e-02
5.063454859462e-02 2.732383604194e-05 5.128640029357e-02
1.456922869866e-01 -1.462676110319e-04 -2.286607778142e-02
-4.152101462218e-02 1.657103334280e-05 5.534385161197e-02
1.748523639045e-02 2.275477571101e-01 -3.756309757294e-01
1.743316573954e-02 -2.275232878645e-01 -3.755052253368e-01
8.095677765598e-02 5.748263392107e-05 5.246104289158e-03
-2.100971741487e-02 -7.131397596671e-05 -5.443587814056e-03
-3.731495676608e-02 -1.808345215102e-02 -2.709477141766e-01
4.482446264102e-02 2.383081660315e-01 -1.315605882650e-01
7.905087881380e-03 6.395415963516e-02 -7.586392187826e-02
7.864893236992e-03 -6.401906465527e-02 -7.607358263126e-02
4.454379980883e-02 -2.384316882594e-01 -1.313166157237e-01
-3.712113939009e-02 1.803230726331e-02 -2.708815525037e-01
Mode 10
8.241077482582e-01 1.247185181937e-04 2.290570942871e-01
-1.197963448090e-01 2.087191804031e-05 4.042985792968e-02
-1.782485777836e-01 7.119298567514e-05 4.768199275149e-03
-1.001794285618e-01 9.197810399507e-05 2.913537421030e-02
-6.779815643515e-02 2.151783881456e-05 -3.946392731445e-02
1.193629935567e-01 -6.415809220119e-05 -2.447838239983e-01
-1.770119521477e-01 -7.767554988083e-05 1.596102689628e-02
4.220608737538e-02 8.329431365862e-02 -2.559546522408e-02
4.234228309078e-02 -8.326793683126e-02 -2.556651730388e-02
-2.292883468378e-01 -6.996343806549e-05 -1.624399464137e-02
-5.193530659673e-02 1.865993825339e-05 -3.880782296309e-03
5.739040505352e-02 -2.083103181780e-03 -2.589841417743e-02
1.301493579959e-02 2.713043203862e-02 -7.647003889319e-03
1.234945257280e-02 8.087868366874e-02 -1.076533629496e-02
1.236564921300e-02 -8.091457108527e-02 -1.078927155094e-02
1.301680575912e-02 -2.709921582999e-02 -7.617130678613e-03
5.750093935930e-02 2.069836274537e-03 -2.587616867620e-02
Mode 11
1.036243556415e-05 1.249940774129e-01 1.950620420814e-04
1.218577428294e-05 -5.280088093645e-01 8.983933935467e-07
5.585627116810e-07 -4.651663834707e-01 1.917124468107e-06
4.446585348330e-05 2.330040927829e-01 -6.938591863968e-05
-2.532378881374e-06 2.121722955796e-01 -1.262532198883e-04
-1.756902781753e-04 -1.126434953735e-01 -3.963822455185e-05
6.520658204381e-05 1.824024616776e-01 -1.255595605277e-04
-1.096725076630e-03 1.612717011482e-01 2.370756257126e-01
1.205886131845e-03 1.613222289816e-01 -2.370554789597e-01
-1.330982213344e-05 2.480469301856e-03 3.862103920937e-06
-3.700685923088e-05 -2.509464640389e-01 -5.804833370471e-05
2.230025991470e-02 9.645859365528e-02 1.617474254071e-01
1.551361027768e-02 -6.553440775293e-02 6.563066862683e-02
2.307594444363e-03 6.294902600350e-02 9.746829389090e-02
-2.264705055831e-03 6.298244339671e-02 -9.742039477044e-02
-1.550952799410e-02 -6.556451067621e-02 -6.557494698611e-02
-2.229113190292e-02 9.639163884871e-02 -1.617243934952e-01
Mode 12
3.824291096776e-02 7.146658022488e-05 -7.026096736698e-01
-7.774821030090e-02 -1.890240768032e-04 1.561895811413e-02
-3.043396418370e-02 -1.596568379243e-04 1.336504917224e-01
-5.505002792161e-02 1.750707263910e-04 2.788853337617e-01
-5.233806898353e-03 1.001411190777e-04 2.523556291818e-01
2.643107373996e-01 -1.523227817834e-04 6.466428371265e-02
-1.592361110263e-01 -5.065820370096e-05 2.205022331602e-01
-2.479592495242e-02 2.168320262750e-01 5.555712607157e-02
-2.482447298984e-02 -2.166148316071e-01 5.552739457545e-02
7.034662158723e-03 -1.124577454201e-05 7.893970831395e-03
-2.983809393964e-02 9.532977269155e-05 8.500125853630e-02
2.354770824624e-02 2.759662891495e-03 -6.603095198748e-02
-7.139228616883e-03 1.448459260003e-01 1.448014675586e-02
-7.532236117294e-03 1.119918468645e-01 8.583696005946e-03
-7.571124524563e-03 -1.119766618610e-01 8.437289378777e-03
-7.301052950854e-03 -1.448956908874e-01 1.457827527428e-02
2.364420383729e-02 -2.721784222254e-03 -6.607379895649e-02
Mode 13
-1.807080248135e-04 -1.672765931836e-03 2.367823225038e-04
1.523853070273e-04 2.884060933381e-02 -7.725494180295e-05
7.418317482150e-05 -2.209700044803e-01 -1.638803865947e-04
-7.431467955378e-05 1.252047062275e-01 -1.181328329002e-04
-1.731767115782e-04 -1.986352000029e-02 8.156662229604e-06
1.878830164376e-05 -9.908222821062e-02 -2.056209193231e-04
-7.278562265329e-05 -2.970903828883e-01 1.632741408868e-04
-4.717397241055e-02 1.286265985470e-01 1.147905548894e-01
4.733344249426e-02 1.286585045539e-01 -1.148264514565e-01
1.792853574824e-05 -2.707025151589e-03 -6.744295135837e-06
2.211589559161e-04 8.616167362367e-01 2.568092910488e-04
-3.154925968146e-02 6.867465900705e-02 7.396258165434e-02
-9.144157746585e-03 -2.087123652987e-03 3.274336404043e-02
-1.313012465015e-02 1.374188484991e-02 4.729993947024e-02
1.317569422940e-02 1.366446778846e-02 -4.723664121375e-02
9.235826555861e-03 -1.978924149005e-03 -3.275791298334e-02
3.165586189821e-02 6.862873780051e-02 -7.391616437168e-02
Mode 14
1.793900462927e-01 -3.641161244003e-05 -1.516744705778e-01
-3.296225490168e-01 3.492531309992e-04 4.798096720597e-02
-1.137383156434e-01 -3.119575973420e-04 3.380603343757e-01
4.049178794835e-01 4.871196108533e-06 1.106044462681e-01
2.203591960188e-01 -1.162377227040e-04 -1.097998405777e-01
-1.900605127047e-01 5.204175112555e-05 3.285691248942e-01
-1.064839577550e-01 -1.482234643654e-04 -2.521041825532e-01
2.691819957748e-02 -1.226426822901e-01 -7.841281085322e-02
2.694822909625e-02 1.228446293096e-01 -7.860874080069e-02
-1.338352657990e-02 -5.329276261091e-06 9.062451346724e-03
-9.637166975258e-02 3.382538238872e-04 -2.076739924922e-01
-8.461334552351e-02 -1.917180637758e-02 -4.618943456681e-02
-9.022894301834e-02 6.613732804446e-02 1.751900811303e-02
-2.633832802407e-03 -1.932143975218e-01 -1.315008924378e-01
-2.565514008393e-03 1.930980105406e-01 -1.316782783981e-01
-9.035989360628e-02 -6.622581635643e-02 1.754662092116e-02
-8.454218796646e-02 1.930830300404e-02 -4.630202626038e-02
Mode 15
3.858821263143e-02 -9.744500720123e-06 2.856835210008e-02
1.452577143528e-01 1.006522201718e-04 -1.981048315111e-02
3.034465595154e-01 -7.760141175184e-05 2.019975971126e-01
3.244338702269e-02 2.627599813775e-05 2.484335874601e-01
-1.116810855229e-01 1.865099507204e-05 -2.709499340980e-01
-3.609650349193e-01 3.416633772595e-05 -2.077801606485e-01
2.207163514864e-01 -1.116620886154e-04 -3.059785992020e-01
-9.881902248815e-02 2.978823005143e-01 1.770409181646e-01
-9.899873096360e-02 -2.978474381194e-01 1.773064631895e-01
-5.735566211359e-03 3.840203382485e-06 -4.101794741153e-03
7.065280149018e-02 1.022940584948e-04 -5.676585208888e-02
-3.259976016502e-02 4.370045833027e-02 -2.189294910231e-02
-6.776269381563e-02 1.876638272635e-01 6.655301967846e-02
-3.392269167527e-02 8.068127956614e-02 1.142250332522e-03
-3.397489158451e-02 -8.070455163628e-02 1.170865912537e-03
-6.794245403140e-02 -1.877552964082e-01 6.672924668941e-02
-3.263528188526e-02 -4.374007832685e-02 -2.182194887887e-02
Mode 16
5.168423842014e-05 6.636162418134e-02 -2.410562991757e-05
-1.063324638292e-04 -7.155138450821e-01 -7.343571251405e-06
5.618680488939e-05 5.247511681182e-01 1.772566722436e-04
2.870917456396e-04 -4.241679023085e-02 9.272727232563e-05
-1.747307131027e-05 1.279182456494e-01 -7.163158850136e-05
-1.487075869115e-04 -5.939807817309e-02 4.566877431412e-06
-1.340247255392e-04 1.739861638099e-01 -7.140633224884e-05
4.298548322221e-02 -1.064816229193e-01 -7.393423844758e-02
-4.292669956206e-02 -1.063074356006e-01 7.386433395478e-02
1.320485736426e-06 -9.773063666108e-04 5.365431061242e-06
4.371548312664e-05 3.072077217730e-01 6.199098712172e-05
1.164170850594e-02 -6.004782770556e-02 -6.922336395992e-02
1.052620058452e-03 2.264029190018e-02 -1.883368544691e-02
1.038001389898e-02 -2.626094655586e-02 -4.652882793007e-02
-1.037674589673e-02 -2.594413473446e-02 4.637350652054e-02
-1.133878856418e-03 2.255562322145e-02 1.883591307235e-02
-1.180072626121e-02 -5.999072783028e-02 6.915623664223e-02
Mode 17
-4.405503015226e-03 -1.453156103721e-05 -7.260811314037e-02
9.526011686681e-02 2.179445796733e-04 6.171081368558e-02
2.462872248457e-01 -6.771948989745e-05 2.385707032114e-01
2.085683284889e-01 -4.551634477438e-05 1.155536877672e-01
-4.267104533659e-01 8.184179449107e-05 3.044288428225e-02
-1.881133236808e-01 3.428426785819e-05 -3.893982036827e-01
-1.616847271228e-01 -4.073535563763e-05 3.065648618807e-01
1.246878355032e-01 -2.160632070216e-01 -9.848231345266e-02
1.247180428045e-01 2.160479636925e-01 -9.854303957102e-02
-1.282629650944e-03 3.553548153812e-06 -2.079797216031e-03
4.740928404837e-02 -3.218993747769e-04 2.759183996042e-01
-1.439099764123e-02 -6.966864796983e-02 -6.471898119059e-02
-1.953821248480e-02 4.943407248967e-03 -7.202206679523e-03
3.030637219831e-02 -1.602838959018e-01 -1.057523162827e-01
3.035155188907e-02 1.601482850451e-01 -1.058751492549e-01
-1.961865564780e-02 -5.028993159945e-03 -7.163616839537e-03
-1.431105123485e-02 6.968679809885e-02 -6.474523386980e-02
Mode 18
6.059910313834e-07 -1.153430718007e-02 9.458345149256e-06
-2.104704178221e-05 1.494708879872e-01 -6.600102059011e-06
-8.032821700172e-05 -5.360683546285e-02 -5.575730515156e-05
-2.782552719325e-05 -8.496770769304e-03 -1.063076288733e-05
1.450348625703e-04 8.422368545792e-01 -6.107926084732e-06
8.320223061736e-06 -2.360272512359e-01 4.550861009634e-05
3.144075946279e-05 -2.612454610701e-01 -5.546144231173e-05
5.251308768004e-02 -1.523692125077e-01 -9.876566296610e-02
-5.257526964625e-02 -1.520713794042e-01 9.883593976910e-02
-3.162045409725e-07 2.464644837334e-04 2.514656667492e-07
4.694091651845e-06 -1.041828830968e-02 -3.777809058775e-05
8.880758383248e-02 -7.564424057974e-02 -4.134750710615e-02
7.669656482644e-02 -7.112052072768e-02 -5.506405910750e-02
2.217092539439e-02 6.850440805332e-02 2.060979694355e-02
-2.213682732543e-02 6.847365044296e-02 -2.056219769905e-02
-7.672482570014e-02 -7.107668575486e-02 5.508976651780e-02
-8.878527265806e-02 -7.547859183560e-02 4.132650341004e-02
Mode 19
4.011105114904e-02 5.298347736319e-06 -1.493598833752e-01
-3.822404099979e-02 -7.603220965357e-05 2.878242884826e-01
1.315532461527e-01 5.589546721365e-05 5.072627984756e-01
-3.696934184977e-01 1.205318135161e-04 -3.006972034726e-02
7.081124542077e-02 -1.028093768543e-04 -7.165010131427e-02
-2.234671126355e-02 1.493443937272e-05 -3.723567758787e-02
2.168148816503e-01 2.250881102465e-05 -1.074629942090e-01
-1.072999487191e-01 -1.861660648859e-01 -1.399910999852e-01
-1.069875107259e-01 1.860140855287e-01 -1.400748727793e-01
-3.072887599822e-03 7.472162606769e-07 7.976257113923e-04
2.128353464852e-02 1.381377945705e-04 -1.058236569174e-01
1.278001043774e-01 -1.079492223012e-01 -3.920891370828e-02
1.315301015951e-01 -1.758242048717e-01 -1.112208080321e-01
-1.489666142695e-02 1.751550018670e-01 1.096279990947e-01
-1.490971276037e-02 -1.747605077043e-01 1.096058296177e-01
1.316556428472e-01 1.757621925063e-01 -1.112849548089e-01
1.277069560701e-01 1.078121958014e-01 -3.928579591408e-02
Mode 20
1.899032795620e-04 -1.810242654015e-05 1.382122868375e-03
-4.482072509084e-04 -3.847639583213e-03 -3.878681768873e-03
7.273090641828e-03 -2.607658171871e-02 2.620147218879e-03
1.011001228527e-03 -2.553712700170e-01 -2.442742072165e-03
-8.057706874693e-04 3.266643728378e-02 2.155426674190e-03
1.056719378931e-03 -1.019170574135e-02 1.606791592596e-03
-6.649269345692e-03 -1.089452841396e-02 -1.602470681232e-03
-1.328194110919e-01 2.774515765873e-02 3.212481482021e-01
1.311403964256e-01 2.388699193818e-02 -3.230358831980e-01
1.418922887419e-05 -3.684248422758e-07 -1.262814335938e-05
-2.220741799224e-03 -6.902453985061e-03 -1.154529631127e-03
1.153932689131e-01 -2.420663427453e-01 -2.356555752205e-01
-2.732009545069e-02 3.527483314489e-01 7.733074695160e-02
-4.681895682090e-02 2.836626194521e-01 -1.766129172646e-02
4.670822774441e-02 2.830308501902e-01 2.004876957472e-02
2.901061063416e-02 3.566138356643e-01 -7.878265500914e-02
-1.159232796145e-01 -2.449828235118e-01 2.386159689355e-01
Mode 21
1.252562062489e-02 -1.387384242257e-06 1.160979637039e-01
-2.074137120496e-02 1.000511779435e-04 -3.222555401918e-01
5.665256578895e-01 2.649405989597e-04 1.664753621958e-01
4.284425760944e-02 3.332122869778e-03 -1.470352216992e-01
-5.766669970477e-02 -2.294322028145e-04 1.736484224761e-01
8.821524808490e-02 8.259838555026e-05 1.365329345466e-01
-5.191224850511e-01 1.019135665136e-04 -1.487178861246e-01
-6.001819134427e-02 8.938631019644e-02 -5.875571581815e-02
-6.400396949055e-02 -9.011707675510e-02 -5.036956283228e-02
1.227054667628e-03 3.452863828124e-06 -1.241518185117e-03
-1.769887522360e-01 3.209011859242e-05 -1.042065170183e-01
3.685079044174e-03 8.449504677577e-02 9.057096910450e-02
5.885832134067e-02 -1.231266191124e-01 -4.604226545950e-02
-7.391869371051e-03 4.164821776303e-02 8.492868824142e-02
-8.747945891127e-03 -4.954446327382e-02 8.478103555636e-02
5.850579155618e-02 1.141403240080e-01 -4.429949636568e-02
6.919280636474e-03 -7.791142712948e-02 8.430469162406e-02
Mode 22
-1.024658838756e-02 -5.319367952679e-06 9.041202192262e-02
9.173187850959e-02 -1.461152626088e-04 -2.266169640720e-01
1.027725169784e-01 3.352732294233e-04 -2.396862326484e-01
-1.319873006444e-01 -3.592255439134e-04 3.462578174203e-01
-1.733947581385e-02 -8.221138391605e-04 1.050518408100e-01
4.384509747117e-02 1.361239518803e-04 8.786923305045e-02
-1.195506959782e-01 1.717127250793e-04 -2.214942646194e-01
-8.849313909552e-03 -2.940059482408e-01 1.140533288096e-01
-5.516533228264e-03 2.941641921948e-01 1.139095067069e-01
1.016974127324e-03 5.377679221349e-07 -1.612029565943e-03
-6.133937770329e-02 1.029351691973e-04 -1.190057533668e-01
1.229834480645e-01 -2.977956848901e-01 -2.438470317480e-01
6.412880074951e-03 1.795652999759e-01 1.969115022709e-02
-7.461946648954e-03 1.200848588726e-01 -5.592104050152e-02
-6.800645632681e-03 -1.161511525183e-01 -5.808536480383e-02
4.660299438024e-03 -1.805477883020e-01 2.095142605673e-02
1.212210833358e-01 2.963663958255e-01 -2.434268219396e-01
Mode 23
3.810699331935e-05 -1.544864182578e-03 -2.505131863049e-04
-4.666589312875e-04 -2.374342918658e-02 5.772227161770e-04
-2.291242696982e-05 8.633062289513e-02 9.959396233464e-04
7.577702299705e-04 7.842181262326e-03 -1.575126971667e-03
1.146641159411e-04 -1.731819264626e-01 -4.708373638732e-04
-1.385317089378e-04 3.167688790389e-02 -2.474237819373e-04
6.775288528619e-05 3.924411107850e-02 1.015689224047e-03
-3.119927774355e-01 -1.219013049728e-02 -1.354565636859e-01
3.119078304377e-01 -1.477116871012e-02 1.343728548901e-01
-1.649996325875e-06 -3.722871211175e-05 5.367735536463e-06
1.812077478942e-04 2.374232871244e-02 6.112333468611e-04
1.838310991866e-01 -3.541316230220e-02 5.983858274918e-02
2.048704334381e-01 -2.468449417773e-01 -1.620805888817e-01
-5.867384484238e-02 3.507848935130e-01 2.636371534495e-01
5.887277209011e-02 3.515329030027e-01 -2.630936011208e-01
-2.051763838571e-01 -2.451727172571e-01 1.620167709265e-01
-1.848191685852e-01 -3.819466129661e-02 -5.729872852149e-02
Mode 24
6.460697200435e-03 4.595610507619e-06 8.070036636671e-02
-3.706865203106e-01 4.190632589374e-05 -4.268399746616e-01
1.498773545713e-02 -6.715771094978e-05 4.446856716905e-02
2.099726908941e-01 2.296576754898e-04 1.060510838735e-01
1.899608533649e-01 -2.872017802706e-05 -2.691670202882e-01
-2.302342157620e-02 1.306196267507e-05 5.760338102880e-02
8.636797233628e-02 3.103472274134e-05 1.774282911041e-01
-1.438401343519e-01 -2.966092119222e-02 -1.196022500936e-02
-1.440263129182e-01 2.952667901114e-02 -1.202956490477e-02
3.263115378087e-03 5.814368768668e-08 2.185322371634e-03
2.521307566502e-01 -1.491343354659e-04 5.050956794451e-01
9.212627433930e-02 -5.067544322364e-02 -2.982912948744e-04
7.441420285227e-02 -2.912556124244e-02 -5.362983362090e-02
-3.052129253458e-02 1.484473309483e-01 8.966810383737e-02
-3.062315870672e-02 -1.486295482602e-01 8.992534976405e-02
7.457949586409e-02 2.924545753557e-02 -5.372406347360e-02
9.220199336926e-02 5.056807391065e-02 -2.299095323868e-04
Mode 25
-1.279511817465e-02 5.384812157056e-03 -1.958628654360e-02
1.242484617145e-01 1.476984957432e-02 1.704707705093e-01
-7.983630589014e-03 -9.497804622459e-02 -1.474340347395e-01
2.220373076290e-01 6.688269434270e-01 1.405545473803e-01
9.327410070672e-02 -1.300428285525e-01 -1.260193444160e-01
-8.536830653571e-02 2.502210017027e-02 -4.785364712263e-02
-1.293903796032e-01 1.815955909785e-02 1.302512380517e-01
-7.148968481421e-02 -2.269196449946e-01 -2.861498332170e-02
-1.183851032005e-01 -2.139272497794e-01 -5.251344332020e-02
-1.082216087656e-03 -1.441601000180e-04 -9.938321233910e-04
-1.162805654488e-01 1.708118993529e-02 -1.196584573030e-01
1.252217330527e-01 -1.680663595305e-01 -9.659319424039e-02
1.074048255059e-01 -4.359122503654e-03 -7.037667079985e-02
-1.503435327196e-02 8.592312943500e-02 -2.059099388373e-02
-1.882211920029e-02 -6.617154190019e-02 1.749876684866e-01
-3.904998194119e-03 6.860845577946e-02 -1.688838014397e-02
-8.040113257394e-04 -1.635812315337e-01 1.695774504320e-01
Mode 26
1.956588940969e-02 3.522136786961e-03 3.004924151113e-02
-1.899678191158e-01 9.657917983031e-03 -2.610302474839e-01
1.215088601456e-02 -6.205435189016e-02 2.251044128418e-01
-3.400704220236e-01 4.371033754927e-01 -2.132907893649e-01
-1.430923265011e-01 -8.499024322685e-02 1.932316472936e-01
1.307230264315e-01 1.632777913699e-02 7.328154542334e-02
1.981447087026e-01 1.187515127704e-02 -1.998396392206e-01
1.607753254170e-01 -1.339435703339e-01 6.928909190942e-02
1.302213455101e-01 -1.541160344239e-01 5.361626831982e-02
1.655325094713e-03 -9.342930501384e-05 1.518971563765e-03
1.779586081704e-01 1.109957935773e-02 1.829034209365e-01
-5.424554609229e-02 -1.046351475036e-01 -1.424626181082e-01
-4.276434321256e-02 7.606496548885e-02 4.910189388012e-02
2.718416331264e-02 -1.105997948851e-01 -1.819311299948e-01
2.482200767345e-02 1.235369792983e-01 -5.414955404747e-02
-1.157247144808e-01 -3.416039430101e-02 8.415040714930e-02
-1.366274499183e-01 -1.121919675001e-01 3.162320723924e-02
Mode 27
-7.491736370088e-03 8.342608882335e-06 -3.311378098682e-02
2.509838072708e-02 1.795462424666e-05 1.175347341325e-01
1.237674096386e-01 -1.577581430853e-04 1.089801984442e-01
-3.289158620342e-02 1.021940330156e-03 -6.020554946932e-01
2.317362136017e-01 -2.347374839068e-04 -2.656622560140e-01
-4.571889133306e-02 3.991000537689e-05 1.540692770148e-03
-1.869117110644e-01 3.942589792216e-05 3.055893978835e-01
-8.604091959139e-03 -4.423321373517e-02 2.289268080064e-01
-8.674774661151e-03 4.379704794593e-02 2.286527652733e-01
5.471604319714e-05 8.942168966877e-07 -3.769316964551e-04
-1.000744063664e-01 3.437567491985e-05 -3.996316962665e-03
-3.373814075890e-02 -1.082554746675e-01 -1.200595403943e-01
-2.273848268409e-02 2.205299510457e-01 6.343854732196e-02
-2.033387412797e-02 1.253253342627e-01 -1.171399409231e-01
-2.035317005089e-02 -1.254661453948e-01 -1.166090165780e-01
-2.307417975516e-02 -2.206418916008e-01 6.362854395956e-02
-3.387074672805e-02 1.074231986485e-01 -1.192688371663e-01
Mode 28
-1.320179302851e-02 -3.924873551575e-06 5.039322377207e-03
3.253509989060e-02 -8.238039156011e-06 -2.280273337907e-02
1.831886545841e-01 4.708007702354e-05 -7.291721517072e-02
-5.081731781109e-01 -4.609439690285e-04 3.443571996317e-01
3.609940676579e-01 1.069144039797e-04 -3.887335676567e-01
-5.845883765866e-02 -1.587130447090e-05 5.957798059676e-02
-1.987487308610e-01 -1.380303204904e-05 1.942562929346e-01
1.711046230860e-01 1.375344076920e-02 -9.101726081603e-02
1.711229754446e-01 -1.364977824306e-02 -9.105568986498e-02
5.333596998508e-04 8.033471410895e-07 -1.391488630777e-03
-5.070051873317e-02 -3.223944293052e-05 7.106423280401e-02
-1.051215526215e-01 6.926863235404e-02 3.770808372575e-03
-1.263960034396e-01 -7.635433579914e-02 5.484536658391e-02
4.293684569086e-02 -1.555336049053e-01 -1.321801562662e-02
4.302135495060e-02 1.557035135536e-01 -1.317753300592e-02
-1.263422647900e-01 7.667596774799e-02 5.475038312858e-02
-1.049134820525e-01 -6.888552242200e-02 3.469936802954e-03
Mode 29
-1.857188903946e-06 -1.091987510319e-03 4.948444375153e-06
-7.732254468746e-06 -7.828659913725e-04 -5.228209832361e-06
5.126131911923e-05 8.060120394348e-03 -3.727506693658e-05
-2.197583566838e-04 -9.084997618245e-02 2.242259592231e-04
2.894939753756e-05 1.914860825637e-02 -7.580425152687e-05
2.551348713039e-05 -5.804441567909e-03 3.406938217433e-05
-9.905369609121e-07 -3.992411700787e-03 6.946909612122e-06
-1.038143880849e-01 2.616265830542e-01 1.652909223165e-01
1.036472761850e-01 2.612230512139e-01 -1.655338685796e-01
5.027336284651e-08 6.457828477525e-05 1.644223394601e-07
-1.049377337372e-05 -2.680843311833e-03 -1.803045059572e-05
1.292665621641e-01 -1.655604933034e-01 -2.433687982440e-01
2.225857279119e-01 -3.190648375875e-01 -6.303107516763e-02
-4.790213860881e-02 -2.850741815997e-01 -2.176866028592e-01
4.771584742670e-02 -2.842202960628e-01 2.177004209075e-01
-2.220307730852e-01 -3.187409385599e-01 6.280182294267e-02
-1.286422647021e-01 -1.654924964260e-01 2.438936326731e-01
Mode 30
2.515062516201e-03 6.447894386636e-07 -1.096476105780e-02
7.899561815662e-02 1.758595615723e-05 9.779124310284e-02
-2.753441286066e-02 -1.552699678777e-05 2.079009348326e-02
1.187745848493e-02 -2.492035940012e-05 -2.943977275398e-02
2.389274315967e-03 -6.290710974281e-06 4.137808304517e-02
3.020638267197e-03 4.028360359993e-06 2.355683903937e-02
-9.466543928318e-02 2.750656040381e-06 -1.667906070805e-01
9.482686890586e-02 -2.252845923861e-01 -1.605055088676e-01
9.463665512797e-02 2.255625842371e-01 -1.609902340741e-01
-6.129400192355e-04 -4.164512800064e-07 -2.154212044753e-04
8.035990528559e-02 -4.208026039196e-05 1.711511114419e-01
-1.173651483866e-01 1.541099695588e-01 2.202618596630e-01
-2.417120089076e-01 2.895989006466e-01 7.196800069690e-02
4.958644293531e-02 2.679825574836e-01 2.444681340180e-01
4.942835742332e-02 -2.677112772428e-01 2.447200046475e-01
-2.412552459336e-01 -2.903723974606e-01 7.170920335216e-02
-1.167530579692e-01 -1.544441363217e-01 2.215900977340e-01
Mode 31
-5.262681602883e-04 -2.713639364530e-06 3.120166498532e-02
-3.089905149976e-01 -4.251616280907e-05 -3.340923092297e-01
1.058603609303e-01 5.806703173714e-06 1.266470031832e-02
-1.991554262521e-02 -3.122753325339e-05 3.761616336378e-02
-7.043316093564e-02 2.370202440611e-05 7.228731704914e-02
-5.902399610835e-02 6.649910572496e-06 -1.431694477613e-01
3.579718149657e-01 -2.071363644386e-05 4.422575359619e-01
4.119450188261e-02 -6.172449576393e-02 -5.516220464454e-02
4.110518144634e-02 6.182903100846e-02 -5.527636075128e-02
2.121043332285e-03 4.657598153019e-07 9.342127014076e-04
-2.202765239116e-01 1.249259360912e-04 -5.313701537869e-01
-2.482413429177e-02 4.166891284792e-02 6.038231580432e-02
-9.849726006230e-02 8.762293961257e-02 3.274834607422e-02
2.001259586540e-02 5.455735084449e-02 9.267065283343e-02
1.995705393869e-02 -5.446907146432e-02 9.263506680118e-02
-9.825538844095e-02 -8.787549447794e-02 3.261959501860e-02
-2.461888757924e-02 -4.177975454008e-02 6.081962716179e-02
Mode 32
3.497148564916e-06 -7.317970671945e-04 4.775351987089e-06
-6.085250539652e-05 -8.214406551354e-04 -5.135117297848e-05
-2.772017821168e-05 8.094506964462e-03 8.816345596170e-06
1.752503462304e-04 -6.973876033867e-02 4.176106023515e-05
-1.153515485523e-04 6.314277973241e-03 1.370486625949e-04
-6.946552765256e-06 -3.766158591758e-03 -5.297477838577e-05
9.850743639862e-05 1.686306303323e-04 1.110511989716e-05
-6.103272079920e-02 -9.320761358850e-02 7.411170772443e-02
6.120040296260e-02 -9.267699876490e-02 -7.410837738557e-02
3.409849170256e-08 4.724462935751e-05 2.092560467940e-07
-2.006161298112e-05 -2.685951288219e-03 -9.543543420501e-05
-1.016322274258e-01 1.604594346207e-01 2.559908331855e-01
3.901170980474e-01 1.679058903383e-01 -1.712182530856e-01
-4.935223785091e-02 9.923400397080e-02 -3.956662103517e-01
4.938430997511e-02 9.808846247031e-02 3.953919850620e-01
-3.900690210059e-01 1.678594800713e-01 1.710487909896e-01
1.007404629691e-01 1.599099181907e-01 -2.557960600815e-01
Mode 33
2.411803989091e-06 3.837882296797e-04 -1.110599862990e-05
1.912012154480e-05 1.149193281835e-03 5.011494300904e-05
-3.822396632974e-05 -3.775056060196e-03 7.806797162032e-05
2.262406266529e-04 1.589831887359e-02 -3.537246225495e-04
1.414110456052e-07 7.403908148124e-03 9.158759235109e-05
-3.975543886210e-05 -2.707040545565e-03 -4.195596010222e-05
-2.343348358011e-05 -2.335042431609e-03 -2.717532807444e-05
-1.132012624354e-01 1.059716955494e-02 -6.724773107073e-02
1.136379638937e-01 1.059448978014e-02 6.688057142958e-02
-2.491714568217e-07 -6.963737494074e-05 -7.324088880059e-07
2.005964207335e-05 2.888656772233e-04 4.730054025615e-05
4.466835750223e-01 -2.100915049229e-02 2.110615539250e-01
5.306935365980e-02 3.039487170520e-01 -5.733387659446e-02
-1.088258298654e-02 -3.458426292485e-01 1.389337402644e-01
1.106243820844e-02 -3.463136818241e-01 -1.366691057241e-01
-5.518387468155e-02 3.041832955329e-01 5.814329499845e-02
-4.467448872059e-01 -2.038099293024e-02 -2.121341378089e-01
Mode 34
1.480700526003e-04 -5.621791205823e-07 -3.595874980817e-03
1.943942553934e-02 -3.632063228313e-06 2.357120207135e-02
-2.486303173248e-02 9.200080781150e-06 2.019999200092e-02
1.074347579252e-01 7.238610150873e-06 -1.450870908370e-01
-4.042653881076e-03 -6.168980501899e-05 2.090013662059e-02
-6.622482511154e-03 1.385701079347e-05 -7.108779818781e-03
-1.871854539796e-02 1.012582653012e-05 -1.085541912744e-02
1.895120908394e-02 1.236827831314e-01 -2.891654108718e-02
1.853238426411e-02 -1.237586713152e-01 -2.922439649215e-02
-8.695016555029e-05 4.435583423495e-07 -7.312298489324e-05
7.411782430951e-03 -4.841746692673e-06 2.340128800663e-02
1.337294665105e-01 -1.861641026275e-01 -2.751408981714e-01
-3.553966015444e-01 -1.655356184657e-01 1.642348675449e-01
3.506217559748e-02 -1.023258451521e-01 3.796564067999e-01
3.509591844898e-02 1.038813512437e-01 3.808503689354e-01
-3.557663403718e-01 1.642573999287e-01 1.640836487643e-01
1.358910076559e-01 1.862236638556e-01 -2.745118842531e-01
Mode 35
-2.633677901173e-04 -1.197005155031e-07 -2.009260158871e-03
5.292764683524e-03 5.503087712421e-06 3.556924056387e-03
2.303336034042e-02 -2.272435969665e-06 2.139826899015e-02
-1.365140734022e-01 1.420077975049e-05 -7.859640970795e-02
2.283395330315e-02 -7.825935943272e-06 -3.616174656557e-02
1.353791031121e-02 -6.594118709362e-06 2.106204476704e-02
-1.820589576120e-02 -2.105162546569e-06 4.988074452922e-03
-9.172623711823e-02 1.075454636073e-02 -4.803989683049e-02
-9.172227321348e-02 -1.125755210993e-02 -4.799539955638e-02
7.434426231380e-05 -7.532191874341e-07 -9.200597278378e-05
2.797201709714e-03 -3.521403739007e-06 1.795790712901e-02
4.282723979669e-01 -1.655292805056e-02 2.090696756851e-01
5.002746763215e-02 3.233355051503e-01 -5.074481974014e-02
-1.177378291371e-02 -3.560920740183e-01 1.055374132416e-01
-1.164484075581e-02 3.563943919790e-01 1.056706408279e-01
4.957476210988e-02 -3.222244684708e-01 -5.033022210303e-02
4.282807908758e-01 1.689158627087e-02 2.082760255771e-01
Mode 36
-1.529770636090e-02 -1.475972325647e-06 2.801438568073e-02
5.872664402966e-01 -3.971933329136e-06 -4.822281755457e-01
-4.541870827354e-01 2.648099571331e-05 4.212556351545e-01
3.685404587361e-04 1.447953663042e-05 1.486563630183e-02
8.072421385060e-02 -1.214572309012e-05 -5.121397834988e-02
-2.817433177096e-02 2.460942201638e-06 -3.941704809904e-03
-7.639372145675e-02 -8.536583340588e-06 9.295613224064e-02
-1.193690380660e-02 -5.920314274010e-03 -2.336641724725e-02
-1.192963822604e-02 5.915749826688e-03 -2.337499966493e-02
3.724060451229e-04 -8.684719179097e-07 -3.542053680636e-03
-7.099771535044e-02 -5.571607448004e-06 -7.180610909191e-02
5.497060922285e-04 8.726401687313e-03 1.215391075978e-02
1.038827463552e-02 -1.363555966950e-02 -1.105987571939e-02
-1.913519973701e-03 8.955533742754e-03 5.503813492429e-03
-1.916059879861e-03 -8.967012636481e-03 5.514768329062e-03
1.039887061917e-02 1.362324022209e-02 -1.106966648250e-02
5.307486686127e-04 -8.731864186686e-03 1.216633518473e-02
Mode 37
6.358945653612e-04 4.848918115165e-07 2.966271990185e-03
-4.492637376387e-02 3.229310774124e-06 -3.183071433326e-02
-3.187598814994e-04 -1.332672014011e-06 -2.166753572825e-02
-3.380725910406e-02 2.172394253518e-05 -2.621901868640e-02
5.783741575377e-01 -6.350208364681e-05 5.639063765396e-01
-4.084432555003e-01 4.186684578403e-05 -3.993979089254e-01
-4.651786587150e-02 1.928082701314e-06 -5.168026157197e-02
-1.472127537978e-03 8.961356954762e-03 8.088563680293e-03
-1.461129210740e-03 -8.960098853393e-03 8.094459183216e-03
1.602459475660e-04 -1.845377839813e-08 4.646895820374e-05
3.915569218630e-02 -8.910872540679e-06 8.490647807036e-02
6.690227673378e-03 2.752403797088e-04 -1.740851808742e-03
1.834915956844e-02 -4.053896093715e-03 -1.849964591284e-03
-3.616450036501e-03 -1.720134586703e-02 -1.596342391580e-02
-3.605171470098e-03 1.720316631696e-02 -1.596407178235e-02
1.831209167401e-02 4.024428683714e-03 -1.840188991991e-03
6.684563770332e-03 -2.814866660932e-04 -1.739733107408e-03
Mode 38
2.355236735863e-09 6.369764248528e-05 -2.057090361034e-07
1.686407589912e-07 -1.221492386386e-04 9.209154742931e-08
-4.181903272130e-07 3.509166251508e-04 -1.286347410572e-06
1.513150969767e-06 4.758161682607e-03 6.607609287284e-06
-6.980099704347e-06 -6.958670823179e-04 -5.633165721224e-06
3.179749375600e-06 5.370041754718e-04 2.777043737166e-06
7.581613748224e-07 7.777542024583e-05 -4.081111395704e-07
3.366110905593e-02 -9.812035474533e-02 -5.464488219428e-02
-3.361624660026e-02 -9.785439233535e-02 5.465506052093e-02
1.799105514226e-08 -7.874890981857e-06 6.496204384535e-08
-4.493514099553e-07 -2.201822506471e-04 -1.088253266742e-06
1.182456731613e-01 3.301495753130e-01 -2.113927547569e-01
1.675590027568e-01 4.543148412803e-03 3.636313143772e-01
-3.976703567729e-01 -4.801877875450e-03 3.218073501893e-02
3.968474856282e-01 -4.944104342807e-03 -3.207361697663e-02
-1.672576210138e-01 4.361680916876e-03 -3.631524316967e-01
-1.178744558049e-01 3.295656373573e-01 2.107645442137e-01
Mode 39
9.108167000405e-05 4.667321798300e-08 -2.486429571851e-04
-5.922459515259e-04 3.358504259810e-07 8.513640370479e-05
8.027409408699e-04 -4.724436307705e-07 8.469388133639e-04
5.280229512815e-04 -9.920233170640e-06 1.885532447649e-03
-6.056509241628e-03 -7.537427667724e-07 -1.901946827142e-03
2.034594360621e-03 -2.809357619558e-07 1.969761338920e-03
7.772042880922e-04 -4.155161047919e-07 -3.296811658388e-04
3.304765225090e-02 -1.015037887161e-01 -5.242261462073e-02
3.313897649427e-02 1.016227012275e-01 -5.265229843940e-02
5.245463972554e-06 8.983717603048e-08 5.470823653681e-06
3.020640869278e-04 -2.991646035731e-07 -1.108461271968e-03
1.191788563969e-01 3.365748176972e-01 -2.135076769788e-01
1.644145466993e-01 4.584349500527e-03 3.577988344318e-01
-3.945184756061e-01 -3.416063682044e-03 3.281587797780e-02
-3.952302202128e-01 3.576625543895e-03 3.283503867043e-02
1.647617652711e-01 -4.466386140263e-03 3.587083369980e-01
1.192454042683e-01 -3.372247828753e-01 -2.136559845641e-01
Mode 40
1.336276213576e-08 9.494233902681e-06 -5.116398827618e-07
-4.415942266585e-06 1.842739742151e-04 7.785315092750e-06
-3.426864566513e-06 -6.841193028321e-04 7.032231942938e-06
3.141296026373e-05 2.512264118793e-03 -3.240177926486e-05
-1.173387556596e-05 9.809541784141e-04 1.828951626169e-06
-1.190997808075e-06 -8.475292730110e-05 2.675380828010e-06
-5.104718472881e-06 -1.649633995881e-04 4.190942176562e-06
1.202707229611e-01 1.227105156291e-01 -1.388818265504e-01
-1.180935532262e-01 1.207750869738e-01 1.365043157359e-01
3.377144798209e-08 4.146462139535e-06 -1.092194177932e-07
6.350623373019e-06 1.675442826068e-04 -2.690766828480e-06
-1.496556065996e-01 -4.424048009754e-01 2.742712209485e-01
9.078543564844e-02 9.203156277030e-03 1.805529567813e-01
-3.534741166244e-01 5.058407079170e-03 2.340653818261e-02
3.470218057488e-01 4.798389608135e-03 -2.293377148913e-02
-8.923407534884e-02 8.951882283914e-03 -1.775839989687e-01
1.470209351194e-01 -4.352511338167e-01 -2.694758050482e-01
Mode 41
6.347246342915e-06 1.634912223575e-07 5.455280479122e-05
4.746583966495e-04 1.306379844690e-06 -9.149459749858e-04
4.802605954295e-04 -6.139944245873e-06 -6.906234734834e-04
-3.428175345295e-03 2.238381418856e-05 4.057955949061e-03
1.296666947256e-03 7.282658315809e-06 -3.106639011925e-04
1.501232748403e-04 -7.236320035449e-07 -2.946093556043e-04
6.032213737381e-04 -1.699648024841e-06 -5.212483567573e-04
-1.160883968325e-01 -1.203761892290e-01 1.377314347867e-01
-1.179454288836e-01 1.226152015245e-01 1.401439768693e-01
-6.622654518043e-06 1.720466791724e-07 1.978446919831e-06
-6.960263167311e-04 1.367570240677e-06 2.951815225354e-04
1.465184600205e-01 4.305093668457e-01 -2.675285821124e-01
-9.376568667755e-02 -1.035380981827e-02 -1.869148117939e-01
3.487675345372e-01 -7.301960392219e-03 -2.317612773085e-02
3.543423814030e-01 7.251795975529e-03 -2.350068947102e-02
-9.544397179594e-02 1.045655810569e-02 -1.903874774775e-01
1.489780631307e-01 -4.383674113350e-01 -2.720493237115e-01
Mode 42
-1.114916395431e-07 -4.124350263205e-05 1.755445877751e-07
3.853392973798e-06 -3.858758350060e-04 -1.432430268669e-06
-4.229178935458e-06 1.672025644595e-04 -3.092141155909e-06
8.925092381366e-06 1.186616895330e-03 1.636579891646e-05
-3.888003393907e-06 -1.102249955995e-03 3.370005424974e-06
-3.718569013894e-07 4.175106399877e-04 -2.490426066917e-06
-1.927007509357e-06 2.520671030232e-04 -2.255155856125e-06
-1.727297305817e-01 1.657977532796e-02 -1.340244016140e-01
1.738547580721e-01 1.661056805441e-02 1.346668892127e-01
-9.675435271459e-09 8.413449618190e-06 -8.368311116850e-08
1.705672412479e-06 4.092829889677e-04 -2.112982910683e-06
-3.354636239377e-02 -7.090488279186e-02 3.864952534670e-02
2.087144831576e-01 1.070102730290e-02 4.668446168679e-01
4.219105057127e-01 1.758544932954e-03 -4.151367643135e-02
-4.248471319728e-01 1.916452275638e-03 4.174525035449e-02
-2.097189961732e-01 1.054105014754e-02 -4.693465250426e-01
3.359826007607e-02 -7.102001852785e-02 -3.862718646068e-02
Mode 43
-5.439060278366e-05 1.352283794567e-07 9.524116358777e-05
1.587628591615e-03 1.072126866299e-06 -6.352674141180e-04
-1.677270832511e-03 -2.232133931938e-07 -1.085230948670e-03
5.071433956537e-03 -7.778268275319e-06 3.790280974709e-03
-2.851730482568e-04 4.883805705155e-06 3.009582744118e-03
-7.268243593272e-04 -1.748049339481e-06 -1.554838122752e-03
-6.777933785069e-04 -7.315096577220e-07 -9.016841831651e-04
1.740263951991e-01 -1.512675468361e-02 1.331953376447e-01
1.731001976344e-01 1.498134140827e-02 1.323021999629e-01
-4.780356462937e-06 -2.458393818698e-08 -2.487796316052e-05
3.649022505205e-04 -1.453188903732e-06 -4.654313028621e-04
3.000024318740e-02 6.486254093935e-02 -3.580271783033e-02
-2.098355588344e-01 -1.208974395571e-02 -4.700319353251e-01
-4.258335543570e-01 2.700507055462e-04 4.252808330398e-02
-4.237338325182e-01 -1.160970513470e-04 4.226747316846e-02
-2.084212187428e-01 1.184761966983e-02 -4.670890540853e-01
2.970785055170e-02 -6.425475594312e-02 -3.539940412753e-02
Mode 44
2.299037160025e-04 -3.527136127538e-07 5.142618127444e-05
-6.782688373942e-03 -2.453062002505e-06 -2.957855767678e-03
-4.307948178669e-03 3.039943730404e-08 -1.202356616827e-04
-7.570463255259e-04 1.979612319815e-08 4.521183736045e-04
-1.005447756052e-03 -7.774567385182e-07 6.105432551753e-03
1.082291338595e-03 6.199823224290e-07 6.142364059742e-04
2.418511113096e-01 -3.115257479999e-05 -1.183916379000e-01
3.507466702975e-04 7.583907752400e-06 -1.714083759692e-04
3.509427089485e-04 -7.643693563738e-06 -1.714033306789e-04
9.708757500521e-06 -1.221190855665e-08 2.191830252212e-05
-8.628521906101e-01 1.274417525836e-04 4.276234562637e-01
-5.505586293046e-05 -2.001803510746e-04 9.738102096239e-05
1.693563638034e-04 -3.248641993099e-05 3.337051123716e-05
-7.490311685262e-04 -1.484419955085e-04 -2.055958997088e-04
-7.497306249723e-04 1.484701962736e-04 -2.058685385218e-04
1.692548553113e-04 3.245219628511e-05 3.350043006406e-05
-5.504009045615e-05 1.997266655359e-04 9.689893405191e-05
--
Dipole derivatives 
Mode 0
1.034616049629e-02 -4.855631134280e-03 9.699268507515e-03
Mode 1
3.056045425086e-03 4.358576206747e-02 1.660118897094e-02
Mode 2
3.218796664362e-02 -1.391594243360e-02 3.081789535223e-02
Mode 3
5.090984464360e-02 -2.195639672039e-02 4.874678619860e-02
Mode 4
-6.943408770869e-03 -2.239929511400e-02 -2.792427051669e-03
Mode 5
-1.288169265395e-02 5.558754827432e-03 -1.235881450974e-02
Mode 6
3.314826725798e-04 -8.747957448345e-05 4.025348952940e-05
Mode 7
2.899756377791e-02 9.734503363395e-03 -2.589714429058e-02
Mode 8
3.064337783767e-02 -1.800390928970e-03 -3.276780743872e-02
Mode 9
-6.864939807152e-04 -4.398408747413e-02 -1.910711111207e-02
Mode 10
-1.613708621926e-02 -6.228649402503e-03 1.402507978014e-02
Mode 11
6.945691234612e-03 -3.002715482000e-03 6.595015179962e-03
Mode 12
-4.556996017698e-02 5.148362152501e-02 7.067362609842e-02
Mode 13
-2.188989821266e-01 9.454626651163e-02 -2.097609037525e-01
Mode 14
1.699085682974e-02 -7.514288313945e-02 -5.183373177883e-02
Mode 15
3.090664987794e-02 7.491224270569e-02 1.432123703394e-03
Mode 16
-3.433956353475e-03 1.462234391348e-03 -3.317824347757e-03
Mode 17
-3.205605516590e-02 -2.159460645635e-03 3.259824855972e-02
Mode 18
-5.595975098241e-02 2.417249604350e-02 -5.361834081069e-02
Mode 19
3.822403355650e-02 5.624365014679e-02 -1.460167847468e-02
Mode 20
-2.229308873568e-02 7.885609419055e-03 -2.059297055918e-02
Mode 21
-4.838825469685e-02 -1.046378922549e-01 3.930820542671e-03
Mode 22
2.591469362358e-02 5.045918599698e-02 -4.185129550609e-03
Mode 23
1.373757647321e-02 -6.433445818407e-03 1.329844876019e-02
Mode 24
-5.651329832165e-02 -3.286671004693e-01 -8.911331933271e-02
Mode 25
-1.662647863826e-02 7.789038160066e-02 -3.410428917673e-02
Mode 26
-6.060813212803e-02 -8.130637251630e-02 -2.993522067099e-02
Mode 27
1.192972155357e-02 -3.187732305539e-01 -1.562467363933e-01
Mode 28
6.344100428099e-03 -1.439995672237e-01 -7.149988488928e-02
Mode 29
4.757412635805e-02 -2.048546612976e-02 4.557052924464e-02
Mode 30
4.759794630256e-02 1.794412795070e-01 3.133640331849e-02
Mode 31
-1.921031137276e-01 -3.759692128207e-01 3.104924386754e-02
Mode 32
-4.316112843223e-02 1.854156589416e-02 -4.128581094367e-02
Mode 33
-4.548137963645e-03 2.019707909625e-03 -4.138835717013e-03
Mode 34
-3.029317816257e-02 3.951886084293e-02 4.940281799877e-02
Mode 35
5.263975634072e-02 5.221152336251e-02 -3.155929577405e-02
Mode 36
1.886017763907e-01 -3.080006684354e-01 -3.357000201161e-01
Mode 37
2.603755093665e-01 6.387564636623e-01 1.622125253074e-02
Mode 38
9.132382955847e-02 -3.945676742244e-02 8.740581612958e-02
Mode 39
5.419897635730e-02 -6.118828798623e-02 -8.430091948245e-02
Mode 40
-6.965413354287e-02 2.999325214907e-02 -6.840292181169e-02
Mode 41
-8.323381237153e-02 4.983252411436e-02 1.079113030105e-01
Mode 42
-1.083936422586e-02 5.078719289012e-03 -1.067257834062e-02
Mode 43
5.568203928254e-02 1.134396513077e-01 -6.879154604193e-03
Mode 44
-1.891674252253e-01 -7.307294974444e-03 1.941625249060e-01
--
Polarizability derivatives 
Mode 0
-3.288972985470e-01 -2.040381321694e-02 -2.442339883103e-02
-2.040381321694e-02 9.204705961531e-02 -1.413634514016e-01
-2.442339883103e-02 -1.413634514016e-01 2.476672783729e-01
Mode 1
-4.273515875036e-03 -3.467323481268e-01 -2.803460134081e-01
-3.467323481268e-01 -1.327439972148e+00 -1.834355751098e-01
-2.803460134081e-01 -1.834355751098e-01 9.073995645879e-02
Mode 2
3.238011036539e-01 -3.707849250059e-01 -1.495457204805e-01
-3.707849250059e-01 2.600188990038e-01 -1.562867082655e-01
-1.495457204805e-01 -1.562867082655e-01 -5.830055849346e-01
Mode 3
-2.273325868464e-01 -2.829168034916e-01 -1.395012124516e-01
-2.829168034916e-01 2.851510915697e-01 -3.036973244843e-01
-1.395012124516e-01 -3.036973244843e-01 -5.929301606952e-02
Mode 4
7.081381228872e-01 8.173873524953e-01 -3.644828700981e-01
8.173873524953e-01 8.129254223626e-01 -4.891083238856e-01
-3.644828700981e-01 -4.891083238856e-01 1.661698964020e-01
Mode 5
-9.023566478998e-01 -1.990358097961e-01 -1.390687777031e-01
-1.990358097961e-01 3.420634458994e-01 -5.049772017063e-01
-1.390687777031e-01 -5.049772017063e-01 5.617083908314e-01
Mode 6
3.357381366589e-02 -1.016587832050e-01 -4.681770142908e-02
-1.016587832050e-01 8.660633250033e-02 -6.692920617851e-02
-4.681770142908e-02 -6.692920617851e-02 -1.141170040216e-01
Mode 7
-1.317668179315e-01 -1.337464310316e-01 2.197553886583e-03
-1.337464310316e-01 1.170075570145e-01 2.261892697978e-01
2.197553886583e-03 2.261892697978e-01 2.970482143040e-02
Mode 8
-6.564097336535e-01 -4.573793715958e-01 6.549346306731e-01
-4.573793715958e-01 -3.339223521321e-01 2.514625325862e-01
6.549346306731e-01 2.514625325862e-01 -4.030836154645e-01
Mode 9
-3.257501197702e-01 3.116243294052e-01 6.404457253752e-01
3.116243294052e-01 -6.671107761605e-01 -6.944305141243e-01
6.404457253752e-01 -6.944305141243e-01 -8.289238135062e-01
Mode 10
1.012895772048e+00 1.657739249640e+00 -4.992557362230e-01
1.657739249640e+00 3.888233657949e+00 1.030422343328e-01
-4.992557362230e-01 1.030422343328e-01 3.868995700653e-01
Mode 11
3.167485282476e-01 -9.045910372288e-02 -2.330759233303e-02
-9.045910372288e-02 1.925575516882e-02 5.501254587385e-02
-2.330759233303e-02 5.501254587385e-02 -3.358959320234e-01
Mode 12
6.093101306522e-01 -5.725640801407e-01 -2.827221810643e-01
-5.725640801407e-01 -4.723667106104e-01 1.216953880398e-01
-2.827221810643e-01 1.216953880398e-01 9.362939685567e-01
Mode 13
-9.031972112792e-01 2.167372491358e-02 -3.940886449945e-02
2.167372491358e-02 1.508612816044e-01 -3.369056642299e-01
-3.940886449945e-02 -3.369056642299e-01 7.519200395273e-01
Mode 14
-6.453733290752e-01 -4.526144743946e-01 1.602796757545e-01
-4.526144743946e-01 6.505024991917e-01 8.989368477908e-01
1.602796757545e-01 8.989368477908e-01 -5.683037028598e-02
Mode 15
6.997985730429e-01 -4.219232348410e-01 4.120414206320e-02
-4.219232348410e-01 1.489383690152e+00 6.956252672585e-01
4.120414206320e-02 6.956252672585e-01 1.193240749627e+00
Mode 16
-2.273352472693e-01 2.253991711250e-01 8.930882730096e-02
2.253991711250e-01 -1.536586957569e-01 8.380501395087e-02
8.930882730096e-02 8.380501395087e-02 3.788274764476e-01
Mode 17
-1.147106023276e+00 4.660188198515e-04 1.364254253118e-01
4.660188198515e-04 -2.258146519357e+00 -5.600218147318e-01
1.364254253118e-01 -5.600218147318e-01 -1.411957136056e+00
Mode 18
-8.311555494979e-02 1.800970428695e-01 7.621819242817e-02
1.800970428695e-01 -1.404273900556e-01 1.053593148693e-01
7.621819242817e-02 1.053593148693e-01 2.229945817963e-01
Mode 19
4.720917253265e-01 2.828475244196e-01 -1.037276022993e+00
2.828475244196e-01 -6.554730770327e-01 -3.006377875500e-01
-1.037276022993e+00 -3.006377875500e-01 3.035454926487e-01
Mode 20
8.250302907778e-01 -7.641957050741e-01 -2.912997165685e-01
-7.641957050741e-01 5.567803707950e-01 -2.661357781348e-01
-2.912997165685e-01 -2.661357781348e-01 -1.335262406473e+00
Mode 21
1.249407614922e-01 8.207869888127e-01 8.404838186262e-01
8.207869888127e-01 3.389054992345e+00 4.210834128915e-01
8.404838186262e-01 4.210834128915e-01 -7.995655514598e-02
Mode 22
-1.376502257464e+00 6.224990601454e-01 -8.215773433734e-01
6.224990601454e-01 1.063561283918e+00 9.307069039144e-01
-8.215773433734e-01 9.307069039144e-01 -1.164448606429e+00
Mode 23
6.188862049426e-01 3.277557758098e-01 1.869704041451e-01
3.277557758098e-01 -4.008405095666e-01 4.883062155178e-01
1.869704041451e-01 4.883062155178e-01 -2.084141478361e-01
Mode 24
5.098278269304e-02 1.185186514218e+00 -1.025409367207e-01
1.185186514218e+00 4.854668342801e+00 1.202432886729e+00
-1.025409367207e-01 1.202432886729e+00 9.044881819470e-02
Mode 25
-1.996679348987e+00 -5.814158608419e-01 5.529648899196e-01
-5.814158608419e-01 -5.700921061065e+00 -2.613262545046e-01
5.529648899196e-01 -2.613262545046e-01 1.189946268238e+00
Mode 26
7.157737134224e-01 3.046663916246e+00 -2.810847321193e-03
3.046663916246e+00 7.296422222594e+00 1.132768802306e+00
-2.810847321194e-03 1.132768802306e+00 1.937026275311e+00
Mode 27
1.949573967315e-01 -5.178366588851e-01 1.937235144535e-01
-5.178366588851e-01 1.285205872680e-01 3.286689406459e-01
1.937235144535e-01 3.286689406459e-01 5.543769330512e-01
Mode 28
-6.852482303793e-01 6.617826663201e-01 -1.051795470801e-01
6.617826663201e-01 1.603745683380e+00 5.131560448740e-01
-1.051795470801e-01 5.131560448740e-01 -7.336749667839e-01
Mode 29
-2.016506843823e-01 3.077921702793e-01 1.280303997049e-01
3.077921702793e-01 -2.265156765345e-01 1.551895232107e-01
1.280303997049e-01 1.551895232107e-01 4.287372031796e-01
Mode 30
2.261300676762e-01 -7.938197197652e-01 -9.854161683052e-03
-7.938197197652e-01 -2.336853324722e+00 -4.698431125829e-01
-9.854161683052e-03 -4.698431125829e-01 3.548620602068e-01
Mode 31
-6.883015074523e-01 6.912155797110e-01 2.990520049553e-01
6.912155797110e-01 5.829006968734e+00 2.222144922225e+00
2.990520049553e-01 2.222144922225e+00 -1.164738275798e-02
Mode 32
1.461625450798e-02 -4.796277348715e-01 -2.138960693847e-01
-4.796277348715e-01 4.098165941775e-01 -3.626150423911e-01
-2.138960693847e-01 -3.626150423911e-01 -4.262015198944e-01
Mode 33
-2.568744949511e+00 -1.352270843814e+00 -7.533539298080e-01
-1.352270843814e+00 1.642141698670e+00 -2.025751423508e+00
-7.533539298080e-01 -2.025751423508e+00 9.273960032021e-01
Mode 34
-6.932329543059e-01 -1.521480110747e+00 -2.471384115017e+00
-1.521480110747e+00 -2.567261911476e-01 2.567183722637e+00
-2.471384115017e+00 2.567183722637e+00 1.323040710709e+00
Mode 35
5.782938716622e-02 2.621471489055e-01 1.533567232859e-02
2.621471489055e-01 1.465985300237e+00 4.021450891352e-01
1.533567232859e-02 4.021450891352e-01 1.250693189017e-01
Mode 36
8.235695265279e-01 1.051794711021e+00 -4.892481886919e-01
1.051794711021e+00 8.508707041082e+00 2.779775982271e+00
-4.892481886919e-01 2.779775982271e+00 1.663800917019e+00
Mode 37
2.435028497944e-01 -3.449305521421e-01 -1.834257055962e-01
-3.449305521421e-01 -1.447552223452e+00 -3.913622134341e-01
-1.834257055962e-01 -3.913622134341e-01 2.328484526521e-01
Mode 38
-2.168063403779e-01 -4.052828687014e-01 -1.946741466180e-01
-4.052828687014e-01 3.969534588504e-01 -3.961427763404e-01
-1.946741466180e-01 -3.961427763404e-01 -1.586509533711e-01
Mode 39
7.362227726849e+00 -1.034580181683e+00 -1.227459304268e-01
-1.034580181683e+00 7.826604639819e+00 1.142869842264e+00
-1.227459304268e-01 1.142869842264e+00 8.334537335972e+00
Mode 40
3.171938607149e+00 -1.862348572859e+00 -7.260722677411e-01
-1.862348572859e+00 1.060141077892e+00 -1.828357404026e-01
-7.260722677411e-01 -1.828357404026e-01 -4.209354635200e+00
Mode 41
6.934916011879e-01 -2.509392679309e+00 5.810006464748e+00
-2.509392679309e+00 -3.289877953720e+00 -2.184343118335e+00
5.810006464748e+00 -2.184343118335e+00 2.277861519356e-01
Mode 42
-8.680280456328e-01 -1.332581842288e+00 -6.610273006925e-01
-1.332581842288e+00 1.292146769561e+00 -1.377082486744e+00
-6.610273006925e-01 -1.377082486744e+00 -4.295287409841e-01
Mode 43
4.106277693350e+00 1.814033702064e-01 -3.070926201453e+00
1.814033702064e-01 -9.585766140474e+00 -4.985372431016e+00
-3.070926201453e+00 -4.985372431016e+00 2.043888913236e+00
Mode 44
-5.752706687385e+00 -1.586868991620e+00 5.092445309262e+00
-1.586868991620e+00 -3.039522745622e+00 3.720012885602e-01
5.092445309262e+00 3.720012885602e-01 -5.337045608931e+00
--
