Number of atoms 
19
--
Anisotropy 
128.635
--
Frequencies 
20.421687166128
25.583243909182
45.833422158012
50.311418821357
109.578318934794
123.068357734780
138.026967117885
160.258484888546
167.882378862191
219.809492970419
228.502667899261
265.183526778170
304.283503985721
317.685496384877
379.840749318362
389.523964832170
409.669771649124
464.870996182994
481.579236926780
582.231911254008
632.210874257997
674.017663258547
707.900388524411
729.634806950832
802.016781631241
840.679861402994
895.445105452125
936.408161177604
958.778138563105
1017.084348447801
1113.714788723011
1147.654154127344
1173.122820479486
1208.396484241745
1234.966989026499
1283.125611459212
1295.831330727272
1341.481440320988
1401.506591493188
1456.491896226252
1459.384921803944
1477.146899307124
1493.844148318253
1602.631326209171
1641.437756107766
1835.352232286817
3045.391945260871
3131.480726186253
3172.003065907210
3223.966306260286
3237.183136953771
--
Displacements 
Mode 0
-4.333781309946e-02 1.764168950588e-01 1.861322190668e-01
-7.713548576959e-02 1.192527713016e-01 1.622665083739e-01
-3.314086193039e-02 9.290357176090e-02 1.037167982568e-01
1.541563340299e-02 1.617310489711e-01 1.242544847779e-01
-6.017771243233e-02 2.253057359515e-02 6.002098065882e-02
-1.122349678543e-01 -3.467739579961e-02 6.000675282402e-02
-1.369974009607e-01 -7.773219464613e-02 1.730884564130e-02
-3.595968417696e-01 -1.710652573472e-01 2.996010904632e-02
-1.104958440210e-01 -7.588509463695e-02 -2.094920079443e-02
-6.005149145144e-02 -3.617315248400e-02 -2.069862747302e-02
-3.504664558103e-02 1.669054353940e-02 1.973526842465e-02
1.823601467439e-02 7.952126714059e-02 2.221372176109e-02
-3.458370560789e-01 -3.166500445258e-01 -1.770302317491e-01
-2.220663040448e-02 5.074771705826e-02 6.146137526687e-02
4.884904932914e-03 5.820179406898e-02 4.599554178010e-02
-1.539357143262e-02 6.052240051984e-02 6.455171533304e-02
-3.906146041257e-02 -1.100958396179e-02 2.725972024398e-02
5.276301011988e-01 1.332817571649e-01 -1.017658846045e-01
-1.102794483311e-02 -1.092194318183e-02 -1.512432034408e-02
Mode 1
1.448313915927e-02 3.653748644494e-01 -1.603850610515e-02
1.610370634405e-02 4.766985285581e-01 -3.081458885070e-02
-6.423536727544e-03 -1.109075325967e-01 5.585247409476e-03
-2.528543886060e-02 -6.558354529347e-01 4.575667084499e-02
-7.489227278073e-03 -5.387887403490e-02 -6.232730170633e-03
-1.413764729736e-02 -2.100983734786e-02 -9.492147030748e-03
-1.725423482483e-02 -3.638709018651e-03 -1.761030422277e-02
-4.295132290225e-02 -4.278729504861e-02 -2.921771489025e-02
-1.157906994714e-02 1.691502650616e-02 -2.606088247595e-02
-4.023190136189e-03 -5.631159345438e-03 -2.406088103151e-02
-2.857773771568e-03 -5.141230073971e-02 -1.339953424725e-02
5.709154315622e-03 -7.330847031528e-02 -1.604270048708e-02
-3.216827128538e-02 2.122065875626e-01 -1.085887834283e-01
9.481777479227e-03 2.441517951244e-01 -1.348780578620e-02
3.849915858017e-02 3.999595627399e-02 1.149786749110e-01
-3.506551720958e-02 2.714701330747e-02 -1.133443851016e-01
-5.058565468926e-03 -5.976917129041e-03 -1.305128338236e-03
5.009432550431e-02 -9.892353793483e-02 1.092996615995e-01
2.461147003462e-04 4.088914907950e-03 -8.950125353762e-03
Mode 2
-9.078207968050e-03 -6.897669557801e-02 4.093761818325e-02
2.611896669226e-03 7.267449347987e-02 5.035926838335e-02
-1.150340944245e-02 -3.374540480282e-02 6.010856825738e-02
-3.539372593471e-02 -2.182033261381e-01 8.022875465315e-02
-6.036338808315e-04 4.709017919207e-02 6.792648659482e-02
1.176195895606e-02 -8.440150990215e-02 7.941923385571e-02
2.012320626570e-02 -7.513575611423e-02 9.020260232329e-02
3.093033987203e-02 -1.109381613510e-01 1.476902440988e-01
1.515232212424e-02 3.174966118361e-02 9.890828945307e-02
5.126060137814e-03 2.042555428596e-01 8.686493827619e-02
-9.864321191512e-04 2.302950031830e-01 6.955158164718e-02
-7.338593824317e-03 5.657110134600e-01 6.672798694173e-02
6.310318691868e-02 -7.315872416963e-02 3.534564874184e-01
1.261349119739e-03 1.250099513886e-02 7.730241445886e-03
-1.495414236617e-02 -4.698177236107e-02 5.466190574091e-02
3.522711670986e-03 -5.376739277496e-02 -2.748485291857e-02
4.313379101092e-03 -5.408156403461e-02 2.231769603630e-02
-4.784840641908e-02 -1.018076528829e-01 -4.937201709421e-01
1.126484269280e-03 9.483793170918e-02 2.597734213444e-02
Mode 3
3.717248372738e-03 3.071232844272e-01 3.053179463552e-02
-1.177871073547e-02 1.365480507577e-02 5.970652044840e-02
-8.467856495794e-03 7.322734890020e-02 4.827999383064e-02
8.003341178216e-04 3.490403167681e-01 3.646626703157e-02
-1.543741543752e-02 -1.098043960943e-01 6.476827574092e-02
-8.054953152272e-03 -1.316220463787e-01 6.625395229139e-02
-2.988780530869e-03 -1.144673983843e-01 7.104546767144e-02
5.465325534770e-03 -1.497164085480e-01 1.141037920767e-01
-4.850199142961e-03 -4.945737889375e-02 7.456040840560e-02
-1.629370312087e-02 -1.072360673801e-01 7.800031459954e-02
-2.191942906559e-02 -1.513144974589e-01 7.454024268900e-02
-4.050556257845e-02 -2.667517117493e-01 9.895618358833e-02
3.862567533483e-02 5.221086296301e-01 1.827921506830e-01
-3.181321022969e-04 5.936959652921e-02 1.095352630301e-02
3.856043288902e-02 1.305440103639e-01 -5.273350055236e-02
-3.178134586157e-02 1.422997694875e-01 6.363870085298e-02
-1.445379784087e-03 -3.608130008388e-02 1.769159679221e-02
7.426347555691e-03 -2.399896509602e-01 -3.497223820335e-01
-5.453215939657e-03 -2.631028444010e-02 2.368743519178e-02
Mode 4
6.165444704742e-02 2.335337338443e-01 -4.003534710555e-01
1.423211914792e-01 -2.322388462092e-01 -1.592823554975e-01
1.372442313510e-02 -1.589336166916e-01 -1.199345113817e-02
-1.277178334170e-01 -1.455645402791e-02 -5.331615464536e-02
5.588253908549e-02 -2.281396089970e-01 8.999026937355e-02
3.794475401842e-02 -3.095335534191e-01 1.019475828076e-01
1.933382048345e-02 -1.753963990564e-01 7.468559839603e-02
-1.698876340353e-01 -6.364880392754e-02 1.373885128408e-01
4.459159373883e-02 -7.355254739354e-02 3.316891697970e-02
7.219519434173e-02 1.373146671345e-02 3.292366478380e-02
7.404162448094e-02 -1.943480300537e-02 5.998822574123e-02
1.169501734159e-01 2.440364212836e-01 5.932587106379e-02
1.533461961634e-02 -5.058873709097e-02 -1.925502394437e-01
5.710487946675e-02 -2.061607296569e-02 -1.437106247404e-01
3.275422138121e-02 1.526115793698e-01 -2.551921237278e-01
-5.272044966744e-02 1.735863559832e-01 -9.162145564722e-03
8.680741814598e-03 -1.195271212661e-01 3.536284098473e-02
-8.053932441167e-02 2.130396808810e-01 1.400243066774e-01
2.628256204726e-02 4.207060483727e-02 2.389897442828e-03
Mode 5
-2.881092123457e-02 2.917215708161e-01 3.428173165409e-01
-1.667387569598e-01 -2.159351008263e-01 1.341996881091e-01
-2.178895066704e-02 -1.712158679986e-01 -2.508355880093e-02
1.414623277317e-01 -1.362733332324e-01 -4.202667149671e-03
-6.879670786245e-02 -1.528602065413e-01 -1.237381888350e-01
-4.250734719722e-02 -1.289011761374e-01 -1.279314949553e-01
-6.615840874753e-03 -1.042071185070e-02 -9.946995390623e-02
2.333117926224e-01 1.371678111252e-01 -1.693239922375e-01
-2.463512773310e-02 2.351994929010e-02 -6.809851526706e-02
-5.668592857394e-02 6.445755774485e-02 -7.904926254810e-02
-7.242183174143e-02 3.194607279463e-03 -1.152997173322e-01
-1.084354043607e-01 1.459109451515e-01 -1.606595178039e-01
6.088812611447e-02 -5.963576499863e-02 1.156984583717e-01
-6.810661727797e-02 -1.360127663051e-01 1.536016715281e-01
3.776571352439e-02 2.360151080105e-01 -1.446392084118e-01
3.533589488306e-02 2.719299402067e-01 3.401721840192e-01
-8.973017596141e-03 -5.144874308614e-02 -4.342382041885e-02
-1.034064930136e-02 3.152700745979e-02 6.018215289735e-02
-2.086040834414e-02 4.131977923576e-02 -1.663024618452e-02
Mode 6
9.962897523257e-03 -9.371992199302e-02 -1.262180581742e-01
7.246517315172e-02 2.101907548315e-01 -3.900179208266e-02
7.191153094508e-03 7.136195764672e-02 3.142142995609e-02
-7.181024531083e-02 -2.122643795240e-01 4.591970732990e-02
3.108670177975e-02 1.785452329163e-01 5.926482822072e-02
1.958946185158e-02 2.355154184465e-01 5.390441564120e-02
1.602798138823e-04 1.212433811584e-01 3.891412495591e-02
-9.918058372290e-02 -4.897790216866e-02 6.035845864483e-02
3.643710796953e-03 7.214028160047e-02 3.161002016126e-02
2.072480830040e-02 3.629454843164e-02 3.840957582666e-02
3.014474196353e-02 4.366346379574e-02 6.026397278507e-02
4.320895823626e-02 -1.541732403399e-01 9.389621650690e-02
-6.484915340368e-02 5.438481402382e-03 -1.597395859573e-02
1.204796170699e-03 -5.025302224101e-01 -1.911071645493e-02
-1.931965270951e-01 1.711449789757e-01 -4.139846788101e-01
1.877576329795e-01 2.036094975604e-01 3.007932190477e-01
3.749317317204e-03 8.636712156211e-02 1.873927784310e-02
3.662286921926e-02 -9.549850107863e-02 -8.409424344136e-02
8.051198584228e-03 -1.297125956202e-02 8.113157436078e-03
Mode 7
1.839273224394e-02 -1.162710134120e-02 1.182333360353e-02
5.266221929327e-03 2.353262901970e-02 -3.413091573472e-02
2.483636377107e-02 5.674276506144e-03 -5.213940632979e-02
6.612739264093e-02 -6.336289823718e-03 -5.349644683619e-02
8.334781839152e-03 7.141270237319e-03 -7.026406621393e-02
-8.172285654440e-03 -1.145697105411e-02 -6.205161353986e-02
-3.230748900045e-02 -1.958196321517e-02 -1.143063149836e-01
-6.407319145898e-01 -2.445662309247e-01 -2.008598665314e-01
-2.911305607337e-04 2.074578707730e-02 -1.404648531547e-01
-7.045333740094e-03 3.190895800315e-02 -1.420648968430e-01
2.015604502552e-02 -2.806132753694e-03 -1.015833854265e-01
9.377527944152e-02 -9.133726454014e-02 -1.231645490950e-01
4.201564831765e-01 -1.804808128808e-03 4.088190873325e-01
-2.828133394745e-03 -1.423104223466e-02 1.017412789206e-02
2.021647952839e-03 -1.445363296622e-03 -5.543648545202e-04
1.997662325378e-02 -1.439644263293e-03 1.031087962038e-02
-6.511682315497e-03 -1.294925613751e-02 -1.144483172569e-02
-6.411165657152e-02 1.196746806294e-01 5.361279638316e-02
4.336772912130e-04 9.541766720387e-03 -4.493446137928e-02
Mode 8
-2.493492742670e-02 -2.302074173107e-01 9.806133117132e-02
-3.040459682967e-02 4.122389185712e-01 -3.512528520054e-02
-1.822819451103e-03 1.419128030895e-01 -5.331180917611e-02
3.327319126307e-02 5.225166670108e-02 -4.653106460442e-02
-2.206769412854e-02 -8.302643480763e-02 -5.316330748527e-02
-1.370471271247e-02 -2.424233165611e-01 -3.719357784409e-02
-1.096118525075e-04 -2.758415109193e-01 -3.558889487422e-03
8.090093297358e-02 -1.727207802731e-02 9.200293513886e-03
-3.768434806045e-03 -3.529357883056e-01 2.215051426066e-03
-3.056212121797e-02 -4.081988632294e-01 1.419444567406e-03
-2.992838660639e-02 -1.332327343618e-01 -4.308240041051e-02
-3.770401291717e-02 2.841421282714e-01 -8.964237862551e-02
9.700475053026e-02 1.355024136290e-01 -5.517011190702e-02
-3.054350668997e-02 -2.114248131914e-01 5.159168071357e-02
-1.342195657162e-01 -5.799749923426e-02 -1.547283162736e-02
1.449005172678e-01 -6.421312082107e-02 7.873681898077e-02
-3.128069902504e-04 -5.981047825027e-02 -1.702563396523e-02
-4.939197032334e-02 1.284004929762e-01 9.672342234370e-02
-1.324144766849e-02 -1.218489012053e-01 6.653868686935e-03
Mode 9
-7.637949475847e-02 -9.045332770157e-02 1.233300102038e-01
-1.096165604972e-01 2.856224515498e-01 -2.950343368547e-02
-7.113602330120e-02 3.879763186001e-02 -4.377868162155e-02
-7.866967393331e-02 1.154331913045e-01 -5.535353887535e-02
-5.146629675104e-02 -1.687676106900e-01 -6.134674951341e-03
2.152422065787e-02 -3.185873981077e-01 2.243151535208e-02
6.942041571394e-02 -1.080534522671e-01 7.427913205552e-02
4.573811211724e-02 -1.127303878585e-01 1.623604287126e-01
9.811561982326e-02 2.433818467098e-01 3.943625286141e-02
2.909883341718e-02 4.705534688764e-01 2.947950232414e-02
-4.821720184988e-02 6.007909605273e-02 -2.152380026245e-03
-2.045649735304e-01 -2.896680158890e-01 2.147543126020e-02
2.233676643394e-01 -1.406848100739e-01 -2.249801618576e-01
-4.726391799535e-02 -7.510302340327e-02 5.716890560407e-02
-7.654887900494e-02 -3.886578230224e-02 4.397611205587e-02
6.705159952130e-02 -4.511958241591e-02 4.041745566700e-02
1.579653021069e-02 -1.526258201148e-01 -7.250271254399e-03
-3.248387033115e-02 8.670823673585e-02 2.480433373740e-02
-6.453433861499e-04 2.012933825086e-01 2.269927448743e-02
Mode 10
1.712489287535e-01 -9.466690871037e-02 -1.176912142124e-01
2.322172659063e-01 1.972045262770e-01 -4.016427925263e-02
1.643776149839e-01 6.885679491190e-03 -1.785076379451e-03
2.383302639864e-01 8.421087907686e-02 -1.189510269806e-03
8.138358989594e-02 -1.926367813728e-01 -2.618101526022e-02
-4.389815922828e-02 -2.610190988676e-01 -4.012883997382e-02
-8.240318118267e-02 -6.401465885795e-02 -1.054306682346e-01
1.211057997950e-01 9.522533206662e-02 -2.028593171203e-01
-1.177080446830e-01 1.153661478202e-01 -7.276939066007e-02
1.876695921085e-02 1.987229469865e-01 -9.091486773696e-02
7.385918189498e-02 -2.009773927696e-02 -3.073362757175e-02
1.988134283474e-01 -1.091109945443e-01 -3.662287513729e-02
-5.017535380606e-01 -2.648267375262e-03 3.440689678542e-01
6.458573251967e-02 -6.573777889841e-02 -4.461627720492e-02
-1.893474676686e-02 -3.669747799957e-02 -3.401786280668e-02
8.817422748314e-02 -4.293154713181e-02 -4.040358985952e-02
-2.829583532211e-02 -1.044877808346e-01 1.381872542894e-02
-1.883383811873e-03 5.053427678341e-03 1.838596551334e-02
2.437347509900e-02 9.365933079767e-02 -5.441572811171e-02
Mode 11
3.039473375145e-01 2.102224203115e-02 1.522134096337e-01
1.884506356158e-01 -9.791120209348e-02 -1.841815464295e-01
1.882581785930e-01 -1.154225860401e-02 -2.027901812982e-01
2.490025262429e-01 -7.274108642754e-02 -2.280464071264e-01
1.244169746032e-01 1.023539236201e-01 -1.317080831123e-01
1.159295043955e-01 8.043516372410e-02 -8.221560310796e-02
1.256027413224e-01 -4.145987307982e-02 4.955540367774e-02
-1.287935194343e-01 -2.586192128743e-01 1.267952509792e-01
5.278730187434e-02 -3.886243824472e-02 1.431575681603e-01
4.495927677173e-02 -1.854533180160e-02 1.642695913963e-01
-9.063253466247e-03 4.065137126846e-02 3.240193562400e-02
-4.852676551529e-01 3.285107782513e-03 2.593713907768e-02
-2.252466236749e-01 2.881414205058e-02 -1.409378463901e-02
2.142743587201e-02 2.427400050035e-02 9.598509798598e-02
1.570887726180e-01 7.089549623250e-03 5.788298338765e-02
1.204465531132e-01 1.377041978071e-02 6.301862726937e-02
4.005162897513e-02 2.707255996163e-02 -3.211707261962e-02
-3.810939192644e-02 9.645748936640e-02 1.942406343233e-02
9.385600575717e-03 -1.598804088033e-02 5.293604319456e-02
Mode 12
2.906114034200e-02 2.646395976806e-02 2.985909107666e-01
-1.730102004482e-01 -3.530360781064e-02 -2.969609050588e-01
-1.029321521135e-01 -4.499023063486e-03 -2.704566201786e-01
-3.199357484677e-01 -2.522190221419e-02 -3.459949148193e-01
3.972428602665e-02 5.033232761489e-02 2.868317101489e-02
6.718715801981e-02 2.208503301093e-02 3.748991975709e-02
3.389657168704e-02 -4.162546545585e-02 2.464735386015e-02
5.360183787562e-02 -9.624151532425e-02 8.789018662140e-02
1.939159307982e-02 -2.410029867682e-02 6.871927927045e-03
4.654829132762e-02 1.038006368980e-02 -1.566038488706e-02
8.936482451270e-02 2.423991468110e-02 4.631463628748e-02
5.526809008522e-01 -4.464277902104e-02 8.797016240657e-02
-1.624689796958e-01 1.967998119939e-02 7.227976074193e-02
-1.009071589577e-01 2.211604780519e-02 1.722167706649e-01
1.002967769180e-01 3.265093696958e-03 1.132961891751e-01
8.998818780240e-02 1.131547391149e-02 1.148888628247e-01
1.651543567923e-02 9.612487228759e-03 1.492616036420e-02
-1.356528537269e-02 3.825194581276e-02 7.091869052073e-03
1.685661879717e-02 3.460476038988e-03 -9.600538336009e-03
Mode 13
1.332272491789e-01 -2.816148508366e-02 1.290772491318e-01
6.005633883747e-02 1.021905249071e-01 -1.247883218103e-01
9.976004973116e-03 -6.729699227319e-02 -6.021547687639e-02
-1.372294538557e-01 8.347452486378e-02 -1.065363990094e-01
3.565007623423e-02 -2.777366804858e-01 7.705215130836e-02
5.112745945650e-02 -7.987091862744e-02 7.298365034371e-02
3.458741147504e-02 2.827577156683e-01 -5.904354369388e-03
-3.506569659849e-01 5.722601866197e-01 -8.913691958095e-02
2.308639270469e-02 1.625511042391e-01 3.829023162701e-02
7.711326792778e-03 -9.410042469513e-02 8.903302274815e-02
3.384240513447e-03 -1.496818195268e-01 1.237390494932e-01
-1.430526647120e-01 1.597491672457e-01 1.403860460114e-01
6.013687488621e-02 -3.278749700823e-02 -2.812288429120e-02
-9.887908780987e-03 -1.861205900475e-02 7.613005889374e-02
4.861443238136e-02 -1.875527529119e-02 5.649587123390e-02
1.029882187487e-01 -1.768262790996e-02 4.547465278320e-02
1.072061539480e-02 -3.356059257409e-02 2.842380003363e-02
8.441672834879e-02 -2.410710060841e-01 -5.458943876260e-02
7.979493676220e-03 -3.957640302199e-02 1.829240880078e-02
Mode 14
2.615065526996e-01 -3.400906405594e-03 1.030402084703e-01
2.192924776142e-01 -2.049621733504e-02 -2.012835585585e-03
-1.583568979360e-04 2.130962537066e-02 1.636353580947e-01
-4.962222490371e-01 2.437462356688e-02 1.233346600327e-01
3.815844609466e-02 3.688347383970e-02 1.454527627170e-01
-1.329725467240e-02 4.118963786938e-03 7.134588535665e-02
-8.005829599629e-02 -9.261649326086e-02 -1.175942064338e-01
1.792873528784e-01 -2.081810122671e-01 -5.290325774870e-01
-9.057385795164e-02 -6.613896797918e-02 -5.606485384200e-02
-3.871331135404e-02 3.667302861972e-02 -1.351443727798e-02
9.549716828455e-03 3.612788828089e-02 1.348032483032e-01
-1.940992515039e-01 6.410440725302e-04 2.019315702187e-01
9.396892872187e-02 -1.948118826344e-03 -3.779225270311e-02
4.731134913654e-02 3.209282442294e-03 5.272657620256e-02
1.017463888781e-01 -4.213638457570e-03 4.042322780396e-02
9.775199901138e-02 3.086605156120e-03 4.094901459589e-02
-2.398944152663e-02 1.536243570007e-02 5.064111996250e-02
-3.066964605030e-02 8.777218723333e-02 2.278836881307e-02
1.237264303815e-02 2.038835337186e-02 -3.681569953820e-02
Mode 15
1.819735032090e-01 1.429604041974e-02 3.410902698907e-02
1.364608766407e-01 -1.017919218021e-01 -4.277920013749e-02
3.442901104687e-02 1.040841506280e-01 2.840494695224e-02
-1.444034241584e-01 -7.807353384177e-02 2.126631028819e-02
-1.062479408228e-02 3.347201379313e-01 -2.597257948121e-02
-1.333470112833e-01 -1.084151520107e-01 1.241060553613e-02
-1.454751048352e-01 -3.691346279423e-01 4.350626372972e-02
-1.094051102781e-01 4.742799650077e-01 2.273319388329e-01
-7.114359953888e-02 -2.840230769492e-01 -5.656272106104e-02
-4.521625524371e-03 1.269823084986e-01 -1.072786988162e-01
7.893134484802e-03 2.599082695975e-01 -1.227897055945e-01
-5.721773706719e-02 -1.927873822401e-01 -1.421290858534e-01
7.120449424196e-02 2.946339371276e-02 1.630701240937e-02
3.096504210563e-02 1.859221115844e-02 2.681851647609e-02
9.236639628732e-02 8.802853099795e-03 1.112347607660e-02
4.799747679562e-02 1.568343588405e-02 2.198684951058e-02
-4.074198396596e-02 -4.192814932626e-02 8.570469628201e-03
4.447780228844e-02 -1.217648379574e-01 -6.238235641904e-03
-2.884253951408e-04 5.205012745645e-02 -3.320134257463e-02
Mode 16
2.551045997259e-01 -1.895734748843e-02 4.686680998544e-02
2.155620110877e-01 3.473028648532e-02 -2.336153709302e-02
1.595119315924e-02 -5.392675871380e-02 1.217124992948e-01
-3.068582229245e-01 6.857642711382e-02 8.608445054120e-02
-7.572643292118e-02 -1.871263844524e-01 -1.740573401179e-02
-1.753605354447e-01 1.097686854291e-01 -2.898661439670e-02
-1.167960185284e-01 2.364358778554e-01 6.099203477235e-02
9.877950665182e-02 -1.722792631181e-01 4.268329590444e-01
-1.566226458417e-02 1.862671675168e-01 -1.149813389930e-01
2.849530502842e-02 -8.072507523899e-02 -1.574124784587e-01
5.853409900703e-03 -1.849826154504e-01 -2.489216324144e-01
-2.257202328480e-02 7.825478394098e-02 -4.072910676699e-01
9.763012211055e-03 -1.712975213242e-02 4.767230343120e-02
5.119993168084e-02 -9.419486732669e-03 3.214337386524e-02
7.978585069901e-02 -1.219731910039e-02 2.563358574878e-02
1.030851502241e-01 -8.024497522113e-03 1.935748160297e-02
-3.884655586357e-02 4.329763122009e-02 -2.438566298025e-02
-7.407550137369e-03 2.593712592714e-02 -1.159604562268e-02
-3.082318641273e-03 -2.895001032392e-02 -3.131434948819e-02
Mode 17
3.448370685391e-02 -1.638679648149e-02 -1.042319371685e-02
1.198862474919e-02 5.741463283360e-02 -6.542213480773e-02
1.149105704780e-02 -1.208047356914e-01 -4.969634911842e-02
1.393846925533e-01 6.260268824254e-02 -5.958419047371e-02
-4.655639945323e-02 -3.390687124810e-01 4.038331859470e-02
-8.975452072839e-02 4.299462202817e-01 -1.679051979823e-02
-1.328428746051e-01 -1.958455456906e-01 1.443672796346e-02
3.347460396955e-03 4.269170822075e-02 5.483834204458e-02
-1.205778256121e-01 -3.452686659407e-01 1.933788656182e-03
-8.008985161743e-02 3.234917363915e-01 -3.636346181827e-02
-7.241944486180e-02 -2.362501716837e-01 8.317960655267e-02
3.034225955506e-02 8.071935215669e-02 1.049582808455e-01
9.759507937962e-02 1.713541417328e-02 -3.695157932822e-02
-2.438442590834e-03 -1.270943341751e-02 6.994522551857e-03
-5.057353581229e-04 -1.160557252796e-02 6.047953342473e-03
3.547024356368e-02 -1.378359238657e-02 -5.849059915222e-03
-2.740538606449e-02 3.624583139569e-01 -7.884124802428e-03
6.759999404840e-03 -9.033581081789e-03 3.462671070980e-04
-4.453738486317e-03 3.072078779505e-01 -3.573098308744e-02
Mode 18
-1.402970379065e-01 5.352222598212e-03 2.725194806346e-02
-6.241031779326e-02 3.019568055800e-02 1.536796686459e-01
-3.336165298819e-02 -2.143002877332e-02 1.185571385546e-01
-3.001979854700e-01 4.091574435271e-02 1.026226052644e-01
1.134811201860e-01 -9.766708523429e-02 -3.812236026177e-02
3.126582625826e-01 1.079586568919e-01 -4.660438100031e-02
3.264197556163e-01 -1.213705793438e-01 1.523131059348e-02
-1.263405409644e-01 7.588906076447e-02 -1.255893245783e-01
2.756084249838e-01 -2.042740357320e-01 7.059043996683e-02
3.152096016778e-01 1.118362812572e-01 3.920421145304e-02
1.936110818298e-01 -7.355997557004e-02 -1.695865026907e-01
-1.013003512222e-01 -9.647803082309e-03 -2.963120058822e-01
-2.536679297138e-01 3.634279911101e-02 9.986828043635e-02
-6.369689278360e-03 -4.495617559807e-03 -1.900342612901e-02
-6.881224462745e-02 1.395724747875e-03 1.506184981758e-03
-5.934206180715e-02 -1.423418151166e-03 -1.646343712692e-03
1.155904394521e-01 1.059208121048e-01 -5.430345938640e-02
5.316389358408e-03 -1.402715923542e-02 5.603406341528e-03
8.097086836768e-02 1.158259473987e-01 2.718788136190e-02
Mode 19
2.200839729090e-01 -1.255517022008e-02 -2.544913806216e-02
1.554682983565e-01 1.159791958178e-03 2.809820060694e-02
-6.026646429456e-02 -6.043388705236e-03 9.557705435174e-02
-3.439424604301e-02 1.864044516680e-02 1.430761379864e-01
-2.802015382291e-01 -9.803141764465e-03 -1.437097425766e-01
1.162821462993e-01 -1.913840165312e-02 -1.960781095810e-01
2.528175721940e-01 1.480496132921e-02 5.495156486071e-02
-8.032196396694e-02 1.550733488523e-02 -9.417732900459e-02
1.284256905301e-01 -5.114590034726e-02 2.662878690414e-01
-3.596605971732e-01 4.870339252152e-02 1.864916137789e-01
-4.177447401171e-01 4.228982125003e-02 -6.180553828164e-02
3.151205579632e-01 -3.033061373285e-02 -6.456744711469e-02
-1.286995169978e-02 1.080451673369e-04 -5.960449598341e-02
5.474770253184e-02 -3.477416934940e-03 4.984777814435e-04
6.730502080812e-02 -6.058791619506e-03 -2.123631741942e-03
7.030012990874e-02 -2.045475914751e-03 -3.105610723923e-03
8.972850323169e-02 -2.444560908566e-02 -1.421959877534e-01
5.283433831728e-04 -4.127718945156e-03 1.092702745187e-03
-1.925284231596e-01 3.369934721153e-02 1.797212923040e-01
Mode 20
7.248698890396e-03 -7.085817929438e-04 -2.230406457961e-04
3.080710429868e-03 -1.279590769292e-01 2.536268602685e-02
1.583809248750e-02 3.604944818231e-01 -1.651524893402e-02
-2.292615900563e-02 -1.320827382573e-01 2.158016351208e-02
6.833066076569e-03 2.416625785470e-01 -3.446816859873e-02
4.143105363701e-02 -1.100932601355e-02 -2.638203695909e-02
1.930300951048e-02 -3.846694455466e-01 -8.209233782711e-03
-1.728791018505e-02 6.916614537293e-02 -7.592372059885e-03
3.830679007101e-02 4.407122539840e-01 -3.187370654695e-02
-3.050503559874e-02 1.530034638367e-03 -2.664081709738e-03
-5.839482218596e-02 -6.032650696660e-01 5.201905035963e-02
1.877859203943e-02 1.383675705078e-01 1.198857328671e-02
-9.721394897886e-03 -3.265402422721e-02 1.491000419931e-03
6.008061016846e-03 1.570404626640e-02 -3.632582728124e-03
2.742548295222e-02 8.271097027587e-03 -8.633894093850e-03
-2.668955948509e-02 1.190109134152e-02 5.812208396234e-03
1.718927155387e-02 8.175938228043e-02 -1.789664071022e-02
1.641098124049e-03 -5.716817421943e-03 4.063050173876e-03
-4.185086564137e-03 1.424636522339e-01 -6.208966122518e-03
Mode 21
-8.625038858038e-03 -1.669108965803e-04 -4.067894836059e-03
-2.732183896467e-02 -1.908445441380e-02 -5.850197182710e-02
1.471669234724e-02 4.895012299450e-02 -2.396107558863e-02
3.181975538768e-02 -2.210099860525e-02 -3.077306351885e-02
-2.381289756807e-02 2.814223489623e-02 -2.382470748478e-02
-4.112411825747e-01 -9.913899481055e-03 -2.938226336394e-02
-2.312837018575e-01 3.393118201547e-02 2.636698976300e-01
-4.377219866296e-03 -7.728646523275e-03 -2.838245721493e-01
-8.970941741374e-02 2.267237468850e-02 3.974523930799e-01
3.353707427653e-01 2.619555291274e-02 4.286217900242e-01
1.027009916979e-01 -6.179976145899e-02 -9.582388923480e-02
9.219553399728e-02 -1.528751144479e-02 -2.373852572429e-01
8.494718880026e-02 -8.833845843694e-03 -3.732489880029e-02
-1.595207322048e-02 3.565581272499e-03 8.981131054819e-03
9.275767986990e-03 5.241290232885e-04 6.502556538775e-04
2.097384734235e-03 1.835721879957e-03 2.685060892093e-03
-1.312790733699e-01 -3.156775014068e-03 8.736589197641e-03
-5.046291221302e-05 8.130947649964e-04 -1.756878057762e-03
6.750112272902e-02 3.432309710278e-02 1.694002949392e-01
Mode 22
5.179975491406e-03 -3.490581975941e-03 -2.830719977346e-03
-1.288981175690e-02 -9.192389066417e-02 -3.475435471721e-02
-4.624783901089e-03 3.152652576504e-01 -2.480797977657e-02
3.400359493174e-02 -1.067414670466e-01 1.440505531739e-02
-1.121182330955e-02 1.799022917970e-01 4.505413619192e-02
2.290213850467e-02 -2.074454352544e-01 1.024869444952e-01
2.948548213749e-02 5.328371141364e-01 -1.158725919197e-02
2.010492990989e-02 -5.749957009658e-02 1.031338568268e-02
-7.351288805123e-03 -4.517395957362e-01 -1.508583439525e-02
-2.135651607110e-02 1.750102243913e-01 -6.933324441804e-02
-2.594243661768e-02 -3.249194793351e-01 1.862915608036e-02
-2.046103764861e-02 2.135688249229e-02 -2.969009027417e-02
-7.216793461308e-03 1.327400998510e-02 4.652820257470e-03
-9.785841538741e-03 1.357309262136e-02 7.624483654653e-03
3.200457521603e-02 5.400555648189e-03 -5.025627543833e-03
-1.057664697492e-02 9.385380908477e-03 8.312407814987e-03
2.116394560876e-03 -2.321942916951e-01 4.188026263707e-02
-1.571226005858e-03 4.435364442657e-03 -3.542447130913e-03
8.133199937605e-03 3.036118544621e-01 -3.929416478998e-02
Mode 23
-4.352231646029e-02 3.719329189968e-03 2.756172949388e-02
6.590106256443e-02 1.184148227560e-02 3.099349920829e-01
1.548766397569e-01 1.963939211125e-02 -1.474866926957e-02
-2.547086682003e-01 -2.887872314260e-03 -8.744121928619e-02
1.575545985563e-01 -1.621814236689e-02 -3.724380277990e-01
-1.690713903440e-01 -5.145736592127e-02 -5.336903209233e-01
-8.012456917098e-03 8.596629325248e-02 -2.004920032766e-01
-3.983749820890e-02 -1.098345046516e-03 1.876000033623e-01
-1.221227371830e-01 -6.047527996600e-02 4.365453543860e-02
1.016471500869e-01 2.454126058199e-02 9.047294556235e-02
7.048274734498e-02 -3.136086990435e-02 8.797013209469e-02
6.321733175307e-02 2.283177281840e-02 3.351708379130e-01
3.143154995317e-02 2.759165997960e-04 -1.038867177938e-02
8.165723003587e-02 -7.585159529533e-03 -6.616826750797e-02
-7.857047624784e-02 7.448359217908e-03 -1.769865153613e-02
-8.268494685102e-02 -7.318154466838e-04 -1.583028544765e-02
-4.655351449010e-02 -5.477855324214e-02 -1.631429776768e-01
-8.969969469048e-04 -1.423844368360e-03 -9.382881279712e-05
7.322127240314e-02 3.299014926775e-02 -3.421407033806e-02
Mode 24
1.799440590349e-04 1.111400040091e-02 -1.504760167445e-03
6.258447360021e-03 1.736981157002e-01 -2.066788326866e-02
-3.670451599100e-02 -7.036253643335e-01 5.308901891537e-02
1.407518987859e-02 2.198431675423e-01 -1.123871997757e-02
2.210244931399e-02 4.798213126017e-01 -3.086092581588e-02
-1.299154745156e-03 3.951345704354e-02 6.548475562115e-04
-4.623007212198e-03 -3.059041384770e-02 1.543606950746e-03
2.637798950810e-03 1.466211952186e-02 -8.663623562224e-03
-1.772907390123e-03 6.132608295717e-03 2.224159079272e-03
4.923942018578e-03 -2.701173552937e-02 4.576512244489e-03
-1.274089202691e-02 -2.692428146422e-01 1.909667790316e-02
1.727336662462e-03 4.356714341140e-02 -4.902024817545e-03
1.517948804213e-04 -4.319310537401e-03 4.820622119141e-04
-3.921659603010e-03 -2.203967579651e-02 3.525373285617e-03
-3.297876481592e-02 -6.755446231455e-03 1.032373351139e-02
3.563187652082e-02 -1.108936345315e-02 -8.013589103130e-03
-1.073070412456e-02 -2.540461093164e-01 2.230971549878e-02
-2.145101868973e-04 -6.316877019867e-04 7.579343276953e-04
1.358430753564e-02 2.056761517428e-01 -1.427338380674e-02
Mode 25
-2.617573475749e-02 6.544667884662e-03 7.119405836632e-02
1.211091971373e-01 3.104381429882e-02 4.889687657250e-01
2.436561704550e-01 -3.549420074595e-02 -2.308576566914e-01
-1.402381646442e-01 -2.323715973455e-02 -4.444935658185e-01
1.239051881611e-01 7.078777771237e-03 9.799567931217e-02
1.194499543043e-01 7.535159864085e-03 2.646872410528e-01
-5.695414675543e-02 6.558249305405e-03 6.304856356485e-02
1.618407691633e-02 -3.046676747538e-03 -4.396603588909e-02
-1.188225454069e-01 1.424544643399e-02 8.718548737125e-02
-2.413511728386e-01 1.475995150011e-02 3.472239530780e-02
-9.718638310448e-02 2.261253012113e-03 4.711052119128e-03
2.377178056122e-02 -1.933418566507e-02 -2.498626133656e-01
3.164321157992e-02 -3.781190861833e-03 -2.288778991999e-02
1.854547777235e-01 -1.848033784441e-02 -1.298002328218e-01
-1.400852681577e-01 1.644523448199e-02 -3.495769071159e-02
-1.404408465494e-01 -8.091891290813e-03 -3.350864795135e-02
-1.341422372579e-02 1.777542700062e-02 1.539698819001e-01
1.514851563880e-04 1.401603362772e-04 -8.352443040521e-04
-1.072697465973e-01 1.280352273523e-02 5.878971515308e-02
Mode 26
-6.828378191552e-04 -1.426495006514e-03 -3.313809070881e-05
-1.171029566902e-03 -1.625285535244e-02 -7.764174680255e-04
3.472282787497e-03 7.722093433141e-02 -4.598266834028e-03
-9.455436557467e-04 -2.237208083999e-02 3.418587258301e-03
-4.191640642944e-03 -1.081903226283e-01 8.015320593143e-03
5.789779206743e-03 6.475624920301e-02 -3.963119624780e-03
5.678496029718e-06 -1.267787621320e-02 -4.255853528873e-03
-2.553713232876e-05 -5.801448594523e-04 6.986997171495e-04
5.760056698139e-04 1.370593776837e-01 -7.063488524458e-03
-2.719718145257e-02 -4.918334788158e-01 3.938978663502e-02
1.634954160976e-02 2.801754665019e-01 -2.059111789621e-02
-3.286354092961e-03 -6.827396841089e-02 2.208894846294e-03
3.841636122230e-04 -1.102672802756e-02 3.381224652535e-04
-7.991593017686e-04 2.540419262145e-03 3.532814345973e-04
3.700763032251e-03 4.571124239265e-04 -8.278515055521e-04
-3.002944866064e-03 1.028003753297e-03 1.080781943111e-03
-1.227911092945e-03 -5.207095100797e-02 5.070623475397e-03
-1.422283141602e-04 -2.033230430051e-05 -1.944030858931e-04
4.304660140249e-02 7.889720429189e-01 -5.381266165731e-02
Mode 27
1.732201607245e-01 -9.449236500234e-03 -1.726845686248e-02
-2.073457282823e-02 1.827618036688e-02 2.350140783491e-01
-6.761127842456e-02 -7.494216084531e-03 -1.181593918597e-01
2.270220658651e-02 -1.427637081373e-02 -1.904660455830e-01
-2.342149823456e-01 1.373006996765e-02 1.510292110953e-03
-3.150437851592e-01 1.441901501939e-02 1.107433972667e-02
2.001224777208e-02 8.265397742303e-03 4.021735754466e-01
4.395764684615e-03 2.473065098993e-03 -1.299839460316e-01
5.406120277711e-01 -3.534078214321e-02 -2.257175423465e-01
1.123992959717e-01 -2.914157937398e-02 -2.187115054418e-01
-1.717613415091e-02 -9.290204674944e-04 -6.490104215388e-02
-3.413172225600e-02 2.107785421370e-02 2.698993840539e-01
-7.856020634459e-02 6.756447742896e-03 4.403341516462e-02
1.246197767884e-01 -1.058555168845e-02 -6.253227207234e-02
-1.248963127914e-02 2.480116359924e-03 -2.642582252138e-02
-1.250777908196e-02 -5.137424096174e-03 -2.605369667294e-02
-2.892737200793e-02 -3.344367642586e-03 -9.538045232931e-02
1.212711217209e-03 -9.588843973930e-04 -3.938784449030e-04
-9.085988292251e-03 7.348482982091e-03 2.699153215280e-03
Mode 28
3.995750580251e-03 5.050463670958e-03 -2.322426733822e-03
-5.336675201166e-04 2.466827771329e-02 -2.107515989768e-03
-1.203878878654e-02 -1.441386575282e-01 1.241197996077e-02
1.260989492812e-03 3.549880610443e-02 2.155622685149e-03
7.395371589856e-03 2.047368956024e-01 -2.685109545040e-02
-2.379552168381e-02 -4.945337205011e-01 3.541263174394e-02
1.481099780602e-02 1.653212956141e-01 -1.808316864721e-02
-2.147856188215e-03 -2.548423258863e-02 9.923634012602e-03
1.164509577433e-03 1.191373351458e-02 -4.178688714626e-03
-2.632524469580e-03 -4.554849785722e-02 7.473628118542e-03
3.664121856679e-03 2.275676792169e-02 -1.981423115580e-03
6.478621587223e-04 -8.004035410040e-03 5.046120331529e-03
-1.552392267283e-04 -2.328536223165e-03 -1.017384483205e-04
-7.974162134459e-04 -5.228160465669e-03 1.120911620532e-03
-5.629722888228e-03 -1.632580214135e-03 3.817805566699e-03
1.001199056818e-02 -2.632510780314e-03 -3.571970197567e-03
2.673502289579e-02 8.006958652802e-01 -6.472595272046e-02
-1.563155189175e-04 1.041661755989e-03 -1.053905828153e-03
5.285454132079e-03 1.004311433947e-01 -5.493647296056e-03
Mode 29
4.882282685307e-01 -3.409101475533e-02 -1.493699294908e-01
-3.251262868831e-01 3.741948539541e-02 3.060149429486e-01
-3.985884072304e-01 1.228148626392e-02 -1.116006315259e-01
7.835085738228e-02 -9.157934868997e-03 -7.171430839491e-02
-2.238677805487e-01 1.101551647946e-02 2.232971700508e-02
1.656361139552e-01 1.796870003123e-03 6.887377709252e-02
8.321993735081e-03 -1.304286605974e-02 -2.218120666665e-01
1.081671467138e-03 -1.317370105383e-03 5.332419187313e-02
-2.487700137208e-01 1.213275302208e-02 3.357153192204e-02
2.324715045425e-01 -2.805931216756e-03 1.082375891215e-01
3.915381033303e-02 -1.092098485585e-03 6.060282559475e-03
1.485042625610e-03 -1.497466596276e-03 -1.951732899799e-02
2.213909940283e-02 -1.234099331646e-03 -6.063257548200e-03
1.530064839215e-01 -1.111152407205e-02 -5.178372966248e-02
8.892591067929e-02 -1.287694103837e-02 -4.318939938238e-02
8.978139965554e-02 -2.091409438522e-03 -4.411145937207e-02
7.505620117477e-02 -9.373651625590e-03 -2.455919102218e-02
-5.558567867871e-04 9.613053212804e-04 5.248715206491e-04
1.596975524099e-01 -1.809492776746e-02 -9.810023385809e-02
Mode 30
-1.215740622747e-01 1.276570806777e-02 9.217783010856e-02
1.922829504145e-01 -1.212793087563e-02 -3.915918217115e-02
-2.368628873540e-02 -9.975400687070e-04 -2.036531109708e-02
6.248076349337e-03 -1.333923088749e-03 -1.608005547457e-02
-1.331006931476e-01 8.068594831481e-03 -2.583613853463e-02
1.241995855315e-01 -9.510888754363e-03 -1.253641723538e-02
6.076240053852e-02 1.672733271430e-02 4.587711458652e-01
-5.066272353541e-03 3.464357194425e-03 -8.930721102616e-02
-3.438770546237e-01 3.300162446437e-02 1.379913918045e-01
-7.876639562000e-03 -1.214546900692e-02 -1.559837943795e-01
-5.985805788108e-03 2.803489401002e-03 2.402433820541e-02
-8.173900260482e-04 -9.773315453026e-05 -2.901903103749e-03
3.285102511105e-02 -3.592597518615e-03 -1.257114870589e-02
3.651230557141e-02 -3.942037218870e-03 -2.721930881648e-02
-5.053512619545e-02 1.443914136266e-02 4.755568382856e-04
-5.097924706534e-02 -9.615238643025e-03 1.786262230380e-03
2.744123593703e-01 -3.059872007435e-02 -3.575666239774e-01
9.403785865556e-04 -2.212881746157e-03 -1.463812615432e-03
2.846288004709e-01 -4.800624211597e-02 -4.693452914092e-01
Mode 31
-2.397563142223e-01 3.092670589611e-02 2.716911686929e-01
4.789606011389e-01 -3.068610802237e-02 -1.055640314811e-01
-1.690077372702e-01 2.700918556236e-03 -7.635478225070e-02
5.963983275436e-02 -8.218129972277e-03 -7.481887034758e-02
-3.941297142136e-01 2.634215569184e-02 1.169144937367e-01
4.598643964349e-02 6.192520133564e-03 8.747115530436e-02
-6.973855886503e-02 -1.549193855439e-02 -3.480092135794e-01
5.885910899075e-03 -3.212811442926e-03 6.001568726484e-02
3.245836584089e-02 -1.078280508954e-02 -8.720835997637e-02
3.110074998705e-01 -6.991563141650e-03 1.317150401105e-01
-1.263683358400e-01 -2.857353099353e-04 -1.086424191475e-01
7.724838857303e-03 6.100760223017e-03 9.111508569848e-02
-9.678513401961e-03 1.718454375983e-03 9.123110398466e-03
1.851265526410e-01 -1.698758580388e-02 -1.130590952991e-01
-1.434984420664e-01 5.187285608596e-02 -2.432644515276e-02
-1.482569265179e-01 -4.076855169873e-02 -1.761419711655e-02
4.708264260931e-02 -3.684279027624e-03 -2.818089679443e-02
-5.761365252289e-04 1.683656522972e-03 9.046356049529e-04
4.419843570567e-02 4.892479225665e-03 1.176489876989e-01
Mode 32
2.057470335893e-02 4.299980717499e-01 -3.080258415093e-02
-1.081945637499e-02 -2.271445788374e-01 1.610216739230e-02
9.751386949635e-04 1.990985575303e-02 -1.410588386683e-03
-6.916601002440e-04 -1.457969049638e-02 1.114504800136e-03
5.632305256407e-04 4.744339732409e-03 -6.450464969196e-05
-1.416867157772e-04 -2.948742684895e-04 2.238087829786e-05
-3.348158782968e-04 1.291633155989e-03 -4.270897520840e-04
6.421846644088e-05 7.802352902916e-05 1.402560528209e-05
2.032581456049e-04 -3.849491900870e-04 -6.525131468822e-05
4.005719245586e-05 -1.889414674199e-04 3.252921390684e-05
-1.799136709548e-05 -1.760338240967e-04 2.881052593079e-06
-1.420912067454e-05 1.057452536098e-04 -1.614421725346e-05
-1.810951796839e-05 -4.413348581986e-05 1.439964468615e-05
-1.420807211329e-02 -2.917383925970e-01 2.100714671623e-02
-4.971749696317e-01 -1.108110254977e-01 2.795633620307e-01
4.823808203244e-01 -1.966359551421e-01 -2.575359063039e-01
-2.069700988693e-04 -8.064221881274e-03 4.600473358804e-04
-6.905298747476e-06 3.634225759210e-07 1.938881329129e-06
-4.132087260022e-04 3.228021707487e-05 6.317062611502e-04
Mode 33
-2.665340078915e-01 -1.148512557725e-02 -3.384101060998e-01
2.651089048778e-01 1.086743178739e-02 3.286252548181e-01
4.382923525154e-03 -4.183810415135e-03 -5.595409003289e-02
-1.309962396832e-02 -9.453092015026e-03 -1.400674577640e-01
-1.402675144504e-01 5.130603939489e-03 -1.667277625176e-02
5.186343005723e-02 3.421266927185e-03 6.651628465050e-02
-4.178136527060e-02 -5.304661625457e-04 -3.907010200523e-02
3.272949322377e-03 -7.921984873322e-04 4.496567560306e-03
-1.785749128875e-02 -1.216569711339e-03 -2.606195871636e-02
1.149805218451e-01 -4.523230276773e-03 2.463630284684e-02
-7.844760865758e-02 -9.309367335478e-04 -7.364095173482e-02
6.604974588956e-03 3.914871546130e-03 5.922176879081e-02
-5.617824850886e-04 2.829469326046e-04 2.672998351779e-03
-4.736955467014e-01 3.791790466979e-02 2.109586271965e-01
3.207732384614e-01 -1.048948112215e-01 1.612504647215e-01
3.304838871075e-01 9.567084330399e-02 1.469498418034e-01
2.849606866812e-02 -1.383510266415e-03 1.043569219906e-03
-2.991311953122e-05 2.467543064323e-04 1.637588084877e-05
3.762867482256e-02 -2.026753617773e-03 4.939530620465e-03
Mode 34
3.623163188270e-02 -3.116066494334e-03 -1.537402959398e-02
-7.377892061428e-02 3.462210883605e-03 -3.239134015952e-03
4.091605491105e-02 -7.007248442707e-04 1.700645767402e-02
-9.924837360548e-03 1.217157893425e-03 1.027179034336e-02
5.829032295240e-02 -1.520722164330e-03 -1.589311152195e-02
1.530944933597e-01 -1.166714924585e-03 8.163715784379e-02
-2.049647948116e-01 1.839566722778e-02 1.477542720558e-01
8.703164258661e-03 -5.701142584593e-04 -1.636184285139e-02
-2.468956082216e-01 -9.580720325439e-04 -2.036486037278e-01
5.250079994541e-02 -3.921698754555e-03 -1.698440771621e-02
1.934148418559e-01 -2.450722771206e-02 -1.806124408360e-01
-2.376583270488e-02 1.161475837621e-02 1.411547294075e-01
1.458539969391e-02 -8.868542521030e-04 3.272587099956e-04
-7.176902721744e-03 1.117527553010e-03 7.892734352644e-03
-1.033404144332e-02 -3.310602820654e-03 -2.130246659862e-03
-1.047392184075e-02 4.166628854474e-03 -2.328242102407e-03
3.447251230946e-01 -4.558998503784e-02 -4.211013240097e-01
4.260622067627e-04 -6.284729132327e-04 -9.543959034593e-04
-3.491172830773e-01 5.476176670035e-02 5.216053395149e-01
Mode 35
-4.931743238211e-03 3.730680941068e-03 4.681193815322e-02
3.676451309019e-02 -4.466568592797e-03 -3.538944237617e-02
-9.079074558257e-02 6.583156752004e-03 1.886569786483e-02
-1.481602247647e-02 6.006547378282e-03 7.670868097616e-02
5.029225723419e-03 -3.463737209141e-02 -4.520416217646e-01
2.224579792169e-01 1.710229553248e-03 1.425777033017e-01
3.752497459644e-02 1.296402337471e-02 2.504774693901e-01
2.479828427071e-03 1.633311843775e-03 -3.568947122117e-02
-2.159696397565e-01 1.360338931570e-02 2.435027607137e-02
7.167747473913e-02 -9.240685086155e-03 -8.157158264393e-02
-4.572325620364e-02 -3.075054400304e-02 -4.474315501181e-01
7.896995056117e-03 2.206812874660e-02 3.087188144325e-01
1.384857775701e-02 -1.197512004709e-03 -2.721883328920e-03
5.684695781837e-02 -4.966420364003e-03 -2.981972759864e-02
-4.464638792840e-03 1.724543847123e-02 -1.801112121893e-02
-5.935096204509e-03 -1.925310414640e-02 -1.556062580907e-02
-2.107031024458e-01 4.169256572063e-02 4.766515025338e-01
2.774101461258e-04 -1.027409525879e-03 -8.022623337705e-04
-2.634499948695e-02 3.443119133908e-03 3.634735097238e-02
Mode 36
1.324353844812e-01 -1.035578819029e-02 -5.606084156314e-02
-2.986178668344e-01 8.111079212474e-03 -8.805753021218e-02
6.063715303450e-01 -1.944106516956e-02 1.411528630951e-01
-8.081453178157e-02 1.595656380348e-03 -3.256903337120e-02
-2.118870905322e-01 1.503008833342e-02 7.324730749378e-02
1.972721509430e-01 -8.319228412180e-03 2.988526494644e-02
-2.594664513550e-01 1.161902093075e-02 -8.284247594530e-02
7.764035456631e-03 -3.118437545542e-03 9.899537977120e-03
9.352696760093e-02 8.987358955685e-04 6.895620202497e-02
2.390631040479e-01 -1.529259316749e-02 -1.718117624709e-02
-3.685959704196e-01 8.671276629958e-03 -1.595758640258e-01
2.357712441302e-02 6.401704298805e-03 1.066991665138e-01
-2.456014184928e-03 2.860022234042e-04 4.939385831308e-03
-9.634834362330e-02 1.034385347636e-02 7.902369638367e-02
-1.097880335873e-01 -1.513980961214e-02 -1.410442625636e-02
-1.077900398225e-01 2.337128044333e-02 -1.687414855887e-02
7.987587988762e-02 -2.005006139860e-04 -1.666673217251e-02
7.828860756701e-05 2.824174439263e-04 -4.019958006898e-04
1.408272755834e-01 -1.443927854524e-02 -9.958863683203e-02
Mode 37
4.444274904486e-02 -4.036275426895e-03 -2.800120393285e-02
-7.110813737966e-02 2.825653144452e-04 -4.091845371189e-02
3.246779682487e-01 -9.332634142180e-03 7.791342553909e-02
-3.733457835137e-02 -2.563161910440e-03 -5.856171455400e-02
-3.608660577960e-01 1.134497860313e-02 -7.164025048405e-02
-3.002792540511e-01 3.481149344388e-02 2.462566193640e-01
5.600166890714e-01 -3.962685610191e-02 -8.392781224479e-02
-6.635798978841e-03 2.982217446142e-03 5.799347048978e-03
-2.325733006709e-01 -4.014425887501e-03 -2.151846890916e-01
-1.109273254079e-01 2.245353097835e-02 2.072320975654e-01
2.793279111153e-01 -1.985723894266e-02 -6.663894372274e-02
-3.161870112845e-03 2.314194674769e-03 3.100607316050e-02
3.844484728153e-03 -1.795012104240e-04 -4.814513233589e-03
-8.499185636915e-02 8.611650104685e-03 6.279873900204e-02
-7.349515793471e-02 -1.331545836463e-02 4.860088020664e-04
-7.154460063517e-02 2.011651735549e-02 -1.996612959777e-03
-3.313554360700e-02 -5.214589037778e-03 -2.024261354588e-02
-3.946094063421e-04 4.146669659752e-04 9.773762744955e-04
1.447747991505e-02 -3.672641536539e-03 -1.085387536623e-02
Mode 38
-5.477042478142e-03 1.284817406347e-03 1.334507694775e-02
1.049566684788e-02 -1.940963392843e-03 -1.914103767329e-02
3.797513135657e-03 -1.137202951347e-03 -1.911583364137e-02
-3.704361491186e-02 9.281309726003e-03 1.051827966848e-01
8.981910282420e-03 -3.329661961419e-02 -4.526380815379e-01
1.194141882098e-01 9.851733954109e-03 1.730351620598e-01
-2.051280676789e-01 1.786109715285e-02 1.535106659316e-01
1.367784430488e-02 -1.841019057480e-04 -9.892339302785e-03
9.774434406114e-02 -4.044363147656e-02 -5.119917205535e-01
1.459831496469e-02 2.733937140119e-02 4.105653442359e-01
-1.401687323747e-01 3.442475118642e-02 3.748262894943e-01
5.355036828002e-02 -1.675554095829e-02 -1.878685827097e-01
-8.195620436176e-03 1.248674947796e-03 1.107881779989e-02
1.263379886884e-02 -1.260166599368e-03 -7.063433994809e-03
4.128891984886e-03 8.011712325117e-03 -8.812738723668e-03
3.180854771646e-03 -9.568901243413e-03 -7.665638361468e-03
6.918220972533e-02 -5.083073308807e-03 1.632826725409e-02
5.566804531279e-04 -1.242117760041e-04 -3.613361718190e-04
1.384216084398e-01 -1.168057439140e-02 -4.553877573768e-02
Mode 39
6.454569960299e-03 1.743404553655e-01 -1.233989790598e-02
1.155521711345e-03 5.399593135594e-02 -4.144429286766e-03
1.664029234322e-03 2.206206577531e-03 -1.328370590050e-04
-2.803789756922e-04 -2.107786226201e-03 4.819180110873e-04
-5.364100765140e-04 -2.969498632638e-03 4.549452784413e-04
-1.681857392209e-04 5.457500156011e-04 1.959475417778e-04
2.763940246447e-04 -1.038376425820e-04 -2.238094978565e-04
9.922636705415e-06 7.731607599657e-06 1.866004106845e-05
-1.107318830625e-04 -4.150250694513e-05 1.269435614904e-05
4.598410322342e-06 1.846203637987e-04 9.791090111812e-05
-3.581625974136e-05 2.853862550816e-04 -4.034676853118e-04
-4.827297057554e-06 -1.050725386211e-04 1.944062950764e-04
5.648392884771e-06 4.966012196539e-06 -5.826162658619e-06
-3.056002199448e-02 -7.019172401360e-01 4.749114806375e-02
4.210451888747e-01 -5.626192152224e-02 2.401096184979e-01
-4.202821121848e-01 -4.992744147466e-02 -2.309776370344e-01
1.638391909068e-04 -1.524044876673e-04 -2.591707067946e-04
-4.370660415832e-06 -1.310110141579e-08 -5.343425605179e-07
7.601687012134e-05 -3.807606743692e-05 -8.774964604285e-05
Mode 40
2.480203632657e-01 -8.700656748294e-03 3.018686365223e-02
1.801974973004e-01 -3.388538865257e-03 6.863484956039e-02
-1.824581281052e-01 9.241337287793e-03 5.760517062783e-03
2.057218794045e-02 -5.447788999025e-03 -6.161442701582e-02
2.970699814289e-02 -2.099166682213e-03 -1.150210268151e-02
2.921399645082e-02 -5.052226532469e-03 -4.811500003935e-02
-2.151680068335e-02 3.484209831025e-03 3.421802898855e-02
-4.532616951101e-04 2.076142890235e-04 -2.164207765669e-03
-4.660386323674e-03 4.688737595153e-04 2.876869004127e-03
1.023744959436e-02 -2.823450868681e-03 -3.083423955426e-02
1.354602558569e-02 3.300940318575e-03 5.519157008231e-02
-2.144130725611e-03 -1.557949421584e-03 -2.340321297355e-02
2.879542801684e-04 -2.407477228759e-05 3.575053857380e-04
-5.069465540745e-01 5.154247488872e-02 4.402766783696e-01
-3.216067501408e-01 1.109264327716e-01 -2.814642638663e-01
-3.381761909718e-01 -1.192016553107e-01 -2.679025281461e-01
-2.548376953219e-02 3.980529397285e-03 3.707274069952e-02
4.867803891518e-05 -1.248877153408e-04 -6.652801127316e-05
-2.026640235051e-02 3.031137035207e-03 2.524331591151e-02
Mode 41
1.648659495578e-01 -1.961281292536e-02 -1.690593457848e-01
8.703929454513e-02 -7.875050259040e-03 -5.282351719407e-02
-1.084218941920e-01 4.661867234304e-03 -7.524077299235e-03
2.165977011716e-02 -1.101993467626e-03 -7.428470665841e-04
-3.849290656416e-03 2.420109270210e-04 -2.862926230923e-03
3.788241213748e-02 -6.846869232625e-03 -6.431152871718e-02
-2.853722009087e-03 3.643267615703e-03 4.871761671639e-02
-7.726470468341e-04 3.592489840428e-04 -2.508131589221e-03
-2.481851213511e-02 3.453689087960e-04 -1.644195237429e-02
2.587120736784e-02 -3.765441655645e-03 -3.127103592609e-02
7.308295576567e-03 4.522726920343e-03 6.722036591652e-02
-1.691372809530e-03 -1.819483350366e-03 -2.670623194859e-02
9.390053601737e-04 -8.578645931585e-05 4.930954598648e-04
-1.161728292913e-02 -4.249608700073e-04 9.260087398275e-03
-3.626449250105e-01 -3.378464356196e-01 4.512478393392e-01
-3.274860404932e-01 4.315082202790e-01 3.948907816169e-01
-3.834461081220e-02 6.209933707877e-03 5.584794565824e-02
7.405021679532e-05 -1.966714756910e-04 -9.551423963076e-05
-2.179900903794e-02 3.705601020061e-03 3.490073637344e-02
Mode 42
4.145289966233e-02 -3.195812114499e-03 -1.711633158099e-02
2.212288305117e-02 -1.180761295414e-03 -1.685232958202e-03
-1.152138898395e-01 5.821012049163e-03 9.408886188746e-04
5.694511076849e-03 8.423171372994e-04 1.579445382930e-02
2.196341348109e-01 -2.656363030414e-02 -2.027510215388e-01
-1.407255533274e-01 3.715943748752e-02 3.865796203957e-01
-1.937446691484e-01 -9.169963317059e-03 -2.694257908369e-01
8.051079178960e-03 -2.979980542973e-03 1.129208133786e-02
2.847208105618e-01 -3.314185170306e-03 1.890927868503e-01
-2.988375591042e-01 3.139678524560e-02 1.960955319993e-01
1.208071339847e-01 -3.446273208630e-02 -3.791213949971e-01
5.989378535977e-03 1.013804462400e-02 1.466482034068e-01
-5.600313964794e-03 4.301739360264e-04 -4.389081621661e-03
-2.878460304625e-02 3.049138737407e-03 2.772413122830e-02
-6.446333247143e-02 -3.434898628100e-02 3.674003983786e-02
-6.117832725020e-02 4.521819701622e-02 3.084368370059e-02
1.928136525381e-01 -2.839156389645e-02 -2.332587216945e-01
-3.587253074972e-04 1.206659860390e-03 3.070773488303e-04
1.166440041920e-01 -2.404983183492e-02 -2.537795156653e-01
Mode 43
-1.820763382303e-02 1.287700808416e-03 5.491907824220e-03
1.654503973637e-02 -1.309765870191e-03 -6.440041956522e-03
1.136060051115e-01 -7.365119218528e-03 -2.912271417601e-02
-2.878508828139e-02 4.554720739564e-03 4.429620455132e-02
-4.615686401285e-01 1.108255942969e-04 -3.129305200256e-01
1.664799277143e-01 -2.417442790104e-03 5.129977493823e-02
-2.662312344967e-01 6.803735945285e-03 -7.725071354270e-02
2.646651855315e-03 -1.511879753236e-03 -2.936015335236e-03
1.572568219801e-01 1.292917157719e-02 3.329403008316e-01
-1.086067126885e-01 -9.885799480636e-03 -2.444282558935e-01
4.866066749126e-01 -3.596859155027e-03 3.037590370115e-01
-3.280483082900e-02 -3.251872364044e-03 -6.830549814099e-02
2.210641404669e-03 -3.620155317167e-04 -4.875929129690e-03
3.396183179515e-03 -5.565667569843e-04 -6.186232777090e-03
1.087653815828e-02 6.872399034133e-03 -5.117728152252e-03
1.027304447798e-02 -8.535889903592e-03 -3.993252344016e-03
8.147158550395e-03 5.496462868685e-03 8.587270911017e-02
-3.265964135897e-05 5.206389297062e-04 -2.527224924785e-05
-1.147625922435e-01 9.718590718512e-03 3.252983521534e-02
Mode 44
-7.846612889423e-03 4.834187044065e-04 8.796293227142e-04
2.610959937183e-03 4.544202297015e-04 7.840338120412e-03
4.686316334780e-03 3.123180373963e-03 4.774477425545e-02
2.220541212902e-02 -6.770068149751e-03 -7.899316184261e-02
-1.775519451816e-01 3.433867600943e-02 3.195769581515e-01
2.710755699571e-01 -4.405567956622e-02 -4.027409188014e-01
-2.107380463440e-01 2.231649578475e-02 1.451349162662e-01
1.132186360124e-03 9.930476553972e-04 5.420609407401e-03
7.554655322544e-02 -1.865250895489e-02 -2.186452265601e-01
-3.139351857874e-01 4.456581014498e-02 3.935503082378e-01
3.391305399227e-01 -3.824422120632e-02 -2.718020251358e-01
-1.898426128363e-02 4.971666341068e-03 5.392948950585e-02
3.577657021735e-03 -4.789174325257e-04 -1.041716338223e-03
1.680440477291e-03 -2.976171945605e-04 -3.065163384155e-03
8.241600317512e-03 3.199512093919e-03 -1.924406998892e-03
8.019100182349e-03 -4.236004584254e-03 -1.410031509199e-03
-8.679120585840e-02 1.430668061650e-02 1.301050668821e-01
4.310303036761e-04 -7.333795012703e-04 -4.846372301168e-04
7.609553654377e-02 -1.387251142129e-02 -1.362010220617e-01
Mode 45
-2.141743408557e-02 2.212338174060e-03 1.638842297921e-02
-1.105589377162e-02 -4.114559421691e-03 -6.434157350582e-02
-1.521843652614e-01 6.340746845349e-02 7.761896011337e-01
9.922351491782e-02 -4.589679439938e-02 -5.699356808016e-01
2.643576879477e-02 -9.424038917764e-03 -1.105515689259e-01
1.505901519960e-02 9.480585521678e-04 1.784210031133e-02
-1.786695496478e-02 2.719657640329e-04 -2.823399865333e-03
2.899856003222e-04 -4.853235907601e-05 -9.259224599404e-04
7.653041343664e-03 2.799462682233e-04 1.279372550588e-02
8.404504900576e-03 -2.301892364846e-03 -2.665492281720e-02
-5.356533279875e-03 6.069076102590e-03 8.009794937012e-02
4.853593766867e-03 -2.163122199933e-03 -2.636491633869e-02
-7.719414309904e-04 9.749528183005e-05 2.921997488740e-04
4.589711994060e-02 -4.626644498009e-03 -3.406772763652e-02
3.323185189587e-02 7.124029089508e-03 1.513249485495e-02
3.253982127910e-02 -8.044525146416e-03 1.625245519034e-02
1.191623588468e-02 -6.455986854680e-04 1.344445219897e-04
-4.686810152178e-06 4.055713787053e-05 1.558938616850e-05
-1.005882599466e-02 1.578121510207e-03 1.246742688017e-02
Mode 46
-1.244376998022e-01 1.227487329428e-02 9.460763705947e-02
-1.101078304332e-02 5.339049931124e-04 -1.133529500808e-05
7.518654027041e-03 2.648590293837e-04 8.652424122372e-03
5.888014015269e-04 -3.118293457509e-04 -3.940134999103e-03
-1.206081865085e-03 2.324470500845e-05 -4.157189021221e-04
-3.186383582192e-04 3.552260329309e-06 -3.334497526979e-04
-1.658511656560e-04 -2.495640450615e-05 -1.296967891942e-04
-1.070812109126e-05 5.377554412929e-06 -2.164011130378e-05
1.235279231643e-04 -2.379590847198e-05 -3.503111929802e-05
-1.667989198028e-04 1.103718253663e-05 2.235289346145e-05
2.859240598468e-04 2.686126778357e-05 5.635727447968e-04
-4.151067796240e-05 -8.035212307501e-06 -1.420204063093e-04
-4.197889574920e-05 4.993669142645e-06 1.450638738167e-05
2.699255893094e-01 1.213428131543e-02 3.512329312182e-01
6.466639397633e-02 -5.375503260331e-01 -3.079627926002e-01
1.140538454662e-01 4.812016632329e-01 -3.823876847539e-01
2.032495526827e-03 -7.020674797144e-05 2.028505694170e-04
9.048466838021e-07 1.346924584218e-06 2.608555154445e-06
-1.195111702519e-04 1.650357636793e-05 4.998546778490e-05
Mode 47
-1.459922704554e-02 -3.122556976886e-01 2.274395226920e-02
9.271624743894e-05 1.922537466962e-03 -1.427779202151e-04
4.041197909637e-05 9.734885286129e-04 -6.528240071105e-05
2.576856621060e-05 5.568836315801e-04 -4.438747593278e-05
-4.168720471624e-05 -9.440762367443e-04 7.019730370538e-05
8.981164411577e-06 8.062436070123e-05 -3.852322376669e-06
5.996524027008e-06 4.579697487463e-05 -2.906653449680e-06
2.509665970410e-06 4.270350569314e-07 -2.941803000312e-06
-6.985917883049e-06 -1.289549268710e-05 -8.097280187189e-08
2.488970306879e-06 3.731699995170e-05 3.278295347624e-07
1.934732008070e-06 3.000065256790e-05 -5.446645426371e-06
-1.042028703853e-06 -1.515798748220e-05 5.557214878254e-06
1.007303823252e-06 3.667463066554e-07 -3.722173586023e-07
-2.009912832831e-03 -1.359616689750e-02 -8.043258806556e-04
-6.627449512656e-02 5.727593946193e-01 3.450260647649e-01
1.181887093604e-01 5.080112364009e-01 -4.219453162102e-01
-3.233002003688e-05 -2.332204823230e-04 8.076305179636e-06
-1.052020612922e-06 -3.278429407077e-08 3.723775858072e-07
-9.760796603095e-06 -5.648475419726e-06 -4.934705279949e-06
Mode 48
1.266618046962e-01 1.504805690461e-02 2.871066752628e-01
-1.211768961904e-03 -7.460651615609e-05 -1.813494675564e-03
-2.816346699520e-03 3.555232494212e-04 3.059089372991e-03
9.967933639623e-04 -1.671549378970e-04 -1.633976092286e-03
-3.645008438929e-05 -3.423389134518e-05 -4.790223938085e-04
1.461547564305e-03 1.184195085043e-05 9.046974787320e-04
-2.952533306112e-05 1.297614838041e-05 4.218496510978e-05
-3.387835468460e-07 -1.358358818594e-06 4.096008594282e-06
-2.588826855458e-05 6.048351940509e-06 -6.423448528454e-06
1.985149437611e-05 -4.443822810952e-06 -4.812639764703e-05
-6.325235293407e-05 1.248641568458e-05 1.225302509031e-04
2.567019319123e-05 -5.104083703291e-06 -4.981583259912e-05
1.223547721493e-05 -2.306470815248e-06 -6.319776379098e-06
-5.164458867238e-01 -2.379671461845e-02 -6.790794296205e-01
3.310248325062e-02 -2.594618934080e-01 -1.366858415256e-01
5.639203876297e-02 2.311769926077e-01 -1.705623398993e-01
-4.280218274076e-03 -5.822657234850e-05 -2.744799217622e-03
2.793180064175e-07 -1.026023410203e-06 -1.205584244229e-06
-5.474217950082e-05 -6.084495221223e-07 -3.041989513378e-05
Mode 49
-8.329237431076e-05 5.196654020293e-07 -1.033798767333e-04
1.351123240572e-04 -1.898628424982e-05 -1.606093709734e-04
-1.376680917360e-04 3.437804709455e-05 5.361744666752e-04
-2.180483957774e-05 -9.813832382176e-06 -1.701165350956e-04
-3.920623124208e-04 -1.285969739238e-04 -1.856475027258e-03
1.498377862858e-02 3.160986928844e-04 9.992561553962e-03
-2.109752807996e-03 1.058831599630e-05 -3.817745737656e-04
-3.128487685433e-05 1.654446541876e-05 -1.002454549061e-05
2.095110915516e-03 -9.391552708657e-04 -1.322503474294e-02
2.399386233812e-01 -1.648656473951e-03 1.651884026553e-01
-1.179716142675e-02 1.314988976730e-03 8.731854025913e-03
6.980403514946e-04 -1.571911751572e-04 -1.601598228277e-03
-2.805774660906e-04 2.338023002190e-05 1.533377442535e-04
2.620558035376e-04 8.261550620944e-06 2.861662888420e-04
1.391617258231e-05 5.762531121129e-05 2.931141259675e-05
6.431579351086e-06 -6.567427556651e-05 4.742996566324e-05
-5.228818565417e-02 -8.659999512230e-04 -3.463463553822e-02
2.388739002169e-06 -8.972359833073e-07 1.233399439255e-06
-7.856194304471e-01 4.963556794652e-03 -5.415246077941e-01
Mode 50
1.203949280805e-03 5.044261773191e-05 1.523105037741e-03
-1.331232747763e-03 2.388628079932e-04 2.093187040586e-03
-1.860124980777e-03 -1.578391019085e-04 -2.532769891234e-03
5.372740546026e-04 -6.995600300739e-06 5.079806876099e-05
-1.097087891422e-03 1.024851356885e-03 1.041234976726e-02
-2.400436865918e-01 -4.214545359805e-03 -1.602894329289e-01
9.128694574249e-03 -8.410198180558e-04 -5.487771944089e-03
4.126779763882e-06 -6.387487602945e-05 1.638172211825e-04
1.181064488399e-03 -5.109693126514e-05 -3.243380054244e-04
1.608204285486e-02 -1.114024800580e-04 1.131832827553e-02
1.065935389392e-03 1.797315021369e-04 1.948116222377e-03
-5.045694909690e-05 -6.403446204324e-05 -1.992487479939e-04
4.881601809361e-05 1.515592724464e-05 4.101012869897e-05
-3.329355607067e-03 -1.337935836192e-04 -4.123516403125e-03
-1.146484598893e-04 -3.940441880497e-04 -1.570249276124e-04
-7.025641488626e-05 3.902905492916e-04 -2.254300848963e-04
7.973691753109e-01 1.315346519031e-02 5.255047109086e-01
-7.418410258551e-07 3.359958861633e-05 1.609504257532e-05
-5.131297719796e-02 3.139388025832e-04 -3.525366466338e-02
--
Dipole derivatives 
Mode 0
2.781320151950e-03 1.835503415458e-02 9.856617463706e-03
Mode 1
-2.227269470412e-02 2.845810410256e-02 -2.031143212403e-02
Mode 2
2.762921941940e-03 5.447405194449e-03 -9.074690113112e-03
Mode 3
6.339898399102e-03 1.315176570816e-04 -7.314433099153e-03
Mode 4
1.619162075331e-03 2.481891593251e-02 -9.893167514921e-03
Mode 5
-3.738968085919e-02 -1.752313968460e-04 -9.624928879705e-03
Mode 6
1.051849349164e-02 1.175199005243e-02 -5.615323826231e-03
Mode 7
-1.341017120055e-03 7.727112346290e-03 8.348528942881e-03
Mode 8
1.829606657051e-02 -3.691409195336e-02 2.645663082688e-02
Mode 9
-1.984337876154e-02 -1.537173098172e-02 1.792801411938e-02
Mode 10
2.327826900367e-02 -1.415488439533e-02 1.042652732011e-02
Mode 11
-7.610224204871e-03 4.949171764502e-02 3.979722365779e-02
Mode 12
-1.025888613793e-02 4.091914623363e-02 5.032333230623e-02
Mode 13
1.708234427223e-02 -4.820375605342e-03 6.985825332335e-02
Mode 14
7.291322132587e-02 5.111449909684e-02 4.918126444351e-02
Mode 15
-4.345095447733e-02 5.420029578683e-02 3.649058633013e-03
Mode 16
-3.654550897055e-02 2.490384512574e-02 5.484795374380e-02
Mode 17
6.554376680386e-03 1.203334170195e-02 -3.463440114334e-02
Mode 18
1.404891713291e-02 7.447553672014e-02 4.807719906705e-02
Mode 19
3.858397480480e-02 -1.535099386859e-02 -4.025133032938e-02
Mode 20
-1.178980634938e-02 3.160230398641e-02 -3.449396588220e-02
Mode 21
-7.404556736522e-02 -4.915720471255e-02 2.048086389913e-02
Mode 22
-4.295187586545e-02 2.365451515740e-02 -8.487780125848e-03
Mode 23
1.018215062601e-01 6.206152721797e-02 -1.809576830747e-02
Mode 24
5.068617083969e-02 -7.032764444470e-02 5.244726275602e-02
Mode 25
1.711522320305e-02 -7.276686153296e-03 1.078345575091e-03
Mode 26
-6.323689202808e-02 9.010214138284e-02 -7.335617629264e-02
Mode 27
1.307150206170e-01 1.635253748822e-01 4.753676119825e-02
Mode 28
-5.100642937318e-02 4.102257329214e-02 -3.505731768102e-02
Mode 29
3.333042840793e-02 -2.591327924302e-02 -6.303434933003e-02
Mode 30
1.767916437883e-02 -1.231366420962e-01 -9.338892539397e-02
Mode 31
-7.382917136163e-02 -2.225172839294e-01 -2.790328573284e-01
Mode 32
-1.471569368504e-02 1.936853910929e-02 -1.528091925010e-02
Mode 33
2.077897991713e-02 -1.249036853033e-01 -1.934270385759e-01
Mode 34
1.935888551882e-01 1.007510685482e-01 5.217054741885e-02
Mode 35
1.136116981494e-01 -1.429758399894e-01 -2.278392867553e-01
Mode 36
2.366480251076e-01 4.783948315963e-01 4.575184202772e-01
Mode 37
1.452930035656e-01 1.859200267508e-01 1.482502596578e-01
Mode 38
-1.270217693130e-01 2.541017495175e-02 1.157596257055e-01
Mode 39
4.552652703389e-02 -6.042494945572e-02 4.941959181682e-02
Mode 40
-7.809960278449e-02 -1.285701884523e-01 -1.055634417041e-01
Mode 41
-9.081469336388e-02 -1.830946722313e-02 7.049000375229e-02
Mode 42
2.038438038903e-01 9.192152132412e-02 -1.123219932034e-01
Mode 43
-1.133233479593e-01 1.510982698679e-01 2.345137674866e-01
Mode 44
3.089772240848e-01 2.429806145790e-01 9.095846106646e-02
Mode 45
-5.337795987766e-01 -2.414918921953e-01 1.447671833161e-01
Mode 46
-7.587264072696e-02 -1.422462200199e-01 -1.240162179467e-01
Mode 47
6.092087648118e-02 -8.413094373394e-02 6.636696758305e-02
Mode 48
-5.198795295812e-02 2.190951131673e-02 8.233962199858e-02
Mode 49
-4.660010516263e-03 -2.949363628746e-02 -3.962264398075e-02
Mode 50
-8.328356150590e-03 3.219452111308e-02 5.168898692338e-02
--
Polarizability derivatives 
Mode 0
5.933639192462e-01 8.693216534082e-01 5.174909983398e-01
8.693216534082e-01 -8.394122804730e-01 1.267109013772e-01
5.174909983398e-01 1.267109013772e-01 1.566382187060e-01
Mode 1
-6.577922568520e-01 2.593278531478e-01 6.076538281946e-02
2.593278531478e-01 1.980588312210e-01 -3.001475530207e-01
6.076538281946e-02 -3.001475530207e-01 3.338914045761e-01
Mode 2
1.943041198100e+00 -1.395210313267e-01 -1.853621450819e-01
-1.395210313267e-01 7.958863582242e-02 4.780586079676e-01
-1.853621450819e-01 4.780586079676e-01 -5.416014381460e-01
Mode 3
1.130352609444e+00 2.435930796262e-01 1.319761267404e-02
2.435930796262e-01 1.172985800457e-01 1.375461485798e-01
1.319761267404e-02 1.375461485798e-01 -6.718886393372e-02
Mode 4
-4.059674414125e-01 -8.566655369126e-02 -5.236105984389e-01
-8.566655369126e-02 -2.000760611650e-01 2.810897748772e-01
-5.236105984389e-01 2.810897748772e-01 -3.843462694414e-01
Mode 5
-3.414182966716e-01 2.687865327217e-02 3.250909967296e-01
2.687865327217e-02 2.001576569300e-01 -1.170035470734e-02
3.250909967296e-01 -1.170035470734e-02 -9.224976477240e-02
Mode 6
6.074825714147e-01 4.695642820607e-04 2.269658806091e-01
4.695642820607e-04 -5.022784111809e-01 -1.839974196706e-01
2.269658806091e-01 -1.839974196706e-01 5.723570662248e-01
Mode 7
-1.956314859701e+00 -2.786213946524e-01 -1.663847381499e-01
-2.786213946524e-01 -1.921582094457e-01 5.568708585474e-01
-1.663847381499e-01 5.568708585474e-01 6.937654552036e-01
Mode 8
-1.136615240756e+00 4.318676327068e-01 -2.094404164157e-01
4.318676327068e-01 2.848021107813e-02 1.142263687712e-01
-2.094404164157e-01 1.142263687712e-01 -1.016865655751e-01
Mode 9
9.417204594990e-01 4.124146901188e-04 -1.876722101168e-01
4.124146901188e-04 8.817832239896e-01 7.100714389283e-01
-1.876722101168e-01 7.100714389283e-01 -1.080051686179e+00
Mode 10
-8.209204163374e-01 -5.458789253739e-01 -4.657746621120e-01
-5.458789253739e-01 -2.767166158653e-01 -4.213224369756e-01
-4.657746621120e-01 -4.213224369756e-01 -8.752783775573e-01
Mode 11
-1.204287215571e+00 -4.049041353058e-01 -3.662465782032e-01
-4.049041353058e-01 -1.060012271692e+00 -2.346610113859e-01
-3.662465782032e-01 -2.346610113859e-01 -7.203605743095e-01
Mode 12
-2.814917703700e-01 -2.992442044644e-02 2.857143724768e-02
-2.992442044644e-02 -9.509414001830e-02 3.129817447884e-01
2.857143724768e-02 3.129817447884e-01 -1.716761859843e-01
Mode 13
2.059551404602e+00 1.750181092720e-01 1.402095390604e-01
1.750181092720e-01 7.338300003233e-01 -6.260680714081e-01
1.402095390604e-01 -6.260680714081e-01 8.402010727931e-01
Mode 14
-4.763149282585e+00 9.278201061384e-01 -1.782685366912e-01
9.278201061384e-01 6.060667879335e-01 2.636446947815e-02
-1.782685366912e-01 2.636446947815e-02 -4.529523361025e-01
Mode 15
3.842913703233e+00 1.233642644562e-01 1.053851216965e+00
1.233642644562e-01 -2.361962934685e-01 1.555792193943e-01
1.053851216965e+00 1.555792193943e-01 1.877303450192e-02
Mode 16
1.987464366040e+00 2.729913985399e-02 1.080850084682e+00
2.729913985399e-02 1.281247606435e-02 1.446731438110e-01
1.080850084682e+00 1.446731438110e-01 -6.870261266068e-01
Mode 17
-7.201832075395e-01 -2.966553265216e-01 -2.036919511025e-01
-2.966553265216e-01 2.745999398838e-02 -8.020586729519e-04
-2.036919511025e-01 -8.020586729519e-04 -1.234342098428e-01
Mode 18
-9.596399423951e-01 -4.993510343811e-01 -2.325007778337e-01
-4.993510343811e-01 -5.664652089647e-02 -7.466829716774e-02
-2.325007778337e-01 -7.466829716774e-02 7.753445313077e-02
Mode 19
-1.360075074087e+00 4.058213180759e-01 1.822531284533e-02
4.058213180759e-01 -2.775181899572e-01 -4.360093911590e-01
1.822531284533e-02 -4.360093911590e-01 -2.292021995859e-01
Mode 20
-7.270247169272e-01 6.700905389251e-01 -2.050562231659e-01
6.700905389251e-01 3.869117198132e-01 -2.281855806647e-01
-2.050562231659e-01 -2.281855806647e-01 1.110819395306e-01
Mode 21
-4.264226572924e+00 -4.431091006386e-01 -7.280771369242e-01
-4.431091006386e-01 8.816853894645e-01 7.685841093092e-01
-7.280771369242e-01 7.685841093092e-01 1.904936477375e+00
Mode 22
8.886276333017e-01 1.889141147558e-01 -2.556814061858e-01
1.889141147558e-01 1.106446969415e-01 -1.440822779870e-01
-2.556814061858e-01 -1.440822779870e-01 -5.365376344887e-01
Mode 23
4.163630608005e+00 1.142293295276e-03 -7.410243295351e-01
1.142293295275e-03 1.862543169518e-01 4.046988562050e-01
-7.410243295351e-01 4.046988562050e-01 6.119922608517e-01
Mode 24
6.433090987534e-01 1.908746127434e-01 3.767160511699e-01
1.908746127434e-01 -7.670644986006e-01 1.989034676155e-01
3.767160511699e-01 1.989034676155e-01 3.877851041783e-01
Mode 25
-4.462552545789e+00 -8.373874478791e-01 4.820871046620e-01
-8.373874478791e-01 -1.597221215687e+00 -1.226218027364e+00
4.820871046620e-01 -1.226218027364e+00 -2.259643870419e+00
Mode 26
4.851630737400e-01 -6.068620621630e-01 -1.557822200961e-01
-6.068620621630e-01 6.095784863303e-01 3.658781961234e-01
-1.557822200961e-01 3.658781961234e-01 -9.083442153959e-01
Mode 27
-2.912280471176e+00 1.138009783716e-01 -6.573112196262e-02
1.138009783716e-01 3.152711863435e-01 -2.719752615056e-01
-6.573112196262e-02 -2.719752615056e-01 6.149558128333e-01
Mode 28
1.220537443917e+00 9.049155672941e-02 5.155751613890e-01
9.049155672941e-02 -1.054764253183e+00 -1.332938143300e-01
5.155751613890e-01 -1.332938143300e-01 6.996517725197e-01
Mode 29
3.685377228955e+00 -1.279306477169e+00 -1.183935479625e+00
-1.279306477169e+00 -1.694461324190e+00 -1.434551849342e+00
-1.183935479625e+00 -1.434551849342e+00 -1.364570729132e+00
Mode 30
-1.404535262982e+01 -1.158882329532e+00 3.011690788442e-01
-1.158882329532e+00 -1.384854404784e+00 -7.597907575904e-01
3.011690788442e-01 -7.597907575904e-01 -1.025588361019e+00
Mode 31
1.165223073086e+01 1.663347771881e+00 1.597012056024e-01
1.663347771881e+00 1.434844119376e+00 8.128150234381e-01
1.597012056024e-01 8.128150234381e-01 7.847276984274e-01
Mode 32
7.898172581195e-01 -3.616934405880e-02 6.772165152096e-01
-3.616934405880e-02 -1.319680041140e+00 1.573797901527e-01
6.772165152096e-01 1.573797901527e-01 5.652356380398e-01
Mode 33
5.502877454534e-01 -7.303041601776e-01 -4.872272497438e-01
-7.303041601776e-01 -7.969059665847e-01 2.341220189547e-01
-4.872272497438e-01 2.341220189547e-01 2.821654896926e-01
Mode 34
-9.589462845897e+00 -1.303624601756e+00 -8.237519285692e-01
-1.303624601756e+00 -3.764991186141e-01 -2.156259268585e-01
-8.237519285692e-01 -2.156259268585e-01 -3.379180273935e-01
Mode 35
-9.947645253539e+00 -2.752862129235e+00 -1.689057998936e+00
-2.752862129235e+00 -2.996508594638e+00 -1.984967129979e+00
-1.689057998936e+00 -1.984967129979e+00 -2.024624195724e+00
Mode 36
1.416138855725e+00 4.504630193918e+00 3.310651996729e+00
4.504630193918e+00 4.115364855122e+00 2.960395649703e+00
3.310651996729e+00 2.960395649703e+00 2.250622084045e+00
Mode 37
3.058030542073e+00 -2.237351009007e-01 -1.425464208492e+00
-2.237351009007e-01 2.273511542326e+00 1.519561316428e+00
-1.425464208492e+00 1.519561316428e+00 8.140394612679e-01
Mode 38
-2.599202800462e+00 -1.373605239884e+00 -8.068913099160e-01
-1.373605239884e+00 1.201098891945e+00 6.650302269782e-01
-8.068913099160e-01 6.650302269782e-01 1.009134841930e+00
Mode 39
-2.504524253423e-01 -9.285280744910e-01 -1.572546968090e+00
-9.285280744910e-01 3.082680985744e+00 7.243161541637e-01
-1.572546968090e+00 7.243161541637e-01 -3.026665527232e+00
Mode 40
-2.497545962105e+00 -1.789563000766e+00 2.614510865498e-01
-1.789563000766e+00 -6.156334660005e-01 -7.719044984721e-02
2.614510865498e-01 -7.719044984721e-02 3.331616751518e-01
Mode 41
8.642879882854e-02 2.569169516769e+00 4.965486299606e-01
2.569169516769e+00 9.535539339732e-01 6.499826235869e-01
4.965486299606e-01 6.499826235869e-01 -9.090193551533e-01
Mode 42
9.511834989436e+00 -1.488056929187e+00 -1.580517726340e+00
-1.488056929187e+00 -1.756578236717e+00 -1.176685685551e+00
-1.580517726340e+00 -1.176685685551e+00 -1.697127118407e+00
Mode 43
1.321872753662e+01 3.843024436138e+00 1.243874058023e+00
3.843024436138e+00 4.562406969696e+00 2.446792133978e+00
1.243874058023e+00 2.446792133978e+00 1.604656145454e+00
Mode 44
-1.541787207508e+01 1.669819324665e+00 3.742026011406e+00
1.669819324665e+00 5.386424763637e+00 3.827509290942e+00
3.742026011406e+00 3.827509290942e+00 1.575273751838e+00
Mode 45
-2.920922759250e+00 -4.987287916324e+00 -2.047976597843e+00
-4.987287916324e+00 -5.363296422546e+00 -2.836559096950e+00
-2.047976597843e+00 -2.836559096950e+00 -2.108840133171e+00
Mode 46
-5.751888535501e+00 -8.589644104972e-01 -1.829498662773e+00
-8.589644104972e-01 -7.757070338089e+00 -8.281598243795e-01
-1.829498662773e+00 -8.281598243795e-01 -6.573678679560e+00
Mode 47
5.155195986418e+00 -1.305852463586e+00 3.303652091418e+00
-1.305852463586e+00 -5.916919193971e+00 1.523618885643e+00
3.303652091418e+00 1.523618885643e+00 1.278041573802e+00
Mode 48
-1.465309180247e+00 -1.531865098000e+00 -4.117745282782e+00
-1.531865098000e+00 -1.855131375260e+00 3.157906731133e+00
-4.117745282782e+00 3.157906731133e+00 5.118779813389e+00
Mode 49
-3.621816826343e+00 1.438207065001e+00 4.260164439107e+00
1.438207065001e+00 -1.187161525191e+00 -2.235456989599e+00
4.260164439107e+00 -2.235456989599e+00 -6.089239598435e+00
Mode 50
8.841871708537e-02 2.365668164653e-01 8.168882950472e-01
2.365668164653e-01 -2.098884075809e+00 -2.834030210393e+00
8.168882950472e-01 -2.834030210393e+00 -5.506452760634e+00
--
